2093
250001
2093
46043
2093
46043
2093
228400
2093
250001
2093
250001
2093
250001
2093
46043
2093
158765
2093
158765
2093
250001
2093
250001
2093
46043
2093
46043
2093
250001
2093
250001
2093
43881
2093
14426
2093
46043
2093
43881
2093
14426
2093
250001
2093
224341
2093
250001
2093
228400
2093
46043
2093
54354
2093
46043
2093
46043
224033
250001
248949
250001
2093
46043
2093
46043
2093
46043
2093
46043
2093
241425
2093
46043
2093
250001
50381
46043
50381
46043
50381
228400
50381
250001
50381
250001
50381
250001
4328
46043
137531
158765
50381
158765
50381
250001
50381
250001
50381
46043
50381
46043
50381
250001
50381
250001
50381
43881
50381
14426
50381
46043
50381
43881
50381
14426
50381
250001
137531
224341
50381
250001
50381
228400
50381
46043
50381
54354
50381
46043
50381
46043
2093
250001
2093
250001
50381
46043
37086
46043
4328
46043
50381
46043
25179
241425
50381
46043
50381
250001
224033
250001
137531
46043
114108
46043
221996
46043
224033
46043
4328
250001
50381
46043
137531
46043
137531
46043
102763
46043
145443
158765
224033
158765
114108
46043
114108
46043
224033
43881
137531
14426
207537
250001
137531
43881
137531
14426
137531
46043
50381
46043
207537
46043
108145
46043
224033
250001
137531
46043
230089
250001
224033
158765
2093
46043
2093
46043
147573
250001
37086
250001
4328
250001
230089
250001
25179
46043
250001
158765
102763
46043
137531
46043
114108
46043
221996
46043
250001
46043
4328
250001
50381
46043
137531
46043
137531
46043
102763
46043
145443
158765
250001
158765
114108
46043
114108
46043
250001
43881
137531
14426
207537
250001
137531
43881
137531
14426
137531
46043
50381
46043
207537
46043
108145
46043
250001
250001
137531
46043
224033
250001
250001
158765
2093
46043
2093
46043
147573
250001
37086
250001
4328
250001
224033
250001
25179
46043
224033
158765
102763
46043
114108
228400
137531
228400
137531
228400
4328
46043
50381
158765
207537
158765
224033
228400
102763
228400
137531
46043
137531
46043
114108
228400
114108
228400
137531
43881
250001
14426
137531
46043
207537
43881
180480
14426
224033
228400
50381
224341
137531
228400
108145
250001
137531
46043
207537
54354
137531
46043
137531
46043
2093
228400
2093
228400
137531
46043
37086
46043
4328
46043
137531
46043
25179
228400
137531
46043
102763
228400
114108
250001
114108
250001
4328
46043
50381
158765
114108
158765
114108
250001
102763
250001
114108
46043
114108
46043
250001
250001
221996
250001
114108
43881
114108
14426
114108
46043
114108
43881
114108
14426
114108
250001
50381
224341
114108
250001
108145
228400
114108
46043
114108
54354
114108
46043
114108
46043
2093
250001
2093
250001
114108
46043
37086
46043
4328
46043
114108
46043
25179
241425
114108
46043
102763
250001
221996
250001
4328
46043
50381
158765
137531
158765
137531
250001
102763
250001
145443
46043
221996
46043
114108
250001
114108
250001
221996
43881
137531
14426
207537
46043
137531
43881
137531
14426
137531
250001
50381
224341
207537
250001
108145
228400
221996
46043
137531
54354
221996
46043
221996
46043
2093
250001
2093
250001
147573
46043
37086
46043
4328
46043
221996
46043
25179
241425
221996
46043
102763
250001
4328
46043
50381
158765
137531
158765
137531
250001
102763
250001
145443
46043
250001
46043
114108
250001
114108
250001
250001
43881
137531
14426
207537
46043
137531
43881
137531
14426
137531
250001
50381
224341
207537
250001
108145
228400
250001
46043
137531
54354
224033
46043
250001
46043
2093
250001
2093
250001
147573
46043
37086
46043
4328
46043
224033
46043
25179
241425
224033
46043
102763
250001
4328
46043
4328
46043
4328
46043
4328
46043
4328
158765
4328
158765
4328
46043
4328
46043
4328
43881
4328
14426
4328
250001
4328
43881
4328
14426
4328
46043
4328
46043
4328
46043
4328
46043
4328
250001
4328
46043
4328
250001
4328
158765
2093
46043
2093
46043
4328
250001
4328
250001
25179
250001
4328
250001
4328
46043
4328
158765
4328
46043
50381
224341
50381
158765
50381
158765
50381
46043
50381
46043
50381
158765
50381
158765
50381
43881
50381
14426
50381
46043
50381
43881
50381
14426
50381
158765
224033
158765
50381
158765
50381
158765
50381
46043
50381
54354
50381
46043
50381
46043
2093
158765
2093
158765
50381
46043
37086
46043
4328
46043
50381
46043
25179
158765
50381
46043
50381
158765
207537
158765
102763
158765
137531
46043
137531
46043
114108
158765
114108
158765
137531
43881
207537
14426
137531
46043
240570
43881
180480
14426
207537
158765
50381
158765
137531
158765
108145
158765
137531
46043
250001
54354
137531
46043
137531
46043
2093
158765
2093
158765
137531
46043
37086
46043
4328
46043
137531
46043
25179
158765
137531
46043
102763
158765
102763
250001
137531
46043
137531
46043
114108
250001
114108
250001
137531
43881
224033
14426
137531
46043
207537
43881
180480
14426
230089
250001
50381
224341
137531
250001
108145
228400
137531
46043
207537
54354
137531
46043
137531
46043
2093
250001
2093
250001
137531
46043
37086
46043
4328
46043
137531
46043
25179
241425
137531
46043
102763
250001
102763
46043
102763
46043
102763
250001
102763
250001
102763
43881
102763
14426
102763
46043
102763
43881
102763
14426
102763
250001
50381
224341
102763
250001
102763
228400
102763
46043
102763
54354
102763
46043
102763
46043
2093
250001
2093
250001
102763
46043
37086
46043
4328
46043
102763
46043
25179
241425
102763
46043
207537
250001
145443
250001
114108
46043
114108
46043
145443
43881
137531
14426
145443
158765
137531
43881
137531
14426
137531
46043
50381
46043
145443
46043
108145
46043
145443
158765
137531
46043
145443
158765
145443
250001
2093
46043
2093
46043
145443
158765
37086
158765
4328
158765
145443
158765
25179
46043
145443
250001
102763
46043
114108
46043
114108
46043
250001
43881
137531
14426
207537
158765
137531
43881
137531
14426
137531
46043
50381
46043
207537
46043
108145
46043
250001
158765
137531
46043
224033
158765
250001
250001
2093
46043
2093
46043
147573
158765
37086
158765
4328
158765
224033
158765
25179
46043
224033
250001
102763
46043
221996
250001
114108
43881
114108
14426
114108
46043
114108
43881
114108
14426
114108
250001
50381
224341
114108
250001
108145
228400
114108
46043
114108
54354
114108
46043
114108
46043
2093
250001
2093
250001
114108
46043
37086
46043
4328
46043
114108
46043
25179
241425
114108
46043
102763
250001
114108
43881
114108
14426
114108
46043
114108
43881
114108
14426
114108
250001
50381
224341
114108
250001
108145
228400
114108
46043
114108
54354
114108
46043
114108
46043
2093
250001
2093
250001
114108
46043
37086
46043
4328
46043
114108
46043
25179
241425
114108
46043
102763
250001
137531
14426
207537
43881
137531
227378
137531
14426
137531
43881
50381
43881
207537
43881
108145
43881
250001
43881
137531
43881
224033
43881
250001
43881
2093
43881
2093
43881
147573
43881
37086
43881
4328
43881
224033
43881
25179
43881
224033
43881
102763
43881
137531
14426
207537
14426
180480
244142
224033
14426
50381
14426
137531
14426
108145
14426
137531
14426
207537
14426
137531
14426
137531
14426
2093
14426
2093
14426
137531
14426
37086
14426
4328
14426
137531
14426
25179
14426
137531
14426
102763
14426
137531
43881
137531
14426
137531
46043
50381
46043
224033
46043
108145
46043
207537
250001
137531
46043
207537
250001
207537
158765
2093
46043
2093
46043
147573
250001
37086
250001
4328
250001
207537
250001
25179
46043
207537
158765
102763
46043
180480
14426
207537
43881
50381
43881
137531
43881
108145
43881
137531
43881
240570
43881
137531
43881
137531
43881
2093
43881
2093
43881
137531
43881
37086
43881
4328
43881
137531
43881
25179
43881
137531
43881
102763
43881
180480
14426
50381
14426
137531
14426
108145
14426
137531
14426
180480
14426
137531
14426
137531
14426
2093
14426
2093
14426
137531
14426
37086
14426
4328
14426
137531
14426
25179
14426
137531
14426
102763
14426
50381
224341
137531
250001
108145
228400
137531
46043
207537
54354
137531
46043
137531
46043
2093
250001
2093
250001
137531
46043
37086
46043
4328
46043
137531
46043
25179
241425
137531
46043
102763
250001
50381
224341
50381
224341
50381
46043
50381
54354
50381
46043
50381
46043
2093
224341
2093
224341
50381
46043
37086
46043
4328
46043
50381
46043
25179
224341
50381
46043
50381
224341
108145
228400
207537
46043
137531
54354
207537
46043
207537
46043
2093
250001
2093
250001
147573
46043
37086
46043
4328
46043
207537
46043
25179
241425
207537
46043
102763
250001
108145
46043
108145
54354
108145
46043
108145
46043
2093
228400
2093
228400
108145
46043
37086
46043
4328
46043
108145
46043
25179
228400
108145
46043
102763
228400
137531
46043
224033
250001
250001
158765
2093
46043
2093
46043
147573
250001
37086
250001
4328
250001
224033
250001
25179
46043
224033
158765
102763
46043
137531
46043
137531
46043
2093
54354
2093
54354
137531
46043
37086
46043
4328
46043
137531
46043
25179
54354
137531
46043
102763
54354
224033
158765
2093
46043
2093
46043
147573
250001
37086
250001
4328
250001
244154
250001
25179
46043
230089
158765
102763
46043
2093
46043
2093
46043
147573
158765
37086
158765
4328
158765
224033
158765
25179
46043
224033
250001
102763
46043
224033
250001
2093
46043
2093
46043
2093
46043
2093
46043
2093
241425
2093
46043
2093
250001
2093
46043
2093
46043
2093
46043
2093
46043
2093
241425
2093
46043
2093
250001
37086
250001
4328
250001
147573
250001
25179
46043
147573
158765
102763
46043
4328
250001
37086
250001
25179
46043
37086
158765
37086
46043
4328
250001
4328
46043
4328
158765
4328
46043
25179
46043
230089
158765
102763
46043
25179
46043
25179
241425
102763
46043
