192668
20079
192668
20079
61610
20079
93945
20079
123789
20079
110501
20079
114773
20079
192668
20079
125656
20079
61610
102277
76112
20079
76112
20079
192668
20079
114773
20079
192668
20079
122392
20079
127761
20079
127761
20079
125749
20079
192668
20079
192668
111372
111633
20079
115347
20079
115347
20079
76112
20079
131343
20079
186671
20079
192668
20079
183539
20079
115347
20079
192668
20079
76112
20079
76112
20079
183539
20079
192668
77687
115347
20079
61610
20079
200958
138031
61610
72885
93945
111372
123789
111372
110501
75790
114773
38699
200958
111372
125656
111372
61610
20079
76112
38699
76112
38699
200958
111372
114773
111372
200958
111372
122392
168436
127761
250001
127761
111372
125749
75790
200958
111372
200958
20079
111633
75790
115347
77687
115347
122661
76112
38699
131343
127202
186671
122661
200958
111372
183539
122661
115347
111372
200958
111372
76112
38699
76112
38699
183539
75790
200958
20079
115347
111372
61610
75790
61610
72885
93945
111372
123789
111372
110501
75790
114773
38699
215626
111372
125656
111372
61610
20079
76112
38699
76112
38699
215626
111372
114773
111372
215626
111372
122392
138031
127761
138031
127761
111372
125749
75790
215626
111372
215626
20079
111633
75790
115347
77687
115347
122661
76112
38699
131343
127202
186671
122661
213153
111372
183539
122661
115347
111372
215626
111372
76112
38699
76112
38699
183539
75790
215626
20079
115347
111372
61610
75790
61610
72885
61610
72885
61610
72885
61610
38699
61610
72885
61610
72885
93945
20079
61610
38699
61610
38699
61610
72885
61610
72885
61610
72885
61610
72885
61610
72885
61610
72885
61610
72885
61610
72885
61610
20079
61610
72885
61610
72885
61610
72885
61610
38699
61610
72885
61610
72885
61610
72885
61610
72885
61610
72885
61610
72885
61610
38699
61610
38699
61610
72885
61610
20079
61610
72885
115347
72885
93945
164687
93945
75790
93945
38699
93945
164687
93945
112726
61610
20079
76112
38699
76112
38699
93945
164687
93945
164687
93945
164687
93945
111372
93945
111372
93945
164687
93945
75790
93945
164687
93945
20079
93945
75790
93945
77687
93945
111372
76112
38699
93945
111372
93945
111372
93945
164687
93945
111372
93945
164687
93945
164687
76112
38699
76112
38699
93945
75790
93945
20079
93945
164687
61610
75790
110501
75790
114773
38699
123789
186472
123789
112726
61610
20079
76112
38699
76112
38699
123789
219053
114773
219053
123789
184081
122392
111372
123789
111372
123789
186472
123789
75790
123789
176795
123789
20079
111633
75790
115347
77687
115347
111372
76112
38699
123789
111372
123789
111372
123789
219053
123789
111372
115347
219053
123789
219053
76112
38699
76112
38699
123789
75790
123789
20079
115347
201175
61610
75790
110501
38699
110501
75790
110501
75790
61610
20079
76112
38699
76112
38699
110501
75790
110501
75790
110501
75790
110501
75790
110501
75790
110501
75790
110501
130190
110501
75790
110501
20079
110501
130190
110501
75790
110501
75790
76112
38699
110501
75790
110501
75790
110501
75790
110501
75790
110501
75790
110501
75790
76112
38699
76112
38699
110501
130190
110501
20079
110501
75790
61610
122661
114773
38699
114773
38699
61610
20079
76112
72885
76112
72885
114773
38699
131343
38699
114773
38699
114773
38699
114773
38699
114773
38699
114773
38699
114773
38699
114773
20079
111633
38699
114773
38699
114773
38699
76112
72885
114773
38699
114773
38699
114773
38699
114773
38699
114773
38699
114773
38699
76112
72885
76112
72885
114773
38699
114773
20079
114773
38699
61610
38699
125656
112726
61610
20079
76112
38699
76112
38699
229804
186472
114773
186472
229804
184081
122392
111372
127761
111372
127761
250001
125749
75790
229804
176795
229804
20079
111633
75790
115347
77687
115347
111372
76112
38699
131343
111372
186671
111372
213153
186472
183539
111372
115347
186472
229804
186472
76112
38699
76112
38699
183539
75790
229804
20079
115347
186472
61610
75790
61610
20079
76112
38699
76112
38699
125656
112726
114773
112726
125656
112726
122392
111372
125656
111372
125656
112726
125656
75790
125656
112726
125656
20079
111633
75790
115347
77687
115347
111372
76112
38699
125656
111372
125656
111372
125656
112726
125656
111372
115347
112726
125656
112726
76112
38699
76112
38699
125656
75790
125656
20079
115347
112726
61610
75790
61610
20079
61610
20079
61610
20079
61610
20079
61610
20079
61610
20079
61610
20079
61610
20079
61610
20079
61610
20079
61610
102277
61610
20079
61610
20079
61610
20079
61610
20079
61610
20079
61610
20079
61610
20079
61610
20079
61610
20079
61610
20079
61610
20079
61610
20079
61610
20079
61610
77687
61610
20079
93945
20079
115347
123641
76112
38699
76112
38699
76112
38699
76112
38699
76112
38699
76112
38699
76112
38699
76112
38699
76112
20079
76112
38699
76112
38699
76112
38699
131343
130190
76112
38699
76112
38699
76112
38699
76112
38699
76112
38699
76112
38699
127761
130190
131343
130190
76112
38699
76112
20079
76112
38699
61610
38699
76112
38699
76112
38699
76112
38699
76112
38699
76112
38699
76112
38699
76112
38699
76112
38699
76112
20079
76112
38699
76112
38699
76112
38699
115347
123641
76112
38699
76112
38699
76112
38699
76112
38699
76112
38699
76112
38699
115347
123641
115347
123641
76112
38699
76112
20079
76112
38699
61610
38699
114773
250001
250001
184081
122392
111372
127761
111372
127761
186472
125749
75790
250001
176795
250001
20079
111633
75790
115347
77687
115347
111372
76112
38699
131343
111372
186671
111372
213153
250001
183539
111372
115347
250001
250001
250001
76112
38699
76112
38699
183539
75790
250001
20079
115347
201175
61610
75790
114773
184081
114773
111372
114773
111372
114773
186472
114773
75790
114773
176795
114773
20079
111633
75790
114773
77687
114773
111372
76112
38699
114773
111372
114773
111372
114773
250001
114773
111372
114773
250001
114773
250001
76112
38699
76112
38699
114773
75790
114773
20079
114773
201175
61610
75790
122392
111372
127761
111372
127761
184081
125749
75790
250001
176795
250001
20079
111633
75790
115347
77687
115347
111372
76112
38699
131343
111372
186671
111372
213153
184081
183539
111372
115347
184081
250001
184081
76112
38699
76112
38699
183539
75790
250001
20079
115347
184081
61610
75790
122392
168436
122392
111372
122392
75790
122392
111372
122392
20079
111633
75790
115347
77687
115347
122661
76112
38699
122392
127202
122392
122661
122392
111372
122392
122661
115347
111372
122392
111372
76112
38699
76112
38699
122392
75790
122392
20079
115347
111372
61610
75790
144894
111372
125749
75790
127761
111372
127761
20079
111633
75790
115347
77687
115347
122661
76112
38699
127761
127202
127761
122661
127761
111372
127761
122661
115347
111372
127761
111372
76112
38699
76112
38699
127761
75790
127761
20079
115347
111372
61610
75790
125749
75790
127761
176795
127761
20079
111633
75790
115347
77687
115347
111372
76112
38699
127761
111372
127761
111372
127761
186472
127761
111372
115347
186472
127761
186472
76112
38699
76112
38699
127761
75790
127761
20079
115347
186472
61610
75790
125749
75790
125749
20079
111633
162640
115347
75790
115347
75790
76112
38699
125749
75790
125749
75790
125749
75790
125749
75790
115347
75790
125749
75790
76112
38699
76112
38699
125749
166464
125749
20079
115347
75790
61610
122661
250001
20079
111633
75790
115347
77687
115347
111372
76112
38699
131343
111372
186671
111372
213153
176795
183539
111372
115347
176795
250001
176795
76112
38699
76112
38699
183539
75790
250001
20079
115347
176795
61610
75790
111633
20079
115347
20079
115347
20079
76112
20079
131343
20079
186671
20079
213153
20079
183539
20079
115347
20079
250001
20079
76112
20079
76112
20079
183539
20079
250001
77687
115347
20079
61610
20079
111633
75790
111633
75790
76112
38699
111633
75790
111633
75790
111633
75790
111633
75790
111633
75790
111633
75790
76112
38699
76112
38699
111633
162640
111633
20079
111633
75790
61610
122661
120201
77687
76112
38699
115347
77687
115347
77687
115347
77687
115347
77687
219518
77687
115347
77687
76112
38699
76112
38699
115347
75790
115347
20079
125656
77687
61610
75790
76112
38699
115347
122661
115347
123641
115347
111372
115347
123641
120201
111372
115347
111372
76112
38699
76112
38699
115347
75790
115347
20079
120201
111372
61610
75790
76112
38699
76112
38699
76112
38699
76112
38699
76112
38699
76112
38699
127761
217408
169150
217408
76112
38699
76112
20079
76112
38699
61610
38699
131343
122661
131343
111372
131343
122661
115347
111372
131343
111372
76112
38699
76112
38699
131343
75790
131343
20079
115347
111372
61610
75790
186671
111372
183539
128566
115347
111372
186671
111372
76112
38699
76112
38699
183539
75790
186671
20079
115347
111372
61610
75790
183539
111372
115347
250001
213153
250001
76112
38699
76112
38699
183539
75790
213153
20079
115347
201175
61610
75790
115347
111372
183539
111372
76112
38699
76112
38699
190696
75790
183539
20079
115347
111372
61610
75790
115347
250001
76112
38699
76112
38699
115347
75790
115347
20079
125656
201175
61610
75790
76112
38699
76112
38699
183539
75790
250001
20079
115347
201175
61610
75790
127761
250001
76112
38699
76112
20079
76112
38699
61610
38699
76112
38699
76112
20079
76112
38699
61610
38699
183539
20079
115347
75790
61610
122661
115347
20079
61610
20079
61610
75790
