154
74180
65475
47566
30696
25783
65475
74180
12818
47566
41598
25783
2972
10975
41598
25783
53943
74180
65475
31335
65475
47566
154
74180
41598
44320
51914
85689
154
74180
2972
10975
6458
64896
66409
85689
54816
31335
154
74180
41598
25783
66409
85689
65475
47566
65475
47566
41598
10975
51914
74180
65475
10246
66409
74180
65475
47566
6458
64896
29361
47546
65475
47566
65475
47566
65475
47566
154
54239
154
74180
65475
47566
53943
7346
6458
64896
41598
10246
54816
85689
154
74180
154
74180
154
74180
65475
47566
65475
47566
6458
64896
65475
74180
154
74180
65475
47566
41598
10246
41598
25783
65475
47566
65475
47566
2972
10975
42301
47566
10781
74180
42301
47566
154
74180
2972
1892
65475
47566
154
74180
29361
47546
65475
47566
2972
10975
154
74180
65475
74180
10781
1892
65475
47546
154
47566
154
25783
154
89540
154
47566
154
25783
154
10975
154
25783
154
89540
154
31335
154
47566
144808
212613
154
44320
154
74180
168061
212613
154
10975
154
64896
154
74180
154
31335
142347
250001
154
25783
154
74180
154
47566
154
47566
154
10975
154
179386
154
10246
154
89540
154
47566
154
64896
154
47546
154
47566
154
47566
154
47566
142347
54239
48037
212613
154
47566
154
7346
154
64896
154
10246
154
74180
108072
200882
142347
240357
142347
145753
154
47566
154
47566
154
64896
154
89540
168061
146539
154
47566
154
10246
154
25783
154
47566
154
47566
154
10975
154
47566
154
89540
154
47566
168061
241922
154
1892
154
47566
142347
212613
154
47546
154
47566
154
10975
142347
187575
154
89540
154
1892
154
47546
30696
25783
66115
47566
12818
167504
41598
25783
2972
10975
41598
25783
53943
47566
67890
31335
250001
54239
154
47566
41598
44320
51914
47566
154
47566
2972
10975
6458
47566
65475
47566
54816
31335
154
47566
41598
25783
65475
47566
120789
100735
142347
74180
41598
10975
51914
47566
66115
10246
65475
47566
171408
180080
6458
47566
29361
47546
250001
100735
142347
167504
142347
250001
154
47566
154
47566
93445
74180
53943
7346
6458
47566
41598
10246
54816
47566
154
47566
154
47566
154
47566
142347
180080
250001
250001
6458
47566
92107
47566
154
47566
190189
250001
41598
10246
41598
25783
250001
250001
142347
74180
2972
10975
42301
167504
10781
47566
42301
167504
154
47566
2972
1892
134533
175586
154
47566
29361
47546
100193
107688
2972
10975
154
47566
134533
47566
10781
1892
66115
47546
30696
25783
12818
25783
30696
60567
2972
10975
30696
144938
30696
25783
30696
25783
30696
25783
154
25783
30696
25783
30696
25783
154
25783
2972
10975
6458
25783
30696
25783
30696
25783
154
25783
30696
122933
30696
25783
30696
25783
30696
25783
30696
10975
30696
25783
30696
10246
30696
25783
30696
25783
6458
25783
29361
25783
30696
25783
30696
25783
30696
25783
154
25783
154
25783
30696
25783
30696
7346
6458
25783
30696
10246
30696
25783
154
25783
154
25783
154
25783
30696
25783
30696
25783
6458
25783
30696
25783
154
25783
30696
25783
30696
10246
30696
60567
30696
25783
30696
25783
2972
10975
30696
25783
10781
25783
30696
25783
154
25783
2972
1892
30696
25783
154
25783
29361
25783
30696
25783
2972
10975
154
25783
30696
25783
10781
1892
30696
25783
12818
47566
41598
25783
2972
10975
41598
25783
53943
106121
66115
31335
66115
47566
154
89540
41598
44320
51914
74180
154
89540
2972
10975
6458
64896
65475
74180
54816
31335
154
89540
41598
25783
65475
74180
66115
47566
66115
47566
41598
10975
51914
89540
148192
10246
65475
174479
66115
47566
6458
64896
29361
47546
66115
47566
66115
47566
66115
47566
154
54239
154
89540
66115
47566
53943
7346
6458
64896
41598
10246
54816
74180
154
89540
154
89540
154
89540
66115
47566
66115
47566
6458
64896
66115
174479
154
89540
66115
47566
41598
10246
41598
25783
66115
47566
66115
47566
2972
10975
42301
47566
10781
174479
42301
47566
154
89540
2972
1892
66115
47566
154
89540
29361
47546
66115
47566
2972
10975
154
89540
66115
174832
10781
1892
103476
47546
12818
25783
2972
10975
12818
25783
12818
47566
12818
31335
12818
54239
154
47566
12818
44320
12818
47566
154
47566
2972
10975
6458
47566
12818
47566
12818
31335
154
47566
12818
25783
12818
47566
12818
100735
12818
74180
12818
10975
12818
47566
12818
10246
12818
47566
12818
167504
6458
47566
12818
47546
12818
100735
12818
240284
12818
167504
154
47566
154
47566
12818
74180
12818
7346
6458
47566
12818
10246
12818
47566
154
47566
154
47566
154
47566
12818
167504
12818
167504
6458
47566
12818
47566
154
47566
12818
167504
12818
10246
12818
25783
12818
167504
12818
74180
2972
10975
12818
240284
10781
47566
12818
240284
154
47566
2972
1892
12818
167504
154
47566
12818
47546
12818
107688
2972
10975
154
47566
12818
47566
10781
1892
12818
47546
2972
10975
171006
60567
41598
25783
41598
25783
41598
25783
154
25783
42301
25783
41598
25783
154
25783
2972
10975
6458
25783
41598
25783
41598
25783
154
25783
118963
60567
41598
25783
41598
25783
41598
25783
45221
10975
41598
25783
41598
10246
41598
25783
41598
25783
6458
25783
29361
25783
41598
25783
41598
25783
41598
25783
154
25783
154
25783
41598
25783
41598
7346
6458
25783
126342
10246
41598
25783
154
25783
154
25783
154
25783
41598
25783
41598
25783
6458
25783
41598
25783
154
25783
41598
25783
106401
10246
105482
113298
41598
25783
41598
25783
2972
10975
41598
25783
10781
25783
41598
25783
154
25783
2972
1892
41598
25783
154
25783
29361
25783
41598
25783
2972
10975
154
25783
41598
25783
10781
1892
41598
25783
2972
10975
2972
10975
2972
10975
2972
10975
154
10975
2972
10975
2972
10975
154
10975
37696
20570
2972
10975
2972
10975
2972
10975
154
10975
2972
10975
2972
10975
2972
10975
2972
10975
2972
23903
2972
10975
2972
10246
2972
10975
2972
10975
2972
10975
2972
10975
2972
10975
2972
10975
2972
10975
154
10975
154
10975
2972
10975
2972
7346
2972
10975
2972
10246
2972
10975
154
10975
154
10975
154
10975
2972
10975
2972
10975
2972
10975
2972
10975
154
10975
2972
10975
2972
10246
2972
10975
2972
10975
2972
10975
37696
20570
2972
10975
2972
10975
2972
10975
154
10975
3259
1892
2972
10975
154
10975
2972
10975
2972
10975
16345
20570
154
10975
2972
10975
2972
1892
2972
10975
41598
25783
41598
25783
41598
25783
154
25783
42301
25783
41598
25783
154
25783
2972
10975
6458
25783
41598
25783
41598
25783
154
25783
118963
122933
41598
25783
41598
25783
41598
25783
45221
10975
41598
25783
41598
10246
41598
25783
41598
25783
6458
25783
29361
25783
41598
25783
41598
25783
41598
25783
154
25783
154
25783
41598
25783
41598
7346
6458
25783
126342
10246
41598
25783
154
25783
154
25783
154
25783
41598
25783
41598
25783
6458
25783
41598
25783
154
25783
41598
25783
106401
10246
105482
60567
41598
25783
41598
25783
2972
10975
41598
25783
10781
25783
41598
25783
154
25783
2972
1892
41598
25783
154
25783
29361
25783
41598
25783
2972
10975
154
25783
41598
25783
10781
1892
41598
25783
53943
31335
53943
47566
154
89540
41598
44320
51914
74180
154
89540
2972
10975
6458
64896
53943
74180
53943
31335
154
89540
41598
25783
53943
74180
53943
47566
53943
47566
41598
10975
51914
89540
53943
10246
53943
106121
53943
47566
6458
64896
29361
47546
53943
47566
53943
47566
53943
47566
154
54239
154
89540
53943
47566
78628
7346
6458
64896
41598
10246
53943
74180
154
89540
154
89540
154
89540
53943
47566
53943
47566
6458
64896
53943
106121
154
89540
53943
47566
41598
10246
41598
25783
53943
47566
53943
47566
2972
10975
42301
47566
10781
106121
42301
47566
154
89540
2972
1892
53943
47566
154
89540
29361
47546
53943
47566
2972
10975
154
89540
53943
106121
10781
1892
53943
47546
67890
31335
154
31335
41598
31335
51914
31335
154
31335
2972
10975
6458
31335
65475
31335
54816
100735
154
31335
41598
25783
65475
31335
67890
31335
67890
31335
41598
10975
51914
31335
66115
10246
65475
31335
67890
31335
6458
31335
29361
31335
67890
31335
67890
31335
67890
31335
154
31335
154
31335
67890
31335
53943
7346
6458
31335
41598
10246
54816
31335
154
31335
154
31335
154
31335
67890
31335
67890
31335
6458
31335
67890
31335
154
31335
67890
31335
41598
10246
41598
25783
67890
31335
67890
31335
2972
10975
42301
31335
10781
31335
42301
31335
154
31335
2972
1892
67890
31335
154
31335
29361
31335
67890
31335
2972
10975
154
31335
67890
31335
10781
1892
66115
31335
154
47566
41598
44320
51914
47566
154
47566
2972
10975
6458
47566
65475
47566
54816
31335
154
47566
41598
25783
65475
47566
120789
54239
142347
54239
41598
10975
51914
47566
66115
10246
65475
47566
171408
54239
6458
47566
29361
47546
250001
54239
142347
54239
142347
54239
154
47566
154
47566
93445
54239
53943
7346
6458
47566
41598
10246
54816
47566
154
47566
154
47566
154
47566
142347
54239
250001
54239
6458
47566
92107
47566
154
47566
190189
54239
41598
10246
41598
25783
250001
54239
142347
54239
2972
10975
42301
54239
10781
47566
42301
54239
154
47566
2972
1892
134533
54239
154
47566
29361
47546
100193
54239
2972
10975
154
47566
134533
47566
10781
1892
66115
47546
154
44320
154
74180
144808
228224
154
10975
154
64896
154
74180
154
31335
142347
212613
154
25783
154
74180
154
47566
154
47566
154
10975
154
179386
154
10246
154
89540
154
47566
154
64896
154
47546
154
47566
154
47566
154
47566
142347
54239
48037
250001
154
47566
154
7346
154
64896
154
10246
154
74180
108072
200882
142347
212613
142347
145753
154
47566
154
47566
154
64896
154
89540
144808
146539
154
47566
154
10246
154
25783
154
47566
154
47566
154
10975
154
47566
154
89540
154
47566
144808
212613
154
1892
154
47566
142347
228224
154
47546
154
47566
154
10975
142347
187575
154
89540
154
1892
154
47546
41598
44320
154
44320
2972
10975
6458
44320
41598
44320
41598
31335
154
44320
42301
25783
41598
44320
41598
44320
41598
44320
42301
10975
41598
44320
41598
10246
41598
44320
41598
44320
6458
44320
29361
44320
41598
44320
41598
44320
41598
44320
154
44320
154
44320
41598
44320
41598
7346
6458
44320
42301
10246
41598
44320
154
44320
154
44320
154
44320
41598
44320
41598
44320
6458
44320
41598
44320
154
44320
41598
44320
42301
10246
42301
25783
41598
44320
41598
44320
2972
10975
41598
44320
10781
44320
41598
44320
154
44320
2972
1892
41598
44320
154
44320
29361
44320
41598
44320
2972
10975
154
44320
41598
44320
10781
1892
41598
44320
154
74180
2972
10975
6458
64896
51914
89540
51914
31335
154
74180
41598
25783
51914
89540
51914
47566
51914
47566
41598
10975
127154
74180
51914
10246
51914
74180
51914
47566
6458
64896
29361
47546
51914
47566
51914
47566
51914
47566
154
54239
154
74180
51914
47566
51914
7346
6458
64896
41598
10246
51914
89540
154
74180
154
74180
154
74180
51914
47566
51914
47566
6458
64896
51914
74180
154
74180
51914
47566
41598
10246
41598
25783
51914
47566
51914
47566
2972
10975
42301
47566
10781
74180
42301
47566
154
74180
2972
1892
51914
47566
154
74180
29361
47546
51914
47566
2972
10975
154
74180
51914
74180
10781
1892
51914
47546
154
10975
154
64896
154
74180
154
31335
142347
212613
154
25783
154
74180
154
47566
154
47566
154
10975
154
179386
154
10246
154
89540
154
47566
154
64896
154
47546
154
47566
154
47566
154
47566
142347
54239
48037
228224
154
47566
154
7346
154
64896
154
10246
154
74180
108072
200882
142347
212613
142347
145753
154
47566
154
47566
154
64896
154
89540
214342
146539
154
47566
154
10246
154
25783
154
47566
154
47566
154
10975
154
47566
154
89540
154
47566
214342
212613
154
1892
154
47566
142347
250001
154
47546
154
47566
154
10975
142347
187575
154
89540
154
1892
154
47546
2972
10975
2972
10975
2972
10975
154
10975
2972
10975
2972
10975
2972
10975
2972
10975
2972
20570
2972
10975
2972
10246
2972
10975
2972
10975
2972
10975
2972
10975
2972
10975
2972
10975
2972
10975
154
10975
154
10975
2972
10975
2972
7346
2972
10975
2972
10246
2972
10975
154
10975
154
10975
154
10975
2972
10975
2972
10975
2972
10975
2972
10975
154
10975
2972
10975
2972
10246
2972
10975
2972
10975
2972
10975
93445
48712
2972
10975
2972
10975
2972
10975
154
10975
3259
1892
2972
10975
154
10975
2972
10975
2972
10975
16345
28914
154
10975
2972
10975
2972
1892
2972
10975
6458
64896
6458
31335
154
64896
6458
25783
6458
64896
6458
47566
6458
47566
6458
10975
6458
64896
6458
10246
6458
64896
6458
47566
117374
106967
6458
47546
6458
47566
6458
47566
6458
47566
154
54239
154
64896
6458
47566
6458
7346
117374
71035
6458
10246
6458
64896
154
64896
154
64896
154
64896
6458
47566
6458
47566
28716
74180
6458
64896
154
64896
6458
47566
6458
10246
6458
25783
6458
47566
6458
47566
2972
10975
6458
47566
6458
64896
6458
47566
154
64896
2972
1892
6458
47566
154
64896
6458
47546
6458
47566
2972
10975
154
64896
6458
64896
6458
1892
6458
47546
54816
31335
154
74180
41598
25783
134752
243025
65475
47566
65475
47566
41598
10975
51914
74180
65475
10246
134752
74180
65475
47566
6458
64896
29361
47546
65475
47566
65475
47566
65475
47566
154
54239
154
74180
65475
47566
53943
7346
6458
64896
41598
10246
54816
174279
154
74180
154
74180
154
74180
65475
47566
65475
47566
6458
64896
65475
74180
154
74180
65475
47566
41598
10246
41598
25783
65475
47566
65475
47566
2972
10975
42301
47566
10781
74180
42301
47566
154
74180
2972
1892
65475
47566
154
74180
29361
47546
65475
47566
2972
10975
154
74180
65475
74180
10781
1892
65475
47546
154
31335
41598
25783
54816
31335
54816
31335
54816
31335
41598
10975
51914
31335
54816
10246
54816
31335
54816
31335
6458
31335
29361
31335
54816
31335
54816
31335
54816
31335
154
31335
154
31335
54816
31335
53943
7346
6458
31335
41598
10246
55087
31335
154
31335
154
31335
154
31335
54816
31335
54816
31335
6458
31335
54816
31335
154
31335
54816
31335
41598
10246
41598
25783
54816
31335
54816
31335
2972
10975
42301
31335
10781
31335
42301
31335
154
31335
2972
1892
54816
31335
154
31335
29361
31335
54816
31335
2972
10975
154
31335
54816
31335
10781
1892
54816
31335
154
25783
154
74180
154
47566
154
47566
154
10975
154
179386
154
10246
154
89540
154
47566
154
64896
154
47546
154
47566
154
47566
154
47566
143705
54239
48037
212613
154
47566
154
7346
154
64896
154
10246
154
74180
108072
200882
157941
240357
143705
145753
154
47566
154
47566
154
64896
154
89540
142347
146539
154
47566
154
10246
154
25783
154
47566
154
47566
154
10975
154
47566
154
89540
154
47566
142347
241922
154
1892
154
47566
157941
212613
154
47546
154
47566
154
10975
142662
187575
154
89540
154
1892
154
47546
41598
25783
41598
25783
41598
25783
45221
10975
41598
25783
41598
10246
41598
25783
41598
25783
6458
25783
29361
25783
41598
25783
41598
25783
41598
25783
154
25783
154
25783
41598
25783
41598
7346
6458
25783
118963
10246
41598
25783
154
25783
154
25783
154
25783
41598
25783
41598
25783
6458
25783
41598
25783
154
25783
41598
25783
106401
10246
105482
60567
41598
25783
41598
25783
2972
10975
41598
25783
10781
25783
41598
25783
154
25783
2972
1892
41598
25783
154
25783
29361
25783
41598
25783
2972
10975
154
25783
41598
25783
10781
1892
41598
25783
65475
47566
65475
47566
41598
10975
51914
74180
65475
10246
141027
74180
65475
47566
6458
64896
29361
47546
65475
47566
65475
47566
65475
47566
154
54239
154
74180
65475
47566
53943
7346
6458
64896
41598
10246
54816
174279
154
74180
154
74180
154
74180
65475
47566
65475
47566
6458
64896
65475
74180
154
74180
65475
47566
41598
10246
41598
25783
65475
47566
65475
47566
2972
10975
42301
47566
10781
74180
42301
47566
154
74180
2972
1892
65475
47566
154
74180
29361
47546
65475
47566
2972
10975
154
74180
65475
74180
10781
1892
65475
47546
120789
74180
41598
10975
51914
47566
66115
10246
65475
47566
120789
100735
6458
47566
29361
47546
120789
250001
120789
100735
120789
100735
154
47566
154
47566
93445
74180
53943
7346
6458
47566
41598
10246
54816
47566
154
47566
154
47566
154
47566
120789
100735
120789
100735
6458
47566
92107
47566
154
47566
120789
100735
41598
10246
41598
25783
120789
100735
120789
74180
2972
10975
42301
100735
10781
47566
42301
100735
154
47566
2972
1892
120789
100735
154
47566
29361
47546
100193
100735
2972
10975
154
47566
120789
47566
10781
1892
66115
47546
41598
10975
51914
47566
66115
10246
65475
47566
142347
74180
6458
47566
29361
47546
142347
74180
142662
74180
142662
74180
154
47566
154
47566
93445
167504
53943
7346
6458
47566
41598
10246
54816
47566
154
47566
154
47566
154
47566
218987
74180
142347
74180
6458
47566
92107
47566
154
47566
142347
74180
41598
10246
41598
25783
142347
74180
148192
167504
2972
10975
42301
74180
10781
47566
42301
74180
154
47566
2972
1892
134533
74180
154
47566
29361
47546
100193
74180
2972
10975
154
47566
134533
47566
10781
1892
66115
47546
41598
10975
41598
10246
41598
10975
41598
10975
6458
10975
29361
10975
41598
10975
41598
10975
41598
10975
154
10975
154
10975
41598
10975
41598
7346
6458
10975
45221
10246
41598
10975
154
10975
154
10975
154
10975
41598
10975
41598
10975
6458
10975
41598
10975
154
10975
41598
10975
45221
10246
45221
10975
41598
10975
41598
10975
2972
20570
41598
10975
10781
10975
41598
10975
154
10975
2972
1892
41598
10975
154
10975
29361
10975
41598
10975
2972
20570
154
10975
41598
10975
10781
1892
41598
10975
51914
10246
51914
89540
51914
47566
6458
64896
29361
47546
51914
47566
51914
47566
51914
47566
154
54239
154
179386
51914
47566
51914
7346
6458
64896
41598
10246
51914
74180
154
179386
154
179386
154
145753
51914
47566
51914
47566
6458
64896
51914
89540
154
146539
51914
47566
41598
10246
41598
25783
51914
47566
51914
47566
2972
10975
42301
47566
10781
89540
42301
47566
154
179386
2972
1892
51914
47566
154
179386
29361
47546
51914
47566
2972
10975
154
179386
51914
89540
10781
1892
51914
47546
65475
10246
66115
10246
6458
10246
29361
10246
66115
10246
66115
10246
66115
10246
154
10246
154
10246
66115
10246
53943
7346
6458
10246
41598
25783
54816
10246
154
10246
154
10246
154
10246
66115
10246
66115
10246
6458
10246
66115
10246
154
10246
66115
10246
41598
25783
41598
10246
66115
10246
66115
10246
2972
10246
42301
10246
10781
10246
42301
10246
154
10246
2972
1892
66115
10246
154
10246
29361
10246
66115
10246
2972
10246
154
10246
66115
10246
10781
1892
103476
10246
65475
47566
6458
64896
29361
47546
65475
47566
65475
47566
65475
47566
154
54239
154
89540
65475
47566
53943
7346
6458
64896
41598
10246
54816
74180
154
89540
154
89540
154
89540
65475
47566
65475
47566
6458
64896
65475
177333
154
89540
65475
47566
41598
10246
41598
25783
65475
47566
65475
47566
2972
10975
42301
47566
10781
207061
42301
47566
154
89540
2972
1892
65475
47566
154
89540
29361
47546
65475
47566
2972
10975
154
89540
65475
174479
10781
1892
65475
47546
6458
47566
29361
47546
171408
100735
142347
167504
142347
180080
154
47566
154
47566
93445
74180
53943
7346
6458
47566
41598
10246
54816
47566
154
47566
154
47566
154
47566
142347
250001
171408
180080
6458
47566
92107
47566
154
47566
171408
180080
41598
10246
41598
25783
171408
180080
142347
74180
2972
10975
42301
167504
10781
47566
42301
167504
154
47566
2972
1892
134533
175586
154
47566
29361
47546
100193
107688
2972
10975
154
47566
134533
47566
10781
1892
66115
47546
6458
47546
6458
47566
6458
47566
6458
47566
154
54239
154
64896
6458
47566
6458
7346
126876
71035
6458
10246
6458
64896
154
64896
154
64896
154
64896
6458
47566
6458
47566
28716
74180
6458
64896
154
64896
6458
47566
6458
10246
6458
25783
6458
47566
6458
47566
2972
10975
6458
47566
6458
64896
6458
47566
154
64896
2972
1892
6458
47566
154
64896
6458
47546
6458
47566
2972
10975
154
64896
6458
64896
6458
1892
6458
47546
29361
47546
29361
47546
29361
47546
154
47546
154
47546
29361
47546
29361
7346
6458
47546
29361
10246
29361
47546
154
47546
154
47546
154
47546
29361
47546
29361
47546
6458
47546
29361
47546
154
47546
29361
47546
29361
10246
29361
25783
29361
47546
29361
47546
2972
10975
29361
47546
10781
47546
29361
47546
154
47546
2972
1892
29361
47546
154
47546
48677
136650
29361
47546
2972
10975
154
47546
29361
47546
10781
1892
29361
48151
142347
100735
142347
100735
154
47566
154
47566
93445
74180
53943
7346
6458
47566
41598
10246
54816
47566
154
47566
154
47566
154
47566
142347
100735
250001
100735
6458
47566
92107
47566
154
47566
190189
100735
41598
10246
41598
25783
250001
100735
142347
74180
2972
10975
42301
100735
10781
47566
42301
100735
154
47566
2972
1892
134533
100735
154
47566
29361
47546
100193
100735
2972
10975
154
47566
134533
47566
10781
1892
66115
47546
143069
167504
154
47566
154
47566
93445
74180
53943
7346
6458
47566
41598
10246
54816
47566
154
47566
154
47566
154
47566
142662
167504
142347
167504
6458
47566
92107
47566
154
47566
142347
167504
41598
10246
41598
25783
142347
167504
142662
74180
2972
10975
42301
240886
10781
47566
42301
240886
154
47566
2972
1892
134533
167504
154
47566
29361
47546
100193
107688
2972
10975
154
47566
134533
47566
10781
1892
66115
47546
154
47566
154
47566
93445
74180
53943
7346
6458
47566
41598
10246
54816
47566
154
47566
154
47566
154
47566
142662
180080
142347
250001
6458
47566
92107
47566
154
47566
142347
250001
41598
10246
41598
25783
142347
250001
142662
74180
2972
10975
42301
167504
10781
47566
42301
167504
154
47566
2972
1892
134533
175586
154
47566
29361
47546
100193
107688
2972
10975
154
47566
134533
47566
10781
1892
66115
47546
48037
54239
154
47566
154
7346
154
54239
154
10246
154
54239
108072
54239
143705
54239
157941
54239
154
47566
154
47566
154
54239
154
54239
142347
54239
154
47566
154
10246
154
25783
154
47566
154
47566
154
10975
154
47566
154
54239
154
47566
142347
54239
154
1892
154
47566
143705
54239
154
47546
154
47566
154
10975
142662
54239
154
54239
154
1892
154
47546
154
47566
154
7346
154
64896
154
10246
154
74180
48037
200882
48037
212613
48037
145753
154
47566
154
47566
154
64896
154
89540
48037
146539
154
47566
154
10246
154
25783
154
47566
154
47566
154
10975
154
47566
154
89540
154
47566
48037
212613
154
1892
154
47566
48037
228224
154
47546
154
47566
154
10975
48037
187575
154
89540
154
1892
154
47546
53943
7346
6458
47566
41598
10246
54816
47566
154
47566
154
47566
154
47566
93445
74180
93445
74180
6458
47566
92107
47566
154
47566
93445
74180
41598
10246
41598
25783
93445
74180
93445
174479
2972
10975
42301
74180
10781
47566
42301
74180
154
47566
2972
1892
93445
74180
154
47566
29361
47546
93445
74180
2972
10975
154
47566
93445
47566
10781
1892
66115
47546
6458
7346
41598
7346
53943
7346
154
7346
154
7346
154
7346
53943
7346
53943
7346
6458
7346
53943
7346
154
7346
53943
7346
41598
7346
41598
7346
53943
7346
53943
7346
2972
7346
42301
7346
10781
7346
42301
7346
154
7346
2972
1892
53943
7346
154
7346
29361
7346
53943
7346
2972
7346
154
7346
53943
7346
10781
1892
53943
7346
6458
10246
6458
64896
154
64896
154
64896
154
64896
6458
47566
6458
47566
28716
71035
6458
64896
154
64896
6458
47566
6458
10246
6458
25783
6458
47566
6458
47566
2972
10975
6458
47566
6458
64896
6458
47566
154
64896
2972
1892
6458
47566
154
64896
6458
47546
6458
47566
2972
10975
154
64896
6458
64896
6458
1892
6458
47546
41598
10246
154
10246
154
10246
154
10246
41598
10246
41598
10246
6458
10246
41598
10246
154
10246
41598
10246
106401
113298
105482
10246
41598
10246
41598
10246
2972
10246
41598
10246
10781
10246
41598
10246
154
10246
2972
1892
41598
10246
154
10246
29361
10246
41598
10246
2972
10246
154
10246
41598
10246
10781
1892
41598
10246
154
74180
154
74180
154
74180
54816
47566
54816
47566
6458
64896
54816
74180
154
74180
54816
47566
41598
10246
41598
25783
54816
47566
54816
47566
2972
10975
42301
47566
10781
74180
42301
47566
154
74180
2972
1892
54816
47566
154
74180
29361
47546
54816
47566
2972
10975
154
74180
54816
74180
10781
1892
54816
47546
108072
200882
108072
145753
154
47566
154
47566
154
64896
154
89540
108072
146539
154
47566
154
10246
154
25783
154
47566
154
47566
154
10975
154
47566
154
89540
154
47566
108072
200882
154
1892
154
47566
108072
200882
154
47546
154
47566
154
10975
108072
187575
154
89540
154
1892
154
47546
143705
145753
154
47566
154
47566
154
64896
154
89540
142347
146539
154
47566
154
10246
154
25783
154
47566
154
47566
154
10975
154
47566
154
89540
154
47566
142347
240357
154
1892
154
47566
162968
212613
154
47546
154
47566
154
10975
142662
187575
154
89540
154
1892
154
47546
154
47566
154
47566
154
64896
154
89540
142347
145753
154
47566
154
10246
154
25783
154
47566
154
47566
154
10975
154
47566
154
89540
154
47566
142347
145753
154
1892
154
47566
143705
145753
154
47546
154
47566
154
10975
142662
145753
154
89540
154
1892
154
47546
142347
180080
6458
47566
92107
47566
154
47566
142347
180080
41598
10246
41598
25783
142347
180080
148192
74180
2972
10975
42301
167504
10781
47566
42301
167504
154
47566
2972
1892
134533
175586
154
47566
29361
47546
100193
107688
2972
10975
154
47566
134533
47566
10781
1892
66115
47546
6458
47566
92107
47566
154
47566
190189
250001
41598
10246
41598
25783
250001
250001
142347
74180
2972
10975
42301
167504
10781
47566
42301
167504
154
47566
2972
1892
134533
175586
154
47566
29361
47546
100193
107688
2972
10975
154
47566
134533
47566
10781
1892
66115
47546
6458
64896
154
64896
6458
47566
6458
10246
6458
25783
6458
47566
6458
47566
2972
10975
6458
47566
6458
64896
6458
47566
154
64896
2972
1892
6458
47566
154
64896
6458
47546
6458
47566
2972
10975
154
64896
6458
64896
6458
1892
6458
47546
154
89540
92107
47566
41598
10246
41598
25783
92107
47566
92107
47566
2972
10975
42301
47566
10781
177333
42301
47566
154
89540
2972
1892
92107
47566
154
89540
29361
47546
92107
47566
2972
10975
154
89540
92107
174479
10781
1892
66115
47546
154
47566
154
10246
154
25783
154
47566
154
47566
154
10975
154
47566
154
89540
154
47566
240396
146539
154
1892
154
47566
142347
146539
154
47546
154
47566
154
10975
142347
146539
154
89540
154
1892
154
47546
41598
10246
41598
25783
190189
250001
142347
74180
2972
10975
42301
167504
10781
47566
42301
167504
154
47566
2972
1892
134533
175586
154
47566
29361
47546
100193
107688
2972
10975
154
47566
134533
47566
10781
1892
66115
47546
105482
10246
41598
10246
41598
10246
2972
10246
41598
10246
10781
10246
41598
10246
154
10246
2972
1892
41598
10246
154
10246
29361
10246
41598
10246
2972
10246
154
10246
41598
10246
10781
1892
41598
10246
41598
25783
41598
25783
2972
10975
41598
25783
10781
25783
41598
25783
154
25783
2972
1892
41598
25783
154
25783
29361
25783
41598
25783
2972
10975
154
25783
41598
25783
10781
1892
41598
25783
142347
74180
2972
10975
42301
167504
10781
47566
42301
167504
154
47566
2972
1892
134533
175586
154
47566
29361
47546
100193
107688
2972
10975
154
47566
134533
47566
10781
1892
66115
47546
2972
10975
42301
74180
10781
47566
42301
74180
154
47566
2972
1892
134533
74180
154
47566
29361
47546
100193
74180
2972
10975
154
47566
134533
47566
10781
1892
66115
47546
2972
10975
2972
10975
2972
10975
154
10975
3259
1892
2972
10975
154
10975
2972
10975
2972
10975
16345
28914
154
10975
2972
10975
2972
1892
2972
10975
10781
47566
250001
250001
154
47566
2972
1892
42301
167504
154
47566
29361
47546
42301
107688
2972
10975
154
47566
42301
47566
10781
1892
42301
47546
10781
47566
154
89540
2972
1892
10781
47566
154
89540
10781
47546
10781
47566
2972
10975
154
89540
10781
174479
49338
1892
10781
47546
154
47566
2972
1892
42301
167504
154
47566
29361
47546
42301
107688
2972
10975
154
47566
42301
47566
10781
1892
42301
47546
154
1892
154
47566
142347
212613
154
47546
154
47566
154
10975
142347
187575
154
89540
154
1892
154
47546
2972
1892
154
1892
2972
1892
2972
1892
3259
1892
154
1892
2972
1892
2972
7346
2972
1892
154
47566
29361
47546
100193
107688
2972
10975
154
47566
142347
47566
10781
1892
66115
47546
154
47546
154
47566
154
10975
142662
187575
154
89540
154
1892
154
47546
29361
47546
2972
10975
154
47546
29361
47546
10781
1892
29361
48151
2972
10975
154
47566
100193
47566
10781
1892
66115
47546
154
10975
2972
10975
2972
1892
2972
10975
154
89540
154
1892
154
47546
10781
1892
66115
47546
10781
1892
