41919
53136
41919
21332
41919
21332
41919
23139
41919
16118
41919
53136
62264
21332
41919
21332
41919
21332
41919
21332
41919
21332
41919
16118
62264
16118
41919
16118
41919
53136
41919
21332
41919
16118
41919
21332
41919
21332
41919
23139
41919
21332
41919
21332
41919
21332
41919
16118
41919
21332
41919
21332
41919
21332
41919
53136
41919
16118
41919
21332
41919
21332
41919
21332
41919
21332
41919
21332
41919
16118
41919
53136
41919
57928
250001
21332
96225
21332
62264
23139
96225
16118
62264
138521
41919
21332
96225
21332
96225
21332
96225
21332
62264
21332
84218
16118
41919
16118
96225
16118
96225
250001
96225
21332
118496
16118
96225
21332
96225
21332
62264
23139
96225
21332
62264
21332
62264
21332
84218
16118
62264
21332
96225
21332
96225
21332
62264
250001
96225
16118
96225
21332
62264
21332
96225
21332
61475
21332
62264
21332
96225
16118
96225
250001
61475
53136
96225
189619
62264
21332
96225
16118
62264
21332
41919
23139
96225
189619
96225
189619
96225
138521
62264
23139
84218
16118
41919
16118
96225
16118
96225
21332
96225
36594
118496
16118
96225
189619
96225
189619
62264
21332
96225
189619
62264
23139
62264
23139
84218
16118
62264
23139
96225
189619
96225
189619
62264
21332
96225
16118
96225
147820
62264
189619
96225
189619
61475
53136
62264
23139
96225
16118
96225
21332
61475
21332
62264
21332
115650
16118
62264
21332
41919
23139
250001
189932
115650
250001
115650
138521
62264
23139
84218
16118
41919
16118
115650
16118
115650
21332
115650
36594
96225
16118
115646
250001
115646
250001
62264
21332
115646
189932
62264
23139
62264
23139
84218
16118
62264
23139
250001
250001
250001
189932
62264
21332
115650
16118
250001
147820
62264
250001
250001
191598
61475
53136
62264
23139
115650
16118
250001
21332
61475
21332
62264
16118
68356
23139
41919
21332
62264
21332
62264
21332
62264
21332
250001
21332
62264
16118
41919
16118
62264
16118
62264
23139
62264
21332
62264
16118
62264
21332
62264
21332
73894
250001
62264
21332
250001
21332
250001
21332
62264
16118
250001
21332
62264
21332
62264
21332
70970
23139
62264
16118
62264
21332
68356
21332
62264
21332
61475
21332
250001
21332
62264
16118
62264
23139
61475
23139
62264
16118
41919
16118
115650
16118
118496
16118
163667
16118
62264
16118
84218
39012
41919
18524
201861
39012
163667
16118
250001
16118
96225
20636
115646
16118
115646
16118
62264
16118
115646
16118
62264
16118
62264
16118
84218
20636
62264
16118
115650
16118
115650
16118
62264
16118
250001
96101
115650
16118
62264
16118
115650
16118
61475
16118
62264
16118
250001
20636
115650
16118
61475
16118
41919
21332
62264
21332
62264
21332
62264
21332
68356
21332
62264
16118
41919
16118
62264
16118
62264
138521
62264
21332
62264
16118
62264
21332
62264
21332
68356
23139
62264
21332
68356
21332
68356
21332
62264
16118
68356
21332
62264
21332
62264
21332
68356
138521
62264
16118
62264
21332
115646
21332
62264
21332
61475
21332
68356
21332
62264
16118
62264
138521
61475
53136
41919
23139
41919
23139
41919
23139
41919
189399
41919
16118
70970
16118
41919
16118
41919
21332
41919
23139
41919
16118
41919
23139
41919
23139
41919
21332
41919
23139
41919
53531
41919
157835
41919
16118
41919
189399
41919
23139
41919
23139
41919
21332
41919
16118
41919
23139
41919
23139
41919
23139
41919
23139
41919
189399
41919
16118
41919
21332
41919
21332
115650
189932
115650
138521
62264
23139
84218
16118
41919
16118
115650
16118
115650
21332
115650
36594
96225
16118
115646
189932
115646
189932
62264
21332
115646
250001
62264
23139
62264
23139
84218
16118
62264
23139
250001
189932
250001
250001
62264
21332
115650
16118
250001
147820
62264
189932
250001
189932
61475
53136
62264
23139
115650
16118
250001
21332
61475
21332
118496
138521
62264
23139
84218
16118
41919
16118
118496
16118
118496
21332
118496
36594
96225
16118
115646
250001
115646
250001
62264
21332
115646
189932
62264
23139
62264
23139
84218
16118
62264
23139
115650
250001
115650
189932
62264
21332
118496
16118
115650
147820
62264
250001
115650
191598
61475
53136
62264
23139
118496
16118
115650
21332
61475
21332
62264
23139
84218
16118
41919
16118
163667
16118
166095
21332
163667
36594
96225
16118
115646
138521
115646
138521
62264
21332
115646
138521
62264
23139
62264
23139
84218
16118
62264
23139
115650
138521
115650
138521
62264
21332
163667
16118
115650
138521
62264
138521
115650
138521
61475
53136
62264
23139
163667
16118
115650
21332
61475
21332
62264
16118
41919
16118
62264
16118
62264
21332
62264
23139
62264
16118
62264
23139
62264
23139
73894
21332
62264
23139
250001
53531
250001
157835
62264
16118
250001
250001
62264
23139
62264
23139
70970
21332
62264
16118
62264
23139
68356
23139
62264
23139
61475
23139
250001
250001
62264
16118
62264
21332
61475
21332
41919
18524
84218
96101
84218
16118
84218
16118
84218
20636
84218
16118
84218
16118
62264
16118
84218
16118
62264
16118
62264
16118
250001
20636
62264
16118
84218
16118
84218
16118
62264
16118
84218
39012
84218
16118
62264
16118
84218
16118
61475
16118
62264
16118
84218
20636
84218
16118
61475
16118
41919
18524
41919
16118
41919
16118
41919
18524
41919
16118
41919
16118
41919
16118
41919
16118
41919
16118
41919
16118
41919
18524
41919
16118
41919
16118
41919
16118
41919
16118
41919
18524
41919
16118
41919
16118
41919
16118
41919
16118
41919
16118
41919
18524
41919
16118
41919
16118
163667
16118
201861
16118
96225
20636
115646
16118
115646
16118
62264
16118
115646
16118
62264
16118
62264
16118
84218
20636
62264
16118
115650
16118
115650
16118
62264
16118
201861
39012
115650
16118
62264
16118
115650
16118
61475
16118
62264
16118
201861
20636
115650
16118
61475
16118
163667
21332
96225
16118
115646
21332
115646
21332
62264
23139
115646
21332
62264
21332
62264
21332
84218
16118
62264
21332
115650
21332
115650
21332
62264
250001
163667
16118
115650
21332
62264
21332
115650
21332
61475
21332
62264
21332
163667
16118
115650
250001
61475
53136
96225
16118
115646
36594
115646
36594
62264
21332
115646
36594
62264
23139
62264
23139
84218
16118
62264
23139
115650
36594
115650
36594
62264
21332
250001
16118
115650
36594
62264
36594
115650
36594
61475
36594
62264
23139
250001
16118
115650
21332
61475
21332
96225
16118
96225
16118
62264
16118
96225
16118
62264
16118
62264
16118
84218
138601
62264
16118
96225
16118
96225
16118
62264
16118
96225
20636
96225
16118
62264
16118
96225
16118
61475
16118
62264
16118
96225
39012
96225
16118
61475
16118
250001
250001
62264
21332
250001
189932
62264
23139
62264
23139
84218
16118
62264
23139
115646
250001
115646
189932
62264
21332
115646
16118
115646
147820
62264
250001
115646
191598
61475
53136
62264
23139
115646
16118
115646
21332
61475
21332
62264
21332
250001
189932
62264
23139
62264
23139
84218
16118
62264
23139
115646
250001
115646
189932
62264
21332
115646
16118
115646
147820
62264
250001
115646
191598
61475
53136
62264
23139
115646
16118
115646
21332
61475
21332
62264
21332
73894
21332
73894
21332
62264
16118
73894
21332
62264
21332
62264
21332
70970
23139
62264
16118
62264
21332
68356
21332
62264
21332
61475
21332
73894
21332
62264
16118
62264
23139
61475
23139
62264
23139
62264
23139
84218
16118
62264
23139
115646
189932
115646
250001
62264
21332
115646
16118
115646
147820
62264
189932
115646
189932
61475
53136
62264
23139
115646
16118
115646
21332
61475
21332
250001
53531
62264
16118
250001
53531
62264
23139
62264
23139
70970
21332
62264
16118
62264
23139
68356
23139
62264
23139
61475
23139
250001
53531
62264
16118
62264
21332
61475
21332
62264
16118
250001
157835
62264
23139
62264
23139
70970
21332
62264
16118
62264
23139
68356
23139
62264
23139
61475
23139
250001
157835
62264
16118
62264
21332
61475
21332
62264
16118
84218
16118
84218
16118
62264
16118
84218
20636
84218
16118
62264
16118
84218
16118
61475
16118
62264
16118
84218
39012
84218
16118
61475
16118
62264
23139
62264
23139
70970
21332
62264
16118
62264
23139
68356
23139
62264
23139
61475
23139
250001
250001
62264
16118
62264
21332
61475
21332
250001
189932
62264
21332
115650
16118
250001
147820
62264
250001
250001
191598
61475
53136
62264
23139
115650
16118
250001
21332
61475
21332
62264
21332
115650
16118
250001
147820
62264
189932
250001
189932
61475
53136
62264
23139
115650
16118
250001
21332
61475
21332
62264
16118
62264
21332
68356
21332
62264
21332
61475
21332
70970
21332
62264
16118
62264
250001
61475
53136
115650
16118
62264
16118
115650
16118
61475
16118
62264
16118
250001
20636
115650
16118
61475
16118
62264
147820
250001
147820
61475
53136
62264
23139
115650
16118
250001
21332
61475
21332
62264
191598
61475
53136
68356
23139
62264
16118
62264
21332
61475
21332
61475
53136
62264
23139
115650
16118
250001
21332
61475
21332
61475
23139
61475
16118
61475
21332
96225
21332
62264
16118
62264
21332
61475
21332
115650
16118
61475
16118
61475
53136
