22533
21062
16366
18287
155883
5829
21982
9560
21982
5351
242564
30876
22533
23625
244551
30876
21982
23625
19478
5829
244551
5351
250001
23625
250001
57016
22533
30876
179900
9560
242564
23625
18109
6948
22533
23625
244551
23625
16366
23625
16366
5829
242564
23625
21982
30876
16366
23910
18109
6948
16366
23910
155883
30876
244551
11633
250001
23625
16366
18287
155883
5351
16366
21062
16366
18287
22533
5829
21982
9560
21982
5351
22533
21062
23999
21062
22533
21062
21982
21062
19478
5829
22533
5351
22533
21062
22533
21062
23999
21062
22533
9560
22533
21062
18109
6948
23999
21062
22533
21062
16366
21062
16366
5829
22533
21062
21982
21062
16366
21062
18109
6948
16366
21062
22533
21062
22533
11633
22533
21062
16366
18287
22533
5351
16366
250001
16366
5829
16366
9560
16366
5351
16366
18287
16366
18287
16366
18287
16366
18287
16366
5829
16366
5351
16366
18287
16366
18287
16366
18287
16366
9560
16366
18287
16366
6948
16366
18287
16366
18287
51902
18287
250001
5829
16366
18287
16366
18287
19478
18287
16366
6948
91986
18287
16366
18287
16366
11633
16366
18287
91986
23625
16366
5351
250001
18287
21982
5829
21982
5351
155883
5829
22533
5829
155883
5829
21982
5829
19478
7637
155883
5351
155883
5829
155883
5829
22533
5829
155883
5829
155883
5829
18109
5829
22533
5829
155883
5829
16366
5829
16366
7637
155883
5829
21982
5829
16366
5829
18109
5829
16366
5829
179900
5829
155883
5829
155883
5829
16366
5829
179900
5351
16366
5829
51538
5351
21982
9560
21982
9560
21982
9560
51538
9560
19478
5829
21982
5351
21982
9560
21982
9560
21982
9560
21982
139153
21982
9560
18109
6948
21982
9560
21982
9560
16366
9560
16366
5829
21982
9560
242564
9560
16366
9560
18109
6948
16366
9560
21982
9560
21982
9560
21982
9560
16366
9560
21982
5351
16366
9560
21982
5351
21982
5351
21982
5351
250001
5351
19478
5351
21982
5829
21982
5351
21982
5351
21982
5351
21982
5351
21982
5351
18109
5351
21982
5351
21982
5351
16366
5351
16366
5351
21982
5351
51538
5351
16366
5351
18109
5351
16366
5351
21982
5351
21982
5351
21982
5351
16366
5351
21982
6948
16366
5351
22533
23625
242564
250001
21982
23625
19478
5829
242564
5351
242564
23625
242564
30876
22533
156097
179900
9560
250001
23625
18109
6948
22533
23625
242564
23625
16366
23625
16366
5829
250001
23625
21982
31779
16366
23910
18109
6948
16366
23910
155883
85619
242564
11633
242564
23625
16366
18287
155883
5351
16366
21062
22533
23625
21982
250001
19478
5829
22533
5351
22533
250001
22533
23625
155883
23625
22533
9560
22533
180425
18109
6948
179900
250001
22533
199435
16366
148381
16366
5829
22533
250001
21982
23625
16366
23625
18109
6948
16366
23625
22533
23625
22533
11633
22533
154933
16366
18287
22533
5351
16366
21062
21982
23625
19478
5829
250001
5351
244551
23625
244551
30876
22533
156097
179900
9560
242564
23625
18109
6948
22533
23625
250001
23625
16366
23625
16366
5829
242564
23625
21982
31779
16366
23910
18109
6948
16366
23910
155883
85619
250001
11633
244551
23625
16366
18287
155883
5351
16366
21062
19478
5829
21982
5351
21982
250001
21982
23625
21982
23625
21982
9560
21982
180425
18109
6948
21982
250001
21982
199435
16366
148381
16366
5829
21982
250001
51538
23625
16366
23625
18109
6948
16366
23625
21982
23625
21982
11633
21982
154933
16366
18287
21982
5351
16366
21062
19478
5351
19478
5829
19478
5829
19478
5829
19478
5829
19478
5829
18109
5829
19478
5829
19478
5829
16366
5829
16366
8308
19478
5829
19478
5829
16366
5829
18109
5829
16366
5829
19478
5829
19478
5829
19478
5829
16366
5829
19478
5351
16366
5829
244551
5351
244551
5351
22533
5351
179900
5351
242564
5351
18109
5351
22533
5351
250001
5351
16366
5351
16366
5351
242564
5351
21982
5351
16366
5351
18109
5351
16366
5351
155883
5351
250001
5351
244551
5351
16366
5351
155883
5829
16366
5351
250001
23625
22533
23625
179900
9560
242564
180425
18109
6948
22533
250001
244551
199435
16366
148381
16366
5829
242564
250001
21982
23625
16366
23625
18109
6948
16366
23625
155883
23625
244551
11633
250001
154933
16366
18287
155883
5351
16366
21062
22533
30876
179900
9560
242564
23625
18109
6948
22533
23625
244551
23625
16366
23625
16366
5829
242564
23625
21982
30876
16366
23910
18109
6948
16366
23910
155883
30876
244551
11633
250001
23625
16366
18287
155883
5351
16366
21062
22533
9560
22533
23625
18109
6948
155883
23625
22533
23625
16366
23625
16366
5829
22533
23625
21982
31779
16366
23910
18109
6948
16366
23910
22533
85619
22533
11633
22533
23625
16366
18287
22533
5351
16366
21062
179900
9560
18109
6948
22533
9560
179900
9560
16366
9560
16366
5829
179900
9560
21982
9560
16366
9560
18109
6948
16366
9560
155883
9560
179900
9560
179900
9560
16366
9560
155883
5351
16366
9560
18109
6948
22533
180425
242564
180425
16366
148381
16366
5829
250001
180425
21982
23625
16366
23625
18109
6948
16366
23625
155883
23625
242564
11633
242564
154933
16366
18287
155883
5351
16366
21062
18109
6948
18109
6948
16366
6948
16366
5829
18109
6948
18109
6948
16366
6948
179900
7542
16366
6948
18109
6948
18109
6948
18109
6948
16366
6948
18109
5351
16366
6948
22533
199435
16366
148381
16366
5829
22533
250001
21982
23625
16366
23625
18109
6948
16366
23625
22533
23625
22533
11633
22533
154933
16366
18287
22533
5351
16366
21062
16366
148381
16366
5829
242564
199435
21982
23625
16366
23625
18109
6948
16366
23625
155883
23625
250001
11633
244551
154933
16366
18287
155883
5351
16366
21062
51902
5829
16366
148381
16366
23625
19478
23625
16366
6948
51902
23625
16366
23625
16366
11633
16366
148381
51902
18287
16366
5351
51902
21062
16366
5829
16366
5829
19478
5829
16366
5829
91986
5829
16366
5829
16366
5829
16366
5829
91986
5829
16366
5351
250001
5829
21982
23625
16366
23625
18109
6948
16366
23625
155883
23625
242564
11633
242564
154933
16366
18287
155883
5351
16366
21062
16366
23910
18109
6948
16366
23910
21982
31779
21982
11633
21982
23625
16366
18287
21982
5351
16366
21062
16366
6948
19478
24648
16366
23910
16366
11633
16366
23625
19478
18287
16366
5351
19478
21062
16366
6948
18109
6948
18109
6948
18109
6948
16366
6948
18109
5351
16366
6948
16366
23910
16366
11633
16366
23625
250001
18287
16366
5351
91986
21062
155883
11633
155883
23625
16366
18287
182858
5351
16366
21062
244551
11633
16366
11633
155883
5351
16366
11633
16366
18287
155883
5351
16366
21062
16366
5351
91986
18287
16366
5351
