206110
205502
135958
205502
135958
173790
135958
173790
111291
173790
206110
35033
174767
205502
135958
110161
135958
173790
174767
205502
135958
173790
135958
173790
111291
35033
206110
205502
100645
173790
135958
173790
135958
110161
135958
173790
135958
173790
135958
173790
135958
110161
115327
173790
206110
205502
79728
173790
223247
205502
79728
173790
115938
31180
135958
173790
135958
173790
122169
173790
206110
173790
135958
35033
135958
173790
115327
173790
115938
31180
135958
250001
135958
173790
135958
173790
111291
173790
223247
35033
174767
250001
135958
110161
135958
173790
174767
250001
135958
173790
135958
173790
111291
35033
223247
250001
100645
173790
135958
173790
135958
110161
135958
173790
135958
173790
135958
173790
135958
110161
115327
173790
223247
250001
79728
173790
206110
250001
79728
173790
115938
31180
135958
173790
135958
173790
122169
173790
250001
173790
135958
35033
135958
173790
115327
173790
115938
31180
153728
173790
144799
173790
111291
173790
135958
35033
135958
250001
153728
110161
153728
173790
135958
250001
176531
173790
153728
173790
111291
35033
135958
250001
100645
173790
153728
173790
153728
110161
153728
173790
153728
173790
153728
173790
153728
110161
115327
173790
135958
250001
79728
173790
135958
250001
79728
173790
115938
31180
153728
173790
153728
173790
122169
173790
135958
173790
176531
35033
176531
173790
115327
173790
115938
31180
144799
250001
111291
250001
135958
35033
135958
173790
166450
110161
166450
250001
135958
173790
153728
250001
166450
250001
111291
35033
135958
173790
100645
250001
166450
250001
166450
110161
166450
250001
166450
183659
166450
204212
166450
110161
115327
250001
135958
173790
79728
250001
135958
173790
79728
250001
115938
31180
166450
238934
166450
250001
122169
250001
135958
204212
153728
35033
153728
238934
115327
250001
115938
31180
111291
250001
135958
35033
135958
173790
144799
110161
144799
250001
135958
173790
144799
250001
144799
250001
111291
35033
135958
173790
100645
250001
144799
250001
144799
110161
144799
250001
144799
183659
144799
204212
144799
110161
115327
250001
135958
173790
79728
250001
135958
173790
79728
250001
115938
31180
144799
238934
144799
250001
122169
250001
135958
204212
144799
35033
144799
238934
115327
250001
115938
31180
111291
35033
111291
173790
111291
110161
111291
250001
111291
173790
111291
250001
111291
250001
117192
35033
111291
173790
100645
250001
111291
250001
111291
110161
111291
250001
111291
183659
111291
204212
111291
110161
111291
250001
111291
173790
79728
250001
111291
173790
79728
250001
111291
31180
111291
238934
111291
250001
111291
250001
111291
204212
111291
35033
111291
238934
111291
250001
111291
31180
174767
35033
135958
35033
135958
35033
174767
35033
135958
35033
135958
35033
111291
173790
250001
35033
100645
35033
135958
35033
135958
35033
135958
35033
135958
35033
135958
35033
135958
35033
115327
35033
250001
35033
79728
35033
206110
35033
79728
35033
115938
31180
135958
35033
135958
35033
122169
35033
223247
35033
135958
173790
135958
35033
115327
35033
115938
31180
135958
110161
135958
173790
175379
250001
135958
173790
135958
173790
111291
35033
174767
250001
100645
173790
135958
173790
135958
110161
135958
173790
135958
173790
135958
173790
135958
110161
115327
173790
174767
250001
79728
173790
174767
250001
79728
173790
115938
31180
135958
173790
135958
173790
122169
173790
174767
173790
135958
35033
135958
173790
115327
173790
115938
31180
206110
110161
135958
110161
153728
110161
185055
110161
111291
35033
135958
110161
100645
110161
250001
110161
250001
110461
250001
110161
177269
110161
250001
110161
250001
183659
115327
110161
135958
110161
79728
110161
135958
110161
79728
110161
115938
31180
174767
110161
170125
110161
122169
110161
135958
110161
153728
35033
153728
110161
115327
110161
115938
31180
135958
173790
153728
250001
185055
250001
111291
35033
135958
173790
100645
250001
206110
250001
206110
110161
206110
250001
177269
183659
206110
204212
206110
110161
115327
250001
135958
173790
79728
250001
135958
173790
79728
250001
115938
31180
174767
238934
170125
250001
122169
250001
135958
204212
153728
35033
153728
238934
115327
250001
115938
31180
135958
173790
135958
173790
111291
35033
174767
250001
100645
173790
135958
173790
135958
110161
135958
173790
135958
173790
135958
173790
135958
110161
115327
173790
174767
250001
79728
173790
174767
250001
79728
173790
115938
31180
135958
173790
135958
173790
122169
173790
174767
173790
135958
35033
135958
173790
115327
173790
115938
31180
153728
250001
111291
35033
135958
173790
100645
250001
153728
250001
153728
110161
153728
250001
153728
183659
153728
204212
153728
110161
115327
250001
135958
173790
79728
250001
135958
173790
79728
250001
115938
31180
153728
238934
153728
250001
122169
250001
135958
204212
177269
35033
250001
238934
115327
250001
115938
31180
111291
35033
135958
173790
100645
250001
185055
250001
185055
110161
185055
250001
177269
183659
185055
204212
185055
110161
115327
250001
135958
173790
79728
250001
135958
173790
79728
250001
115938
31180
174767
238934
170125
250001
122169
250001
135958
204212
153728
35033
153728
238934
115327
250001
115938
31180
111291
35033
100645
35033
111291
35033
111291
35033
111291
35033
111291
35033
111291
35033
111291
35033
111291
35033
111291
35033
79728
35033
111291
35033
79728
35033
111291
31180
111291
35033
111291
35033
111291
35033
111291
35033
111291
202334
111291
35033
111291
35033
111291
31180
100645
173790
135958
173790
135958
110161
135958
173790
135958
173790
135958
173790
135958
110161
115327
173790
250001
250001
79728
173790
206110
250001
79728
173790
115938
31180
135958
173790
135958
173790
122169
173790
223247
173790
135958
35033
135958
173790
115327
173790
115938
31180
100645
250001
100645
110161
100645
250001
100645
183659
100645
204212
100645
110161
100645
250001
100645
173790
79728
250001
100645
173790
79728
250001
100645
31180
100645
238934
100645
250001
100645
250001
100645
204212
100645
35033
100645
238934
100645
250001
100645
31180
250001
110161
250001
250001
177269
183659
250001
204212
250001
110161
115327
250001
135958
173790
79728
250001
135958
173790
79728
250001
115938
31180
174767
238934
170125
250001
122169
250001
135958
204212
153728
35033
153728
238934
115327
250001
115938
31180
250001
110161
177269
110161
250001
110161
250001
110461
115327
110161
135958
110161
79728
110161
135958
110161
79728
110161
115938
31180
174767
110161
170125
110161
122169
110161
135958
110161
153728
35033
153728
110161
115327
110161
115938
31180
177269
183659
250001
204212
250001
110161
115327
250001
135958
173790
79728
250001
135958
173790
79728
250001
115938
31180
174767
238934
170125
250001
122169
250001
135958
204212
153728
35033
153728
238934
115327
250001
115938
31180
177269
183659
177269
110161
115327
183659
135958
173790
79728
183659
135958
173790
79728
183659
115938
31180
174767
183659
170125
183659
122169
183659
135958
183659
153728
35033
153728
183659
115327
183659
115938
31180
250001
110161
115327
204212
135958
173790
79728
204212
135958
173790
79728
204212
115938
31180
174767
204212
170125
204212
122169
204212
135958
250001
153728
35033
153728
204212
115327
204212
115938
31180
115327
110161
135958
110161
79728
110161
135958
110161
79728
110161
115938
31180
174767
110161
170125
110161
122169
110161
135958
110161
153728
35033
153728
110161
115327
110161
115938
31180
115327
173790
79728
250001
115327
173790
79728
250001
115327
31180
115327
238934
115327
250001
115327
250001
115327
204212
115327
35033
115327
238934
115938
250001
115327
31180
79728
173790
206110
250001
79728
173790
115938
31180
135958
173790
135958
173790
122169
173790
223247
173790
135958
35033
135958
173790
115327
173790
115938
31180
79728
173790
100645
250001
79728
31180
79728
238934
79728
250001
79728
250001
79728
204212
79728
35033
79728
238934
79728
250001
79728
31180
79728
173790
115938
31180
135958
173790
135958
173790
122169
173790
206110
173790
135958
35033
135958
173790
115327
173790
115938
31180
79728
31180
79728
238934
79728
250001
79728
250001
79728
204212
79728
35033
79728
238934
79728
250001
79728
31180
115938
31180
115938
31180
115938
31180
115938
31180
115938
31180
115938
31180
115327
31180
250001
250001
170125
238934
122169
238934
135958
204212
153728
35033
153728
250001
115327
238934
115938
31180
122169
250001
135958
204212
153728
35033
153728
238934
115327
250001
115938
31180
122169
204212
122169
35033
122169
238934
115327
250001
115938
31180
135958
35033
135958
204212
115327
204212
115938
31180
177269
35033
115327
35033
115938
31180
115327
238934
115938
31180
115327
31180
