95428
37871
95428
158800
95428
37871
95428
37871
95428
37871
87846
37871
95428
37871
95428
250001
95428
60370
95428
37871
95428
158800
95428
250001
95428
37871
95428
37871
71177
49501
95428
250001
95428
37871
8740
37871
95428
250001
95428
37871
95428
37871
95428
37871
95428
250001
71177
158800
95428
37871
95428
37871
95428
37871
95428
195708
95428
37871
95428
158800
95428
69290
95428
37871
95428
37871
8740
37871
102548
37871
250001
70782
208160
70782
152192
49501
87846
70782
250001
70782
152192
37871
143602
37871
143602
70782
152192
37871
208160
37871
249325
70782
250001
70782
71177
37871
143602
37871
250001
69290
8740
70782
208160
37871
143602
70782
250001
70782
250001
55532
208160
37871
71177
37871
143602
70782
250001
70782
250001
69290
152192
37871
143602
70782
143602
37871
250001
37871
143602
60370
102548
60370
8740
70782
102548
37871
102548
37871
102548
37871
87846
37871
102548
37871
102548
158800
102548
60370
102548
37871
102548
195708
102548
158800
102548
37871
102548
37871
71177
49501
102548
158800
102548
37871
8740
37871
102548
158800
102548
37871
102548
37871
102548
37871
102548
158800
71177
191859
102548
37871
102548
37871
102548
37871
102548
158800
102548
37871
102548
250001
102548
69290
102548
37871
143602
37871
8740
37871
208160
158800
152192
49501
87846
171678
250001
158800
152192
37871
143602
37871
143602
171678
152192
37871
208160
37871
249325
171678
250001
135818
71177
37871
143602
37871
250001
69290
8740
109291
208160
37871
143602
135818
250001
158800
250001
55532
208160
37871
71177
37871
143602
171678
250001
109291
250001
69290
152192
37871
143602
158800
143602
37871
250001
37871
143602
60370
102548
60370
8740
158800
152192
49501
87846
158800
208160
250001
152192
37871
143602
37871
143602
158800
152192
37871
228449
37871
208160
158800
208160
135818
71177
37871
143602
37871
208160
69290
8740
109291
250001
37871
143602
135818
208160
250001
208160
55532
228449
37871
71177
37871
143602
158800
208160
109291
208160
69290
152192
37871
143602
227354
143602
37871
208160
37871
143602
60370
102548
60370
8740
250001
87846
49501
152192
49501
185009
37871
143602
37871
143602
49501
157176
37871
152192
37871
152192
49501
152192
49501
71177
37871
143602
37871
152192
49501
8740
49501
152192
37871
143602
49501
152192
49501
152192
49501
152192
37871
71177
37871
143602
49501
152192
49501
152192
49501
210855
37871
143602
49501
143602
37871
152192
37871
143602
49501
102548
49501
8740
49501
87846
158800
87846
37871
87846
37871
87846
195708
87846
37871
87846
37871
87846
195708
87846
135818
71177
37871
87846
37871
87846
69290
8740
109291
87846
37871
87846
135818
87846
158800
87846
55532
87846
37871
71177
37871
87846
195708
87846
109291
87846
69290
87846
37871
87846
158800
87846
37871
87846
37871
87846
60370
87846
60370
8740
158800
152192
37871
143602
37871
143602
158800
152192
37871
208160
37871
249325
158800
250001
135818
71177
37871
143602
37871
250001
69290
8740
109291
208160
37871
143602
135818
250001
250001
250001
55532
208160
37871
71177
37871
143602
158800
250001
109291
250001
69290
152192
37871
143602
227354
143602
37871
250001
37871
143602
60370
102548
60370
8740
250001
143602
60370
143602
37871
157176
158800
152192
250001
152192
37871
152192
37871
71177
49501
143602
250001
152192
37871
8740
37871
152192
250001
143602
37871
152192
37871
152192
37871
152192
250001
71177
158800
143602
37871
152192
37871
152192
37871
185009
195708
143602
37871
143602
158800
152192
69290
143602
37871
102548
37871
8740
37871
170945
37871
143602
60370
143602
60370
143602
37871
143602
37871
71177
49501
163061
60370
143602
37871
8740
37871
143602
60370
144156
37871
143602
37871
143602
37871
143602
60370
71177
60370
170945
37871
143602
37871
143602
37871
143602
60370
170945
37871
163061
60370
143602
60370
170945
37871
102548
37871
8740
37871
143602
37871
143602
37871
143602
250001
143602
135818
71177
37871
163061
37871
143602
69290
8740
109291
143602
37871
144156
135818
143602
158800
143602
55532
143602
37871
71177
37871
250001
250001
143602
109291
143602
69290
143602
37871
250001
158800
163061
37871
143602
37871
250001
60370
102548
60370
8740
158800
152192
158800
152192
37871
152192
37871
71177
49501
143602
158800
152192
37871
8740
37871
152192
158800
143602
37871
152192
37871
152192
37871
152192
158800
71177
191859
143602
37871
152192
37871
152192
37871
157176
158800
143602
37871
143602
195708
152192
69290
143602
37871
102548
37871
8740
37871
208160
37871
208160
37871
71177
49501
143602
250001
208160
37871
8740
37871
228449
250001
143602
37871
208160
37871
208160
37871
250001
250001
71177
158800
143602
37871
208160
37871
208160
37871
152192
195708
143602
37871
143602
158800
208160
69290
143602
37871
102548
37871
8740
37871
249325
135818
71177
37871
143602
37871
249325
69290
8740
109291
208160
37871
143602
135818
249325
158800
249325
55532
208160
37871
71177
37871
143602
250001
249325
109291
249325
69290
152192
37871
143602
158800
143602
37871
249325
37871
143602
60370
102548
60370
8740
158800
71177
37871
143602
37871
250001
69290
8740
109291
208160
37871
143602
250001
250001
135818
250001
55532
208160
37871
71177
37871
143602
135818
250001
109291
250001
69290
152192
37871
143602
135818
143602
37871
250001
37871
143602
60370
102548
60370
8740
135818
71177
49501
71177
37871
8740
37871
71177
49501
71177
37871
71177
37871
71177
37871
71177
49501
103362
49501
71177
37871
71177
37871
71177
37871
71177
49501
71177
37871
71177
49501
71177
49501
71177
37871
71177
37871
8740
37871
143602
37871
8740
37871
143602
250001
144156
37871
143602
37871
143602
37871
143602
250001
71177
158800
163061
37871
143602
37871
143602
37871
143602
195708
163061
37871
250001
158800
143602
69290
163061
37871
102548
37871
8740
37871
8740
69290
208160
37871
143602
69290
250001
69290
250001
55532
208160
37871
71177
37871
143602
69290
250001
69290
250001
83426
152192
37871
143602
69290
143602
37871
250001
37871
143602
60370
102548
60370
8740
69290
8740
37871
8740
109291
8740
109291
8740
55532
8740
37871
8740
37871
8740
109291
8740
135818
8740
69290
8740
37871
8740
109291
8740
37871
8740
37871
8740
60370
8740
60370
95428
109291
143602
37871
208160
37871
208160
37871
228449
250001
71177
158800
143602
37871
208160
37871
208160
37871
152192
195708
143602
37871
143602
158800
208160
69290
143602
37871
102548
37871
8740
37871
143602
135818
143602
55532
143602
37871
71177
37871
144156
135818
143602
109291
143602
69290
143602
37871
144156
135818
144156
37871
143602
37871
144156
60370
102548
60370
8740
135818
250001
55532
208160
37871
71177
37871
143602
158800
250001
109291
250001
69290
152192
37871
143602
227354
143602
37871
250001
37871
143602
60370
102548
60370
8740
250001
208160
37871
71177
37871
143602
55532
250001
55532
250001
55532
152192
37871
143602
55532
143602
37871
250001
37871
143602
55532
102548
55532
8740
55532
71177
158800
143602
37871
208160
37871
208160
37871
152192
195708
143602
37871
143602
158800
208160
69290
143602
37871
102548
37871
8740
37871
71177
37871
71177
37871
71177
37871
71177
158800
71177
37871
71177
191859
71177
69290
71177
37871
71177
37871
8740
37871
143602
109291
143602
69290
143602
37871
250001
158800
163061
37871
143602
37871
250001
60370
102548
60370
8740
158800
250001
69290
152192
37871
143602
109291
143602
37871
250001
37871
143602
60370
102548
60370
8740
109291
152192
37871
143602
69290
143602
37871
250001
37871
143602
60370
102548
60370
8740
69290
143602
37871
143602
158800
152192
69290
143602
37871
102548
37871
8740
37871
163061
37871
143602
37871
250001
60370
102548
60370
8740
227354
143602
69290
163061
37871
102548
37871
8740
37871
143602
37871
102548
37871
8740
37871
102548
70468
8740
60370
8740
60370
