9195
41953
154616
41953
9001
18706
250001
28128
14539
19192
45345
41953
237957
19192
9001
18706
235811
18706
250001
41953
9001
18706
6262
18706
235811
41953
6262
36729
9001
36498
9001
19192
44225
18706
113851
18706
9195
41953
9195
18706
250001
36498
46093
18706
6262
36008
126621
19287
9195
19287
237957
28128
9001
18706
6262
19397
9608
34326
250001
28128
56692
41953
206276
18706
36104
18706
250001
18706
250001
34475
9195
63677
9001
18706
9195
28128
9195
19192
9195
124054
9195
19192
9001
18706
9195
18706
9195
165851
9001
18706
6262
18706
9195
165851
6262
36729
9001
36498
9001
19192
9195
18706
9195
18706
15308
165851
13926
18706
9195
36498
9195
18706
6262
36008
9195
19287
13926
19287
9195
28128
9001
18706
6262
19397
9195
34326
9195
28128
9195
53854
9195
18706
9195
18706
9195
18706
9195
34475
9001
18706
154616
28128
14539
19192
45345
63677
154616
19192
9001
18706
154616
18706
154616
63677
9001
18706
6262
18706
154616
63677
6262
36729
9001
36498
9001
19192
44225
18706
113851
18706
9195
63677
9195
18706
154616
36498
46093
18706
6262
36008
126621
19287
9195
19287
154616
28128
9001
18706
6262
19397
9608
34326
154616
28128
56692
53854
154616
18706
36104
18706
154616
18706
154616
34475
9001
18706
9001
18706
9001
18706
9001
18706
34537
32609
9001
19192
9001
18706
13926
19192
6262
31140
9001
18706
6262
18706
34537
18706
34820
18706
9001
19192
9001
19192
9001
18706
9001
19192
9001
18706
9001
19192
6262
18706
9001
18706
9001
18706
9001
18706
9608
19192
6262
18706
9001
18706
9001
18706
9001
18706
9001
19192
9001
19192
9001
19192
9001
18706
14539
19192
45345
28128
237957
19192
9001
18706
235811
18706
250001
28128
9001
18706
6262
18706
235811
28128
6262
28128
9001
28128
9001
19192
44225
18706
113851
18706
9195
28128
9195
18706
250001
28128
46093
18706
6262
28128
126621
19287
9195
19287
237957
94655
9001
18706
6262
19397
9608
28128
250001
217991
56692
28128
206276
18706
36104
18706
250001
18706
250001
28128
14539
19192
14539
19214
9001
18706
14539
18706
14539
19192
9001
18706
6262
18706
14539
19192
6262
19192
9001
19192
9001
30456
14539
18706
14539
18706
9195
19192
9195
18706
14539
19192
14539
18706
6262
19192
14539
19192
9195
19192
14539
19192
9001
18706
6262
19192
9608
19192
14539
19192
14539
19192
14539
18706
14539
18706
14539
18706
14539
19192
45345
19192
9001
18706
45345
18706
45345
124054
9001
18706
6262
18706
45345
124054
6262
36729
9001
36498
9001
19192
44225
18706
45345
18706
9195
124054
9195
18706
45345
36498
45345
18706
6262
36008
45345
19287
9195
19287
45345
28128
9001
18706
6262
19397
9608
34326
45345
28128
45345
53854
45345
18706
36104
18706
45345
18706
45345
34475
9001
18706
235811
18706
237957
19192
9001
18706
6262
18706
235811
19192
6262
19192
9001
19192
9001
19214
44225
18706
113851
18706
9195
19192
9195
18706
237957
19192
46093
18706
6262
19192
126621
19192
9195
19192
238701
19192
9001
18706
6262
19192
9608
19192
237957
19192
56692
19192
206276
18706
36104
18706
237957
18706
237957
19192
9001
19192
9001
18706
13926
19192
6262
31140
9001
18706
6262
18706
148096
18706
34537
18706
9001
19192
9001
19192
9001
18706
9001
19192
9001
18706
9001
19192
6262
18706
9001
18706
9001
18706
9001
18706
9608
19192
6262
18706
9001
18706
9001
18706
9001
18706
9001
19192
9001
19192
9001
19192
9001
18706
235811
18706
9001
36958
6262
19192
244860
18706
6262
18706
9001
18706
9001
18706
44225
19287
113851
19287
9195
18706
9195
19287
235811
18706
46093
19287
6262
18706
126621
18706
9195
18706
235811
18706
9001
19287
6262
18706
9608
18706
235811
18706
56692
18706
206276
19287
36104
19287
235811
19287
235811
18706
9001
18706
6262
18706
235811
180243
6262
36729
9001
36498
9001
19192
44225
18706
113851
18706
9195
166628
9195
18706
250001
36498
46093
18706
6262
36008
126621
19287
9195
19287
237957
28128
9001
18706
6262
19397
9608
34326
250001
28128
56692
53854
206276
18706
36104
18706
250001
18706
250001
34475
6262
19192
9001
18706
6262
18706
13926
18706
13926
18706
9001
19287
9001
19287
9001
18706
9001
19287
9001
18706
9001
19287
6262
18706
9001
18706
9001
18706
9001
18706
9608
19287
6262
18706
9001
18706
9001
18706
9001
18706
9001
19287
9001
19287
9001
19287
9001
18706
6262
18706
9001
18706
6262
18706
6262
18706
6262
19192
6262
19192
6262
18706
6262
19192
6262
18706
6262
19192
9001
18706
6262
18706
6262
18706
6262
18706
6262
19192
9001
18706
6262
18706
6262
18706
6262
18706
6262
19192
6262
19192
6262
19192
6262
18706
6262
36729
9001
36498
9001
19192
44225
18706
113851
18706
9195
166628
9195
18706
235811
36498
46093
18706
6262
36008
126621
19287
9195
19287
235811
28128
9001
18706
6262
19397
9608
34326
235811
28128
56692
53854
206276
18706
36104
18706
235811
18706
235811
34475
6262
36498
6262
19192
6262
18706
6262
18706
6262
36729
6262
18706
6262
36498
6262
18706
9195
36008
6262
19287
6262
19287
6262
28128
6262
18706
13926
19397
6262
34326
6262
28128
6262
36729
6262
18706
6262
18706
6262
18706
6262
34475
34537
19192
9001
18706
9001
18706
9001
36498
9001
18706
9001
36729
9001
18706
6262
36008
9001
19287
9001
19287
9001
28128
9608
18706
6262
19397
9001
34326
9001
28128
9001
36498
9001
18706
9001
18706
9001
18706
9001
34475
9001
18706
9001
18706
9001
19192
9001
18706
9001
19192
9001
18706
6262
19192
9001
19192
9001
19192
9001
19192
9608
18706
6262
19192
9001
19192
9001
19192
9001
19192
9001
18706
9001
18706
9001
18706
9001
19192
44225
36752
9195
18706
9195
26509
44225
18706
44225
36752
6262
18706
44225
18706
9195
18706
44225
18706
9001
34011
6262
18706
9608
18706
44225
18706
44225
18706
44225
36752
36104
36752
44225
36752
44225
18706
9195
18706
9195
26509
113851
18706
46093
78147
6262
18706
113851
18706
9195
18706
113851
18706
9001
34011
6262
18706
9608
18706
113851
18706
56692
18706
113851
135093
36104
154885
113851
154885
113851
18706
13926
18706
9195
36498
9195
18706
6262
36008
9195
19287
13926
19287
9195
28128
9001
18706
6262
19397
9195
34326
9195
28128
9195
53854
9195
18706
9195
18706
9195
18706
9195
34475
9195
18706
9195
26509
6262
18706
9195
18706
23948
18706
9195
18706
9001
26509
6262
18706
9195
18706
9195
18706
9195
18706
9195
26509
9195
26509
9195
26509
9195
18706
46093
18706
6262
36008
126621
19287
9195
19287
237957
28128
9001
18706
6262
19397
9608
34326
250001
28128
56692
36498
206276
18706
36104
18706
250001
18706
250001
34475
6262
18706
46093
18706
9195
18706
46093
18706
9001
34011
6262
18706
9608
18706
46093
18706
46093
18706
46093
78147
36104
78147
46093
78147
46093
18706
6262
19287
6262
19287
6262
28128
6262
18706
9195
19397
6262
34326
6262
28128
6262
36008
6262
18706
6262
18706
6262
18706
6262
34475
9195
19397
126621
19287
9001
18706
6262
19287
9608
19287
126621
19287
56692
19287
126621
18706
36104
18706
126621
18706
126621
19287
9195
19287
9001
18706
6262
19287
9195
19287
9195
19287
9195
19287
9195
18706
9195
18706
9195
18706
9195
19287
9001
18706
6262
19397
9608
28128
237957
94655
56692
28128
206276
18706
36104
18706
237957
18706
237957
28128
6262
18706
9001
18706
9001
18706
9001
18706
9001
34011
9001
34011
9001
34011
9001
18706
6262
19397
6262
19397
6262
19397
6262
18706
6262
18706
6262
18706
6262
19397
9608
28128
9608
34326
9608
18706
9608
18706
9608
18706
9608
34326
56692
28128
206276
18706
36104
18706
250001
18706
250001
28128
56692
18706
36104
18706
56692
18706
56692
34475
36104
135093
206276
135093
206276
18706
36104
163939
36104
18706
250001
18706
