178909
163392
161350
183302
5203
144826
23874
183302
178909
242346
178909
242346
5203
214112
5203
51447
178909
51433
178909
242346
178909
112100
178909
242346
172333
95882
5203
51447
161188
81106
5203
214112
62098
242346
161350
163392
161350
178782
62098
95882
178909
166242
178909
183302
178909
242346
178909
81106
5203
214112
62098
185260
178909
180361
178909
183159
62098
185260
178909
250001
5203
214112
5203
144826
178909
51433
178909
112100
5203
144826
161350
163392
5203
144826
5203
144826
23874
163392
23874
192198
250001
163392
161350
183302
250001
163392
161350
183302
5203
163392
5203
51447
5203
183302
5203
51447
250001
51433
161350
51433
250001
163392
161350
183302
186323
112100
161350
112100
238158
163392
161350
183302
172333
95882
161350
95882
5203
51447
5203
51447
161188
81106
161188
81106
5203
163392
5203
183302
62098
163392
62098
183302
161350
183302
250001
163392
161350
163392
250001
178782
62098
95882
62098
95882
250001
163392
161350
166242
189029
163392
250001
163392
161350
192198
161350
183302
189029
81106
161350
81106
5203
163392
5203
183302
62098
163392
62098
183302
238158
163392
161350
180361
250001
163392
161350
183159
62098
163392
62098
183302
250001
163392
161350
183302
5203
163392
5203
183302
5203
144826
5203
144826
250001
51433
161350
51433
250001
112100
161350
112100
5203
144826
5203
144826
5203
144826
5203
144826
5203
144826
23874
144826
23874
51447
5203
51433
5203
144826
5203
112100
5203
144826
5203
95882
23874
51447
5203
81106
23874
144826
5203
144826
5203
144826
5203
144826
5203
95882
5203
144826
5203
144826
5203
144826
5203
81106
23874
144826
5203
144826
5203
144826
5203
144826
5203
144826
5203
144826
23874
144826
23874
183302
5203
51433
5203
112100
23874
183302
23874
183302
23874
183302
5203
183302
5203
51447
23874
51433
23874
183302
23874
112100
23874
183302
23874
95882
5203
51447
23874
81106
5203
183302
23874
183302
23874
163392
23874
178782
23874
95882
23874
166242
23874
220402
23874
183302
23874
81106
5203
183302
23874
183302
23874
180361
23874
183159
23874
183302
23874
183302
5203
183302
5203
144826
23874
51433
23874
112100
5203
144826
250001
250001
5203
214112
5203
51447
250001
51433
250001
250001
186323
112100
238158
250001
172333
95882
5203
51447
161188
81106
5203
214112
62098
250001
161350
163392
161350
178782
62098
95882
250001
166242
189029
183302
250001
250001
189029
81106
5203
214112
62098
185260
238158
180361
250001
183159
62098
185260
250001
242346
5203
214112
5203
144826
250001
51433
250001
112100
5203
144826
5203
214112
5203
51447
250001
51433
250001
250001
186323
112100
238158
250001
172333
95882
5203
51447
161188
81106
5203
214112
62098
250001
161350
163392
161350
178782
62098
95882
250001
166242
189029
183302
250001
250001
189029
81106
5203
214112
62098
185260
238158
180361
250001
183159
62098
185260
250001
242346
5203
214112
5203
144826
250001
51433
250001
112100
5203
144826
62098
51447
5203
51433
5203
51433
5203
214112
5203
51447
5203
112100
5203
51447
5203
214112
5203
51447
5203
95882
5203
51447
62098
51447
161188
166242
5203
81106
5203
51447
62098
220402
161188
51447
5203
214112
5203
51447
5203
163392
5203
51447
5203
178782
5203
51447
5203
95882
5203
51447
5203
166242
5203
51447
5203
183302
5203
214112
5203
51447
5203
51447
5203
81106
5203
51447
62098
250001
161188
51447
5203
185260
5203
51447
5203
180361
5203
51447
5203
183159
5203
51447
5203
185260
5203
51447
5203
214112
5203
51447
62098
250001
161188
51447
62098
144826
161188
51447
5203
51433
5203
51433
5203
112100
5203
51447
62098
144826
75706
51447
250001
51433
186323
51433
238158
51433
172333
51433
5203
51433
161188
51433
5203
51433
62098
51433
161350
51433
161350
51433
62098
51433
250001
51433
189029
51433
250001
51433
189029
51433
5203
51433
62098
51433
238158
51433
250001
51433
62098
51433
250001
51433
5203
51433
5203
51433
250001
144826
250001
51433
5203
51433
186323
112100
238158
250001
172333
95882
5203
51447
161188
81106
5203
214112
62098
250001
161350
163392
161350
178782
62098
95882
250001
166242
189029
183302
250001
250001
189029
81106
5203
214112
62098
185260
238158
180361
250001
183159
62098
185260
250001
242346
5203
214112
5203
144826
250001
51433
250001
112100
5203
144826
186323
112100
172333
95882
5203
51447
161188
81106
5203
112100
62098
112100
161350
112100
161350
112100
62098
95882
186323
112100
186323
112100
186323
112100
186323
81106
5203
112100
62098
112100
186323
112100
186323
112100
62098
112100
186323
112100
5203
112100
5203
112100
186323
51433
186323
144826
5203
112100
172333
95882
5203
51447
161188
81106
5203
214112
62098
250001
161350
163392
161350
178782
62098
95882
238158
166242
189029
183302
238158
250001
189029
81106
5203
214112
62098
185260
250001
180361
238158
183159
62098
185260
238158
242346
5203
214112
5203
144826
238158
51433
238158
112100
5203
144826
5203
51447
161188
81106
5203
95882
62098
95882
161350
95882
161350
95882
62098
242346
172333
95882
172333
95882
172333
95882
172333
81106
5203
95882
62098
95882
172333
95882
172333
95882
62098
95882
172333
95882
5203
95882
5203
95882
172333
51433
172333
95882
5203
95882
5203
51447
250001
51447
5203
51447
5203
51447
5203
51447
5203
51447
5203
51447
5203
51447
5203
51447
5203
51447
250001
51447
5203
51447
5203
51447
5203
51447
5203
51447
5203
51447
250001
51447
178909
51447
5203
51433
5203
51447
75706
51447
5203
81106
62098
81106
161188
81106
161188
81106
62098
81106
161188
81106
161188
81106
161188
81106
161188
197850
5203
81106
62098
81106
161188
81106
161188
81106
62098
81106
161188
81106
5203
81106
5203
81106
161188
51433
161188
81106
5203
81106
5203
214112
5203
163392
5203
178782
5203
95882
5203
166242
5203
183302
5203
214112
5203
81106
250001
220402
5203
185260
5203
180361
5203
183159
5203
185260
5203
214112
250001
220402
178909
144826
5203
51433
5203
112100
75706
144826
62098
163392
62098
178782
75706
95882
62098
166242
62098
183302
62098
250001
62098
81106
5203
214112
147595
185260
62098
180361
62098
183159
147595
185260
62098
242346
5203
214112
5203
144826
62098
51433
62098
112100
5203
144826
250001
163392
62098
95882
161350
163392
161350
163392
161350
163392
161350
81106
5203
163392
62098
163392
161350
163392
161350
163392
62098
163392
161350
163392
5203
163392
5203
144826
161350
51433
161350
112100
5203
144826
62098
95882
161350
166242
161350
178782
161350
178782
161350
81106
5203
178782
62098
178782
161350
178782
161350
178782
62098
178782
161350
178782
5203
178782
5203
144826
161350
51433
161350
112100
5203
144826
62098
95882
62098
95882
62098
95882
62098
81106
5203
95882
75706
95882
62098
95882
62098
95882
75706
95882
62098
95882
5203
95882
5203
95882
62098
51433
62098
95882
5203
95882
189029
166242
250001
166242
189029
81106
5203
166242
62098
166242
238158
166242
250001
166242
62098
166242
250001
166242
5203
166242
5203
144826
250001
51433
250001
112100
5203
144826
189029
183302
250001
81106
189029
81106
5203
183302
5203
214112
62098
183302
62098
185260
189029
180361
238158
180361
189029
183159
250001
183159
62098
183302
62098
185260
189029
183302
250001
242346
5203
183302
5203
214112
5203
144826
5203
144826
189029
51433
250001
51433
189029
112100
250001
112100
5203
144826
5203
144826
5203
81106
62098
81106
189029
81106
189029
81106
62098
81106
189029
81106
5203
81106
5203
81106
189029
51433
189029
81106
5203
81106
5203
185260
5203
180361
5203
183159
5203
185260
5203
214112
250001
250001
178909
144826
5203
51433
5203
112100
75706
144826
62098
180361
62098
183159
250001
199641
62098
185260
5203
185260
5203
144826
62098
51433
62098
112100
5203
144826
238158
180361
62098
180361
238158
180361
5203
180361
5203
144826
238158
51433
238158
112100
5203
144826
62098
183159
250001
183159
5203
183159
5203
144826
250001
51433
250001
112100
5203
144826
62098
185260
5203
185260
5203
144826
62098
51433
62098
112100
5203
144826
5203
214112
5203
144826
250001
51433
250001
112100
5203
144826
178909
144826
5203
51433
5203
112100
75706
144826
5203
51433
5203
112100
75706
214112
250001
51433
5203
51433
5203
112100
