21379
18678
21379
18678
29657
23010
120561
40250
21379
18678
21379
18678
38895
80143
29657
75012
21379
18678
149267
18678
3808
18678
21379
18678
38895
18678
114180
40250
70771
18678
21379
18678
21379
18678
38600
80143
2899
5730
2899
5730
143972
58569
2899
5730
21379
18678
21379
18678
21379
18678
131471
19948
2899
5730
193140
45237
143972
22410
193140
40250
2899
5730
21379
18678
131471
29694
33512
19948
21379
18678
21379
18678
29657
19948
33512
19948
21379
18678
21379
18678
33512
24198
21379
19948
3808
19948
42681
24198
21379
24198
21379
18678
21379
19948
33512
19948
33512
19948
21379
18678
2899
5730
2899
5730
21379
18678
2899
5730
33512
19948
33512
19948
70771
23010
21379
18678
2899
5730
21379
18678
21379
18678
21379
18678
2899
5730
33512
19948
21379
18678
21379
18678
21379
18678
29657
22410
131029
22410
21379
18678
21379
18678
181266
19948
21379
22410
3808
22410
33512
19948
21379
19948
21379
18678
21379
22410
101513
22410
101513
22410
21379
18678
2899
5730
2899
5730
21379
18678
2899
5730
143972
250001
42681
22410
33512
19948
21379
18678
2899
5730
21379
18678
21379
18678
21379
18678
2899
5730
132565
22410
21379
18678
29657
23010
21379
18678
21379
18678
29657
23010
38600
23010
21379
18678
29657
18678
3808
18678
21379
18678
29657
18678
29657
23010
29657
18678
21379
18678
21379
18678
29657
23010
2899
5730
2899
5730
29657
23010
2899
5730
21379
18678
21379
18678
21379
18678
29657
19948
2899
5730
29657
23010
29657
22410
29657
23010
2899
5730
21379
18678
29657
23010
21379
18678
21379
18678
38895
40250
29657
40250
21379
18678
120561
18678
3808
18678
21379
18678
38895
18678
114180
56950
70771
18678
21379
18678
21379
18678
38600
40250
2899
5730
2899
5730
120561
40250
2899
5730
21379
18678
21379
18678
21379
18678
120561
19948
2899
5730
120561
40250
120561
22410
120561
56950
2899
5730
21379
18678
120561
29694
29657
44499
21379
18678
21379
18678
29657
19948
21379
24198
3808
24198
29657
19948
21379
19948
21379
18678
21379
24198
29657
44499
29657
44499
21379
18678
2899
5730
2899
5730
21379
18678
2899
5730
29657
22410
29657
24198
29657
19948
21379
18678
2899
5730
21379
18678
21379
18678
21379
18678
2899
5730
29657
44499
21379
18678
21379
18678
21379
18678
131029
19948
21379
24198
3808
24198
33512
19948
21379
19948
21379
18678
21379
24198
101513
158464
101513
47407
21379
18678
2899
5730
2899
5730
21379
18678
2899
5730
131029
22410
42681
24198
33512
19948
21379
18678
2899
5730
21379
18678
21379
18678
21379
18678
2899
5730
131029
136815
21379
18678
29657
75012
21379
18678
38895
18678
3808
18678
21379
18678
143972
18678
38895
40250
38895
18678
21379
18678
21379
18678
38600
104815
2899
5730
2899
5730
38895
58569
2899
5730
21379
18678
21379
18678
21379
18678
38895
19948
2899
5730
38895
45237
38895
22410
38895
40250
2899
5730
21379
18678
38895
29694
21379
18678
29657
18678
3808
18678
21379
18678
29657
18678
29657
40250
29657
18678
21379
18678
21379
18678
29657
75012
2899
5730
2899
5730
29657
58569
2899
5730
21379
18678
21379
18678
21379
18678
29657
19948
2899
5730
29657
45237
29657
22410
29657
40250
2899
5730
21379
18678
29657
29694
21379
19948
3808
19948
33512
45237
21379
26254
21379
18678
21379
19948
101513
19948
101513
19948
21379
18678
2899
5730
2899
5730
21379
18678
2899
5730
143972
19948
42681
19948
33512
23010
21379
18678
2899
5730
21379
18678
21379
18678
21379
18678
2899
5730
132565
19948
21379
18678
3808
26254
21379
19948
38895
19948
114180
18678
70771
26254
21379
24198
21379
24198
38600
18678
2899
5730
2899
5730
143972
18678
2899
5730
21379
22410
21379
63883
21379
19948
131471
18678
2899
5730
149267
18678
143972
18678
149267
18678
2899
5730
21379
24198
131471
18678
3808
19948
3808
19948
3808
18678
3808
39788
3808
24198
3808
24198
3808
18678
2899
5730
2899
5730
3808
18678
2899
5730
3808
22410
3808
26254
3808
19948
3808
18678
2899
5730
3808
18678
3808
18678
3808
18678
2899
5730
3808
24198
3808
18678
21379
26254
21379
18678
21379
19948
33512
19948
33512
19948
21379
18678
2899
5730
2899
5730
21379
18678
2899
5730
33512
19948
33512
19948
42681
23010
21379
18678
2899
5730
21379
18678
21379
18678
21379
18678
2899
5730
33512
19948
21379
18678
38895
18678
38895
19948
21379
19948
21379
19948
38600
18678
2899
5730
2899
5730
38895
18678
2899
5730
21379
19948
21379
19948
21379
23010
38895
18678
2899
5730
38895
18678
38895
18678
38895
18678
2899
5730
21379
19948
38895
18678
70771
18678
21379
18678
21379
18678
38600
40250
2899
5730
2899
5730
114180
40250
2899
5730
21379
18678
21379
18678
21379
18678
114180
19948
2899
5730
114180
40250
114180
22410
114180
61554
2899
5730
21379
18678
114180
29694
21379
24198
21379
24198
38600
18678
2899
5730
2899
5730
70771
18678
2899
5730
21379
22410
21379
26254
21379
19948
70771
18678
2899
5730
70771
18678
70771
18678
70771
18678
2899
5730
21379
24198
70771
18678
114891
47407
21379
18678
2899
5730
2899
5730
21379
18678
2899
5730
101513
22410
42681
24198
33512
19948
21379
18678
2899
5730
21379
18678
21379
18678
21379
18678
2899
5730
101513
136815
21379
18678
21379
18678
2899
5730
2899
5730
21379
18678
2899
5730
101513
22410
42681
24198
33512
19948
21379
18678
2899
5730
21379
18678
21379
18678
21379
18678
2899
5730
101513
47407
21379
18678
2899
5730
2899
5730
38600
58569
2899
5730
21379
18678
21379
18678
21379
18678
38600
19948
2899
5730
38600
45237
38600
22410
38600
40250
2899
5730
21379
18678
38600
29694
46666
29694
2899
5730
46666
29694
2899
5730
2899
5730
2899
5730
2899
5730
131218
29694
2899
5730
2899
5730
2899
5730
131218
29694
2899
5730
2899
5730
2899
5730
144754
72882
2899
5730
2899
5730
2899
5730
2899
5730
46666
162701
2899
5730
2899
5730
2899
5730
46666
133225
2899
5730
2899
5730
2899
5730
21379
18678
21379
18678
21379
18678
131471
19948
2899
5730
143972
45237
170717
22410
143972
40250
2899
5730
21379
18678
131471
29694
2899
5730
2899
5730
2899
5730
2899
5730
46666
72882
2899
5730
2899
5730
2899
5730
46666
72882
2899
5730
2899
5730
42681
22410
33512
19948
21379
18678
2899
5730
21379
18678
21379
18678
21379
18678
2899
5730
132565
22410
21379
18678
33512
19948
21379
18678
2899
5730
21379
18678
21379
18678
21379
18678
2899
5730
42681
24198
21379
18678
21379
18678
2899
5730
21379
18678
21379
18678
21379
18678
2899
5730
33512
19948
21379
18678
2899
5730
131471
19948
131471
19948
131471
19948
2899
5730
21379
18678
143972
19948
2899
5730
2899
5730
2899
5730
132565
133225
2899
5730
2899
5730
143972
22410
218373
40250
2899
5730
21379
18678
131471
29694
143972
22410
2899
5730
21379
18678
131471
22410
2899
5730
21379
18678
131471
29694
2899
5730
2899
5730
21379
18678
