50746
157438
250001
61112
50746
157438
250001
157438
250001
100464
250001
100464
136164
157438
250001
157438
250001
102332
167448
157438
50746
50554
169360
157438
250001
157438
242864
157438
250001
157438
250001
157438
250001
50554
243460
157406
90180
100464
50746
157438
250001
157438
189135
157438
250001
61112
250001
102457
250001
157438
250001
157438
250001
157438
167448
157438
90180
157438
250001
61112
250001
157438
50746
157438
250001
106692
250001
157438
250001
157438
250001
106692
50746
61112
169360
218581
50746
250001
50746
100464
50746
100464
50746
157839
50746
218581
50746
102332
50746
218581
169360
50554
50746
250001
50746
250001
50746
218581
50746
218581
50746
228590
50746
50554
50746
157406
50746
100464
90180
218581
50746
178825
50746
250001
50746
61112
50746
102457
50746
186907
50746
186907
50746
158276
50746
213377
50746
186907
50746
61112
50746
250001
169360
218581
50746
106692
50746
218581
50746
218581
50746
106692
50746
61112
250001
61112
250001
61112
250001
61112
136164
61112
250001
61112
250001
61112
167448
61112
50746
50554
169360
61112
250001
61112
242864
61112
250001
61112
250001
61112
250001
50554
243460
61112
90180
61112
50746
61112
250001
61112
189135
61112
250001
250001
250001
61112
250001
61112
250001
61112
250001
61112
167448
61112
90180
61112
250001
159299
250001
61112
50746
61112
250001
61112
250001
61112
250001
61112
250001
61112
50746
218581
50746
100464
50746
100464
50746
157839
50746
250001
50746
102332
50746
250001
250001
50554
50746
218581
50746
218581
50746
250001
50746
250001
50746
218581
50746
50554
50746
157406
50746
100464
90180
250001
50746
178825
50746
218581
50746
61112
50746
102457
50746
186907
50746
186907
50746
158276
50746
213377
50746
186907
50746
61112
50746
218581
250001
250001
50746
106692
50746
250001
50746
250001
50746
106692
250001
100464
250001
100464
136164
157839
250001
218581
250001
102332
167448
218581
50746
50554
169360
250001
250001
250001
242864
218581
250001
218581
250001
228590
250001
50554
243460
157406
90180
100464
50746
218581
250001
178825
189135
250001
250001
61112
250001
102457
250001
186907
250001
186907
250001
158276
167448
213377
90180
186907
250001
61112
250001
250001
50746
218581
250001
106692
250001
218581
250001
218581
250001
106692
250001
102332
136164
100464
250001
100464
250001
100464
167448
100464
50746
50554
169360
100464
250001
100464
242864
100464
250001
100464
250001
100464
250001
50554
243460
100464
90180
102332
50746
100464
250001
100464
189135
100464
250001
61112
250001
100464
250001
100464
250001
100464
250001
100464
167448
100464
90180
100464
250001
61112
250001
100464
50746
100464
250001
100464
250001
100464
250001
100464
250001
100464
136164
100464
250001
100464
250001
100464
167448
100464
50746
50554
169360
100464
250001
100464
242864
100464
250001
100464
250001
100464
250001
50554
243460
100464
90180
139841
50746
100464
250001
100464
189135
100464
250001
61112
250001
100464
250001
100464
250001
100464
250001
100464
167448
100464
90180
100464
250001
61112
250001
100464
50746
100464
250001
100464
250001
100464
250001
100464
250001
100464
136164
157839
136164
102332
136164
157839
50746
50554
136164
157839
136164
157839
136164
157839
136164
157839
136164
157839
136164
50554
136164
157406
90180
100464
50746
157839
136164
157839
136164
157839
136164
61112
136164
102457
136164
157839
136164
157839
136164
157839
136164
157839
90180
157839
136164
61112
136164
157839
50746
157839
136164
106692
136164
157839
136164
157839
136164
106692
250001
102332
167448
250001
50746
50554
169360
218581
250001
218581
242864
250001
250001
250001
250001
218581
250001
50554
243460
157406
90180
100464
50746
250001
250001
178825
189135
218581
250001
61112
250001
102457
250001
186907
250001
186907
250001
158276
167448
213377
90180
186907
250001
61112
250001
218581
50746
250001
250001
106692
250001
250001
250001
250001
250001
106692
167448
102332
50746
50554
169360
102332
250001
102332
242864
102332
250001
102332
250001
102332
250001
50554
243460
102332
90180
100464
50746
102332
250001
102332
189135
102332
250001
61112
250001
102332
250001
102332
250001
102332
250001
102332
167448
102332
90180
102332
250001
61112
250001
102332
50746
102332
250001
102332
250001
102332
250001
102332
250001
102332
50746
50554
167448
218581
167448
218581
167448
250001
167448
250001
167448
218581
167448
50554
167448
157406
90180
100464
50746
250001
167448
178825
167448
218581
167448
61112
167448
102457
167448
186907
167448
186907
167448
158276
173111
213377
90180
186907
167448
61112
167448
218581
50746
250001
167448
106692
167448
250001
167448
250001
167448
106692
50746
50554
50746
50554
50746
50554
50746
50554
50746
50554
50746
178825
50746
50554
50746
50554
90180
50554
50746
50554
50746
50554
50746
50554
50746
50554
50746
50554
50746
50554
50746
50554
50746
50554
50746
50554
50746
50554
50746
50554
250001
50554
50746
50554
50746
50554
50746
50554
50746
50554
169360
250001
169360
218581
169360
218581
169360
228590
169360
50554
169360
157406
90180
100464
50746
218581
169360
178825
169360
250001
169360
61112
169360
102457
169360
186907
169360
186907
169360
158276
167448
213377
90180
186907
169360
61112
169360
250001
50746
218581
169360
106692
169360
218581
169360
218581
169360
106692
242864
218581
250001
218581
250001
228590
250001
50554
243460
157406
90180
100464
50746
218581
250001
178825
189135
250001
250001
61112
250001
102457
250001
186907
250001
186907
250001
158276
167448
213377
90180
186907
250001
61112
250001
250001
50746
218581
250001
106692
250001
218581
250001
218581
250001
106692
242864
250001
242864
218581
242864
50554
242864
157406
90180
100464
50746
250001
242864
178825
189135
218581
242864
61112
242864
102457
242864
186907
242864
186907
242864
158276
167448
213377
90180
186907
242864
61112
242864
218581
50746
250001
242864
106692
242864
250001
242864
250001
242864
106692
250001
218581
250001
50554
243460
157406
90180
100464
50746
250001
250001
178825
189135
218581
250001
61112
250001
102457
250001
186907
250001
186907
250001
158276
167448
213377
90180
186907
250001
61112
250001
218581
50746
250001
250001
106692
250001
250001
250001
250001
250001
106692
250001
50554
243460
157406
90180
100464
50746
218581
250001
178825
189135
228590
250001
61112
250001
102457
250001
186907
250001
186907
250001
158276
167448
213377
90180
186907
250001
61112
250001
228590
50746
218581
250001
106692
250001
218581
250001
218581
250001
106692
243460
50554
90180
50554
50746
50554
250001
50554
189135
50554
250001
50554
250001
50554
250001
50554
250001
50554
250001
50554
167448
50554
90180
50554
250001
50554
250001
50554
50746
50554
250001
50554
250001
50554
250001
50554
250001
50554
90180
100464
50746
157406
243460
157406
189135
157406
243460
61112
243460
102457
243460
157406
243460
157406
243460
157406
167448
157406
90180
157406
243460
61112
243460
157406
50746
157406
243460
106692
243460
157406
243460
157406
243460
106692
50746
100464
90180
100464
90180
100464
90180
61112
90180
100464
90180
100464
90180
100464
90180
100464
90180
100464
136164
100464
90180
61112
90180
100464
50746
100464
90180
100464
90180
100464
90180
100464
90180
100464
50746
178825
50746
218581
50746
61112
50746
102457
50746
186907
50746
186907
50746
158276
50746
213377
50746
186907
50746
61112
50746
218581
90180
250001
50746
106692
50746
250001
50746
250001
50746
106692
189135
178825
250001
61112
250001
102457
250001
178825
250001
178825
250001
158276
167448
178825
90180
178825
250001
61112
250001
178825
50746
178825
250001
106692
250001
178825
250001
178825
250001
106692
189135
61112
189135
102457
189135
186907
189135
186907
189135
158276
167448
213377
90180
186907
189135
61112
189135
250001
50746
218581
189135
106692
189135
218581
189135
218581
189135
106692
250001
61112
250001
61112
250001
61112
250001
61112
167448
61112
90180
61112
250001
159299
250001
61112
50746
61112
250001
61112
250001
61112
250001
61112
250001
61112
250001
102457
250001
102457
250001
102457
167448
102457
90180
102457
250001
61112
250001
102457
50746
102457
250001
102457
250001
102457
250001
102457
250001
102457
250001
204092
250001
158276
167448
186907
90180
213938
250001
61112
250001
186907
50746
186907
250001
106692
250001
186907
250001
186907
250001
106692
250001
158276
167448
186907
90180
204092
250001
61112
250001
186907
50746
186907
250001
106692
250001
186907
250001
186907
250001
106692
167448
158276
90180
158276
250001
61112
250001
158276
50746
158276
250001
106692
250001
158276
250001
158276
250001
106692
90180
186907
167448
61112
167448
213377
50746
213377
167448
106692
167448
213377
167448
213377
167448
106692
90180
61112
90180
186907
50746
186907
90180
106692
90180
186907
90180
186907
90180
106692
250001
61112
50746
61112
250001
61112
250001
61112
250001
61112
250001
61112
50746
218581
250001
106692
250001
218581
250001
218581
250001
106692
50746
106692
50746
250001
50746
250001
50746
106692
250001
106692
250001
106692
250001
168530
250001
250001
250001
106692
250001
106692
