21390
16132
7787
15682
25324
16132
33648
15682
33648
16132
7787
14619
7787
15682
33648
16132
57625
20932
7787
15682
7787
15682
33648
16132
7787
15682
7787
14619
7787
15682
7787
15682
45433
16132
7787
15682
7787
15682
21390
16132
33648
16132
7787
15682
7787
15682
7787
15682
33648
16132
7787
15682
7787
15682
7787
15682
45433
16132
45433
16132
7787
15682
7787
15682
45433
18592
7787
16132
7787
15682
7787
15682
21390
18592
21390
15682
21390
18592
7787
14619
7787
15682
21390
18569
21390
16132
7787
15682
7787
15682
21390
18592
7787
15682
7787
14619
7787
15682
7787
15682
21390
40152
7787
15682
7787
15682
59535
18592
21390
20932
7787
15682
7787
15682
7787
15682
21390
20932
7787
15682
7787
15682
7787
15682
21390
20932
21390
18569
7787
15682
7787
15682
21390
16132
7787
18592
7787
15682
7787
15682
7787
127946
7787
15682
21390
14619
21390
18569
7787
15682
7787
15682
21390
18569
21390
20932
7787
15682
21390
20932
21390
14619
21390
18569
32214
20932
7787
15682
21390
18569
21390
20932
7787
15682
7787
15682
21390
18569
21390
18569
21390
110571
7787
15682
21390
20932
21390
18569
32214
20932
7787
15682
7787
15682
21390
20932
32214
18569
7787
15682
21390
15682
21390
18569
25324
15682
25324
20932
7787
14619
7787
15682
25324
18569
25324
16132
7787
15682
7787
15682
25324
77061
7787
15682
7787
14619
7787
15682
7787
15682
25324
18592
7787
15682
7787
15682
21390
20932
25324
18592
7787
15682
7787
15682
7787
15682
25324
18592
7787
15682
7787
15682
7787
15682
25324
18592
25324
18569
7787
15682
7787
15682
25324
16132
7787
53124
7787
15682
42407
15682
7787
14619
7787
18569
42407
15682
33648
15682
7787
18569
7787
20932
42407
15682
7787
20932
7787
14619
7787
18569
7787
20932
33648
15682
7787
18569
7787
20932
21390
15682
42407
15682
7787
18569
7787
18569
7787
110571
42407
15682
7787
20932
7787
18569
7787
20932
33648
15682
33648
15682
7787
20932
7787
18569
33648
15682
7787
15682
7787
18569
7787
14619
7787
15682
57625
18569
33648
16132
7787
15682
7787
15682
150900
20932
7787
15682
7787
14619
7787
15682
7787
15682
33648
18592
7787
15682
7787
15682
21390
63379
56378
18592
7787
15682
7787
15682
7787
15682
59535
18592
7787
15682
7787
15682
7787
15682
33648
18592
33648
18569
7787
15682
7787
15682
33648
16132
7787
20932
7787
15682
33648
14619
7787
14619
7787
14619
32214
14619
33648
14619
7787
14619
34779
14619
33648
53224
135315
14619
21390
14619
7787
14619
99673
14619
33648
14619
7787
14619
7787
14619
33648
14619
32308
14619
33648
14619
7787
14619
33648
14619
33648
14619
21390
14619
7787
14619
7787
14619
135315
14619
21390
14619
7787
14619
25324
14619
135315
14619
7787
15682
7787
15682
32214
102338
50723
18569
7787
15682
33648
18569
92361
14619
33648
18592
21390
18569
7787
15682
33648
18592
50723
18569
7787
15682
7787
15682
63912
65474
32308
102338
63912
18569
7787
15682
63912
18569
63912
18592
21390
18569
7787
15682
7787
15682
33648
18569
21390
18592
7787
15682
25324
15682
33648
102338
33648
16132
7787
15682
7787
15682
57625
18569
7787
15682
7787
14619
7787
15682
7787
15682
33648
18569
7787
15682
7787
15682
21390
18569
56378
18569
7787
15682
7787
15682
7787
15682
57625
18569
7787
15682
7787
15682
7787
15682
33648
18569
33648
32477
7787
15682
7787
15682
33648
16132
7787
18569
7787
15682
7787
15682
7787
15682
33648
16132
7787
15682
7787
14619
7787
15682
7787
15682
45433
16132
7787
15682
7787
15682
21390
16132
33648
16132
7787
15682
7787
15682
7787
15682
33648
16132
7787
15682
7787
15682
7787
15682
45433
16132
45433
16132
7787
15682
7787
15682
45433
18592
7787
16132
7787
15682
32214
18569
7787
15682
32214
18569
32214
14619
32214
18592
21390
18569
7787
15682
32214
18592
32214
18569
7787
15682
7787
15682
32214
65474
32214
104783
32214
18569
7787
15682
32214
18569
32214
18592
21390
18569
7787
15682
7787
15682
32214
18569
21390
18592
7787
15682
25324
15682
32214
104783
7787
15682
33648
65481
50723
14619
33648
18569
21390
77061
7787
15682
33648
18569
202634
80740
7787
15682
7787
15682
50723
18569
32308
18569
50723
20932
7787
15682
50723
53124
50723
18569
21390
32477
7787
15682
7787
15682
33648
117764
21390
18569
7787
15682
25324
15682
33648
18569
7787
15682
7787
14619
7787
15682
7787
15682
33648
18592
7787
15682
7787
15682
21390
20932
56378
18592
7787
15682
7787
15682
7787
15682
59535
18592
7787
15682
7787
15682
7787
15682
33648
18592
33648
18569
7787
15682
7787
15682
33648
16132
7787
53124
7787
15682
33648
14619
34779
18569
21390
65481
7787
15682
34779
18569
33648
65481
7787
15682
7787
15682
33648
18569
32308
18569
33648
20932
7787
15682
33648
53124
33648
18569
21390
32477
7787
15682
7787
15682
34779
65481
21390
18569
7787
15682
25324
15682
34779
18569
33648
14619
21390
14619
7787
14619
33648
14619
50723
14619
7787
14619
7787
14619
63912
14619
32308
14619
63912
14619
7787
14619
63912
14619
63912
14619
21390
14619
7787
14619
7787
14619
33648
14619
21390
14619
7787
14619
25324
14619
33648
14619
21390
18569
7787
15682
99673
20932
33648
18569
7787
15682
7787
15682
33648
18592
32308
18592
33648
18569
7787
15682
33648
18569
33648
32477
21390
18569
7787
15682
7787
15682
250001
18569
21390
63379
7787
15682
25324
15682
138976
18592
7787
15682
21390
18569
21390
77061
7787
15682
7787
15682
21390
18569
21390
18569
21390
20932
7787
15682
21390
53124
21390
18569
45433
32477
7787
15682
7787
15682
21390
77061
33648
18569
7787
15682
21390
15682
21390
18569
7787
15682
7787
15682
21390
18592
33648
20932
7787
15682
7787
15682
7787
15682
33648
20932
7787
15682
7787
15682
7787
15682
50723
20932
57625
18569
7787
15682
7787
15682
59535
16132
7787
18592
7787
15682
33648
18569
7787
15682
7787
15682
33648
18592
32308
18592
33648
18569
7787
15682
33648
18569
33648
20932
21390
18569
7787
15682
7787
15682
99673
18569
21390
20932
7787
15682
25324
15682
99673
18592
7787
15682
7787
15682
50723
18569
32308
18569
50723
20932
7787
15682
50723
53124
50723
18569
21390
32477
7787
15682
7787
15682
33648
80740
21390
18569
7787
15682
25324
15682
33648
18569
21390
18592
7787
15682
7787
15682
7787
15682
21390
18592
7787
15682
7787
15682
7787
15682
21390
18592
21390
18569
7787
15682
7787
15682
21390
16132
7787
20932
7787
15682
7787
15682
7787
15682
7787
15682
56378
32477
7787
15682
7787
15682
7787
15682
33648
32477
33648
18569
7787
15682
7787
15682
33648
16132
7787
18592
7787
15682
32308
65474
78328
18569
7787
15682
78328
18569
78328
18592
21390
18569
7787
15682
7787
15682
33648
18569
21390
18592
7787
15682
25324
15682
33648
65474
32308
18569
7787
15682
32308
18569
32308
18592
21390
18569
7787
15682
7787
15682
32308
18569
21390
18592
7787
15682
25324
15682
32308
110571
7787
15682
107300
20932
136985
18569
21390
20932
7787
15682
7787
15682
33648
20932
21390
18569
7787
15682
25324
15682
33648
18569
7787
15682
7787
15682
7787
15682
33648
40152
33648
18569
7787
15682
7787
15682
33648
16132
7787
18592
7787
15682
107300
18569
21390
32477
7787
15682
7787
15682
33648
53124
21390
18569
7787
15682
25324
15682
33648
18569
21390
18569
7787
15682
7787
15682
33648
18569
21390
32477
7787
15682
25324
15682
33648
18592
7787
15682
7787
15682
21390
32477
33648
18569
7787
15682
21390
15682
21390
18569
50723
18569
7787
15682
7787
15682
50723
16132
7787
18592
7787
15682
7787
15682
7787
15682
57625
16132
7787
18569
7787
15682
21390
18569
7787
15682
25324
15682
138976
18569
7787
15682
21390
15682
21390
18592
7787
16132
7787
15682
25324
15682
