17849
92376
20531
92376
17849
92376
17849
84812
17849
13908
17849
92376
17849
11831
17849
92376
17849
27420
17849
51607
17849
92376
17849
92376
20531
40358
17849
81657
17849
40358
17849
92376
17849
92376
17849
92376
17849
57274
17849
1521
17849
92376
17849
92376
17849
47755
17849
1521
17849
27420
17849
51607
17849
92376
17849
12025
17849
11831
17849
92376
17849
27420
17849
92376
17849
227524
37082
227524
250001
84812
128900
13908
37082
107122
128900
11831
130914
100599
250001
27420
149678
51607
37082
107122
250001
227524
17849
40358
98843
81657
98843
40358
33371
227524
56226
227524
20531
217309
130914
57274
37082
1521
138703
227524
37082
107122
130914
47755
37082
1521
56226
27420
37082
51607
33371
147001
149678
12025
33371
11831
130914
227524
231211
27420
130914
227524
17849
250001
17849
84812
17849
13908
17849
107122
17849
11831
17849
100599
17849
27420
17849
51607
17849
107122
17849
250001
53462
40358
17849
81657
17849
40358
17849
250001
17849
250001
17849
217309
17849
57274
17849
1521
17849
250001
17849
107122
17849
47755
17849
1521
17849
27420
17849
51607
17849
147001
17849
12025
17849
11831
17849
250001
17849
27420
17849
250001
37082
84812
37082
13908
130914
107122
37082
11831
37082
100599
37082
27420
37082
51607
250001
107122
37082
250001
17849
40358
37082
81657
37082
40358
33371
250001
37082
250001
20531
217309
37082
57274
130914
1521
37082
250001
250001
107122
37082
47755
250001
1521
37082
27420
250001
51607
33371
147001
37082
12025
33371
11831
37082
250001
37082
27420
37082
250001
128900
13908
37082
84812
128900
11831
130914
84812
250001
27420
149678
51607
37082
84812
250001
84812
17849
40358
98843
81657
98843
40358
33371
84812
56226
84812
20531
84812
130914
57274
37082
1521
138703
84812
37082
84812
130914
47755
37082
1521
56226
27420
37082
51607
33371
84812
149678
12025
33371
11831
130914
84812
231211
27420
130914
84812
37082
13908
250001
11831
128900
13908
128900
13908
128900
13908
37082
13908
128900
13908
17849
13908
98843
13908
98843
13908
33371
13908
56226
13908
20531
13908
128900
13908
37082
1521
128900
13908
37082
13908
128900
13908
37082
1521
56226
13908
37082
13908
33371
13908
128900
12025
33371
11831
128900
13908
128900
13908
128900
13908
37082
11831
37082
100599
37082
27420
37082
51607
130914
107900
37082
107122
17849
40358
37082
81657
37082
40358
33371
107122
37082
107122
20531
107122
37082
57274
139005
1521
37082
107122
130914
235659
37082
47755
130914
1521
37082
27420
130914
51607
33371
107122
37082
12025
33371
11831
37082
107122
37082
27420
37082
107122
128900
11831
128900
11831
128900
11831
37082
11831
128900
11831
17849
11831
98843
11831
98843
11831
33371
11831
56226
11831
20531
11831
128900
11831
37082
1521
128900
11831
37082
11831
128900
11831
37082
1521
56226
11831
37082
11831
33371
11831
128900
11831
33371
13908
128900
11831
128900
11831
128900
11831
130914
27420
130914
51607
37082
100599
130914
100599
17849
40358
98843
81657
98843
40358
33371
100599
56226
100599
20531
100599
149678
57274
37082
1521
130914
100599
37082
100599
250001
47755
37082
1521
56226
27420
37082
51607
33371
100599
130914
12025
33371
11831
140274
100599
130914
27420
137543
100599
149678
27420
37082
27420
250001
27420
17849
27420
98843
27420
98843
27420
33371
27420
56226
27420
20531
27420
130914
27420
37082
1521
138703
27420
37082
27420
130914
27420
37082
1521
56226
250001
37082
27420
33371
27420
149678
12025
33371
11831
130914
27420
231211
154766
130914
27420
37082
51607
149678
51607
17849
40358
98843
51607
98843
40358
33371
51607
56226
51607
20531
51607
130914
51607
37082
1521
138703
51607
37082
51607
130914
47755
37082
1521
56226
27420
37082
52200
33371
51607
250001
12025
33371
11831
130914
51607
149678
27420
130914
51607
37082
107122
17849
40358
37082
81657
37082
40358
33371
107122
37082
107122
20531
107122
37082
57274
130914
1521
37082
107122
250001
107900
37082
47755
250001
1521
37082
27420
250001
51607
33371
107122
37082
12025
33371
11831
37082
107122
37082
27420
37082
107122
17849
40358
98843
81657
98843
40358
33371
250001
56226
250001
20531
217309
130914
57274
37082
1521
138703
250001
37082
107122
130914
47755
37082
1521
56226
27420
37082
51607
33371
147001
149678
12025
33371
11831
130914
250001
231211
27420
130914
250001
17849
40358
17849
250001
17849
40358
17849
40358
17849
40358
17849
40358
17849
1521
17849
40358
17849
40358
17849
40358
17849
1521
17849
27420
17849
40358
17849
40358
17849
12025
17849
11831
17849
40358
17849
27420
17849
40358
137543
40358
33371
81657
56226
81657
20531
81657
98843
57274
37082
1521
98843
81657
37082
81657
98843
47755
37082
1521
56226
27420
37082
51607
33371
81657
98843
12025
33371
11831
98843
81657
98843
27420
98843
81657
33371
40358
56226
40358
20531
40358
98843
40358
37082
1521
98843
40358
37082
40358
98843
40358
37082
1521
56226
27420
37082
40358
33371
40358
98843
12025
33371
11831
98843
40358
98843
27420
98843
40358
33371
250001
20531
217309
33371
57274
33371
1521
33371
250001
33371
107122
33371
47755
33371
1521
33371
27420
33371
51607
140274
147001
33371
12025
79708
11831
33371
250001
33371
27420
33371
250001
20531
217309
56226
57274
37082
1521
56226
250001
37082
107122
56226
47755
37082
1521
250001
27420
37082
51607
33371
147001
56226
12025
33371
11831
56226
250001
56226
27420
56226
250001
20531
57274
20531
1521
20531
217309
20531
107122
20531
47755
20531
1521
20531
27420
20531
51607
20531
147001
20531
12025
20531
11831
20531
217309
20531
27420
20531
217309
37082
1521
130914
57274
37082
57274
149678
47755
37082
1521
56226
27420
37082
51607
33371
57274
130914
12025
33371
11831
140274
57274
130914
27420
137543
57274
37082
1521
130914
1521
37082
1521
130914
203067
37082
1521
130914
1521
33371
1521
37082
1521
33371
1521
37082
1521
37082
1521
37082
1521
37082
107122
130914
47755
37082
1521
56226
27420
37082
51607
33371
147001
138703
12025
33371
11831
130914
250001
138703
27420
130914
250001
37082
47755
250001
1521
37082
27420
250001
51607
33371
107122
37082
12025
33371
11831
37082
107122
37082
27420
37082
107122
37082
1521
56226
27420
37082
47755
33371
47755
130914
12025
33371
11831
140274
47755
130914
27420
137543
47755
37082
1521
250001
1521
33371
1521
37082
1521
33371
1521
37082
1521
37082
1521
37082
1521
37082
27420
33371
27420
56226
12025
33371
11831
56226
27420
56226
154766
56226
27420
33371
51607
37082
12025
33371
11831
37082
51607
37082
27420
37082
51607
33371
12025
79708
11831
33371
147001
33371
27420
33371
147001
33371
11831
130914
12025
149678
12025
130914
12025
33371
11831
33371
11831
33371
11831
130914
27420
137543
250001
130914
27420
