60862
17862
179452
245125
60862
226288
179452
245125
4015
3746
60862
17862
60862
245125
179452
245125
83042
17862
60862
119613
60862
245125
34050
119613
60862
114158
71161
55825
71161
44619
60862
245125
54453
17862
34050
119613
60862
245125
60862
245125
20545
10128
60862
119613
4015
3746
60862
10128
40831
164091
62504
245125
60862
119613
49357
8280
60862
245125
60862
245125
148259
214863
133046
245125
60862
119613
60862
17862
71161
17862
60862
17862
4015
3746
67178
60185
71161
17862
60862
17862
60862
114158
71161
17862
71161
17862
34050
17862
67799
17862
60862
17862
60862
17862
71161
17862
54453
249513
34050
17862
71161
17862
71161
17862
20545
10128
71161
17862
4015
3746
71161
10128
40831
17862
60862
17862
71161
17862
49357
8280
71161
17862
71161
17862
60862
17862
60862
17862
71161
17862
60862
226288
197615
249513
4015
3746
60862
17862
60862
249513
197615
249513
83042
17862
60862
119613
60862
249513
34050
119613
60862
114158
71161
55825
71161
44619
60862
249513
54453
17862
34050
119613
60862
249513
60862
247371
20545
10128
60862
119613
4015
3746
60862
10128
40831
164091
62504
249513
60862
119613
49357
8280
60862
249513
60862
249513
148259
214863
133046
249513
60862
119613
60862
226288
4015
3746
67178
17862
250001
226288
60862
226288
60862
17862
133035
119613
110275
226288
34050
119613
67799
114158
60862
55825
60862
44619
236443
226288
54453
17862
34050
119613
250001
226288
214170
226288
20545
10128
133035
119613
4015
3746
208280
10128
40831
164091
60862
226288
187520
119613
49357
8280
244810
226288
133035
226288
60862
214863
60862
226288
250001
119613
4015
3746
60862
17862
60862
250001
208280
250001
83042
17862
60862
119613
60862
250001
34050
119613
60862
114158
71161
55825
71161
44619
60862
250001
54453
17862
34050
119613
60862
250001
60862
247371
20545
10128
60862
119613
4015
3746
60862
10128
40831
164091
62504
250001
60862
119613
49357
8280
60862
250001
60862
250001
148259
214863
133046
250001
60862
119613
4015
3746
4015
3746
4015
3746
4015
3746
4015
3746
4015
3746
4015
3746
4015
3746
4015
3746
4015
3746
4015
3746
4015
3746
4015
3746
4015
3746
4015
3746
4015
3746
4015
3746
20545
44619
4015
3746
4015
3746
4015
3746
4015
3746
4015
3746
4015
3746
4015
3746
4015
3746
4015
3746
4015
3746
67178
17862
60862
17862
60862
60185
67178
17862
67178
17862
34050
17862
67178
17862
60862
17862
60862
17862
67178
17862
54453
60185
34050
17862
67178
17862
67178
17862
20545
10128
67178
17862
4015
3746
67178
10128
40831
17862
60862
17862
67178
17862
49357
8280
67178
17862
67178
17862
60862
17862
60862
17862
67178
17862
60862
250001
60862
17862
133035
119613
110275
250001
34050
119613
67799
114158
60862
55825
60862
44619
236443
250001
54453
17862
34050
119613
250001
250001
214170
247371
20545
10128
133035
119613
4015
3746
208280
10128
40831
164091
60862
250001
187520
119613
49357
8280
244810
250001
133035
250001
60862
214863
60862
250001
250001
119613
83042
17862
60862
119613
60862
250001
34050
119613
60862
114158
71161
55825
71161
44619
60862
250001
54453
17862
34050
119613
60862
250001
60862
247371
20545
10128
60862
119613
4015
3746
60862
10128
40831
164091
62504
250001
60862
119613
49357
8280
60862
250001
60862
250001
148259
214863
133046
250001
60862
119613
60862
17862
60862
17862
34050
17862
60862
17862
71161
17862
71161
17862
60862
17862
54453
114158
34050
17862
60862
17862
60862
17862
20545
10128
60862
17862
4015
3746
60862
10128
40831
17862
62504
17862
60862
17862
49357
8280
60862
17862
60862
17862
83042
17862
83042
17862
60862
17862
110275
119613
34050
250001
67799
114158
60862
55825
60862
44619
133035
119613
54453
17862
34050
221732
133035
119613
133035
119613
20545
10128
214170
250001
4015
3746
133035
10128
40831
119613
60862
119613
133035
250001
49357
8280
133035
119613
179452
119613
60862
119613
60862
119613
133035
250001
34050
119613
67799
114158
60862
55825
60862
44619
110275
250001
54453
17862
34050
119613
110275
250001
110275
247371
20545
10128
110275
119613
4015
3746
110275
10128
40831
164091
60862
250001
110275
119613
49357
8280
110275
250001
110275
250001
60862
214863
60862
250001
110275
119613
34050
114158
34050
55825
34050
44619
34050
119613
34050
17862
53182
221732
34050
119613
34050
119613
20545
10128
34050
250001
4015
3746
34050
10128
34050
119613
34050
119613
34050
250001
34050
8280
34050
119613
34050
119613
34050
119613
34050
119613
34050
250001
60862
55825
60862
44619
67799
114158
54453
17862
34050
114158
67799
114158
67799
114158
20545
10128
67799
114158
4015
3746
67799
10128
40831
114158
60862
114158
67799
114158
49357
8280
67799
114158
67799
114158
60862
114158
60862
114158
67799
114158
108959
44619
60862
55825
54453
17862
34050
55825
60862
55825
60862
55825
20545
10128
60862
55825
4015
3746
60862
10128
40831
55825
62504
55825
60862
55825
49357
8280
60862
55825
60862
55825
71161
55825
71161
55825
60862
55825
60862
44619
54453
17862
34050
44619
60862
44619
60862
44619
20545
10128
60862
44619
4015
3746
60862
10128
40831
44619
62504
44619
60862
44619
49357
8280
60862
44619
60862
44619
71161
44619
71161
44619
60862
44619
54453
17862
34050
119613
236443
250001
214170
247371
20545
10128
133035
119613
4015
3746
208280
10128
40831
164091
60862
250001
187520
119613
49357
8280
236443
250001
133035
250001
60862
214863
60862
250001
236443
119613
34050
17862
54453
17862
54453
17862
20545
10128
54453
17862
4015
3746
54453
10128
40831
17862
54453
17862
54453
17862
49357
8280
54453
17862
54453
17862
54453
17862
54453
17862
54453
17862
34050
119613
34050
119613
20545
10128
34050
221732
4015
3746
34050
10128
34050
119613
34050
119613
34050
221732
34050
8280
34050
119613
34050
119613
34050
119613
34050
119613
34050
221732
214170
247371
20545
10128
133035
119613
4015
3746
208280
10128
40831
164091
60862
250001
187520
119613
49357
8280
244810
250001
133035
250001
60862
214863
60862
250001
250001
119613
20545
10128
133035
119613
4015
3746
208280
10128
40831
164091
60862
247371
187520
119613
49357
8280
214170
247371
133035
247371
60862
214863
60862
247371
214170
119613
20545
10128
4015
3746
20545
250001
20545
10128
20545
10128
20545
10128
20545
8280
20545
10128
20545
10128
20545
10128
20545
10128
20545
10128
4015
3746
133035
10128
40831
119613
60862
119613
133035
250001
49357
8280
133035
119613
179452
119613
60862
119613
60862
119613
133035
250001
4015
3746
4015
3746
4015
3746
4015
3746
4015
3746
4015
3746
4015
3746
4015
3746
4015
3746
4015
3746
40831
10128
60862
10128
187520
10128
49357
8280
208280
10128
133035
10128
60862
10128
60862
10128
208280
10128
40831
164091
40831
119613
40831
8280
40831
164091
40831
164091
40831
164091
40831
164091
40831
119613
60862
119613
49357
8280
60862
250001
60862
250001
62504
214863
62504
250001
60862
119613
49357
8280
187520
119613
133035
119613
60862
119613
60862
119613
187520
250001
49357
8280
49357
8280
49357
8280
49357
8280
49357
8280
133035
250001
60862
214863
60862
250001
244810
119613
60862
214863
60862
250001
133035
119613
133046
214863
60862
119613
60862
119613
