11295
88787
11188
33853
11295
100444
11188
88787
11188
118895
11295
24217
7825
18226
11188
33853
7825
13257
11188
122045
11295
88787
18131
100444
8121
88787
11188
33853
11188
88787
11188
122045
11188
122045
7825
33853
11188
33853
11188
122045
11188
122045
11188
122045
11188
106731
11188
122045
11295
33853
7825
33853
8121
122045
11295
33853
11295
33853
35067
13257
11188
11504
11188
107275
11188
118895
7825
33853
11295
33853
11188
33853
11188
35334
11188
118895
7825
33853
11188
122045
7825
33853
11295
24217
11188
23992
11295
100444
21149
122045
7825
106093
11188
88787
11295
30270
7825
100444
11295
33853
11188
122045
11188
6876
21149
46484
11295
24217
7825
33853
11188
88787
11188
118895
11188
100444
7825
106093
11295
122045
11295
13824
5968
30777
11295
33853
11188
88787
11188
6876
11295
33853
5968
88787
11295
33853
11188
122045
8121
122045
11188
33853
13832
88787
11188
100444
11188
88787
14047
24217
7825
18226
11188
33853
7825
13257
11188
88787
13832
100444
11295
88787
8121
100444
11188
33853
11188
100444
11188
88787
11188
88787
7825
33853
11188
33853
11188
88787
11188
88787
11188
88787
11188
88787
11188
88787
13836
33853
7825
33853
8121
88787
13836
33853
14047
33853
11295
13257
11188
11504
11188
88787
11188
88787
7825
33853
13832
33853
11188
33853
11188
35334
11188
88787
7825
33853
11188
88787
7825
33853
13836
24217
11188
23992
13832
88787
11295
88787
7825
88787
11188
100444
13832
30270
7825
88787
13836
33853
11188
88787
11188
6876
11295
46484
13836
24217
7825
33853
11188
100444
11188
88787
11188
88787
7825
88787
13832
88787
12016
13824
5968
30777
13836
33853
11188
100444
11188
6876
13836
33853
5968
89860
13836
33853
11188
88787
8121
88787
11188
33853
11216
33853
12016
33853
11188
24217
7825
18226
12016
34770
7825
13257
12016
33853
11188
33853
11188
33853
8121
33853
56667
36473
12016
33853
12016
33853
12016
33853
7825
35334
12016
35208
12016
33853
12016
33853
12016
33853
12016
33853
12016
33853
11188
35334
7825
35334
8121
33853
11188
35334
11188
106260
11188
13257
12016
11504
12016
33853
12016
33853
7825
35334
11188
100444
12016
34770
12016
33853
12016
33853
7825
35334
12016
33853
7825
35334
11188
24217
11216
23992
11188
33853
11188
33853
7825
33853
12016
33853
11188
30270
7825
33853
11188
35334
12016
33853
12016
6876
11188
33853
11188
24217
7825
35334
12016
33853
12016
33853
12016
33853
7825
33853
11188
33853
11188
13824
5968
30777
11188
34770
12016
33853
12016
6876
11188
35334
5968
33853
11188
35334
12016
33853
8121
33853
11188
88787
11188
100444
13832
24217
7825
18226
11188
33853
7825
13257
11188
100444
18131
88787
11295
119029
8121
88787
11188
33853
11188
88787
11188
100444
11188
100444
7825
33853
11188
33853
11188
100444
11188
100444
11188
100444
11188
100444
11188
100444
13832
33853
7825
33853
8121
100444
13832
33853
13832
33853
11295
13257
11188
11504
11188
100444
11188
100444
7825
33853
17508
33853
11188
33853
11188
35334
11188
100444
7825
33853
11188
100444
7825
33853
13832
24217
11188
23992
17508
250001
11295
100444
7825
100444
11188
88787
17508
30270
7825
157336
13832
33853
11188
100444
11188
6876
11295
46484
13832
24217
7825
33853
11188
88787
11188
100444
11188
134827
7825
100444
17508
100444
12016
13824
5968
30777
13832
33853
11188
88787
11188
6876
13832
33853
5968
88787
13832
33853
11188
100444
8121
100444
11216
88787
11188
24217
7825
18226
11216
33853
7825
13257
11216
88787
11188
101651
11188
88787
8121
101651
11216
33853
11216
116230
11216
88787
11216
88787
7825
33853
11216
33853
11216
88787
11216
88787
11216
88787
11216
88787
11216
88787
11188
33853
7825
33853
8121
88787
11188
33853
11188
33853
11188
13257
11216
11504
11216
88787
11216
88787
7825
33853
11188
33853
11216
33853
11216
35334
11216
88787
7825
33853
11216
88787
7825
33853
11188
24217
11295
23992
11188
88787
11188
88787
7825
88787
11216
102377
11188
30270
7825
88787
11188
33853
11216
88787
11216
6876
11188
46484
11188
24217
7825
33853
11216
116230
11216
88787
11216
88787
7825
88787
11188
88787
11188
13824
5968
30777
11188
33853
11216
116230
11216
6876
11188
33853
5968
89860
11188
33853
11216
88787
8121
88787
11188
24217
7825
18226
110842
33853
7825
13257
110842
118895
11188
88787
11188
100444
8121
88787
12016
33853
12631
88787
110842
118895
110842
118895
7825
33853
110842
33853
89355
118895
110847
118895
110842
118895
110842
106731
110842
118895
11188
33853
7825
33853
8121
118895
11188
33853
11188
33853
11188
13257
110847
11504
110842
107275
110842
136142
7825
33853
11188
33853
110842
33853
89355
35334
110842
134330
7825
33853
110842
118895
7825
33853
11188
24217
11216
23992
11188
100444
11188
118895
7825
106093
89355
88787
11188
30270
7825
100444
11188
33853
89355
118895
110842
6876
11188
46484
11188
24217
7825
33853
110842
88787
110842
221240
110842
100444
7825
106093
11188
118895
11188
13824
5968
30777
11188
33853
89355
88787
110842
6876
11188
33853
5968
88787
11188
33853
110842
118895
8121
118895
7825
18226
11188
24217
7825
13257
11188
24217
13832
24217
11295
24217
8121
24217
11188
24217
11188
24217
11188
24217
11188
24217
7825
24217
11188
24217
11188
24217
11188
24217
11188
24217
11188
24217
11188
24217
13836
24217
7825
24217
8121
24217
13836
24217
95711
24217
11295
13257
11188
11504
11188
24217
11188
24217
7825
24217
13832
24217
11188
24217
11188
24217
11188
24217
7825
24217
11188
24217
7825
24217
13836
106260
11188
23992
13832
24217
11295
24217
7825
24217
11188
24217
13832
24217
7825
24217
13836
24217
11188
24217
11188
6876
11295
24217
13836
65678
7825
24217
11188
24217
11188
24217
11188
24217
7825
24217
13832
24217
12016
13824
5968
24217
13836
24217
11188
24217
11188
6876
13836
24217
5968
24217
13836
24217
11188
24217
8121
24217
7825
18226
7874
13257
7825
18226
7825
18226
7825
18226
7825
18226
7825
18226
7825
18226
7825
18226
7825
18226
7874
18226
7825
18226
7825
18226
7825
18226
7825
18226
7825
18226
7825
18226
7825
18226
7874
18226
7825
18226
7825
18226
7825
18226
7825
13257
7825
11504
7825
18226
7825
18226
7874
18226
7825
18226
7825
18226
7825
18226
7825
18226
7874
18226
7825
18226
7874
18226
7825
18226
7825
18226
7825
18226
7825
18226
7874
18226
7825
18226
7825
18226
7874
18226
7825
18226
7825
18226
7825
6876
7825
18226
7825
18226
7874
18226
7825
18226
7825
18226
7825
18226
7874
18226
7825
18226
7825
13824
5968
18226
7825
18226
7825
18226
7825
6876
7825
18226
5968
18226
7825
18226
7825
18226
7825
18226
7825
13257
191499
33853
11188
33853
11188
33853
8121
33853
12016
34770
12631
33853
225025
33853
162241
33853
7825
34770
191499
34770
89355
33853
110842
33853
191499
33853
162241
33853
191499
33853
11188
34770
7825
34770
8121
33853
11188
34770
11188
34770
11188
13257
110842
11504
145218
33853
181294
33853
7825
34770
11188
34770
191499
106731
89355
33853
191499
33853
7825
34770
171032
33853
7825
34770
11188
24217
11216
23992
11188
33853
11188
33853
7825
33853
89355
33853
11188
30270
7825
33853
11188
34770
89355
33853
191499
6876
11188
33853
11188
24217
7825
34770
191499
33853
181294
33853
222958
33853
7825
33853
11188
33853
11188
13824
5968
30777
11188
106093
89355
33853
216915
6876
11188
34770
5968
33853
11188
34770
205163
33853
8121
33853
7825
13257
7825
13257
7825
13257
7825
13257
7825
13257
7825
13257
7825
13257
7825
13257
9689
13257
7825
13257
7825
13257
7825
13257
7825
13257
7825
13257
7825
13257
7825
13257
10295
13257
7825
13257
7825
13257
7825
13257
7825
34983
7825
11504
7825
13257
7825
13257
9689
13257
7825
13257
7825
13257
7825
13257
7825
13257
10295
13257
7825
13257
11295
13257
7825
13257
7825
13257
7825
13257
7825
13257
11295
13257
7825
13257
7825
13257
11295
13257
7825
13257
7825
13257
7825
6876
7825
13257
7825
13257
19019
13257
7825
13257
7825
13257
7825
13257
11295
13257
7825
13257
7825
13257
5968
13257
7825
13257
7825
13257
7825
6876
7825
13257
5968
13257
7825
13257
7825
13257
7825
13257
11188
88787
11188
100444
8121
88787
12016
33853
12631
88787
191499
250001
162241
130391
7825
33853
222958
33853
89355
250001
110842
250001
222958
250001
162241
106731
217985
168994
11188
33853
7825
33853
8121
134515
11188
33853
11188
33853
11188
13257
110842
11504
145218
107275
181294
118895
7825
33853
11188
33853
222958
33853
89355
35334
217985
118895
7825
33853
171032
130391
7825
33853
11188
24217
11216
23992
11188
100444
11188
173175
7825
106093
89355
88787
11188
30270
7825
100444
11188
33853
89355
250001
216915
6876
11188
46484
11188
24217
7825
33853
225025
88787
181294
118895
191499
100444
7825
106093
11188
135043
11188
13824
5968
30777
11188
33853
89355
88787
191499
6876
11188
33853
5968
88787
11188
33853
191499
125374
8121
250001
11295
88787
8121
106588
11188
33853
11188
101651
11188
88787
11188
88787
7825
33853
11188
33853
11188
88787
11188
88787
11188
88787
11188
88787
11188
88787
13832
33853
7825
33853
8121
88787
13832
33853
13832
33853
11295
13257
11188
11504
11188
88787
11188
88787
7825
33853
17508
33853
11188
33853
11188
35334
11188
88787
7825
33853
11188
88787
7825
33853
13832
24217
11188
23992
17508
88787
11295
88787
7825
88787
11188
101651
17508
30270
7825
88787
13832
33853
11188
88787
11188
6876
11295
46484
13832
24217
7825
33853
11188
101651
11188
88787
11188
88787
7825
88787
17508
88787
12016
13824
5968
30777
13832
33853
11188
101651
11188
6876
13832
33853
5968
89860
13832
33853
11188
88787
8121
88787
8121
88787
11188
33853
11188
88787
11188
100444
11188
100444
7825
33853
11188
33853
11188
100444
11188
100444
11188
100444
11188
100444
11188
100444
11295
33853
7825
33853
8121
100444
11295
33853
11295
33853
18131
13257
11188
11504
11188
100444
11188
100444
7825
33853
11295
33853
11188
33853
11188
35334
11188
100444
7825
33853
11188
100444
7825
33853
11295
24217
11188
23992
11295
119029
18131
100444
7825
100444
11188
88787
11295
30270
7825
119029
11295
33853
11188
100444
11188
6876
18131
46484
11295
24217
7825
33853
11188
88787
11188
100444
11188
119029
7825
100444
11295
100444
11295
13824
5968
30777
11295
33853
11188
88787
11188
6876
11295
33853
5968
88787
11295
33853
11188
100444
8121
100444
8121
33853
8121
101651
8121
88787
8121
88787
7825
33853
8121
33853
8121
88787
8121
88787
8121
88787
8121
88787
8121
88787
8121
33853
7825
33853
11295
88787
8121
33853
8121
33853
8121
13257
8121
11504
8121
88787
8121
88787
7825
33853
8121
33853
8121
33853
8121
35334
8121
88787
7825
33853
8121
88787
7825
33853
8121
24217
8121
23992
8121
88787
8121
88787
7825
88787
8121
101651
8121
30270
7825
88787
8121
33853
8121
88787
8121
6876
8121
46484
8121
24217
7825
33853
8121
101651
8121
88787
8121
88787
7825
88787
8121
88787
8121
13824
5968
30777
8121
33853
8121
101651
8121
6876
8121
33853
5968
89860
8121
33853
8121
88787
41943
88787
12016
33853
12016
33853
12016
33853
7825
35334
12016
35208
12016
33853
12016
33853
12016
33853
12016
33853
12016
33853
11188
35334
7825
35334
8121
33853
11188
35334
11188
36473
11188
13257
12016
11504
12016
33853
12016
33853
7825
35334
11188
36473
12016
34770
12016
33853
12016
33853
7825
35334
12016
33853
7825
35334
11188
24217
11216
23992
11188
33853
11188
33853
7825
33853
12016
33853
11188
30270
7825
33853
11188
35334
12016
33853
12016
6876
11188
33853
11188
24217
7825
35334
12016
33853
12016
33853
12016
33853
7825
33853
11188
33853
11188
13824
5968
30777
11188
34770
12016
33853
12016
6876
11188
35334
5968
33853
11188
35334
12016
33853
8121
33853
12631
88787
12631
88787
7825
33853
12631
33853
12631
88787
12631
88787
12631
88787
12631
88787
12631
88787
11188
33853
7825
33853
8121
88787
11188
33853
11188
33853
11188
13257
12631
11504
12631
88787
12631
88787
7825
33853
11188
33853
12631
33853
12631
35334
12631
88787
7825
33853
12631
88787
7825
33853
11188
24217
11216
23992
11188
88787
11188
88787
7825
88787
12631
102377
11188
30270
7825
88787
11188
33853
12631
88787
12631
6876
11188
46484
11188
24217
7825
33853
12631
125374
12631
88787
12631
88787
7825
88787
11188
88787
11188
13824
5968
30777
11188
33853
12631
130391
12631
6876
11188
33853
5968
89860
11188
33853
12631
88787
8121
88787
162241
130391
7825
33853
191499
33853
89355
250001
110842
250001
191499
250001
162241
106731
191499
168994
11188
33853
7825
33853
8121
134515
11188
33853
11188
33853
11188
13257
110842
11504
145218
107275
181294
118895
7825
33853
11188
33853
191499
33853
89355
35334
191499
118895
7825
33853
171032
130391
7825
33853
11188
24217
11216
23992
11188
100444
11188
173175
7825
106093
89355
88787
11188
30270
7825
100444
11188
33853
89355
250001
191499
6876
11188
46484
11188
24217
7825
33853
191499
88787
181294
118895
222958
100444
7825
106093
11188
135043
11188
13824
5968
30777
11188
33853
89355
88787
216915
6876
11188
33853
5968
88787
11188
33853
205163
125374
8121
250001
7825
33853
162241
33853
89355
130391
110842
130391
162241
130391
250001
106731
162241
130391
11188
33853
7825
33853
8121
130391
11188
33853
11188
33853
11188
13257
110842
11504
145218
107275
162241
118895
7825
33853
11188
33853
162241
33853
89355
35334
162241
118895
7825
33853
162241
250001
7825
33853
11188
24217
11216
23992
11188
100444
11188
130391
7825
106093
89355
88787
11188
30270
7825
100444
11188
33853
89355
130391
162241
6876
11188
46484
11188
24217
7825
33853
162241
88787
162241
118895
162241
100444
7825
106093
11188
130391
11188
13824
5968
30777
11188
33853
89355
88787
162241
6876
11188
33853
5968
88787
11188
33853
162241
125374
8121
130391
7825
35208
7825
33853
7825
33853
7825
33853
7825
33853
7825
33853
7825
56493
9689
56493
7825
33853
7825
104530
7825
35334
7825
13257
7825
11504
7825
33853
7825
33853
232186
250001
7825
35334
7825
34770
7825
33853
7825
33853
9689
56493
7825
33853
9689
104530
7825
24217
7825
23992
7825
33853
7825
33853
9689
33853
7825
33853
7825
30270
9689
33853
7825
56493
7825
33853
7825
6876
7825
33853
7825
24217
9689
56493
7825
33853
7825
33853
7825
33853
9689
33853
7825
33853
7825
13824
5968
30777
7825
34770
7825
33853
7825
6876
7825
56493
5968
33853
7825
56493
7825
33853
7825
33853
89355
33853
110842
33853
250001
33853
162241
33853
217985
33853
11188
35208
7825
35208
8121
33853
11188
35208
11188
35208
11188
13257
110842
11504
145218
33853
181294
33853
7825
35208
11188
35208
250001
34770
89355
33853
217985
33853
7825
35208
171032
33853
7825
35208
11188
24217
11216
23992
11188
33853
11188
33853
7825
33853
89355
33853
11188
30270
7825
33853
11188
35208
89355
33853
216915
6876
11188
33853
11188
24217
7825
35208
222958
33853
181294
33853
191499
33853
7825
33853
11188
33853
11188
13824
5968
30777
11188
34770
89355
33853
191499
6876
11188
35208
5968
33853
11188
35208
191499
33853
8121
33853
89355
250001
89355
250001
89355
106731
89355
168994
11188
33853
7825
33853
8121
134515
11188
33853
11188
33853
11188
13257
89355
11504
89355
107275
89355
118895
7825
33853
11188
33853
89355
33853
191499
35334
89355
118895
7825
33853
89355
130391
7825
33853
11188
24217
11216
23992
11188
100444
11188
173175
7825
106093
165401
88787
11188
30270
7825
100444
11188
33853
181294
250001
89355
6876
11188
46484
11188
24217
7825
33853
89355
88787
89355
118895
89355
100444
7825
106093
11188
135043
11188
13824
5968
30777
11188
33853
162241
88787
89355
6876
11188
33853
5968
88787
11188
33853
89355
125374
8121
250001
110842
250001
110842
106731
110842
168994
11188
33853
7825
33853
8121
134515
11188
33853
11188
33853
11188
13257
120332
11504
110842
107275
110842
118895
7825
33853
11188
33853
110842
33853
89355
35334
110842
118895
7825
33853
110842
130391
7825
33853
11188
24217
11216
23992
11188
100444
11188
173175
7825
106093
89355
88787
11188
30270
7825
100444
11188
33853
89355
250001
110842
6876
11188
46484
11188
24217
7825
33853
110842
88787
110842
118895
110842
100444
7825
106093
11188
135043
11188
13824
5968
30777
11188
33853
89355
88787
110842
6876
11188
33853
5968
88787
11188
33853
110842
125374
8121
250001
162241
106731
217985
168994
162241
106731
11188
33853
11188
33853
7825
33853
7825
33853
8121
134515
8121
106731
11188
33853
11188
33853
11188
33853
11188
33853
11188
13257
11188
13257
110842
11504
110842
11504
145218
107275
145218
106731
181294
118895
162241
106731
7825
33853
7825
33853
11188
33853
11188
33853
250001
33853
162241
33853
89355
35334
89355
35334
217985
118895
162241
106731
7825
33853
7825
33853
171032
130391
162241
106731
7825
33853
7825
33853
11188
24217
11188
24217
11216
23992
11216
23992
11188
100444
11188
100444
11188
173175
11188
106731
7825
106093
7825
106093
89355
88787
89355
88787
11188
30270
11188
30270
7825
100444
7825
100444
11188
33853
11188
33853
89355
250001
89355
106731
216915
6876
162241
6876
11188
46484
11188
46484
11188
24217
11188
24217
7825
33853
7825
33853
222958
88787
162241
88787
181294
118895
162241
106731
191499
100444
162241
100444
7825
106093
7825
106093
11188
135043
11188
106731
11188
13824
11188
13824
5968
30777
5968
30777
11188
33853
11188
33853
89355
88787
89355
88787
191499
6876
162241
6876
11188
33853
11188
33853
5968
88787
5968
88787
11188
33853
11188
33853
191499
125374
162241
106731
8121
250001
8121
106731
11188
33853
7825
33853
8121
134515
11188
33853
11188
33853
11188
13257
110842
11504
145218
107275
181294
118895
7825
33853
11188
33853
217985
33853
89355
35334
219863
118895
7825
33853
171032
130391
7825
33853
11188
24217
11216
23992
11188
100444
11188
168994
7825
106093
89355
88787
11188
30270
7825
100444
11188
33853
89355
168994
216915
6876
11188
46484
11188
24217
7825
33853
217985
88787
181294
118895
191499
100444
7825
106093
11188
135043
11188
13824
5968
30777
11188
33853
89355
88787
191499
6876
11188
33853
5968
88787
11188
33853
191499
125374
8121
168994
7825
105035
8121
33853
43352
56493
13836
35334
11295
13257
11188
11504
11188
33853
11188
33853
7825
56493
13832
35334
11188
34770
11188
33853
11188
33853
7825
105035
11188
33853
7825
56493
17777
24217
11188
23992
13832
33853
11295
33853
7825
33853
11188
33853
13832
30270
7825
33853
86725
107275
11188
33853
11188
6876
11295
33853
33644
24217
7825
250001
11188
33853
11188
33853
11188
33853
7825
33853
13832
33853
12016
13824
5968
30777
221713
34770
11188
33853
11188
6876
244279
247680
5968
33853
86725
89070
11188
33853
8121
33853
7825
33853
7825
56493
7825
35334
7825
13257
7825
11504
7825
33853
7825
33853
9689
56493
7825
35334
7825
34770
7825
33853
7825
33853
24966
200467
7825
33853
10295
56493
7825
24217
7825
23992
7825
33853
7825
33853
10295
33853
7825
33853
7825
30270
10295
33853
7825
105035
7825
33853
7825
6876
7825
33853
7825
24217
10295
105035
7825
33853
7825
33853
7825
33853
10295
33853
7825
33853
7825
13824
5968
30777
7825
34770
7825
33853
7825
6876
7825
105035
5968
33853
7825
89070
7825
33853
7825
33853
8121
33853
8121
33853
8121
13257
8121
11504
8121
107275
8121
118895
7825
33853
8121
33853
8121
33853
8121
35334
8121
118895
7825
33853
8121
130391
7825
33853
8121
24217
8121
23992
8121
100444
8121
134515
7825
106093
8121
88787
8121
30270
7825
100444
8121
33853
8121
134515
8121
6876
8121
46484
8121
24217
7825
33853
8121
88787
8121
118895
8121
100444
7825
106093
8121
134515
8121
13824
5968
30777
8121
33853
8121
88787
8121
6876
8121
33853
5968
88787
8121
33853
8121
125374
11295
134515
13836
35334
11295
13257
11188
11504
11188
33853
11188
33853
7825
104530
13832
35334
11188
34770
11188
33853
11188
33853
7825
56493
11188
33853
7825
107275
17777
24217
11188
23992
13832
33853
11295
33853
7825
33853
11188
33853
13832
30270
7825
33853
43352
56493
11188
33853
11188
6876
11295
33853
33644
24217
7825
56493
11188
33853
11188
33853
11188
33853
7825
33853
13832
33853
12016
13824
5968
30777
43352
34770
11188
33853
11188
6876
43352
56493
5968
33853
43352
56493
11188
33853
8121
33853
11295
13257
11188
11504
11188
33853
11188
33853
7825
35334
13832
100444
11188
34770
11188
33853
11188
33853
7825
35334
11188
33853
7825
35334
13836
24217
11188
23992
13832
33853
11295
33853
7825
33853
11188
33853
13832
30270
7825
33853
13836
35334
11188
33853
11188
6876
11295
33853
13836
24217
7825
35334
11188
33853
11188
33853
11188
33853
7825
33853
13832
33853
12016
13824
5968
30777
13836
34770
11188
33853
11188
6876
13836
35334
5968
33853
13836
35334
11188
33853
8121
33853
11188
11504
11188
13257
11188
13257
7825
13257
11295
13257
11188
13257
11188
13257
11188
13257
7825
13257
11188
13257
7825
13257
11295
13257
11188
13257
11295
13257
21149
13257
7825
13257
11188
13257
11295
13257
7825
13257
11295
13257
11188
13257
11188
6876
21149
13257
11295
13257
7825
13257
11188
13257
11188
13257
11188
13257
7825
13257
11295
13257
11295
13257
5968
13257
11295
13257
11188
13257
11188
6876
11295
13257
5968
13257
11295
13257
11188
13257
8121
13257
110842
11504
110842
11504
7825
11504
11188
11504
110842
11504
89355
11504
110842
11504
7825
11504
110842
11504
7825
11504
11188
11504
11216
11504
11188
11504
11188
11504
7825
11504
89355
11504
11188
11504
7825
11504
11188
11504
89355
11504
110842
6876
11188
11504
11188
11504
7825
11504
110842
11504
110842
11504
110842
11504
7825
11504
11188
11504
11188
11504
5968
11504
11188
11504
89355
11504
110842
6876
11188
11504
5968
11504
11188
11504
110842
11504
8121
11504
145218
107275
7825
33853
11188
33853
145218
33853
89355
35334
145218
107275
7825
33853
145218
107275
7825
33853
11188
24217
11216
23992
11188
100444
11188
107275
7825
106093
89355
88787
11188
30270
7825
100444
11188
33853
89355
107275
145218
6876
11188
46484
11188
24217
7825
33853
145218
88787
145218
107275
145218
100444
7825
106093
11188
107275
11188
13824
5968
30777
11188
33853
89355
88787
145218
6876
11188
33853
5968
88787
11188
33853
145218
107275
8121
107275
7825
33853
11188
33853
181294
33853
89355
35334
181294
134330
7825
33853
171032
118895
7825
33853
11188
24217
11216
23992
11188
100444
11188
118895
7825
106093
89355
88787
11188
30270
7825
100444
11188
33853
89355
118895
181294
6876
11188
46484
11188
24217
7825
33853
181294
88787
217985
136142
181294
100444
7825
106093
11188
118895
11188
13824
5968
30777
11188
33853
89355
88787
181294
6876
11188
33853
5968
88787
11188
33853
181294
118895
8121
118895
7825
35334
7825
34770
7825
33853
7825
33853
9689
56493
7825
33853
9689
104530
7825
24217
7825
23992
7825
33853
7825
33853
9689
33853
7825
33853
7825
30270
9689
33853
7825
56493
7825
33853
7825
6876
7825
33853
7825
24217
9689
56493
7825
33853
7825
33853
7825
33853
9689
33853
7825
33853
7825
13824
5968
30777
7825
34770
7825
33853
7825
6876
7825
56493
5968
33853
7825
56493
7825
33853
7825
33853
11188
34770
11188
33853
11188
33853
7825
35334
11188
33853
7825
35334
13832
24217
11188
23992
17649
33853
11295
33853
7825
33853
11188
33853
18131
30270
7825
33853
13832
35334
11188
33853
11188
6876
11295
33853
13832
24217
7825
35334
11188
33853
11188
33853
11188
33853
7825
33853
17649
33853
12016
13824
5968
30777
13832
34770
11188
33853
11188
6876
13832
35334
5968
33853
13832
35334
11188
33853
8121
33853
89355
33853
217985
33853
7825
34770
171032
33853
7825
34770
11188
24217
11216
23992
11188
33853
11188
33853
7825
33853
89355
33853
11188
30270
7825
33853
11188
34770
89355
33853
216915
6876
11188
33853
11188
24217
7825
34770
222958
33853
181294
33853
191499
33853
7825
33853
11188
33853
11188
13824
5968
30777
11188
106093
89355
33853
191499
6876
11188
34770
5968
33853
11188
34770
191499
33853
8121
33853
89355
35334
7825
33853
89355
35334
7825
33853
11188
24217
11216
23992
11188
35334
11188
35334
7825
35334
165401
35334
11188
30270
7825
35334
11188
33853
181294
35334
89355
6876
11188
35334
11188
24217
7825
33853
89355
35334
89355
35334
89355
35334
7825
35334
11188
35334
11188
13824
5968
30777
11188
33853
162241
35334
89355
6876
11188
33853
5968
35334
11188
33853
89355
35334
8121
35334
7825
33853
171032
118895
7825
33853
11188
24217
11216
23992
11188
100444
11188
118895
7825
106093
89355
88787
11188
30270
7825
100444
11188
33853
89355
118895
216915
6876
11188
46484
11188
24217
7825
33853
217985
88787
181294
134330
191499
100444
7825
106093
11188
118895
11188
13824
5968
30777
11188
33853
89355
88787
191499
6876
11188
33853
5968
88787
11188
33853
191499
118895
8121
118895
7825
33853
10295
56493
7825
24217
7825
23992
7825
33853
7825
33853
10295
33853
7825
33853
7825
30270
10295
33853
7825
105035
7825
33853
7825
6876
7825
33853
7825
24217
10295
105035
7825
33853
7825
33853
7825
33853
10295
33853
7825
33853
7825
13824
5968
30777
7825
34770
7825
33853
7825
6876
7825
105035
5968
33853
7825
89070
7825
33853
7825
33853
7825
33853
11188
24217
11216
23992
11188
100444
11188
130391
7825
106093
89355
88787
11188
30270
7825
100444
11188
33853
89355
130391
171032
6876
11188
46484
11188
24217
7825
33853
171032
88787
171032
118895
171032
100444
7825
106093
11188
130391
11188
13824
5968
30777
11188
33853
89355
88787
171032
6876
11188
33853
5968
88787
11188
33853
171032
125374
8121
130391
7825
24217
7825
23992
7825
33853
7825
33853
20520
33853
7825
33853
7825
30270
20520
33853
7825
56493
7825
33853
7825
6876
7825
33853
7825
24217
11295
56493
7825
33853
7825
33853
7825
33853
20520
33853
7825
33853
7825
13824
5968
30777
7825
34770
7825
33853
7825
6876
7825
56493
5968
33853
7825
56493
7825
33853
7825
33853
11188
23992
13832
24217
11295
24217
7825
24217
11188
24217
13832
24217
7825
24217
17777
24217
11188
24217
11188
6876
11295
24217
17777
65678
7825
24217
11188
24217
11188
24217
11188
24217
7825
24217
13832
24217
12016
13824
5968
24217
17777
24217
11188
24217
11188
6876
17777
24217
5968
24217
17777
24217
11188
24217
8121
24217
11188
23992
11188
23992
7825
23992
11216
23992
11188
23992
7825
23992
11188
23992
11216
23992
11216
6876
11188
23992
11188
23992
7825
23992
11216
23992
11216
23992
11216
23992
7825
23992
11188
23992
11188
13824
5968
23992
11188
23992
11216
23992
11216
6876
11188
23992
5968
23992
11188
23992
11216
23992
8121
23992
11295
100444
7825
100444
11188
88787
17649
30270
7825
157336
13832
33853
11188
100444
11188
6876
11295
46484
13832
24217
7825
33853
11188
88787
11188
100444
11188
134827
7825
100444
35067
100444
12016
13824
5968
30777
13832
33853
11188
88787
11188
6876
13832
33853
5968
88787
13832
33853
11188
100444
8121
100444
7825
106093
11188
88787
11295
30270
7825
100444
11295
33853
11188
173175
11188
6876
152160
46484
11295
24217
7825
33853
11188
88787
11188
118895
11188
100444
7825
106093
11295
135043
11295
13824
5968
30777
11295
33853
11188
88787
11188
6876
11295
33853
5968
88787
11295
33853
11188
125374
8121
173175
7825
88787
7825
30270
21149
100444
7825
33853
7825
106093
7825
6876
7825
46484
7825
24217
11295
33853
7825
88787
7825
106093
7825
100444
33644
106260
7825
106093
7825
13824
5968
30777
7825
33853
7825
88787
7825
6876
7825
33853
5968
88787
7825
33853
7825
106093
7825
106093
11188
30270
7825
88787
11188
33853
165401
88787
89355
6876
11188
46484
11188
24217
7825
33853
89355
102377
89355
88787
89355
88787
7825
88787
11188
88787
11188
13824
5968
30777
11188
33853
162241
102377
89355
6876
11188
33853
5968
89860
11188
33853
89355
88787
8121
88787
7825
30270
13832
30270
11188
30270
11188
6876
11295
30270
13832
24217
7825
30270
11188
30270
11188
30270
11188
30270
7825
30270
17649
30270
12016
13824
5968
30270
13832
30270
11188
30270
11188
6876
13832
30270
5968
30270
13832
30270
11188
30270
8121
30270
7825
33853
7825
100444
7825
6876
7825
46484
7825
24217
11295
33853
7825
88787
7825
100444
7825
134827
21149
100444
7825
100444
7825
13824
5968
30777
7825
33853
7825
88787
7825
6876
7825
33853
5968
88787
7825
33853
7825
100444
7825
100444
11188
33853
11188
6876
11295
33853
33644
24217
7825
107275
11188
33853
11188
33853
11188
33853
7825
33853
13832
33853
12016
13824
5968
30777
86725
34770
11188
33853
11188
6876
86725
107275
5968
33853
91087
89070
11188
33853
8121
33853
89355
6876
11188
46484
11188
24217
7825
33853
89355
88787
89355
118895
89355
100444
7825
106093
11188
135043
11188
13824
5968
30777
11188
33853
162241
88787
89355
6876
11188
33853
5968
88787
11188
33853
89355
125374
8121
250001
11188
6876
11188
6876
7825
6876
216915
6876
181294
6876
191499
6876
7825
6876
11188
6876
11188
6876
5968
6876
11188
6876
89355
6876
191499
13257
11188
6876
5968
6876
11188
6876
191499
6876
8121
6876
11295
24217
7825
33853
11188
46484
11188
46484
11188
46484
7825
46484
11295
46484
11295
13824
5968
30777
11295
33853
11188
46484
11188
6876
11295
33853
5968
46484
11295
33853
11188
46484
8121
46484
7825
24217
11188
24217
11188
24217
11188
24217
7825
24217
13832
24217
12016
13824
5968
24217
33644
24217
11188
24217
11188
6876
33644
24217
5968
24217
33644
24217
11188
24217
8121
24217
7825
33853
7825
33853
7825
33853
11295
33853
7825
33853
7825
13824
5968
30777
7825
34770
7825
33853
7825
6876
7825
247680
5968
33853
7825
89070
7825
33853
7825
33853
181294
88787
191499
88787
7825
88787
11188
88787
11188
13824
5968
30777
11188
33853
89355
125374
191499
6876
11188
33853
5968
89860
11188
33853
191499
88787
8121
88787
181294
100444
7825
106093
11188
118895
11188
13824
5968
30777
11188
33853
89355
88787
181294
6876
11188
33853
5968
88787
11188
33853
181294
118895
8121
118895
7825
100444
11188
100444
11188
13824
5968
30777
11188
33853
89355
88787
216915
6876
11188
33853
5968
88787
11188
33853
205163
100444
8121
100444
7825
106093
7825
13824
5968
30777
7825
33853
7825
88787
7825
6876
7825
33853
5968
88787
7825
33853
7825
106093
7825
106093
12016
13824
5968
30777
13832
33853
11188
88787
11188
6876
13832
33853
5968
88787
13832
33853
11188
125374
8121
135043
5968
13824
12016
13824
11188
13824
11188
6876
12016
13824
5968
13824
12016
13824
11188
13824
8121
13824
5968
30777
5968
30777
5968
6876
5968
30777
11295
30777
5968
30777
5968
30777
5968
30777
11188
33853
11188
6876
221713
34770
5968
33853
86725
34770
11188
33853
8121
33853
89355
6876
11188
33853
5968
89860
11188
33853
89355
88787
8121
88787
11188
6876
5968
6876
11188
6876
205163
6876
8121
6876
5968
33853
86725
89070
11188
33853
8121
33853
5968
33853
5968
88787
5968
88787
11188
33853
8121
33853
8121
125374
