5634
33167
5908
25036
130145
25036
241180
37623
129760
25036
245473
25036
241180
25036
5634
25036
5634
25036
250001
25036
153536
25036
5634
25036
5634
25036
5634
25036
241180
25036
241180
25036
5908
25036
5634
25036
241180
25036
5634
25036
5634
25036
5634
25036
250001
25036
52452
25036
5634
25036
250001
25036
5634
25036
178420
25036
241180
25036
214944
25036
5634
25036
5634
25036
241180
25036
5634
25036
5634
25036
5634
33167
5634
25036
5634
25036
5634
25036
173863
25036
178420
25036
5634
25036
5634
25036
250001
25036
250001
25036
241180
25036
5634
25036
5634
25036
5634
25036
250001
25036
5634
25036
52452
25036
52452
25036
153536
25036
5634
25036
5634
25036
168668
25036
5634
25036
173863
25036
5634
25036
5634
25036
5634
25036
52452
25036
129760
25036
5634
25036
5908
33167
5908
25036
5908
33167
5908
33167
5908
33167
5634
33167
5634
199163
5908
33167
5908
33167
5634
33167
5634
33167
5634
179211
5908
138063
5908
250001
52452
33167
5634
33167
5908
199163
5634
33167
5634
33167
5634
33167
5908
33167
5908
33167
5634
33167
5908
199163
5634
33167
5908
33167
5908
124649
5908
33167
5634
33167
5634
33167
5908
199163
130145
25036
129760
250001
130145
145178
130145
217441
5634
82445
5634
33167
130145
49298
130145
144170
5634
217441
5634
250001
5634
33167
130145
33167
130145
33167
5908
102421
5634
82445
130145
33167
5634
102421
5634
45073
5634
94720
130145
210279
52452
102421
5634
224691
130145
33167
5634
250001
130145
145178
130145
33167
130145
243410
5634
102421
5634
180554
130145
33167
129760
25036
241180
25036
250001
25036
5634
25036
5634
25036
241180
25036
153536
25036
5634
25036
5634
25036
5634
25036
250001
25036
250001
25036
5908
25036
5634
25036
250001
25036
5634
25036
5634
25036
5634
25036
241180
25036
52452
25036
5634
25036
241180
25036
5634
25036
178420
25036
250001
25036
214944
25036
5634
25036
5634
25036
250001
25036
129760
145178
129760
217441
5634
82445
5634
33167
129760
49298
129760
144170
5634
217441
5634
250001
5634
33167
129760
33167
129760
33167
5908
102421
5634
82445
129760
33167
5634
102421
5634
45073
5634
94720
129760
210279
52452
102421
5634
224691
129760
33167
5634
250001
129760
145178
129760
33167
129760
243410
5634
102421
5634
180554
129760
33167
241180
145178
5634
82445
5634
33167
245473
49298
153536
144170
5634
145178
5634
145178
5634
33167
241180
33167
241180
33167
5908
102421
5634
82445
241180
33167
5634
102421
5634
45073
5634
94720
245473
145178
52452
102421
5634
145178
245473
33167
5634
145178
178420
250001
241180
33167
214944
145178
5634
102421
5634
145178
241180
33167
5634
82445
5634
33167
241180
49298
153536
144170
5634
250001
5634
217441
5634
33167
250001
33167
250001
33167
5908
102421
5634
82445
250001
33167
5634
102421
5634
45073
5634
94720
241180
210279
52452
102421
5634
217441
241180
33167
5634
217441
178420
145178
250001
33167
214944
217441
5634
102421
5634
180554
250001
33167
173863
33167
5634
49298
5634
82445
173863
82445
173863
82445
173863
33167
5634
33167
5634
33167
5634
82445
173863
144056
5634
33167
52452
82445
52452
45073
153536
82445
5634
82445
5634
82445
168668
82445
5634
33167
241180
82445
5634
82445
5634
33167
5634
82445
52452
82445
129760
82445
5634
33167
5634
33167
5634
33167
178420
33167
178420
33167
178420
179211
5634
138063
5634
199163
5634
33167
178420
33167
5634
250001
52452
33167
52452
33167
153536
33167
5634
33167
5634
33167
168668
33167
5634
250001
173863
33167
5634
33167
5634
124649
5634
33167
52452
33167
129760
33167
5634
250001
153536
49298
5634
49298
5634
49298
5634
33167
241180
33167
241180
33167
5908
49298
5634
49298
241180
33167
5634
49298
5634
45073
5634
49298
250001
49298
52452
49298
5634
49298
250001
33167
5634
49298
178420
49298
241180
33167
214944
49298
5634
49298
5634
49298
241180
33167
5634
144170
5634
144170
5634
33167
153536
33167
153536
33167
5908
102421
5634
82445
153536
33167
5634
102421
5634
45073
5634
94720
153536
144170
52452
102421
5634
144170
153536
33167
5634
144170
153536
144170
153536
33167
153536
144170
5634
102421
5634
144170
153536
33167
250001
217441
241180
33167
5634
33167
5634
33167
5634
102421
250001
82445
5634
33167
52452
102421
52452
45073
153536
94720
5634
210279
5634
102421
168668
217441
5634
33167
173863
217441
5634
145178
5634
33167
5634
217441
52452
102421
129760
180554
5634
33167
241180
33167
5634
33167
5634
33167
5634
102421
250001
82445
5634
33167
52452
102421
52452
45073
153536
94720
5634
210279
5634
102421
168668
224691
5634
33167
173863
250001
5634
145178
5634
33167
5634
243410
52452
102421
129760
180554
5634
33167
5634
138063
5634
179211
5634
33167
241180
33167
5634
179211
52452
33167
52452
33167
153536
33167
5634
33167
5634
33167
168668
33167
5634
179211
173863
33167
5634
33167
5634
124649
5634
33167
52452
33167
129760
33167
5634
179211
250001
138063
5908
33167
5634
33167
250001
138063
5634
33167
5634
33167
5634
33167
241180
33167
52452
33167
5634
33167
241180
138063
5634
33167
178420
33167
250001
124649
214944
33167
5634
33167
5634
33167
250001
138063
5908
33167
5634
33167
250001
199163
5634
33167
5634
33167
5634
33167
241180
33167
52452
33167
5634
33167
241180
199163
5634
33167
178420
33167
250001
124649
214944
33167
5634
33167
5634
33167
250001
199163
5634
82445
5908
33167
5634
126117
5634
45073
5634
94720
5908
102421
5908
126117
5634
102421
5908
33167
5634
102421
5908
102421
5908
33167
5908
102421
5634
162311
5634
102421
5908
33167
5634
33167
52452
82445
52452
45073
153536
82445
5634
82445
5634
82445
168668
82445
5634
33167
173863
82445
5634
82445
5634
33167
5634
82445
52452
82445
129760
82445
5634
33167
5634
33167
5634
33167
5634
33167
241180
33167
52452
33167
5634
33167
241180
250001
5634
33167
178420
33167
250001
124649
214944
33167
5634
33167
5634
33167
250001
250001
147441
45073
52452
94720
5634
102421
5634
145224
52452
102421
5634
33167
52452
102421
5634
102421
5634
33167
5634
102421
130145
126117
52452
102421
5634
33167
52452
45073
5634
45073
5634
45073
52452
45073
5634
33167
52452
45073
5634
45073
5634
33167
5634
45073
130145
45073
52452
45073
5634
33167
5634
94720
5634
94720
153536
94720
5634
33167
153536
94720
5634
94720
5634
33167
5634
94720
52452
94720
129760
94720
5634
33167
52452
102421
5634
210279
250001
33167
5634
210279
178420
145178
241180
33167
214944
210279
5634
102421
5634
180554
241180
33167
5634
102421
52452
33167
5634
102421
52452
102421
52452
33167
52452
102421
5634
126117
5634
102421
52452
33167
5634
33167
168668
224691
5634
145178
5634
33167
5634
224691
52452
102421
129760
180554
5634
33167
5634
33167
178420
33167
241180
124649
214944
33167
5634
33167
5634
33167
241180
250001
5634
145178
5634
33167
5634
243410
52452
102421
129760
180554
5634
33167
178420
33167
178420
145178
5634
102421
5634
145178
178420
33167
214944
33167
5634
33167
5634
33167
250001
124649
5634
102421
5634
180554
214944
33167
52452
102421
5634
33167
5634
33167
