21163
43478
35048
52624
24260
43478
24260
101917
21163
250001
24260
18072
65793
20247
121884
248509
110608
250001
15334
43478
121884
250001
121884
159185
21163
101917
110608
18072
119138
101917
21163
101917
35048
52624
35048
52624
121884
19686
110608
250001
21163
101917
121884
52624
121884
101917
90848
52624
121884
101917
24260
250001
21163
18072
21163
18072
15334
159185
24260
250001
121884
163934
56553
101917
90848
101224
21163
43478
21163
48559
21163
43478
90445
43478
21163
18072
21163
20247
21163
43478
21163
43478
15334
48559
21163
43478
21163
43478
90445
43478
21163
18072
21163
43478
24260
43478
21163
43478
21163
43478
21163
19686
21163
43478
148650
43478
21163
43478
21163
43478
21163
43478
21163
43478
21163
43478
250001
18072
24260
18072
15334
43478
21163
43478
21163
43478
21163
43478
21163
43478
24260
43478
24260
52624
21163
52624
24260
18072
35048
20247
35048
52624
35048
52624
15334
43478
35048
52624
35048
52624
21163
52624
35048
18072
35048
52624
21163
52624
90447
163934
90445
118268
35048
19686
35048
52624
21163
52624
35048
78859
35048
52624
35048
78859
35048
52624
24260
52624
21163
18072
21163
18072
15334
52624
24260
52624
35048
52624
35048
52624
35048
52624
119138
43478
21163
43478
137108
18072
24260
20247
24260
43478
24260
43478
15334
74249
24260
43478
24260
43478
21163
43478
24260
18072
24260
43478
21163
43478
24260
43478
24260
43478
24260
19686
24260
43478
21163
43478
24260
43478
24260
43478
24260
43478
24260
43478
137108
43478
21163
18072
21163
18072
15334
43478
137108
43478
24260
43478
24260
43478
24260
43478
21163
101917
119138
18072
24260
20247
24260
101917
24260
101917
15334
43478
24260
101917
24260
101917
21163
240826
24260
18072
24260
163934
21163
163934
24260
52624
24260
52624
24260
19686
24260
101917
21163
118312
24260
52624
24260
240826
24260
52624
24260
151846
119138
101917
21163
18072
21163
18072
15334
101917
119138
101917
24260
101917
24260
197059
24260
101224
21163
18072
21163
20247
21163
248509
21163
250001
15334
43478
21163
250001
21163
159185
121844
101917
21163
18072
21163
101917
24260
101917
21163
52624
21163
52624
21163
19686
21163
250001
90445
101917
21163
52624
21163
101917
21163
52624
21163
101917
21163
250001
90445
18072
24260
18072
15334
159185
21163
250001
21163
163934
21163
101917
21163
101224
24260
18072
24260
18072
24260
18072
15334
18072
24260
18072
24260
18072
21163
18072
24260
19686
24260
18072
21163
18072
24260
18072
24260
18072
24260
18072
24260
18072
21163
18072
24260
18072
24260
18072
24260
18072
24260
18072
250001
18072
21163
19686
21163
19686
15334
18072
250001
18072
24260
18072
24260
18072
24260
18072
65793
20247
65793
20247
15334
20247
65793
20247
65793
20247
21163
20247
65793
18072
65793
20247
21163
20247
35048
20247
35048
20247
65793
19686
65793
20247
21163
20247
65793
20247
65793
20247
65793
20247
65793
20247
24260
20247
21163
18072
21163
18072
15334
20247
24260
20247
65793
20247
56553
20247
65793
20247
110608
248509
15334
43478
144256
248509
250001
159185
21163
101917
110608
18072
119138
101917
21163
101917
35048
52624
35048
52624
250001
19686
110608
248509
21163
101917
132775
52624
164921
101917
90848
52624
250001
101917
24260
248509
21163
18072
21163
18072
15334
159185
24260
248509
137108
163934
56553
101917
90848
101224
15334
43478
110608
250001
110608
159185
21163
101917
144256
18072
110608
101917
21163
101917
35048
52624
35048
52624
110608
19686
125756
250001
21163
101917
110608
52624
110608
101917
90848
52624
110608
101917
24260
250001
21163
18072
21163
18072
15334
159185
24260
250001
110608
163934
56553
101917
90848
101224
15334
43478
15334
43478
15334
43478
15334
18072
15334
43478
15334
43478
15334
43478
15334
43478
15334
19686
15334
43478
15334
43478
15334
43478
15334
43478
15334
43478
15334
43478
15334
43478
15334
18072
15334
18072
56553
43478
15334
43478
15334
43478
15334
43478
15334
43478
144256
159185
21163
101917
110608
18072
119138
101917
21163
101917
35048
52624
35048
52624
144256
19686
110608
250001
21163
101917
132775
52624
144256
101917
90848
52624
144256
101917
24260
250001
21163
18072
21163
18072
15334
159185
24260
250001
137108
163934
56553
101917
90848
101224
21163
101917
110608
18072
119138
101917
21163
101917
35048
52624
35048
52624
250001
19686
110608
159185
21163
101917
132775
52624
164921
101917
90848
52624
250001
101917
24260
159185
21163
18072
21163
18072
15334
197998
24260
159185
137108
159185
56553
101917
90848
101224
21163
18072
21163
163934
24260
163934
21163
52624
21163
52624
21163
19686
21163
101917
90445
118312
21163
52624
21163
250001
21163
52624
21163
151846
21163
101917
90445
18072
24260
18072
15334
101917
21163
101917
21163
101917
21163
197059
21163
101224
110608
18072
21163
18072
35048
18072
35048
18072
110608
18072
125756
18072
21163
18072
110608
18072
110608
18072
90848
18072
110608
18072
24260
18072
21163
101917
21163
20247
15334
18072
24260
18072
110608
18072
56553
18072
90848
18072
21163
163949
35048
52624
35048
52624
119138
19686
110608
101917
21163
118312
119138
52624
119138
163934
90848
52624
119138
151846
24260
101917
21163
18072
21163
18072
15334
101917
24260
101917
119138
101917
56553
163934
90848
101224
21163
52624
21163
52624
21163
19686
21163
101917
24260
118312
21163
52624
21163
163934
21163
52624
21163
151846
21163
101917
24260
18072
35048
18072
15334
101917
21163
101917
21163
101917
21163
163934
21163
101224
90445
118268
35048
19686
35048
52624
21163
52624
35048
78859
35048
52624
35048
78859
35048
52624
24260
52624
21163
18072
21163
18072
15334
52624
24260
52624
35048
52624
35048
52624
35048
52624
35048
19686
35048
52624
21163
52624
35048
78859
35048
52624
35048
78859
35048
52624
24260
52624
21163
18072
21163
18072
15334
52624
24260
52624
35048
52624
35048
52624
35048
52624
110608
19686
21163
19686
132775
19686
164921
19686
90848
19686
250001
19686
24260
19686
21163
18072
21163
18072
15334
19686
24260
19686
137108
19686
56553
19686
90848
19686
21163
101917
110608
52624
110608
101917
90848
52624
110608
101917
24260
250001
21163
18072
21163
18072
15334
159185
24260
250001
110608
163934
56553
101917
90848
101224
21163
52624
21163
118312
21163
52624
21163
118312
21163
101917
148650
18072
24260
18072
15334
101917
21163
101917
21163
101917
21163
118312
21163
101224
132775
52624
90848
101917
132775
52624
24260
52624
21163
18072
21163
18072
15334
52624
24260
52624
132775
52624
56553
52624
90848
52624
90848
52624
164921
151846
24260
101917
21163
18072
21163
18072
15334
101917
24260
101917
137108
101917
56553
197059
90848
101224
90848
52624
24260
52624
21163
18072
21163
18072
15334
52624
24260
52624
90848
52624
56553
52624
110608
52624
24260
101917
21163
18072
21163
18072
15334
101917
24260
101917
137108
101917
56553
151846
90848
101224
21163
18072
21163
18072
15334
159185
250001
250001
24260
163934
24260
101917
24260
101224
24260
20247
15334
18072
21163
18072
21163
18072
21163
18072
21163
18072
15334
18072
21163
18072
21163
18072
21163
18072
21163
18072
15334
159185
15334
159185
15334
101917
15334
101224
24260
163934
24260
101917
24260
101224
56553
101917
90848
101224
56553
101224
