87603
8783
28883
75538
31129
81365
28883
109405
3349
109405
31129
75538
28883
81352
31129
109405
31129
75538
150877
109405
2109
177144
28883
109405
127632
109405
150877
250001
104688
109405
150877
233111
150877
250001
150877
216933
31129
75538
150877
92179
31129
75538
28883
109405
31129
81365
31129
75538
2109
110655
31129
75538
31129
109405
31129
75538
31129
232443
31129
75538
3349
109405
31129
232443
31129
75538
28883
75538
31129
75538
87603
8783
31129
75538
28883
8783
31129
8783
28883
8783
3349
8783
31129
8783
28883
8783
31129
8783
31129
8783
87603
8783
2109
8783
28883
8783
87603
8783
87603
8783
87603
8783
87603
8783
87603
8783
87603
8783
31129
8783
87603
8783
31129
8783
28883
8783
31129
8783
31129
8783
2109
8783
31129
8783
31129
8783
31129
8783
31129
8783
31129
8783
3349
8783
31129
8783
31129
8783
28883
8783
31129
8783
250001
81352
31129
8783
28883
75538
29765
75538
3349
75538
28883
250001
29765
75538
28883
75538
28883
250001
28883
75538
2109
75538
29765
75538
28883
75538
28883
75538
28883
75538
28883
75538
28883
75538
28883
75538
28883
250001
28883
75538
28883
110655
87981
75538
28883
75538
28883
250001
2109
75538
28883
91386
28883
75538
28883
250001
28883
75538
28883
250001
3349
75538
28883
75538
28883
91386
29765
77161
28883
250001
28883
8783
28883
250001
28883
81365
3349
81365
51865
75538
28883
81352
51865
81365
51865
75538
31129
81365
2109
81365
28883
81365
31129
81365
31129
81365
31129
81365
31129
81365
31129
81365
31129
81365
51865
75538
31129
81365
51865
75538
28883
81365
51865
87166
51865
75538
2109
81365
45869
75538
51865
81365
51865
75538
51865
81365
51865
75538
3349
81365
87603
81365
45869
75538
28883
75538
51865
75538
31129
8783
51865
75538
3349
110655
28883
75538
60500
81352
28883
110655
28883
75538
28883
110655
2109
109405
33253
110655
28883
110655
28883
109405
28883
110655
28883
109405
28883
109405
28883
109405
28883
75538
28883
92179
28883
75538
29765
110655
28883
81365
28883
75538
2109
109405
28883
75538
28883
110655
28883
75538
28883
109405
28883
75538
3349
250001
28883
109405
28883
75538
104688
75538
28883
75538
28883
8783
28883
75538
3349
75538
3349
81352
3349
111205
3349
75538
3349
250001
2109
109405
3349
111435
3349
245106
3349
109405
3349
216931
3349
109405
3349
109405
3349
109405
3349
75538
3349
92179
3349
75538
3349
111435
3349
81365
3349
75538
2109
109405
3349
75538
3349
216931
3349
75538
3349
109405
3349
75538
33253
110655
3349
109405
3349
75538
3349
75538
3349
75538
3349
8783
3349
75538
28883
75538
53828
75538
90327
250001
31129
75538
2109
75538
28883
75538
31129
75538
31129
75538
31129
75538
31129
75538
31129
75538
31129
75538
95498
250001
31129
75538
82172
110655
28883
75538
250001
75538
145297
250001
2109
75538
45869
91386
127632
75538
145297
250001
84015
75538
250001
250001
3349
75538
51865
75538
45869
91386
28883
77161
145297
250001
31129
8783
145297
250001
28883
81352
28883
75538
28883
81352
2109
81352
33253
81352
28883
81352
28883
81352
28883
81352
28883
81352
28883
81352
28883
81352
28883
75538
28883
81352
28883
75538
29765
81352
28883
81352
28883
75538
2109
81352
28883
75538
28883
81352
28883
75538
28883
81352
28883
75538
3349
81352
28883
81352
28883
75538
60500
75538
28883
75538
28883
8783
28883
75538
53828
75538
31129
111205
2109
109405
28883
111205
31129
111205
31129
109405
31129
111205
31129
109405
31129
109405
31129
109405
53828
75538
31129
92179
53828
75538
28883
111205
53828
81365
53828
75538
2109
109405
45869
75538
53828
111205
53828
75538
53828
109405
53828
75538
3349
110655
51865
109405
45869
75538
28883
75538
53828
75538
31129
8783
53828
75538
31129
75538
2109
75538
28883
75538
31129
75538
31129
75538
31129
75538
31129
75538
31129
75538
31129
75538
90327
250001
31129
75538
82172
110655
28883
75538
90327
75538
90327
250001
2109
75538
45869
91386
90327
75538
90327
250001
84015
75538
90327
250001
3349
75538
51865
75538
45869
91386
28883
77161
90327
250001
31129
8783
90327
250001
2109
109405
28883
111435
127632
245106
250001
109405
104688
216931
250001
109405
250001
109405
191894
109405
31129
75538
250001
92179
31129
75538
28883
111435
31129
81365
31129
75538
2109
109405
31129
75538
31129
216931
31129
75538
31129
109405
31129
75538
3349
110655
31129
109405
31129
75538
28883
75538
31129
75538
87603
8783
31129
75538
2109
109405
2109
109405
2109
177144
2109
109405
2109
177144
2109
177144
2109
177144
2109
75538
2109
92179
2109
75538
2109
109405
2109
81365
2109
75538
28883
110655
2109
75538
2109
109405
2109
75538
2109
177144
2109
75538
2109
109405
2109
177144
2109
75538
2109
75538
2109
75538
2109
8783
2109
75538
28883
111435
28883
109405
28883
111435
28883
109405
28883
109405
28883
109405
28883
75538
28883
92179
28883
75538
29765
113664
28883
81365
28883
75538
2109
109405
28883
75538
28883
111435
28883
75538
28883
109405
28883
75538
3349
110655
28883
109405
28883
75538
33253
75538
28883
75538
28883
8783
28883
75538
127632
109405
104688
216931
127632
109405
127632
109405
127632
109405
31129
75538
127632
92179
31129
75538
28883
111435
31129
81365
31129
75538
2109
109405
31129
75538
31129
216931
31129
75538
31129
109405
31129
75538
3349
110655
31129
109405
31129
75538
28883
75538
31129
75538
87603
8783
31129
75538
104688
109405
250001
233111
250001
250001
191894
216933
31129
75538
250001
92179
31129
75538
28883
109405
31129
81365
31129
75538
2109
110655
31129
75538
31129
109405
31129
75538
31129
232443
31129
75538
3349
109405
31129
232443
31129
75538
28883
75538
31129
75538
87603
8783
31129
75538
104688
109405
104688
109405
104688
109405
31129
75538
104688
92179
31129
75538
28883
111435
31129
81365
31129
75538
2109
109405
31129
75538
31129
250001
31129
75538
31129
109405
31129
75538
3349
110655
31129
109405
31129
75538
28883
75538
31129
75538
87603
8783
31129
75538
250001
233111
191894
216933
31129
75538
250001
92179
31129
75538
28883
109405
31129
81365
31129
75538
2109
110655
31129
75538
31129
109405
31129
75538
31129
232443
31129
75538
3349
109405
31129
232443
31129
75538
28883
75538
31129
75538
87603
8783
31129
75538
191894
216933
31129
75538
250001
92179
31129
75538
28883
109405
31129
81365
31129
75538
2109
110655
31129
75538
31129
109405
31129
75538
31129
232443
31129
75538
3349
109405
31129
232443
31129
75538
28883
75538
31129
75538
87603
8783
31129
75538
31129
75538
191894
92179
31129
75538
28883
109405
31129
81365
31129
75538
2109
110655
31129
75538
31129
109405
31129
75538
31129
216933
31129
75538
3349
109405
31129
216933
31129
75538
28883
75538
31129
75538
87603
8783
31129
75538
31129
75538
82172
110655
28883
75538
95498
75538
95498
250001
2109
75538
45869
91386
95498
75538
95498
250001
84015
75538
95498
250001
3349
75538
51865
75538
45869
91386
28883
77161
95498
250001
31129
8783
95498
250001
31129
75538
28883
92179
31129
81365
31129
75538
2109
92179
31129
75538
31129
92179
31129
75538
31129
92179
31129
75538
3349
92179
31129
92179
31129
75538
28883
75538
31129
75538
87603
8783
31129
75538
28883
75538
82172
75538
82172
110655
2109
75538
45869
91386
82172
75538
82172
110655
82172
75538
82172
110655
3349
75538
51865
75538
45869
91386
28883
77161
82172
110655
31129
8783
82172
110655
28883
81365
28883
75538
2109
109405
28883
75538
28883
111435
28883
75538
28883
109405
28883
75538
3349
110655
28883
109405
28883
75538
29765
75538
28883
75538
28883
8783
28883
75538
145297
75538
2109
81365
45869
75538
127632
81365
145297
75538
84015
81365
250001
75538
3349
81365
51865
81365
45869
75538
28883
75538
145297
75538
31129
8783
145297
75538
2109
75538
45869
91386
2109
75538
127632
75538
2109
109405
154695
250001
2109
75538
84015
75538
2109
110655
145297
250001
2109
75538
3349
75538
2109
109405
51865
75538
2109
110655
45869
91386
2109
75538
28883
77161
2109
75538
154695
250001
2109
75538
31129
8783
2109
8783
154695
250001
2109
75538
45869
75538
45869
91386
45869
75538
45869
91386
3349
75538
45869
75538
145297
250001
28883
77161
45869
91386
31129
8783
45869
91386
127632
75538
84015
109405
127632
75538
3349
110655
51865
109405
45869
75538
28883
75538
127632
75538
31129
8783
127632
75538
84015
75538
145297
250001
3349
75538
51865
75538
45869
91386
28883
77161
226517
250001
31129
8783
226517
250001
84015
75538
3349
109405
51865
233111
45869
75538
28883
75538
84015
75538
31129
8783
84015
75538
3349
75538
51865
75538
45869
91386
28883
77161
145297
250001
31129
8783
145297
250001
3349
109405
3349
75538
3349
75538
3349
75538
3349
8783
3349
75538
45869
75538
28883
75538
51865
75538
31129
8783
51865
75538
28883
77161
45869
91386
31129
8783
45869
91386
28883
77161
28883
8783
28883
77161
31129
8783
229369
250001
31129
8783
