92657
14453
4398
24517
4398
24517
4398
24517
4398
24517
4398
24517
4398
14453
4398
24517
4398
24517
92751
77631
4398
24517
4398
24517
4398
24517
4398
24517
4398
24517
92657
24517
92657
24517
4398
24517
4398
24517
1482
3527
4398
24517
4398
24517
4398
24517
4398
24517
4398
24517
87075
24517
4398
24517
4398
24517
4398
24517
4398
24517
4398
24517
179646
212385
4398
24517
1482
3527
4398
24517
92751
77631
4398
14453
4398
14453
4398
14453
4398
14453
4398
14453
4398
29896
4398
14453
4398
14453
92657
14453
4398
14453
4398
14453
4398
14453
4398
14453
4398
14453
113910
14453
193490
14453
4398
14453
4398
14453
1482
3527
4398
14453
4398
14453
4398
14453
4398
14453
4398
14453
87075
14453
4398
14453
4398
14453
4398
14453
4398
14453
4398
14453
92657
14453
4398
14453
1482
3527
4398
14453
92657
14453
94028
25086
6858
24794
51852
54071
194795
54071
51852
14453
12512
33743
51852
54071
4398
24517
51852
54071
51852
24794
51852
54071
51852
24794
51852
34816
4398
54071
4398
54071
51852
34816
132289
54071
1482
3527
140255
54071
51852
54071
51852
53442
92751
26788
51852
24794
4398
54071
250001
54071
51852
54071
51852
54071
113910
54071
250001
54071
4398
24517
51852
26788
1482
3527
9600
53442
4398
24517
6858
24794
51852
25086
94028
25086
51852
14453
12512
25086
51852
25086
4398
24517
51852
25086
51852
24794
51852
25086
51852
24794
51852
25086
4398
25086
4398
25086
51852
25086
94028
25086
1482
3527
94028
25086
51852
25086
51852
25086
92751
25086
51852
24794
4398
25086
94028
25086
51852
25086
51852
25086
94028
25086
94028
25086
4398
24517
51852
25086
1482
3527
9600
25086
4398
24517
6858
24794
6858
24794
6858
14453
6858
24794
6858
24794
4398
24517
6858
24794
6858
53442
6858
24794
6858
53442
6858
24794
4398
24794
4398
24794
6858
24794
6858
24794
1482
3527
6858
24794
6858
24794
6858
24794
6858
24794
6858
70159
4398
24794
6858
24794
6858
24794
6858
24794
6858
24794
6858
24794
4398
24517
6858
24794
1482
3527
6858
24794
4398
24517
51852
80512
92751
14453
12512
33743
92657
80512
4398
24517
92751
80512
70359
24794
160914
250001
70359
24794
160914
34816
4398
80512
4398
80512
74568
34816
51852
80512
1482
3527
51852
55758
92657
80512
53547
53442
51852
26788
92751
24794
4398
80512
51852
80512
160914
70159
160914
250001
51852
80512
51852
80512
4398
24517
92657
26788
1482
3527
9600
53442
4398
24517
51852
14453
12512
33743
51852
117278
4398
24517
51852
250001
51852
24794
51852
80512
51852
24794
51852
34816
4398
250001
4398
117278
51852
34816
132289
86351
1482
3527
140255
55758
51852
88053
51852
53442
92751
26788
51852
24794
4398
227095
194795
86351
51852
70159
51852
80512
113910
86351
194795
250001
4398
24517
51852
26788
1482
3527
9600
53442
4398
24517
12512
14453
92657
14453
4398
14453
115224
14453
70359
14453
92751
14453
70359
14453
92751
14453
4398
14453
4398
14453
74568
14453
51852
14453
1482
3527
51852
14453
92657
14453
53547
14453
51852
14453
113910
14453
4398
14453
51852
14453
92751
14453
92751
14453
51852
14453
51852
14453
4398
14453
92657
14453
1482
3527
9600
14453
4398
14453
12512
33743
4398
24517
12512
33743
12512
24794
12512
33743
12512
24794
12512
33743
4398
33743
4398
33743
12512
33743
12512
33743
1482
3527
12512
33743
12512
33743
12512
33743
12512
26788
12512
24794
4398
33743
12512
33743
12512
33743
12512
33743
12512
33743
12512
33743
4398
24517
12512
26788
1482
3527
9600
33743
4398
24517
4398
24517
92657
117278
70359
24794
92657
80512
70359
24794
92657
34816
4398
117278
4398
208931
74568
34816
51852
86351
1482
3527
51852
55758
250001
88053
53547
53442
51852
26788
92657
24794
4398
117278
51852
86351
92657
70159
92657
80512
51852
86351
51852
117278
4398
24517
113910
26788
1482
3527
9600
53442
4398
24517
4398
24517
4398
24517
4398
24517
4398
24517
4398
24517
92657
24517
92657
24517
4398
24517
4398
24517
1482
3527
4398
24517
4398
24517
4398
24517
4398
24517
4398
24517
87075
24517
4398
24517
4398
24517
4398
24517
4398
24517
4398
24517
92751
77631
4398
24517
1482
3527
4398
24517
150804
88053
70359
24794
92751
80512
70359
24794
92751
34816
4398
250001
4398
117278
74568
34816
51852
86351
1482
3527
51852
55758
92657
88053
53547
53442
51852
26788
113910
24794
4398
227095
51852
86351
92751
70159
92751
80512
51852
86351
51852
250001
4398
24517
92657
26788
1482
3527
9600
53442
4398
24517
70359
24794
186846
250001
70359
24794
4398
24794
4398
24794
70359
24794
51852
24794
1482
3527
51852
24794
70359
24794
53547
24794
51852
24794
70359
53442
4398
24794
51852
24794
70359
24794
70359
24794
51852
24794
51852
24794
4398
24517
70359
24794
1482
3527
9600
24794
4398
24517
70359
24794
194561
34816
4398
80512
4398
80512
74568
34816
51852
80512
1482
3527
51852
55758
92657
80512
53547
53442
51852
26788
92751
24794
4398
80512
51852
80512
194561
70159
177167
250001
51852
80512
51852
80512
4398
24517
92657
26788
1482
3527
9600
53442
4398
24517
70359
24794
4398
24794
4398
24794
70359
24794
51852
24794
1482
3527
51852
24794
70359
24794
53547
24794
51852
24794
70359
53442
4398
24794
51852
24794
70359
24794
70359
24794
51852
24794
51852
24794
4398
24517
70359
24794
1482
3527
9600
24794
4398
24517
4398
34816
4398
34816
74568
55758
51852
34816
1482
3527
51852
34816
92657
34816
53547
34816
51852
26788
92751
24794
4398
34816
51852
34816
250001
34816
177167
34816
51852
34816
51852
34816
4398
24517
92657
26788
1482
3527
9600
34816
4398
24517
113910
117278
4398
34816
4398
86351
1482
3527
4398
55758
4398
88053
4398
53442
4398
26788
4398
24794
87075
227095
4398
86351
4398
70159
4398
80512
4398
86351
4398
250001
92657
24517
4398
26788
1482
3527
4398
53442
92657
24517
4398
34816
4398
86351
1482
3527
4398
55758
4398
88053
4398
53442
4398
26788
4398
24794
87075
117278
4398
86351
4398
70159
4398
80512
4398
86351
4398
117278
92657
24517
4398
26788
1482
3527
4398
53442
92657
24517
51852
34816
1482
3527
51852
34816
74568
34816
53547
34816
51852
26788
74568
24794
4398
34816
51852
34816
74568
34816
74568
34816
51852
34816
51852
34816
4398
24517
74568
26788
1482
3527
9600
34816
4398
24517
1482
3527
132289
55758
51852
86351
51852
53442
92751
26788
51852
24794
4398
86351
132289
250001
51852
70159
51852
80512
113910
227095
132289
86351
4398
24517
51852
26788
1482
3527
9600
53442
4398
24517
1482
3527
1482
3527
1482
3527
1482
3527
1482
3527
1482
3527
1482
3527
1482
3527
1482
3527
1482
3527
1482
3527
1482
3527
1482
3527
75892
25497
1482
3527
1482
3527
51852
55758
51852
53442
92751
26788
51852
24794
4398
55758
140255
55758
51852
55758
51852
55758
113910
55758
140255
55758
4398
24517
51852
26788
1482
3527
9600
53442
4398
24517
53547
53442
51852
26788
92657
24794
4398
88053
51852
86351
92657
70159
92657
80512
51852
86351
51852
88053
4398
24517
113910
26788
1482
3527
9600
53442
4398
24517
51852
26788
53547
24794
4398
53442
51852
53442
53547
53442
53547
53442
51852
53442
51852
53442
4398
24517
53547
26788
1482
3527
9600
227095
4398
24517
51852
24794
4398
26788
92751
26788
51852
26788
51852
26788
92751
26788
92751
26788
4398
24517
51852
29404
1482
3527
9600
26788
4398
24517
4398
24794
51852
24794
92751
24794
92751
24794
51852
24794
51852
24794
4398
24517
92657
24794
1482
3527
9600
24794
4398
24517
4398
86351
4398
70159
4398
80512
4398
86351
4398
227095
87075
24517
4398
26788
1482
3527
4398
53442
87075
24517
51852
70159
51852
80512
113910
227095
250001
86351
4398
24517
51852
26788
1482
3527
9600
53442
4398
24517
177167
70159
51852
70159
51852
70159
4398
24517
92657
26788
1482
3527
9600
53442
4398
24517
51852
80512
51852
80512
4398
24517
92657
26788
1482
3527
9600
53442
4398
24517
113910
86351
4398
24517
51852
26788
1482
3527
9600
53442
4398
24517
4398
24517
51852
26788
1482
3527
9600
53442
4398
24517
4398
24517
1482
3527
4398
24517
92751
77631
1482
3527
9600
26788
4398
24517
1482
3527
1482
3527
4398
24517
