250001
98329
122470
96749
122470
96749
122470
54709
37785
22625
122470
80230
91825
25590
122470
250001
250001
222998
250001
81129
122470
54709
50082
109974
108291
33609
250001
240355
250001
195410
122470
54709
31161
96749
250001
218351
122470
110176
37706
81129
31161
96749
122470
54709
210465
121598
50082
96060
50082
109974
213141
36085
96710
121598
37785
54709
122470
80155
122470
83756
37706
250001
209264
250001
91825
25590
250001
250001
122470
80155
173458
22625
122470
96749
122470
96749
122470
54709
37785
22625
122470
80230
91825
25590
122470
98329
250001
98329
250001
81129
122470
54709
50082
98329
108291
33609
250001
98329
250001
98329
122470
54709
31161
96749
250001
98329
122470
98329
37706
81129
31161
96749
122470
54709
210465
98329
50082
96060
50082
98329
213141
36085
96710
98329
37785
54709
122470
80155
122470
83756
37706
98329
209264
98329
91825
25590
250001
98329
122470
80155
173458
22625
213141
97131
145189
54709
37785
22625
250001
80230
91825
25590
243184
96749
122470
96749
122470
81129
145189
54709
50082
96749
108291
33609
122470
96749
122470
96749
145189
54709
31161
97131
122470
96749
243184
96749
37706
81129
31161
97131
145189
54709
122470
96749
50082
96060
50082
96749
122470
36085
96710
96749
37785
54709
242360
80155
243184
83756
37706
96749
122470
96749
91825
25590
122470
96749
243184
80155
122470
22625
145189
54709
37785
22625
213141
80230
91825
25590
213141
96749
122470
96749
122470
81129
145189
54709
50082
96749
108291
33609
122470
96749
122470
96749
145189
54709
31161
97356
122470
96749
213141
96749
37706
81129
31161
195410
145189
54709
122470
96749
50082
96060
50082
96749
122470
36085
96710
96749
37785
54709
213141
80155
213141
83756
37706
96749
122470
96749
91825
25590
122470
96749
213141
80155
122470
22625
37785
22625
145189
54709
91825
25590
145189
54709
122470
54709
122470
54709
250001
218351
50082
54709
108291
33609
122470
54709
122470
54709
250001
96060
31161
54709
122470
54709
145189
54709
37706
54709
31161
54709
250001
80155
122470
54709
50082
54709
50082
54709
122470
36085
96710
54709
37785
217791
145189
54709
145189
54709
37706
54709
122470
54709
91825
25590
122470
54709
145189
54709
122470
22625
37785
22625
37785
22625
37785
22625
37785
22625
37785
22625
37785
22625
37785
22625
37785
22625
37785
22625
37785
22625
37785
22625
31161
22625
37785
22625
37785
22625
37706
22625
31161
22625
37785
22625
37785
22625
37785
22625
37785
22625
37785
22625
37785
22625
145189
22625
37785
22625
37785
22625
37706
22625
37785
22625
37785
22625
37785
22625
37785
22625
37785
33609
91825
25590
243184
80230
122470
80230
122470
80230
145189
54709
50082
80230
108291
33609
122470
80230
122470
80230
145189
54709
31161
80230
122470
80230
243184
80230
37706
80230
31161
80230
145189
54709
122470
80230
50082
80230
50082
80230
122470
36085
96710
80230
37785
54709
242360
80155
243184
80230
37706
80230
122470
80230
91825
25590
122470
80230
243184
80155
122470
22625
91825
25590
91825
25590
91825
25590
91825
25590
50082
25590
91825
25590
91825
25590
91825
25590
91825
25590
31161
25590
91825
25590
91825
25590
37706
25590
31161
25590
91825
25590
91825
25590
50082
25590
50082
25590
91825
25590
91825
25590
37785
25590
91825
25590
91825
25590
37706
25590
91825
25590
209264
250001
91825
25590
91825
25590
91825
22625
122470
222998
122470
81129
145189
54709
50082
109974
108291
33609
122470
240355
122470
195410
145189
54709
31161
96749
122470
218351
250001
110176
37706
81129
31161
96749
145189
54709
122470
121598
50082
96060
50082
109974
122470
36085
96710
121598
37785
54709
242360
80155
250001
83756
37706
250001
122470
250001
91825
25590
122470
250001
250001
80155
122470
22625
250001
81129
122470
54709
50082
109974
108291
33609
250001
222998
250001
195410
122470
54709
31161
96749
250001
218351
122470
110176
37706
81129
31161
96749
122470
54709
210465
121598
50082
96060
50082
109974
213141
36085
96710
121598
37785
54709
122470
80155
122470
83756
37706
222998
209264
222998
91825
25590
250001
222998
122470
80155
173458
22625
122470
54709
50082
81129
108291
33609
250001
81129
250001
81129
122470
54709
31161
81129
250001
81129
122470
81129
37706
98329
31161
81129
122470
54709
210465
81129
50082
81129
50082
81129
213141
36085
96710
81129
37785
54709
122470
80155
122470
81129
37706
81129
209264
81129
91825
25590
250001
81129
122470
80155
173458
22625
50082
54709
108291
33609
122470
54709
122470
54709
250001
96060
31161
54709
122470
54709
145189
54709
37706
54709
31161
54709
250001
80155
122470
54709
50082
54709
50082
54709
122470
36085
96710
54709
37785
217791
145189
54709
145189
54709
37706
54709
122470
54709
91825
25590
122470
54709
145189
54709
122470
22625
50082
33609
50082
109974
50082
109974
50082
54709
31161
96749
50082
109974
50082
109974
37706
81129
31161
96749
50082
54709
50082
109974
236649
96060
236649
155033
50082
36085
50082
109974
37785
54709
50082
80155
50082
83756
37706
109974
50082
109974
50082
25590
50082
109974
50082
80155
50082
22625
108291
33609
108291
33609
108291
33609
31161
33609
108291
33609
108291
33609
37706
33609
31161
33609
108291
33609
108291
33609
50082
33609
50082
33609
108291
33609
96710
33609
37785
33609
108291
33609
108291
33609
37706
33609
108291
33609
91825
25590
108291
33609
108291
33609
108291
22625
250001
195410
122470
54709
31161
96749
250001
218351
122470
110176
37706
81129
31161
96749
122470
54709
210465
121598
50082
96060
50082
109974
213141
36085
96710
121598
37785
54709
122470
80155
122470
83756
37706
240355
209264
240355
91825
25590
250001
240355
122470
80155
173458
22625
122470
54709
31161
96749
250001
195410
122470
110176
37706
81129
31161
96749
122470
54709
210465
121598
50082
96060
50082
109974
213141
36085
96710
121598
37785
54709
122470
80155
122470
83756
37706
195410
209264
195410
91825
25590
250001
195410
122470
80155
173458
22625
31161
54709
122470
54709
145189
54709
37706
54709
31161
54709
250001
80155
122470
54709
50082
54709
50082
54709
122470
36085
96710
54709
37785
96060
145189
54709
145189
54709
37706
54709
122470
54709
91825
25590
122470
54709
145189
54709
122470
22625
31161
96749
31161
96749
31161
81129
37706
97356
31161
54709
31161
96749
31161
96060
31161
96749
31161
36085
31161
96749
31161
54709
31161
80155
31161
83756
31161
96749
31161
96749
31161
25590
31161
96749
31161
80155
31161
22625
122470
110176
37706
81129
31161
96749
122470
54709
210465
121598
50082
96060
50082
109974
213141
36085
96710
121598
37785
54709
122470
80155
122470
83756
37706
218351
209264
218351
91825
25590
250001
218351
122470
80155
173458
22625
37706
81129
31161
96749
145189
54709
122470
110176
50082
96060
50082
109974
122470
36085
96710
110176
37785
54709
242360
80155
250001
83756
37706
110176
122470
110176
91825
25590
122470
110176
250001
80155
122470
22625
31161
81129
37706
54709
37706
81129
37706
81129
37706
81129
37706
36085
37706
81129
37706
54709
37706
80155
37706
81129
250001
81129
37706
81129
37706
25590
37706
81129
37706
80155
37706
22625
31161
54709
31161
96749
31161
96060
31161
96749
31161
36085
31161
96749
31161
54709
31161
80155
31161
83756
31161
96749
31161
96749
31161
25590
31161
96749
31161
80155
31161
22625
122470
54709
50082
54709
50082
54709
122470
36085
96710
54709
37785
80155
145189
54709
145189
54709
37706
54709
122470
54709
91825
25590
122470
54709
145189
54709
122470
22625
50082
96060
50082
109974
210465
36085
96710
250001
37785
54709
122470
80155
122470
83756
37706
121598
209264
121598
91825
25590
210465
121598
122470
80155
173458
22625
242360
96060
50082
36085
50082
96060
37785
54709
50082
80155
50082
83756
37706
96060
50082
96060
50082
25590
50082
96060
50082
80155
50082
22625
50082
36085
50082
109974
37785
54709
50082
80155
50082
83756
37706
109974
50082
109974
50082
25590
50082
109974
50082
80155
50082
22625
96710
36085
37785
36085
122470
36085
122470
36085
37706
36085
209264
36085
91825
25590
213141
36085
122470
36085
173458
22625
37785
54709
96710
80155
96710
83756
37706
121598
96710
121598
91825
25590
96710
121598
96710
80155
96710
22625
37785
54709
37785
54709
37706
54709
37785
54709
37785
25590
37785
54709
37785
54709
37785
22625
242360
80155
37706
80155
122470
80155
91825
25590
122470
80155
242360
211025
122470
22625
37706
83756
122470
83756
91825
25590
122470
83756
250001
80155
122470
22625
37706
250001
37706
25590
37706
250001
37706
80155
37706
22625
91825
25590
209264
250001
122470
80155
173458
22625
91825
25590
91825
25590
91825
22625
122470
80155
173458
22625
122470
22625
