77667
68220
21090
68220
21090
69891
77667
68226
77667
68220
77667
68226
53708
68220
53708
68226
250001
76807
77667
68220
28606
74993
77667
68226
77667
74993
77667
68226
77667
68226
77667
76807
77667
68226
77667
68220
77667
103235
77667
68226
77667
82068
129596
74993
77667
68220
250001
76807
77667
68226
77667
68226
77667
68220
77667
69891
53708
68220
77667
68226
77667
68226
77667
68226
21090
144570
21090
68220
165115
68220
165115
250001
165115
68220
53708
144570
53708
68220
77667
68220
97956
144570
28606
68220
165115
68220
165115
68220
122025
68220
250001
68220
129596
68220
165115
68220
250001
143698
165115
68220
250001
68220
165115
68220
77667
68220
250001
68226
77667
68220
165115
68220
165115
68220
165115
74993
165115
68220
53708
100624
165115
68220
165115
68220
165115
68220
209206
68220
21090
68220
21090
144570
21090
68220
21090
212438
21090
68220
21090
68220
21090
250001
21090
68220
21090
68220
21090
68220
21090
68220
21090
68220
21090
68220
21090
68220
21090
143698
21090
68220
21090
68220
21090
68220
21090
68220
21090
68226
21090
68220
21090
68220
21090
68220
21090
74993
21090
68220
21090
100624
21090
68220
21090
68220
21090
68220
21090
68226
21090
68220
21090
68226
21090
68220
21090
68226
21090
69891
21090
68220
21090
69891
21090
68226
21090
69891
21090
68226
21090
68226
21090
69891
21090
68226
21090
68220
21090
69891
21090
68226
21090
69891
21090
69891
21090
68220
21090
69891
21090
68226
21090
68226
21090
68220
21090
74993
21090
68220
21090
68226
21090
68226
21090
68226
197845
68220
197845
74993
53708
68220
53708
74993
77667
68226
97956
68220
28606
68226
197845
74993
179212
68226
122025
136275
165115
74993
129596
68226
197845
74993
165115
68220
197845
68226
165115
74993
250001
68226
77667
68226
165115
68220
77667
68226
250001
125620
203814
74993
250001
68220
250001
68226
53708
68220
250001
143698
197845
69891
197845
74993
250001
68220
53708
144570
53708
68220
77667
68220
97956
144570
28606
68220
250001
68220
179212
68220
122025
68220
165115
68220
129596
68220
250001
68220
165115
143698
250001
68220
165115
68220
197845
68220
77667
68220
165115
68226
77667
68220
197845
68220
197845
68220
197845
74993
197845
68220
53708
100624
197845
68220
250001
68220
225076
68220
53708
68220
53708
144570
77667
68226
97956
68220
28606
68226
250001
100624
179212
68226
122025
74993
165115
100624
129596
68226
250001
100624
165115
68220
250001
68226
165115
100624
197845
68226
77667
68226
165115
68220
77667
68226
197845
74993
197845
144570
197845
68220
197845
68226
53708
68220
197845
74993
250001
69891
225076
144570
250001
68220
53708
68220
53708
212438
28606
68220
53708
68220
53708
68220
53708
68220
53708
68220
53708
68220
53708
68220
53708
143698
53708
68220
53708
68220
53708
68220
53708
68220
53708
68226
53708
68220
53708
68220
53708
68220
53708
74993
53708
68220
250001
100624
53708
68220
53708
68220
53708
68220
53708
68226
53708
68220
28606
68226
53708
100624
53708
68226
53708
74993
53708
100624
53708
68226
53708
100624
53708
68220
53708
68226
53708
100624
53708
68226
53708
68226
53708
68220
53708
68226
53708
74993
53708
177386
53708
68220
53708
68226
250001
68220
53708
74993
53708
69891
53708
177386
77667
68220
28606
74993
77667
68226
77667
74993
77667
68226
77667
68226
77667
103235
77667
68226
77667
68220
77667
76807
77667
68226
77667
76807
129596
74993
77667
68220
250001
103235
77667
68226
77667
68226
77667
68220
77667
69891
53708
68220
77667
68226
77667
68226
77667
68226
28606
68220
97956
68220
97956
68220
97956
68220
97956
68220
97956
68220
97956
68220
97956
143698
97956
68220
97956
68220
97956
68220
77667
68220
97956
68226
77667
68220
97956
68220
97956
68220
97956
74993
97956
68220
53708
100624
97956
68220
97956
68220
97956
68220
28606
68226
28606
144570
28606
68226
28606
68226
28606
74993
28606
68226
28606
68220
28606
74993
28606
68226
28606
74993
28606
144601
28606
68220
28606
74993
28606
68226
28606
68226
28606
68220
28606
69891
28606
68220
28606
68226
28606
68226
28606
68226
179212
68226
122025
74993
165115
214745
129596
68226
250001
250001
165115
68220
250001
68226
165115
144570
197845
68226
77667
68226
165115
68220
77667
68226
197845
74993
197845
100624
197845
68220
197845
68226
53708
68220
197845
74993
250001
69891
225076
100624
122025
68226
165115
68226
129596
74993
179212
68226
165115
68220
179212
74993
165115
68226
179212
74993
77667
144570
165115
68220
77667
74993
179212
68226
179212
68226
179212
68220
179212
69891
53708
68220
179212
68226
179212
68226
179212
68226
122025
74993
122025
68226
122025
74993
122025
68220
122025
68226
122025
74993
122025
68226
77667
68226
122025
68220
77667
68226
122025
125620
122025
74993
122025
68220
122025
68226
53708
68220
122025
136275
122025
69891
122025
74993
129596
68226
165115
214745
250001
68220
165115
68226
250001
144570
165115
68226
77667
68226
250001
68220
77667
68226
165115
74993
165115
100624
165115
68220
165115
68226
53708
68220
165115
74993
165115
69891
165115
100624
129596
68226
129596
68220
129596
76807
129596
68226
129596
76807
77667
74993
129596
68220
77667
129959
129596
68226
129596
68226
129596
68220
129596
69891
53708
68220
129596
68226
129596
68226
129596
68226
165115
68220
250001
68226
165115
144570
197845
68226
77667
68226
165115
68220
77667
68226
197845
74993
197845
100624
197845
68220
197845
68226
53708
68220
197845
74993
250001
69891
225076
100624
165115
68220
250001
68220
165115
68220
77667
68220
250001
68226
77667
68220
165115
68220
165115
68220
165115
74993
165115
68220
53708
100624
165115
68220
165115
68220
165115
68220
165115
68226
197845
82068
77667
74993
165115
68220
77667
76807
197845
68226
197845
68226
197845
68220
197845
69891
53708
68220
197845
68226
250001
68226
225076
68226
165115
68226
77667
68226
250001
68220
77667
68226
165115
74993
165115
100624
165115
68220
165115
68226
53708
68220
165115
74993
165115
69891
165115
100624
77667
74993
165115
68220
77667
76807
250001
68226
203814
68226
250001
68220
250001
69891
53708
68220
250001
68226
197845
68226
197845
68226
77667
68220
129596
74993
77667
68226
77667
68226
77667
68220
77667
69891
53708
68220
77667
68226
77667
68226
77667
68226
77667
68220
165115
68220
165115
68220
165115
68226
165115
68220
53708
68226
165115
68220
165115
68220
165115
68220
77667
68226
77667
68226
77667
68220
77667
69891
53708
68220
77667
68226
77667
68226
77667
68226
203814
74993
250001
68220
250001
68226
53708
68220
250001
125620
197845
69891
197845
74993
203814
68220
203814
68226
53708
68220
203814
74993
197845
69891
197845
219662
250001
68220
53708
74993
250001
68220
197845
68220
197845
68220
53708
68220
250001
68226
197845
68226
197845
68226
53708
68220
53708
68220
53708
68220
197845
69891
197845
74993
225076
69891
