56017
68320
56017
68320
40652
68320
40652
68320
236220
68320
236220
68320
40652
68320
40652
16503
40652
250001
40652
68320
40652
220484
56017
68320
95773
68320
189158
68320
95773
68320
158178
68320
40652
68320
40652
68320
236220
68320
189158
68320
40652
16503
56017
250001
236220
68320
40652
68320
236220
68320
189158
68320
40652
250001
236220
68320
40652
68320
95773
68320
40652
68320
236220
68320
158178
250001
40652
210749
40652
76417
56017
235156
56017
250001
40652
165300
40652
16503
40652
68320
40652
250001
40652
68320
95773
250001
56017
250001
56017
76417
56017
250001
56017
153897
40652
103415
40652
250001
56017
250001
56017
250001
40652
16503
158178
68320
56017
250001
40652
250001
56017
250001
56017
250001
40652
68320
56017
250001
40652
250001
56017
250001
40652
250001
56017
250001
40652
210749
40652
76417
56017
235156
56017
250001
40652
165300
40652
16503
40652
68320
40652
250001
40652
68320
95773
250001
56017
250001
56017
76417
56017
250001
56017
153897
40652
103415
40652
250001
56017
250001
56017
250001
40652
16503
189158
68320
56017
250001
40652
250001
56017
250001
56017
250001
40652
68320
56017
250001
40652
250001
56017
250001
40652
250001
56017
250001
95773
76417
40652
210749
40652
210749
240466
165300
95773
16503
95773
68320
95773
210749
95773
68320
40652
210749
40652
210749
40652
76417
40652
210749
40652
153897
95773
103415
95773
210749
40652
210749
40652
210749
95773
16503
40652
68320
40652
210749
95773
210749
40652
210749
40652
210749
95773
68320
40652
210749
95773
210749
40652
210749
95773
210749
40652
210749
40652
76417
40652
76417
95773
76417
189158
16503
189158
68320
158178
76417
189158
68320
40652
76417
40652
76417
40652
250001
40652
76417
40652
76417
189158
76417
189158
76417
40652
76417
40652
76417
143104
16503
40652
68320
40652
76417
189158
76417
40652
76417
40652
76417
189158
68320
40652
76417
189158
76417
40652
76417
189158
76417
40652
76417
250001
235156
40652
165300
40652
16503
40652
68320
40652
235156
40652
68320
56017
235156
95773
235156
189158
76417
95773
235156
158178
153897
40652
103415
40652
235156
250001
235156
189158
235156
40652
16503
56017
68320
250001
235156
40652
235156
250001
235156
189158
235156
40652
68320
250001
235156
40652
235156
95773
235156
40652
235156
250001
235156
40652
165300
40652
16503
40652
68320
40652
250001
40652
68320
56017
250001
95773
250001
189158
76417
95773
250001
158178
153897
40652
103415
40652
250001
250001
250001
189158
250001
40652
16503
56017
68320
250001
250001
40652
250001
250001
250001
189158
250001
40652
68320
250001
250001
40652
250001
95773
250001
40652
250001
250001
250001
95773
16503
95773
68320
95773
165300
95773
68320
40652
165300
40652
165300
40652
76417
40652
165300
40652
153897
95773
103415
95773
165300
40652
165300
40652
165300
95773
16503
40652
68320
40652
165300
95773
165300
40652
165300
40652
165300
95773
68320
40652
165300
95773
165300
40652
165300
95773
165300
40652
165300
250001
16503
158178
16503
236220
16503
40652
16503
40652
16503
40652
16503
40652
16503
40652
16503
250001
16503
250001
16503
40652
16503
40652
16503
143104
99780
40652
16503
40652
16503
250001
16503
40652
16503
40652
16503
250001
16503
40652
16503
250001
16503
40652
16503
250001
16503
40652
16503
158178
68320
236220
220484
40652
68320
40652
68320
40652
68320
40652
68320
40652
68320
250001
68320
250001
68320
40652
68320
40652
68320
143104
16503
40652
250001
40652
68320
250001
68320
40652
68320
40652
68320
250001
250001
40652
68320
250001
68320
40652
68320
250001
68320
40652
68320
158178
68320
40652
250001
40652
250001
40652
76417
40652
250001
40652
153897
158178
103415
158178
250001
40652
250001
40652
250001
143104
16503
40652
68320
40652
250001
158178
250001
40652
250001
40652
250001
158178
68320
40652
250001
158178
250001
40652
250001
158178
250001
40652
250001
40652
68320
40652
68320
40652
68320
40652
68320
40652
68320
236220
68320
236220
68320
40652
68320
40652
68320
143104
16503
40652
220484
40652
68320
236220
68320
40652
68320
40652
68320
236220
220484
40652
68320
236220
68320
40652
68320
236220
68320
40652
68320
56017
250001
56017
76417
56017
250001
56017
153897
40652
103415
40652
250001
56017
250001
56017
250001
40652
16503
95773
68320
56017
250001
40652
250001
56017
250001
56017
250001
40652
68320
56017
250001
40652
250001
56017
250001
40652
250001
56017
250001
95773
76417
173678
250001
95773
153897
40652
103415
40652
250001
95773
250001
95773
250001
40652
16503
56017
68320
95773
250001
40652
250001
95773
250001
95773
250001
40652
68320
95773
250001
40652
250001
104567
250001
40652
250001
95773
250001
95773
76417
158178
76417
40652
76417
40652
76417
189158
76417
236220
76417
40652
16503
56017
68320
189158
76417
40652
76417
189158
76417
250001
76417
40652
68320
189158
76417
40652
76417
95773
76417
40652
76417
189158
76417
95773
153897
40652
103415
40652
250001
95773
250001
95773
250001
40652
16503
56017
68320
95773
250001
40652
250001
95773
250001
95773
250001
40652
68320
95773
250001
40652
250001
104567
250001
40652
250001
95773
250001
40652
103415
40652
153897
158178
153897
158178
153897
40652
16503
56017
68320
158178
153897
40652
153897
158178
153897
158178
153897
40652
68320
158178
153897
40652
153897
95773
153897
40652
153897
158178
153897
250001
103415
40652
103415
40652
103415
143104
16503
40652
68320
40652
103415
250001
103415
40652
103415
40652
103415
250001
68320
40652
103415
250001
103415
40652
103415
250001
103415
40652
103415
40652
250001
40652
250001
143104
16503
40652
68320
40652
250001
250001
250001
40652
250001
40652
250001
250001
68320
40652
250001
250001
250001
40652
250001
250001
250001
40652
250001
189158
250001
40652
16503
56017
68320
250001
250001
40652
250001
250001
250001
189158
250001
40652
68320
250001
250001
40652
250001
95773
250001
40652
250001
250001
250001
40652
16503
56017
68320
189158
250001
40652
250001
189158
250001
236220
250001
40652
68320
189158
250001
40652
250001
95773
250001
40652
250001
189158
250001
40652
16503
40652
16503
143104
16503
40652
16503
40652
16503
143104
16503
40652
16503
143104
16503
40652
16503
143104
16503
40652
16503
56017
68320
40652
68320
56017
68320
56017
68320
40652
250001
56017
68320
40652
68320
56017
68320
40652
68320
56017
68320
40652
250001
250001
250001
189158
250001
40652
68320
250001
250001
40652
250001
95773
250001
40652
250001
250001
250001
40652
250001
40652
250001
250001
68320
40652
250001
250001
250001
40652
250001
250001
250001
40652
250001
189158
250001
40652
68320
250001
250001
40652
250001
95773
250001
40652
250001
250001
250001
40652
68320
189158
250001
40652
250001
95773
250001
40652
250001
189158
250001
40652
68320
250001
68320
40652
68320
250001
68320
40652
68320
40652
250001
95773
250001
40652
250001
250001
250001
40652
250001
250001
250001
40652
250001
40652
250001
95773
250001
40652
250001
