136874
250001
124741
212549
60177
6453
136874
37720
45229
6453
136874
37720
136874
38435
136874
37720
33887
6453
136874
38435
136874
38435
60177
38435
136874
38435
136874
38435
136874
38435
60177
6453
20407
38435
60177
6453
136874
38435
20407
38435
136874
38435
33887
38435
136874
37720
136874
38435
136874
38435
136874
38435
17344
38435
136874
38435
97301
38435
17344
37640
136874
38435
97301
38435
136874
38435
32775
250001
20407
38435
136874
250001
136874
37720
136874
38435
124741
212549
60177
6453
250001
37720
45229
6453
208344
37720
250001
38435
250001
37720
33887
6453
250001
38435
250001
38435
60177
38435
250001
38435
250001
38435
250001
38435
60177
6453
20407
38435
60177
6453
250001
38435
20407
38435
249738
38435
33887
38435
250001
37720
250001
38435
250001
38435
198140
38435
17344
38435
250001
38435
97301
38435
17344
37640
250001
38435
97301
38435
250001
38435
32775
250001
20407
38435
179837
250001
250001
37720
250001
38435
60177
6453
124741
37720
45229
6453
124741
37720
124741
38435
124741
37720
33887
6453
124741
38435
124741
38435
60177
38435
124741
38435
124741
38435
124741
38435
60177
6453
20407
38435
60177
6453
124741
38435
20407
38435
124741
38435
33887
38435
124741
37720
124741
38435
124741
38435
124741
38435
17344
38435
124741
38435
97301
38435
17344
37640
124741
38435
97301
38435
124741
38435
32775
212549
20407
38435
124741
212549
124741
37720
124741
38435
60177
6453
45229
41004
60177
6453
60177
6453
60177
6453
33887
150281
60177
6453
60177
6453
60517
6453
60177
6453
60177
6453
60177
6453
63091
37640
20407
6453
60517
41004
60177
6453
20407
6453
60177
6453
33887
6453
60177
6453
60177
6453
60177
6453
60177
6453
17344
6453
60177
6453
60177
6453
17344
6453
60177
6453
60177
6453
60177
6453
32775
6453
20407
6453
60177
6453
60177
6453
60177
6453
45229
6453
208344
59296
250001
37720
250001
162603
33887
6453
250001
37720
250001
37720
60177
37720
250001
37720
250001
37720
250001
37720
60177
6453
20407
37720
60177
6453
250001
37720
20407
37720
249738
37720
33887
37720
250001
213678
250001
37720
250001
37720
198140
37720
17344
37720
250001
37720
97301
37720
17344
37640
250001
37720
97301
37720
250001
37720
32775
37720
20407
37720
179837
37720
250001
59296
250001
37720
45229
6453
45229
6453
45229
6453
33887
41004
45229
6453
45229
6453
45229
6453
45229
6453
45229
6453
45229
6453
45229
37640
20407
6453
45229
193487
45229
6453
20407
6453
45229
6453
33887
6453
45229
6453
45229
6453
45229
6453
45229
6453
17344
6453
45229
6453
45229
6453
17344
6453
45229
6453
45229
6453
45229
6453
32775
6453
20407
6453
45229
6453
45229
6453
45229
6453
208344
37720
208344
59296
33887
6453
208344
37720
208344
37720
60177
37720
208344
37720
208344
37720
208344
37720
60177
6453
20407
37720
60177
6453
208344
37720
20407
37720
208344
37720
33887
37720
208344
59296
208344
37720
208344
37720
198140
37720
17344
37720
208344
37720
97301
37720
17344
37640
208344
37720
97301
37720
208344
37720
32775
37720
20407
37720
179837
37720
208344
68821
208344
37720
250001
37720
33887
6453
250001
97241
250001
163910
60177
84651
250001
116963
250001
182456
250001
250001
60177
6453
20407
39920
60177
6453
250001
182456
20407
59296
249738
39920
33887
250001
250001
37720
250001
250001
250001
41897
198140
68821
17344
233373
250001
88941
97301
97241
17344
37640
250001
250001
97301
84651
250001
84651
32775
38435
20407
84651
179837
38435
250001
37720
250001
250001
33887
6453
250001
37720
250001
37720
60177
37720
250001
37720
250001
37720
250001
37720
60177
6453
20407
37720
60177
6453
250001
37720
20407
37720
249738
37720
33887
37720
250001
162603
250001
37720
250001
37720
198140
37720
17344
37720
250001
37720
97301
37720
17344
37640
250001
37720
97301
37720
250001
37720
32775
37720
20407
37720
179837
37720
250001
59296
250001
37720
33887
6453
33887
6453
33887
6453
33887
6453
33887
6453
33887
6453
33887
37640
20407
6453
33887
41004
33887
6453
20407
6453
33887
6453
36480
6453
33887
6453
33887
6453
33887
6453
33887
6453
17344
6453
33887
6453
33887
6453
17344
6453
33887
6453
33887
6453
33887
6453
32775
6453
20407
6453
33887
6453
33887
6453
33887
6453
250001
97241
60177
84651
250001
97241
250001
97241
250001
97241
60177
6453
20407
39920
60177
6453
250001
97241
20407
59296
249738
39920
33887
97241
250001
37720
250001
97241
250001
41897
198140
68821
17344
97241
250001
88941
97301
218645
17344
37640
250001
97241
97301
84651
250001
84651
32775
38435
20407
84651
179837
38435
250001
37720
250001
97241
60177
84651
250001
116963
250001
163910
250001
163910
60177
6453
20407
39920
60177
6453
250001
163910
20407
59296
249738
39920
33887
163910
250001
37720
250001
163910
250001
41897
198140
68821
17344
163910
250001
88941
97301
97241
17344
37640
250001
163910
97301
84651
250001
84651
32775
38435
20407
84651
179837
38435
250001
37720
250001
163910
60177
84651
60177
84651
60177
84651
60517
6453
20407
39920
140962
6453
60177
84651
20407
59296
60177
39920
33887
84651
60177
37720
60177
84651
60177
41897
60177
68821
17344
84651
60177
84651
60177
84651
17344
37640
60177
84651
60177
107273
60177
107273
32775
38435
20407
88969
60177
38435
60177
37720
60177
84651
250001
116963
250001
116963
60177
6453
20407
39920
60177
6453
250001
116963
20407
59296
249738
39920
33887
116963
250001
37720
250001
116963
250001
41897
198140
68821
17344
116963
250001
88941
97301
97241
17344
37640
250001
116963
97301
84651
250001
84651
32775
38435
20407
84651
179837
38435
250001
37720
250001
116963
250001
182456
60177
6453
20407
39920
60177
6453
250001
218304
20407
59296
249738
39920
33887
182456
250001
37720
250001
182456
250001
41897
198140
68821
17344
182456
250001
88941
97301
97241
17344
37640
250001
182456
97301
84651
250001
84651
32775
38435
20407
84651
179837
38435
250001
37720
250001
182456
60177
6453
20407
39920
60177
6453
250001
182456
20407
59296
249738
39920
33887
250001
250001
37720
250001
250001
250001
41897
198140
68821
17344
233373
250001
88941
97301
97241
17344
37640
250001
250001
97301
84651
250001
84651
32775
38435
20407
84651
179837
38435
250001
37720
250001
250001
20407
6453
60517
37640
60177
6453
20407
6453
60177
6453
33887
6453
60177
6453
60177
6453
60177
6453
60177
6453
17344
6453
60177
6453
60177
6453
17344
6453
60177
6453
60177
6453
60177
6453
32775
6453
20407
6453
60177
6453
60177
6453
60177
6453
20407
6453
20407
39920
22868
39920
20407
88941
20407
39920
20407
37720
20407
39920
20407
39920
20407
39920
17344
39920
20407
39920
20407
39920
17344
37640
20407
39920
20407
39920
20407
39920
20407
38435
250001
39920
20407
38435
20407
37720
20407
39920
60177
6453
20407
6453
60177
6453
33887
6453
60177
6453
60177
6453
60177
6453
60177
6453
17344
6453
60177
6453
60177
6453
17344
6453
60177
6453
60177
6453
60177
6453
32775
6453
20407
6453
60177
6453
60177
6453
60177
6453
20407
59296
249738
39920
33887
182456
250001
37720
250001
182456
250001
41897
198140
68821
17344
182456
250001
88941
97301
97241
17344
37640
250001
182456
97301
84651
250001
84651
32775
38435
20407
84651
179837
38435
250001
37720
250001
182456
20407
39920
20407
59296
20407
37720
20407
59296
20407
41897
20407
59296
17344
59296
20407
59296
20407
59296
17344
37640
20407
59296
20407
59296
20407
59296
20407
38435
22868
59296
20407
38435
20407
37720
20407
59296
33887
39920
249738
37720
249738
39920
249738
39920
198140
39920
17344
39920
249738
39920
97301
39920
17344
37640
249738
39920
97301
39920
249738
39920
32775
38435
20407
39920
179837
38435
249738
37720
249738
39920
33887
37720
33887
250001
33887
41897
33887
68821
17344
233373
33887
88941
33887
97241
17344
37640
33887
250001
33887
84651
33887
84651
32775
38435
20407
84651
33887
38435
33887
37720
33887
250001
250001
37720
250001
37720
198140
37720
17344
37720
250001
37720
97301
37720
17344
37640
250001
37720
97301
37720
250001
37720
32775
37720
20407
37720
179837
37720
250001
59296
250001
37720
250001
41897
198140
68821
17344
233373
250001
88941
97301
97241
17344
37640
250001
250001
97301
84651
250001
84651
32775
38435
20407
84651
179837
38435
250001
37720
250001
250001
198140
41897
17344
41897
250001
41897
97301
41897
17344
37640
250001
41897
97301
41897
250001
41897
32775
38435
20407
41897
179837
38435
250001
37720
250001
41897
17344
68821
198140
68821
97301
68821
17344
37640
198140
68821
97301
68821
198140
68821
32775
38435
20407
68821
179837
38435
198140
37720
198140
68821
17344
88941
17344
97241
20407
37640
17344
233373
17344
84651
17344
84651
17344
38435
17344
84651
17344
38435
17344
37720
17344
233373
97301
88941
17344
37640
250001
88941
97301
84651
250001
84651
32775
38435
20407
84651
179837
38435
250001
37720
250001
88941
17344
37640
97301
97241
124741
84651
97301
84651
32775
38435
20407
84651
97301
38435
97301
37720
97301
97241
17344
37640
17344
37640
17344
37640
17344
37640
17344
37640
17344
37640
17344
37640
17344
37640
97301
84651
250001
84651
32775
38435
20407
84651
179837
38435
250001
37720
250001
250001
97301
178805
32775
38435
20407
88969
97301
38435
97301
37720
97301
84651
32775
38435
20407
88969
179837
38435
250001
37720
250001
84651
20407
38435
32775
250001
32775
37720
32775
38435
20407
38435
20407
37720
20407
84651
179837
37720
179837
38435
250001
37720
