72076
128904
72076
46556
71874
46556
72076
46556
72076
46541
72076
46556
72076
46556
72076
115464
72076
46556
72076
46541
72076
128904
72076
116062
72076
46556
72076
46556
72076
46556
72076
128904
72076
128904
72076
46556
72076
46556
72076
41621
72076
41621
72076
46556
72076
46556
72076
46556
72076
46556
72076
46556
72076
46541
72076
43680
72076
43680
72076
128904
71874
46556
72076
46556
72076
46556
250001
46556
71874
46556
77533
46556
168546
46541
250001
46556
213307
46556
250001
115464
232468
46556
232468
46541
250001
250001
190348
116062
213307
46556
225215
46556
167753
46556
213307
199866
142524
199866
223902
46556
184067
46556
123174
41621
176039
41621
175855
46556
77533
46556
176039
46556
193269
46556
250001
46556
102798
46541
250001
43680
140188
43680
79695
199866
71874
46556
77533
46556
176039
46556
71874
92387
77533
94756
168546
46541
250001
228947
213307
250001
250001
46556
232468
250001
232468
46541
250001
46556
190348
46556
213307
116754
225215
116754
167753
250001
213307
46556
142524
46556
223902
157809
184067
78188
123174
41621
176039
41621
175855
228947
77533
115464
176039
128904
193269
250001
250001
197367
102798
46541
250001
43680
140188
43680
79695
46556
71874
78188
77533
250001
176039
150227
71874
92387
71874
46541
71874
92387
71874
92387
71874
46556
71874
92387
71874
46541
71874
46556
71874
46556
71874
92387
71874
92387
71874
92387
71874
46556
71874
46556
71874
92387
71874
78188
71874
41621
71874
41621
71874
92387
71874
92387
71874
92387
71874
92387
71874
92387
71874
46541
71874
43680
71874
43680
71874
46556
72076
78188
71874
92387
71874
92387
77533
46541
77533
94756
77533
94756
77533
46556
77533
94756
77533
46541
77533
46556
77533
46556
77533
94756
77533
94756
77533
94756
77533
46556
77533
46556
77533
94756
77533
78188
77533
41621
77533
41621
77533
94756
250001
94756
77533
94756
77533
94756
77533
94756
77533
46541
77533
43680
77533
43680
77533
46556
71874
78188
217742
94756
77533
94756
168546
46541
168546
46541
168546
46541
168546
46541
168546
78188
168546
46541
168546
46541
168546
46541
168546
46541
167753
46541
168546
46541
142524
46541
168546
46541
168546
46541
123174
41621
168546
41621
168546
46541
77533
46541
168546
46541
168546
46541
168546
46541
102798
91240
168546
43680
140188
43680
79695
46541
71874
46541
77533
46541
168546
46541
213307
228947
250001
46556
232468
228947
232468
46541
250001
46556
190348
46556
213307
116754
225215
116754
167753
228947
213307
46556
142524
46556
223902
157809
184067
78188
123174
41621
176039
41621
175855
250001
77533
115464
176039
128904
193269
228947
250001
197367
102798
46541
250001
43680
140188
43680
79695
46556
71874
78188
77533
228947
176039
150227
213307
46556
213307
250001
213307
46541
213307
46556
190348
46556
250001
116754
213307
116754
167753
250001
250001
46556
142524
46556
213307
157809
184067
78188
123174
41621
176039
41621
175855
228947
77533
115464
176039
128904
193269
250001
213307
197367
102798
46541
213307
43680
140188
43680
79695
46556
71874
78188
77533
250001
176039
150227
232468
46556
232468
46541
250001
115464
190348
115464
213307
46556
225215
46556
167753
46556
213307
115464
142524
115464
223902
46556
184067
46556
123174
41621
176039
41621
175855
46556
77533
46556
176039
46556
193269
46556
250001
46556
102798
46541
250001
43680
140188
43680
79695
115464
71874
46556
77533
46556
176039
46556
250001
46541
232468
46556
190348
46556
213307
116754
225215
116754
167753
250001
213307
46556
142524
46556
223902
157809
184067
78188
123174
41621
176039
41621
175855
228947
77533
115464
176039
128904
193269
250001
232468
197367
102798
46541
232468
43680
140188
43680
79695
46556
71874
78188
77533
250001
176039
150227
232468
46541
190348
46541
213307
46541
225215
46541
167753
46541
213307
46541
142524
46541
223902
46541
184067
46541
123174
41621
176039
41621
175855
46541
77533
46541
176039
46541
193269
46541
232468
46541
102798
78188
232468
43680
140188
43680
79695
46541
71874
46541
77533
46541
176039
46541
190348
116062
213307
46556
225215
46556
167753
46556
213307
199866
142524
199866
223902
46556
184067
46556
123174
41621
176039
41621
175855
46556
77533
46556
176039
46556
193269
46556
250001
46556
102798
46541
250001
43680
140188
43680
79695
199866
71874
46556
77533
46556
176039
46556
190348
46556
190348
46556
167753
46556
190348
116062
142524
116062
190348
46556
184067
46556
123174
41621
176039
41621
175855
46556
77533
46556
176039
46556
190348
46556
190348
46556
102798
46541
190348
43680
140188
43680
79695
116062
71874
46556
77533
46556
176039
46556
213307
197024
167753
116754
250001
46556
142524
46556
213307
116754
184067
78188
123174
41621
176039
41621
175855
116754
77533
115464
176039
116754
193269
116754
213307
116754
102798
46541
213307
43680
140188
43680
79695
46556
71874
78188
77533
116754
176039
116754
167753
116754
213307
46556
142524
46556
223902
116754
184067
78188
123174
41621
176039
41621
175855
116754
77533
115464
176039
116754
193269
116754
225215
116754
102798
46541
225215
43680
140188
43680
79695
46556
71874
78188
77533
116754
176039
116754
167753
46556
142524
46556
167753
157809
167753
78188
123174
41621
167753
41621
167753
228947
77533
115464
167753
128904
167753
250001
167753
197367
102798
46541
167753
43680
140188
43680
79695
46556
71874
78188
77533
250001
167753
150227
142524
250001
213307
46556
184067
46556
123174
41621
176039
41621
175855
46556
77533
46556
176039
46556
193269
46556
213307
46556
102798
46541
213307
43680
140188
43680
79695
250001
71874
46556
77533
46556
176039
46556
142524
46556
142524
46556
123174
41621
142524
41621
142524
46556
77533
46556
142524
46556
142524
46556
142524
46556
102798
46541
142524
43680
140188
43680
79695
250001
71874
46556
77533
46556
142524
46556
184067
78188
123174
41621
176039
41621
175855
157809
77533
115464
176039
128904
193269
157809
223902
157809
102798
46541
223902
43680
140188
43680
79695
46556
71874
78188
77533
157809
176039
150227
123174
41621
176039
41621
175855
78188
77533
78188
176039
78188
184067
78188
184067
78188
102798
46541
184067
43680
140188
43680
79695
46556
71874
250001
77533
78188
176039
78188
123174
43680
123174
41621
77533
41621
123174
41621
123174
41621
123174
41621
102798
41621
123174
41621
123174
41621
79695
41621
71874
41621
77533
41621
123174
41621
175855
41621
77533
41621
191555
41621
176039
41621
176039
41621
102798
41621
176039
41621
140188
41621
79695
41621
71874
41621
77533
41621
191555
41621
77533
115464
175855
128904
175855
228947
175855
197367
102798
46541
175855
43680
140188
43680
79695
46556
71874
78188
77533
228947
175855
150227
77533
115464
77533
115464
77533
115464
77533
46541
77533
43680
77533
43680
77533
46556
71874
78188
217742
115464
77533
115464
176039
128904
176039
128904
102798
46541
176039
43680
140188
43680
79695
46556
71874
78188
77533
128904
232468
128904
193269
197367
102798
46541
193269
43680
140188
43680
79695
46556
71874
78188
77533
250001
176039
150227
102798
46541
250001
43680
140188
43680
79695
46556
71874
78188
77533
197367
176039
150227
102798
43680
102798
43680
79695
46541
71874
46541
77533
46541
102798
46541
140188
46556
79695
43680
71874
43680
77533
43680
176039
43680
79695
43680
71874
43680
77533
43680
140188
43680
71874
46556
77533
46556
79695
46556
71874
78188
71874
78188
77533
150227
