250001
21531
3364
21531
64328
21531
250001
21531
250001
21481
96216
21531
66441
21531
55476
21531
91735
21531
250001
21531
3364
21531
83782
21531
76524
21531
66441
21531
65128
21531
55476
21531
55476
21531
94336
21531
65128
21531
3364
21531
250001
21531
66441
21531
64328
21531
64328
21531
3364
22179
3364
21531
3364
21531
250001
21531
64328
21531
3364
21531
85162
21531
3364
21481
64328
21531
64328
21531
103599
21531
66441
21531
3364
31730
64328
31730
250001
50529
250001
21481
96216
21575
66441
50529
55476
31730
91735
50529
250001
50529
3364
31730
83782
22179
76524
31730
66441
31730
65128
31730
55476
31730
55476
50529
94336
22179
65128
50529
3364
31730
250001
50529
66441
22179
64328
22179
64328
50529
3364
21531
3364
22179
3364
31730
250001
21587
64328
22179
3364
31730
85162
50529
3364
21481
64328
50529
64328
22179
103599
31730
66441
50529
3364
179118
3364
31730
3364
21481
3364
21575
3364
31730
3364
51391
3364
31730
3364
31730
55476
96106
3364
22179
3364
41275
3364
84297
3364
48339
3364
37198
3364
31730
3364
22179
3364
31730
55476
72752
3364
31730
3364
22179
3364
22179
3364
31730
55476
21531
55476
22179
55476
51391
3364
21587
3364
22179
55476
72752
3364
31730
55476
21481
3364
31730
3364
22179
3364
41466
3364
31730
64328
31730
64328
21481
64328
21575
64328
31730
55476
51391
64328
31730
64328
31730
3364
96106
64328
22179
64328
41275
64328
84297
64328
48339
55476
37198
55476
31730
64328
22179
64328
31730
3364
72752
64328
31730
64328
22179
83782
22179
65128
31730
3364
21531
3364
22179
3364
51391
64328
21587
83782
22179
3364
72752
64328
31730
3364
21481
65128
31730
91734
22179
64328
41466
64328
31730
250001
21481
96216
21575
66441
52416
55476
31730
91735
137884
250001
68422
3364
31730
83782
22179
76524
31730
66441
31730
65128
31730
55476
31730
55476
105602
94336
22179
65128
84728
3364
31730
250001
106195
66441
22179
64328
22179
64328
137764
3364
21531
3364
22179
3364
31730
250001
21587
64328
22179
3364
31730
85162
137884
3364
21481
64328
137884
64328
22179
103599
31730
66441
141856
96216
21481
66441
21481
55476
21481
91735
21481
250001
21481
3364
21481
83782
21481
76524
21481
66441
21481
65128
21481
55476
21481
55476
21481
94336
21481
65128
21481
3364
21481
250001
21481
66441
21481
64328
21481
64328
21481
3364
21481
3364
21481
3364
21481
250001
21481
64328
21481
3364
21481
85162
21481
3364
22179
64328
21481
64328
21481
103599
21481
66441
21481
66441
21575
55476
21575
91735
21575
96216
21575
3364
21575
83782
21575
76524
21575
66441
21575
65128
21575
55476
21575
55476
21575
94336
21575
65128
21575
3364
21575
96216
21575
66441
21575
64328
21575
64328
21575
3364
21531
3364
21575
3364
21575
96216
21575
64328
21575
3364
21575
85162
21575
3364
21481
64328
21575
64328
21575
96216
21575
66441
21575
55476
31730
66441
52416
66441
52416
3364
31730
66441
22179
66441
31730
77070
31730
65128
31730
55476
31730
55476
52416
66441
22179
65128
52416
3364
31730
66441
52416
96876
22179
64328
22179
64328
52416
3364
21531
3364
22179
3364
31730
66441
21587
64328
22179
3364
31730
66441
52416
3364
21481
64328
52416
64328
22179
66441
31730
77070
52416
55476
31730
55476
31730
3364
51391
55476
22179
55476
41275
55476
51391
55476
48339
64328
37198
65128
31730
55476
22179
55476
31730
3364
51391
55476
31730
55476
22179
55476
22179
55476
31730
3364
21531
3364
22179
3364
52924
55476
21587
55476
22179
3364
51391
55476
31730
3364
21481
55476
31730
55476
22179
55476
41466
55476
31730
91735
68422
3364
31730
83782
22179
76524
31730
66441
31730
65128
31730
55476
31730
55476
105602
91735
22179
65128
84728
3364
31730
91735
106195
66441
22179
64328
22179
64328
137764
3364
21531
3364
22179
3364
31730
91735
21587
64328
22179
3364
31730
85162
179777
3364
21481
64328
178066
64328
22179
91735
31730
66441
137884
3364
31730
83782
22179
76524
31730
66441
31730
65128
31730
55476
31730
55476
68422
94336
22179
65128
68422
3364
31730
250001
68422
66441
22179
64328
22179
64328
68422
3364
21531
3364
22179
3364
31730
250001
21587
64328
22179
3364
31730
85162
68422
3364
21481
64328
68422
64328
22179
103599
31730
66441
68422
3364
22179
3364
41275
3364
84297
3364
48339
3364
37198
3364
31730
3364
22179
3364
31730
65128
72752
3364
31730
3364
22179
3364
22179
3364
31730
83876
21531
65128
22179
65128
51391
3364
21587
3364
22179
65128
72752
3364
31730
65128
21481
3364
31730
3364
22179
3364
41466
3364
31730
76524
22179
66441
22179
65128
22179
55476
22179
55476
22179
83782
84297
65128
22179
3364
22179
83782
22179
66441
28402
64328
28402
64328
22179
3364
21531
3364
28402
3364
22179
83782
21587
64328
28402
3364
22179
83782
22179
3364
21481
64328
22179
64328
84967
83782
22179
66441
22179
66441
41275
65128
41275
55476
37198
55476
31730
76524
22179
65128
31730
3364
41275
76524
31730
66441
22179
64328
22179
64328
31730
3364
21531
3364
22179
3364
41275
76524
21587
64328
22179
3364
41275
76524
31730
3364
21481
64328
31730
64328
22179
76524
41275
66441
31730
65128
48339
55476
37198
55476
31730
66441
22179
65128
31730
3364
72752
66441
31730
77070
22179
64328
22179
64328
31730
3364
21531
3364
22179
3364
51391
66441
21587
64328
22179
3364
72752
66441
31730
3364
21481
64328
31730
64328
22179
66441
41466
250001
31730
55476
37198
55476
31730
65128
22179
77923
31730
3364
48339
65128
31730
65128
22179
64328
22179
64328
31730
3364
21531
3364
22179
3364
48339
65128
21587
64328
22179
3364
48339
65128
31730
3364
21481
64328
31730
64328
22179
65128
41466
65128
31730
64328
31730
55476
22179
55476
31730
3364
37198
55476
31730
55476
22179
55476
22179
55476
31730
3364
21531
3364
22179
3364
37198
55476
21587
55476
22179
3364
37198
55476
31730
3364
21481
55476
31730
55476
22179
55476
37198
55476
31730
55476
22179
55476
84728
3364
31730
55476
105602
55476
22179
55476
22179
55476
105602
3364
21531
3364
22179
3364
31730
55476
21587
55476
22179
3364
31730
55476
105602
3364
21481
55476
105602
55476
22179
55476
31730
55476
105602
65128
22179
3364
22179
94336
22179
66441
28402
64328
28402
64328
22179
3364
21531
3364
28402
3364
22179
94336
21587
64328
28402
3364
22179
85162
22179
3364
21481
64328
22179
64328
84297
94336
22179
66441
22179
3364
31730
65128
84728
65128
22179
64328
22179
64328
84728
3364
21531
3364
22179
3364
31730
65128
21587
64328
22179
3364
31730
65128
84728
3364
21481
64328
84728
64328
22179
65128
31730
65128
84728
3364
31730
3364
22179
3364
22179
3364
31730
65128
21531
72727
22179
72727
51391
3364
21587
3364
22179
72727
137884
3364
31730
72727
21481
3364
31730
3364
22179
3364
41466
3364
31730
66441
22179
64328
22179
64328
106195
3364
21531
3364
22179
3364
31730
250001
21587
64328
22179
3364
31730
85162
106195
3364
21481
64328
106195
64328
22179
103599
31730
66441
106195
64328
42167
64328
22179
3364
21531
3364
52416
3364
22179
66441
21587
64328
42167
3364
22179
66441
22179
3364
21481
64328
22179
64328
28402
66441
22179
77070
22179
65128
22179
3364
21531
3364
42167
3364
22179
64328
21587
250001
137977
3364
22179
64328
22179
3364
21481
65128
22179
83782
28402
64328
22179
64328
22179
3364
21531
3364
22179
3364
31730
64328
21587
65128
22179
3364
31730
64328
137764
3364
21481
68081
137764
65128
22179
64328
31730
64328
137764
65128
21531
65128
21531
3364
21531
3364
21531
65128
21531
3364
21531
65128
21481
3364
21531
3364
21531
3364
21531
3364
21531
83876
22179
3364
21587
3364
42167
96876
22179
3364
22179
77070
21481
3364
22179
3364
28402
3364
22179
3364
22179
3364
21587
3364
22179
83876
51391
3364
31730
77070
21481
3364
31730
3364
22179
3364
41466
3364
31730
64328
21587
3364
21587
85162
21587
3364
21481
64328
21587
64328
21587
103599
21587
66441
21587
3364
22179
64328
22179
3364
21481
65128
22179
83782
28402
64328
22179
64328
22179
3364
31730
77070
21481
3364
31730
3364
22179
3364
41466
3364
31730
3364
21481
64328
178066
64328
22179
85162
31730
66441
137884
3364
21481
3364
21481
3364
21481
3364
21481
65128
22179
64328
31730
64328
137884
64328
22179
64328
22179
66441
31730
