103992
1563
74379
117267
74379
1563
74379
1563
74379
1563
74379
1563
74379
1563
74379
1563
74379
1563
74379
1563
74379
1563
74379
1563
74379
1563
74379
1563
74379
20281
74379
1563
74379
1563
74379
1563
74379
1563
74379
1563
74556
1563
74379
1563
74379
1563
74379
1563
74379
1563
74379
1563
74379
1563
74379
1563
74379
1563
68171
1563
67882
1563
68171
1563
74556
1563
67882
1563
74379
1563
74379
1563
74379
118142
74379
38630
74379
82910
74379
186429
74379
185236
74379
20281
74379
82910
74379
82910
74379
82910
74379
22002
74379
183140
74379
18508
74379
1563
74379
183140
74379
183140
74379
106396
74379
139282
74379
38630
74556
139282
74379
35996
74379
183140
74379
29118
74379
222096
74379
183140
74379
82910
74379
183140
74379
183140
68171
18508
67882
183150
68171
183140
74556
82910
67882
183140
74379
38630
118561
1563
103181
1563
78991
1563
75443
1563
118561
1563
78991
1563
78991
1563
120796
1563
118561
1563
250001
1563
219021
1563
118561
1563
219119
20281
118561
1563
78991
1563
118561
1563
175558
1563
103181
1563
74379
1563
78991
1563
78991
1563
78991
1563
118561
1563
78991
1563
118561
1563
118561
1563
118561
1563
68171
1563
67882
1563
68171
1563
74379
1563
67882
1563
103181
1563
103181
38630
78991
82910
75443
118142
189746
118142
78991
20281
78991
82910
118561
82910
189746
82910
118561
22002
118561
118142
219133
18508
118561
1563
219021
118142
78991
118142
189746
106396
118561
118142
103181
38630
74379
118142
78991
35996
78991
118142
78991
29118
219021
118142
78991
118142
218967
82910
219021
118142
219021
118142
68171
18508
67882
118142
68171
118142
74379
82910
67882
118142
103181
38630
78991
38630
75443
38630
103181
38630
78991
20281
78991
38630
103181
38630
103181
38630
103181
22002
103181
38630
103181
18508
103181
1563
103181
38630
78991
38630
103181
38630
103181
38630
173981
202834
74379
38630
78991
35996
78991
38630
78991
29118
103181
38630
78991
38630
103181
38630
103181
38630
103181
38630
68171
18508
67882
38630
68171
38630
74379
38630
67882
38630
145847
77490
75443
82910
78991
82910
103181
20281
85507
83597
78991
185236
78991
83597
78991
22002
78991
82910
78991
18508
78991
1563
78991
82910
103181
82910
78991
82910
78991
82910
78991
38630
74379
82910
120796
35996
118561
82910
120796
29118
78991
82910
85507
82910
78991
83597
78991
82910
78991
82910
68171
18508
67882
82910
68171
82910
74379
83597
67882
82910
78991
38630
75443
185236
75443
20281
75443
82910
75443
82910
75443
82910
75443
22002
75443
183140
75443
18508
75443
1563
75443
183140
75443
183140
75443
106396
75443
139282
75443
38630
74379
139282
75443
35996
75443
183140
75443
29118
75443
186429
75443
183140
75443
82910
75443
183140
75443
183140
68171
18508
67882
183150
68171
183140
74379
82910
67882
183140
75443
38630
78991
20281
78991
82910
118561
82910
219354
82910
118561
22002
118561
183140
189746
18508
118561
1563
189746
183140
78991
183140
219021
106396
118561
139282
103181
38630
74379
139282
78991
35996
78991
183140
78991
29118
189746
185236
78991
183140
189746
82910
189746
183140
189746
183140
68171
18508
67882
183150
68171
183140
74379
82910
67882
183140
103181
38630
85507
20281
78991
20281
78991
20281
78991
20281
78991
20281
78991
18508
78991
1563
78991
20281
107066
20281
78991
20281
78991
20281
78991
20281
74379
20281
103181
20281
103181
20281
103181
20281
78991
20281
85507
20281
78991
20281
78991
20281
78991
20281
68171
18508
67882
20281
68171
20281
74379
20281
67882
20281
78991
20281
78991
83597
78991
186429
78991
22002
78991
82910
78991
18508
78991
1563
78991
82910
85507
82910
78991
82910
78991
82910
78991
38630
74379
82910
85507
35996
85507
82910
85507
29118
78991
82910
220347
82910
78991
139282
78991
82910
78991
82910
68171
18508
67882
82910
68171
82910
74379
183150
67882
82910
78991
38630
118561
83597
120796
22002
120796
82910
118561
18508
120796
1563
118561
82910
78991
82910
118561
82910
120796
82910
103181
38630
74379
82910
78991
35996
78991
82910
78991
29118
118561
82910
78991
82910
118561
83597
118561
82910
118561
82910
68171
18508
67882
82910
68171
82910
74379
83597
67882
82910
103181
38630
118561
22002
118561
82910
189746
18508
118561
1563
189746
82910
78991
82910
219021
82910
118561
82910
103181
38630
74379
82910
78991
35996
78991
82910
78991
29118
189746
82910
78991
82910
189746
139282
189746
82910
189746
82910
68171
18508
67882
82910
68171
82910
74379
183150
67882
82910
103181
38630
219021
22002
118561
18508
219119
1563
118561
22002
78991
22002
118561
22002
175558
22002
103181
22002
74379
22002
78991
22002
78991
22002
78991
22002
118561
22002
78991
22002
118561
22002
118561
22002
118561
22002
68171
18508
67882
22002
68171
22002
74379
22002
67882
22002
103181
22002
118561
18508
219021
1563
118561
250001
78991
196722
118561
106396
175558
139282
103181
38630
74379
139282
78991
35996
78991
183179
78991
29118
118561
183140
78991
185236
118561
82910
118561
183179
118561
250001
68171
18508
67882
183140
68171
250001
74379
82910
67882
183179
103181
38630
118561
1563
219021
18508
78991
18508
189746
18508
118561
18508
103181
18508
74379
18508
78991
18508
78991
18508
78991
18508
219021
18508
78991
18508
218967
18508
219021
18508
219021
18508
68171
183140
67882
18508
68171
18508
74379
18508
67882
18508
103181
18508
118561
1563
78991
1563
118561
1563
175558
1563
103181
1563
74379
1563
78991
1563
78991
1563
78991
1563
118561
1563
78991
1563
118561
1563
118561
1563
118561
1563
68171
1563
67882
1563
68171
1563
74379
1563
67882
1563
103181
1563
78991
196722
189746
106396
118561
139282
103181
38630
74379
139282
78991
35996
78991
183179
78991
29118
222216
183140
78991
185236
218967
82910
250001
183179
219194
250001
68171
18508
67882
183140
68171
250001
74379
82910
67882
183179
103181
38630
78991
106396
78991
139282
78991
38630
74379
139282
103181
35996
103181
183179
103181
29118
78991
183140
85507
185236
78991
82910
78991
183179
78991
196722
68171
18508
67882
183140
68171
196722
74379
82910
67882
183179
78991
38630
118561
106396
103181
38630
74379
106396
78991
35996
78991
106396
78991
29118
189746
106396
78991
106396
189746
82910
189746
106396
189746
106396
68171
18508
67882
106396
68171
106396
74379
82910
67882
106396
103181
38630
103181
38630
74379
190332
78991
35996
78991
139282
78991
29118
118561
139282
78991
139282
118561
82910
118561
139282
118561
139282
68171
18508
67882
139282
68171
139282
74379
82910
67882
139282
103181
38630
74379
38630
78991
35996
78991
38630
78991
29118
103181
38630
78991
38630
103181
38630
103181
38630
103181
38630
68171
18508
67882
38630
68171
38630
74379
38630
67882
38630
145847
77490
74379
35996
74379
139282
74379
29118
74379
139282
74379
139282
74379
82910
74379
139282
74379
139282
68171
18508
67882
139282
68171
139282
77047
82910
67882
139282
74379
38630
118561
35996
189746
29118
78991
35996
85507
35996
78991
35996
78991
35996
78991
35996
68171
18508
67882
35996
68171
35996
74379
35996
67882
35996
78991
35996
118561
29118
78991
183140
85507
183179
78991
82910
78991
185236
78991
183179
68171
18508
67882
183140
68171
183179
74379
82910
67882
213935
78991
38630
78991
29118
85507
29118
78991
29118
78991
29118
78991
29118
68171
18508
67882
29118
68171
29118
74379
29118
67882
29118
78991
29118
78991
183140
218967
82910
222216
183140
219194
183140
68171
18508
67882
183150
68171
183140
74379
82910
67882
183140
103181
38630
78991
82910
78991
183179
78991
185236
68171
18508
67882
183140
68171
185236
74379
82910
67882
183179
78991
38630
218967
82910
218967
82910
68171
18508
67882
82910
68171
82910
74379
139282
67882
82910
103181
38630
219194
183179
68171
18508
67882
183140
68171
183179
74379
82910
67882
185236
103181
38630
68171
18508
67882
183140
68171
250001
74379
82910
67882
183179
103181
38630
67882
18508
250001
18508
68171
18508
67882
18508
68171
18508
67882
183140
67882
82910
219194
183140
67882
38630
68171
82910
67882
183179
68171
38630
67882
82910
74379
38630
67882
38630
