88514
64750
159861
91455
95689
91455
125748
64750
88503
64750
95689
64750
20320
15113
20320
15113
29141
2561
2640
15113
2640
15113
189216
91455
95689
64750
29141
2561
62536
64750
62216
91455
89023
91455
2640
15113
20320
15113
20320
15113
95689
91455
89392
64750
88603
64750
2640
15113
20320
15113
29141
2561
20320
15113
20320
15113
20320
15113
20320
15113
89023
64750
95689
91455
29141
7980
20320
15113
89023
64750
88514
64750
88514
64750
88514
160830
88503
95218
88514
98630
20320
15113
20320
15113
29141
2561
2640
15113
2640
15113
88514
64750
88514
198801
29141
2561
62536
98630
62216
64750
88514
64750
2640
15113
20320
15113
20320
15113
88514
64750
88514
98630
88514
98630
2640
15113
20320
15113
29141
2561
20320
15113
20320
15113
20320
15113
20320
15113
88514
98630
88514
64750
29141
7980
20320
15113
88514
98630
95689
143525
125748
64750
88503
64750
95689
64750
20320
15113
20320
15113
29141
2561
2640
15113
2640
15113
159861
98630
95689
64750
29141
2561
62536
64750
62216
143525
89023
98630
2640
15113
20320
15113
20320
15113
95689
98630
89392
64750
88603
64750
2640
15113
20320
15113
29141
2561
20320
15113
20320
15113
20320
15113
20320
15113
89023
64750
95689
98630
29141
7980
20320
15113
89023
64750
95689
64750
88503
64750
101250
64750
20320
15113
20320
15113
29141
2561
2640
15113
2640
15113
95689
98630
101250
64750
29141
2561
62536
64750
62216
197435
89023
98630
2640
15113
20320
15113
20320
15113
101250
98630
89392
64750
88603
64750
2640
15113
20320
15113
29141
2561
20320
15113
20320
15113
20320
15113
20320
15113
89023
64750
101250
98630
29141
7980
20320
15113
89023
64750
88503
95218
95689
98630
20320
15113
20320
15113
29141
2561
2640
15113
2640
15113
125748
64750
95689
160830
29141
2561
62536
98630
62216
64750
89023
64750
2640
15113
20320
15113
20320
15113
95689
64750
89392
98630
88603
98630
2640
15113
20320
15113
29141
2561
20320
15113
20320
15113
20320
15113
20320
15113
89023
98630
95689
64750
29141
7980
20320
15113
89023
98630
88503
95218
20320
15113
20320
15113
29141
2561
2640
15113
2640
15113
88503
64750
88503
95218
29141
2561
62536
95218
62216
64750
88503
64750
2640
15113
20320
15113
20320
15113
88503
64750
88503
95218
88503
95218
2640
15113
20320
15113
29141
2561
20320
15113
20320
15113
20320
15113
20320
15113
88503
95218
88503
64750
29141
7980
20320
15113
88503
95218
20320
15113
20320
15113
29141
2561
2640
15113
2640
15113
95689
64750
148331
98630
29141
2561
62536
125291
62216
64750
89023
64750
2640
15113
20320
15113
20320
15113
184165
64750
89392
125291
88603
114299
2640
15113
20320
15113
29141
2561
20320
15113
20320
15113
20320
15113
20320
15113
89023
172843
184165
64750
29141
7980
20320
15113
89023
197805
62216
95896
20320
2561
2640
22537
2640
22537
20320
15113
20320
15113
20320
2561
20320
15113
20320
15113
20320
15113
2640
22537
72660
64750
63875
64750
20320
15113
20320
15113
20320
15113
2640
22537
73288
64750
20320
2561
63875
64750
62216
64750
69935
64750
62216
95896
20320
15113
20320
15113
20320
7980
62216
64750
20320
15113
20320
2561
2640
22537
2640
22537
20320
15113
20320
15113
20320
2561
20320
15113
20320
15113
20320
15113
2640
22537
62216
64750
62216
64750
20320
15113
20320
15113
20320
15113
2640
22537
62216
64750
20320
2561
62216
64750
88201
64750
62216
64750
88710
96963
20320
15113
20320
15113
20320
7980
114467
64750
20320
15113
2640
2561
2640
2561
29141
2561
29141
2561
47032
7980
29141
2561
29141
2561
29141
2561
2640
2561
20320
2561
20320
2561
29141
2561
29141
2561
29141
2561
2640
2561
20320
2561
250001
64750
20320
2561
20320
2561
20320
2561
20320
2561
29141
2561
29141
2561
102157
2561
20320
2561
29141
2561
89023
250001
2640
15113
2640
15113
2640
2561
2640
15113
2640
15113
2640
15113
88503
114299
2640
22537
2640
22537
2640
15113
2640
15113
2640
15113
89023
114299
2640
22537
2640
2561
2640
22537
2640
22537
2640
22537
2640
22537
2640
15113
2640
15113
2640
7980
2640
22537
2640
15113
2640
15113
2640
15113
2640
2561
2640
15113
2640
15113
2640
15113
88503
114299
2640
22537
2640
22537
2640
15113
2640
15113
2640
15113
99491
114299
2640
22537
2640
2561
2640
22537
2640
22537
2640
22537
2640
22537
2640
15113
2640
15113
2640
7980
2640
22537
2640
15113
95689
64750
29141
2561
62536
64750
62216
98630
89023
192685
2640
15113
20320
15113
20320
15113
95689
125291
89392
64750
88603
64750
2640
15113
20320
15113
29141
2561
20320
15113
20320
15113
20320
15113
20320
15113
89023
64750
95689
125140
29141
7980
20320
15113
89023
64750
29141
2561
62536
98630
62216
64750
89023
64750
2640
15113
20320
15113
20320
15113
148331
64750
89392
98630
88603
98630
2640
15113
20320
15113
29141
2561
20320
15113
20320
15113
20320
15113
20320
15113
89023
98630
148331
64750
29141
7980
20320
15113
89023
98630
29141
2561
29141
2561
29141
2561
2640
2561
20320
2561
20320
2561
29141
2561
29141
2561
29141
2561
2640
2561
20320
2561
47032
7980
20320
2561
20320
2561
20320
2561
20320
2561
29141
2561
29141
2561
47032
2561
20320
2561
29141
2561
62216
64750
62536
64750
2640
15113
20320
15113
20320
15113
62536
64750
62536
250001
62536
114299
2640
15113
20320
15113
29141
2561
20320
15113
20320
15113
20320
15113
20320
15113
62536
125291
62536
64750
29141
7980
20320
15113
62536
125291
62216
98630
2640
15113
20320
15113
20320
15113
62216
98630
62216
64750
62216
64750
2640
15113
20320
15113
29141
2561
20320
15113
20320
15113
20320
15113
20320
15113
62216
64750
62216
98630
29141
7980
20320
15113
62216
64750
2640
15113
20320
15113
20320
15113
89023
125291
89023
64750
88603
64750
2640
15113
20320
15113
29141
2561
20320
15113
20320
15113
20320
15113
20320
15113
89392
64750
89023
125140
29141
7980
20320
15113
89392
64750
2640
22537
2640
22537
2640
15113
2640
15113
2640
15113
88503
250001
2640
22537
2640
2561
2640
22537
2640
22537
2640
22537
2640
22537
2640
15113
2640
15113
2640
7980
2640
22537
2640
15113
63875
114299
20320
15113
20320
15113
20320
15113
2640
22537
72660
186921
20320
2561
63875
108987
62216
186921
69935
137881
62216
64750
20320
15113
20320
15113
20320
7980
62216
87795
20320
15113
20320
15113
20320
15113
20320
15113
2640
22537
63875
114299
20320
2561
69935
108987
62216
114299
63875
114299
62216
64750
20320
15113
20320
15113
20320
7980
62216
87795
20320
15113
89392
64750
88603
64750
2640
15113
20320
15113
29141
2561
20320
15113
20320
15113
20320
15113
20320
15113
89023
64750
250001
125140
29141
7980
20320
15113
89023
64750
88603
114299
2640
15113
20320
15113
29141
2561
20320
15113
20320
15113
20320
15113
20320
15113
89023
125291
89392
64750
29141
7980
20320
15113
89023
125291
2640
15113
20320
15113
29141
2561
20320
15113
20320
15113
20320
15113
20320
15113
88603
114299
88603
64750
29141
7980
20320
15113
88603
114299
2640
22537
2640
2561
2640
22537
2640
22537
2640
22537
2640
22537
2640
15113
2640
15113
2640
7980
2640
22537
2640
15113
20320
2561
63875
108987
62216
192862
69935
137881
62216
64750
20320
15113
20320
15113
20320
7980
62216
87795
20320
15113
20320
2561
20320
2561
20320
2561
20320
2561
29141
2561
29141
2561
102157
2561
20320
2561
29141
2561
62216
108987
63875
108987
62216
64750
20320
15113
20320
15113
20320
7980
62216
87795
20320
15113
62216
137881
88201
64750
20320
15113
20320
15113
20320
7980
88201
87795
20320
15113
62216
64750
20320
15113
20320
15113
20320
7980
62216
87795
20320
15113
20320
15113
20320
15113
20320
7980
88710
64750
20320
15113
89023
64750
29141
7980
20320
15113
155619
172843
29141
7980
20320
15113
89023
64750
20320
7980
29141
7980
20320
15113
