73372
87897
65001
86277
65001
86277
65001
86277
65001
86277
11972
97908
65001
86277
65001
86277
45960
48852
65001
86277
65001
51189
14060
87897
9616
24171
65001
86277
45960
48852
65001
97908
65001
87897
73372
86277
53231
86277
9616
86277
65001
86277
11972
97908
45960
48852
73372
91512
73372
87897
45960
86277
65001
86277
73372
87897
65001
86277
73372
87897
45960
86277
31037
24171
11972
97908
65001
86277
65001
86277
45960
32765
65001
86277
65001
86277
65001
86277
65001
86277
11972
87897
65001
86277
65001
86277
45960
48852
65001
86277
65001
51189
14060
122054
9616
24171
65001
86277
45960
48852
65001
87897
65001
151287
250001
86277
53231
86277
9616
86277
65001
86277
11972
87897
45960
48852
250001
87897
250001
151287
45960
86277
65001
86277
250001
123092
65001
86277
250001
151287
45960
86277
31037
24171
11972
87897
65001
86277
65001
86277
45960
32765
219446
149692
101935
160820
250001
126458
11972
86277
162671
87113
73372
122525
45960
48852
73372
160820
73372
51189
14060
86277
9616
24171
73372
144139
45960
48852
113797
86277
219446
86277
65001
137771
53231
87185
9616
126458
73372
87185
11972
86277
45960
48852
65001
86277
65001
86277
45960
160820
250001
160820
65001
86277
162671
149692
65001
86277
45960
109978
31037
24171
11972
86277
101935
160820
73372
149692
45960
32765
101935
149692
219446
126458
11972
86277
162671
87113
73372
122525
45960
48852
73372
149692
73372
51189
14060
86277
9616
24171
73372
144139
45960
48852
113797
86277
250001
86277
65001
137771
53231
87185
9616
126458
73372
87185
11972
86277
45960
48852
65001
86277
65001
86277
45960
149692
219446
149692
65001
86277
162671
150879
65001
86277
45960
109978
31037
24171
11972
86277
101935
149692
73372
170606
45960
32765
101935
126458
11972
86277
101935
87113
73372
122525
45960
48852
73372
161910
73372
51189
14060
86277
9616
24171
73372
144139
45960
48852
101935
86277
101935
86277
65001
137771
53231
87185
9616
126458
73372
87185
11972
86277
45960
48852
65001
86277
65001
86277
45960
161910
101935
166075
65001
86277
101935
149692
65001
86277
45960
109978
31037
24171
11972
86277
162671
166075
73372
149692
45960
32765
11972
86277
162671
87113
73372
122525
45960
48852
73372
126458
73372
51189
14060
86277
9616
24171
73372
126458
45960
48852
113797
86277
219446
86277
65001
126458
53231
87185
9616
149692
73372
87185
11972
86277
45960
48852
65001
86277
65001
86277
45960
126458
250001
126458
65001
86277
162671
126458
65001
86277
45960
109978
31037
24171
11972
86277
101935
126458
73372
126458
45960
32765
11972
86277
11972
86277
11972
48852
11972
86277
11972
51189
11972
87897
9616
24171
11972
86277
11972
48852
11972
140734
11972
87897
11972
86277
11972
86277
9616
86277
11972
86277
250001
140734
11972
48852
11972
91512
11972
87897
11972
86277
11972
86277
11972
87897
11972
86277
11972
87897
11972
86277
11972
24171
250001
140734
11972
86277
11972
86277
11972
32765
73372
87113
45960
48852
73372
87113
73372
51189
14060
86277
9616
24171
73372
87113
45960
48852
113797
86277
162671
86277
65001
87113
53231
87113
9616
87113
73372
87113
11972
86277
45960
48852
65001
86277
65001
86277
45960
87113
162671
87113
65001
86277
250001
87113
65001
86277
45960
87113
31037
24171
11972
86277
101935
87113
73372
87113
45960
32765
45960
48852
73708
122525
73708
51189
14060
86277
9616
24171
73708
122525
45960
48852
73372
86277
73372
86277
65001
122525
53231
87185
9616
122525
73708
87185
11972
86277
45960
48852
65001
86277
65001
86277
45960
122525
73372
122525
65001
86277
73372
122525
65001
86277
45960
109978
31037
24171
11972
86277
73372
122525
73708
122525
45960
32765
45960
48852
45960
48852
14060
48852
9616
24171
45960
48852
250001
87113
45960
48852
45960
48852
45960
48852
45960
48852
9616
48852
45960
48852
11972
48852
250001
87113
45960
48852
45960
48852
50829
48852
45960
48852
45960
48852
45960
48852
45960
48852
250001
48852
31037
24171
11972
48852
45960
48852
45960
48852
50829
32765
101935
51189
14060
86277
9616
24171
250001
144139
45960
48852
73372
86277
73372
86277
65001
137771
53231
87185
9616
126458
250001
87185
11972
86277
45960
48852
65001
86277
65001
86277
45960
174405
73372
161910
65001
86277
73372
149692
65001
86277
45960
109978
31037
24171
11972
86277
73372
161910
81570
149692
45960
32765
14060
51189
9616
24171
101935
51189
45960
48852
73372
51189
73372
51189
65001
51189
53231
51189
9616
51189
101935
51189
11972
51189
45960
48852
65001
51189
65001
51189
45960
51189
73372
51189
65001
51189
73372
51189
65001
51189
45960
51189
31037
24171
11972
51189
73372
51189
81570
51189
45960
32765
9616
24171
14060
86277
14060
48852
14060
87897
14060
122054
14060
86277
14060
86277
9616
86277
14060
86277
11972
87897
14060
48852
14060
87897
14060
122054
14060
86277
14060
86277
14060
122054
14060
86277
14060
122054
14060
86277
14060
24171
11972
87897
14060
86277
14060
86277
14060
32765
9616
24171
9616
24171
9616
24171
9616
24171
9616
24171
9616
24171
14060
24171
9616
24171
9616
24171
9616
24171
9616
24171
9616
24171
9616
24171
9616
24171
9616
24171
9616
24171
9616
24171
9616
24171
9616
144139
9616
24171
9616
24171
9616
24171
9616
24171
45960
48852
73372
86277
73372
86277
65001
137771
53231
87185
9616
126458
250001
87185
11972
86277
45960
48852
65001
86277
65001
86277
45960
144139
73372
144139
65001
86277
73372
144139
65001
86277
45960
109978
31037
24171
11972
86277
73372
144139
81570
144139
45960
32765
45960
48852
45960
48852
45960
48852
45960
48852
9616
48852
45960
48852
11972
48852
250001
109978
45960
48852
45960
48852
50829
48852
45960
48852
45960
48852
45960
48852
45960
48852
250001
48852
31037
24171
11972
48852
45960
48852
45960
48852
50829
32765
113797
87897
65001
86277
53231
86277
9616
86277
73372
86277
11972
160575
45960
48852
65001
91512
65001
87897
45960
86277
113797
86277
65001
87897
113797
86277
65001
87897
45960
86277
31037
24171
11972
150879
101935
86277
73372
86277
45960
32765
65001
86277
53231
86277
9616
86277
73372
86277
11972
87897
45960
48852
65001
87897
65001
160575
45960
86277
219446
86277
65001
123092
162671
86277
65001
165545
45960
86277
31037
24171
11972
87897
101935
86277
73372
86277
45960
32765
53231
87185
9616
126458
65001
87185
11972
86277
45960
48852
250001
86277
250001
86277
45960
137771
65001
137771
250001
86277
65001
137771
250001
86277
45960
109978
31037
24171
11972
86277
65001
137771
65001
137771
45960
32765
9616
87185
53231
124375
11972
86277
45960
48852
53231
86277
53231
86277
45960
87185
53231
87185
53231
86277
53231
87185
53231
86277
45960
87185
31037
24171
11972
86277
53231
87185
53231
87185
45960
32765
9616
87185
9616
86277
9616
48852
9616
86277
9616
86277
9616
126458
9616
126458
9616
86277
9616
126458
9616
86277
9616
109978
9616
24171
9616
86277
9616
126458
9616
126458
9616
32765
11972
86277
45960
48852
65001
86277
65001
86277
45960
87185
73372
87185
65001
86277
73372
87185
65001
86277
45960
87185
31037
24171
11972
86277
73372
87185
81570
87185
45960
32765
11972
48852
11972
91512
11972
87897
11972
86277
11972
86277
11972
87897
11972
86277
11972
87897
11972
86277
11972
24171
250001
150879
11972
86277
11972
86277
11972
32765
45960
48852
45960
48852
50829
48852
45960
48852
45960
48852
45960
48852
45960
48852
250001
48852
31037
24171
11972
48852
45960
48852
45960
48852
50829
32765
250001
87897
45960
86277
65001
86277
250001
87897
65001
86277
250001
87897
45960
86277
31037
24171
11972
91512
65001
86277
65001
86277
45960
32765
45960
86277
65001
86277
250001
123092
65001
86277
250001
160575
45960
86277
31037
24171
11972
87897
65001
86277
65001
86277
45960
32765
45960
161910
45960
86277
45960
149692
45960
86277
50829
109978
31037
24171
11972
86277
45960
161910
45960
149692
108250
32765
65001
86277
162671
149692
65001
86277
45960
109978
31037
24171
11972
86277
101935
174405
73372
149692
45960
32765
65001
86277
250001
123092
45960
86277
31037
24171
11972
87897
65001
86277
65001
86277
45960
32765
65001
86277
45960
109978
31037
24171
11972
86277
101935
149692
73372
150879
45960
32765
45960
86277
31037
24171
11972
87897
65001
86277
65001
86277
45960
32765
31037
24171
11972
86277
45960
109978
45960
109978
50829
32765
11972
24171
31037
24171
31037
24171
31037
24171
11972
86277
11972
86277
11972
32765
73372
149692
45960
32765
45960
32765
