13032
22772
216463
32256
13032
182129
13032
32256
13032
32256
13032
32256
13032
65738
13032
22465
5285
22772
13032
22772
13032
250001
2701
22772
13032
122131
2701
22772
13032
32256
13032
122131
13032
32256
2701
22772
2701
22772
13032
32256
2423
22772
2701
22772
13032
23015
13032
32256
2701
22465
13032
67647
13032
32256
13032
32256
13032
32256
2701
22772
2423
22772
13032
32256
5285
22772
13032
32256
13032
22772
17651
22772
16955
22772
250001
22772
98633
22772
66486
22772
16955
22465
5285
32256
216463
32256
216463
22772
2701
32256
35572
22772
2701
32256
16110
22772
203301
22772
216463
22772
2701
32256
2701
27801
98633
22772
2423
51527
2701
32256
250001
22772
216463
22772
2701
22465
250001
22772
66880
22772
250001
22772
16110
22772
2701
32256
2423
23015
250001
22772
5285
51527
16110
22772
13032
32256
13032
47358
13032
67647
13032
131726
13032
32256
13032
22465
5285
22772
13032
22772
13032
32256
2701
22772
13032
32256
2701
22772
13032
47358
13032
32256
13032
50097
2701
22772
2701
22772
13032
182794
2423
22772
2701
22772
13032
23015
13032
203768
2701
22465
13032
32256
13032
224651
13032
44535
13032
224651
2701
22772
2423
22772
13032
224651
5285
22772
13032
86683
16955
32256
17651
32256
17651
32256
17651
65738
16955
22465
5285
22772
17651
22772
17651
182129
2701
22772
17651
122131
2701
22772
16110
32256
17651
122131
17651
32256
2701
22772
2701
22772
17651
32256
2423
22772
2701
22772
17651
23015
17651
32256
2701
22465
17651
67647
17651
32256
17651
32256
16110
32256
2701
22772
2423
22772
17651
32256
5285
22772
16110
32256
16955
47358
16955
47358
16955
32256
41450
22465
5285
22772
16955
22772
16955
32256
2701
22772
16955
32256
2701
22772
16110
122131
16955
32256
16955
47358
2701
22772
2701
22772
16955
47358
2423
22772
2701
22772
16955
23015
16955
47358
2701
22465
16955
32256
16955
47358
16955
44535
16110
47358
2701
22772
2423
22772
16955
47358
5285
22772
16110
47358
98633
67647
66486
32256
16955
22465
5285
22772
216463
22772
216463
32256
2701
22772
35572
32256
2701
22772
16110
47358
203301
32256
216463
50097
2701
22772
2701
22772
98633
67647
2423
22772
2701
22772
250001
23015
216463
67647
2701
22465
250001
32256
66880
67647
250001
44535
16110
67647
2701
22772
2423
22772
250001
67647
5285
22772
16110
67647
66486
32256
16955
22465
5285
22772
98633
22772
98633
32256
2701
22772
35572
32256
2701
22772
16110
47358
98633
32256
98633
50097
2701
22772
2701
22772
146093
131726
2423
22772
2701
22772
98633
23015
98633
131726
2701
22465
98633
32256
66880
131726
98633
44535
16110
131726
2701
22772
2423
22772
98633
131726
5285
22772
16110
86683
16955
22465
5285
22772
66486
22772
66486
65738
2701
22772
35572
65738
2701
22772
16110
32256
66486
65738
66486
32256
2701
22772
2701
22772
66486
32256
2423
22772
2701
22772
66486
23015
66486
32256
2701
22465
66486
65738
66486
32256
66486
32256
16110
32256
2701
22772
2423
22772
66486
32256
5285
22772
16110
32256
5285
22465
16955
22465
16955
22465
2701
22465
16955
22465
2701
22465
16110
22465
16955
22465
16955
22465
2701
22465
2701
22465
16955
22465
2423
22465
2701
22465
16955
22465
16955
22465
2701
22772
16955
22465
16955
22465
16955
22465
16110
22465
2701
22465
2423
22465
16955
22465
5285
22465
16110
22465
5285
51045
5285
22772
2701
36250
5285
22772
2701
36250
5285
22772
5285
22772
5285
22772
2701
36250
2701
27801
5285
22772
2423
32256
2701
51045
5285
22772
5285
22772
2701
22465
5285
22772
5285
22772
5285
22772
5285
22772
2701
51045
2423
23015
5285
22772
142253
32256
5285
22772
250001
22772
2701
36250
35572
22772
2701
36250
16110
22772
203301
22772
250001
22772
2701
36250
2701
27801
98633
22772
2423
32256
2701
51527
216463
22772
217366
22772
2701
22465
216463
22772
66880
22772
216463
22772
16110
22772
2701
51527
2423
23015
216463
22772
5285
32256
16110
22772
2701
22772
35572
122131
2701
22772
16110
32256
203301
122131
250001
32256
2701
22772
2701
22772
98633
32256
2423
22772
2701
22772
216463
23015
217366
32256
2701
22465
216463
67647
66880
32256
216463
32256
16110
32256
2701
22772
2423
22772
216463
32256
5285
22772
16110
32256
2701
22772
66880
86683
2701
22772
2701
22772
2701
22772
16955
86683
66486
27801
2701
22772
2423
32256
35750
36250
2701
22772
2701
22772
21548
22465
2701
22772
2701
22772
2701
22772
2701
22772
66880
36250
2423
23015
2701
22772
2701
32256
2701
22772
2701
22772
16110
32256
35572
130519
35572
32256
2701
22772
2701
22772
35572
32256
2423
22772
2701
22772
35572
23015
35572
32256
2701
22465
35572
67647
35572
32256
35572
32256
16110
32256
2701
22772
2423
22772
35572
32256
5285
22772
16110
32256
2701
22772
2701
22772
2701
22772
16955
114599
66486
27801
2701
22772
2423
32256
35750
36250
2701
22772
2701
22772
21548
22465
2701
22772
2701
22772
2701
22772
2701
22772
171920
36250
2423
23015
2701
22772
2701
32256
2701
22772
16110
32256
16110
47358
2701
22772
2701
22772
16110
47358
2423
22772
2701
22772
16110
23015
16110
47358
2701
22465
16110
32256
16110
47358
16110
44535
29788
47358
2701
22772
2423
22772
16110
47358
5285
22772
16955
47358
203301
32256
2701
22772
2701
22772
98633
32256
2423
22772
2701
22772
203301
23015
203301
32256
2701
22465
203301
67647
66880
32256
203301
32256
16110
32256
2701
22772
2423
22772
203301
32256
5285
22772
16110
32256
2701
22772
2701
22772
98633
50097
2423
22772
2701
22772
216463
23015
217366
50097
2701
22465
216463
32256
66880
50097
216463
44535
16110
50097
2701
22772
2423
22772
216463
50097
5285
22772
16110
50097
16955
27801
2701
22772
2423
32256
16955
36250
2701
22772
2701
22772
16955
22465
2701
22772
2701
22772
2701
22772
2701
22772
16955
36250
2423
23015
2701
22772
2701
32256
2701
22772
2701
22772
2423
27801
35750
27801
2701
22772
2701
22772
21548
22465
2701
22772
2701
22772
2701
22772
2701
22772
66486
27801
2423
23015
2701
22772
2701
27801
2701
22772
2423
22772
2701
22772
98633
23015
98633
182794
2701
22465
98633
32256
66880
182794
98633
44535
16110
182794
2701
22772
2423
22772
98633
182794
5285
22772
16110
86683
2423
32256
2423
22772
2423
22772
2423
22465
2423
22772
2423
22772
2423
22772
2423
22772
2423
32256
240650
23015
2423
22772
2423
57346
2423
22772
2701
22772
2701
22772
21548
22465
2701
22772
2701
22772
2701
22772
2701
22772
35750
88535
2423
23015
2701
22772
2701
32256
2701
22772
216463
23015
2701
22465
250001
23015
66880
23015
250001
23015
16110
23015
2701
22772
2423
22772
250001
23015
5285
22772
16110
23015
2701
22465
216463
32256
66880
203768
216463
44535
16110
203768
2701
22772
2423
22772
216463
203768
5285
22772
16110
86683
2701
22465
2701
22465
2701
22465
2701
22465
21548
22465
2423
22465
2701
22465
2701
22465
2701
22465
66880
32256
250001
32256
16110
32256
2701
22772
2423
22772
250001
32256
5285
22772
16110
32256
66880
44535
16110
239500
2701
22772
2423
22772
66880
239500
5285
22772
16110
86683
16110
44535
2701
22772
2423
22772
250001
44535
5285
22772
16110
44535
2701
22772
2423
22772
16110
250001
5285
22772
16955
86683
2423
23015
2701
22772
2701
32256
2701
22772
2423
22772
2423
23015
2423
22772
5285
22772
16110
86683
5285
22772
