100745
59587
244155
32124
244155
101221
49230
101221
75332
101221
91987
250001
244155
101221
49230
32124
77421
101221
190715
101221
244155
101221
182313
250001
190715
101221
46948
101221
49230
101221
46948
202081
244155
250001
244155
59587
75332
32124
211759
127165
244155
12375
190715
101221
244155
59587
244155
101221
244155
101221
244155
101221
244155
32124
244155
101221
244868
101221
131409
101221
244155
12375
145605
101221
244155
59587
77421
59587
75332
12375
91987
101221
244155
101221
100745
32124
100745
59587
49230
59587
75332
59587
91987
59587
100745
59587
49230
32124
77421
59587
100745
59587
100745
59587
100745
59587
100745
59587
46948
59587
49230
59587
46948
59587
100745
59587
100745
78285
75332
32124
100745
59587
100745
12375
100745
59587
100745
78285
100745
59587
100745
59587
100745
59587
100745
32124
100745
59587
100745
59587
100745
59587
100745
12375
100745
59587
100745
212123
77421
78285
75332
12375
91987
59587
100745
59587
250001
32124
49230
32124
75332
32124
91987
32124
250001
32124
49230
78285
77421
32124
190715
32124
250001
32124
182313
32124
190715
32124
46948
32124
49230
32124
46948
32124
250001
32124
250001
32124
75332
78285
211759
32124
250001
12375
190715
32124
250001
32124
250001
32124
250001
32124
250001
32124
250001
59587
250001
32124
244155
32124
131409
32124
250001
12375
145605
32124
250001
32124
77421
32124
75332
12375
91987
32124
250001
32124
49230
250001
75332
127163
91987
101221
250001
250001
49230
32124
77421
127163
190715
202081
250001
250001
182313
101221
190715
250001
46948
250001
49230
180501
46948
101221
250001
101221
250001
59587
75332
32124
211759
101221
250001
12375
190715
250001
250001
59587
250001
250001
250001
250001
250001
202081
250001
32124
250001
202081
244155
250001
131409
250001
250001
12375
145605
250001
250001
59587
77421
59587
75332
12375
91987
250001
250001
127163
49230
127163
49230
101221
49230
250001
131409
32124
49230
127163
49230
202081
49230
250001
49230
101221
49230
250001
46948
250001
131409
180501
46948
101221
49230
101221
49230
59587
49230
32124
49230
101221
49230
12375
49230
250001
49230
59587
49230
250001
49230
250001
49230
202081
49230
32124
49230
202081
49230
250001
49230
250001
49230
12375
49230
250001
49230
59587
49230
59587
49230
12375
49230
250001
49230
127163
75332
101221
75332
127163
49230
32124
75332
127165
75332
127163
75332
127163
75332
101221
75332
127163
46948
127163
49230
127163
46948
101221
75332
101221
75332
59587
78977
32124
75332
101221
75332
12375
75332
127163
75332
59587
75332
127163
75332
127163
75332
127163
75332
32124
75332
127163
75332
127163
75332
127163
75332
12375
75332
127163
75332
59587
75332
59587
77421
12375
75332
127163
75332
127165
91987
101221
49230
32124
77421
101221
91987
101221
91987
101221
91987
250001
91987
101221
46948
101221
49230
101221
46948
202081
91987
250001
91987
59587
75332
32124
91987
127165
91987
12375
91987
101221
91987
59587
91987
101221
91987
101221
91987
101221
91987
32124
91987
101221
91987
101221
91987
101221
91987
12375
91987
101221
91987
59587
77421
59587
75332
12375
230176
101221
91987
101221
49230
32124
77421
127163
190715
202081
250001
250001
182313
101221
190715
250001
46948
250001
49230
180501
46948
101221
250001
101221
250001
59587
75332
32124
211759
101221
250001
12375
190715
250001
250001
59587
250001
250001
250001
250001
250001
202081
250001
32124
250001
202081
244155
250001
131409
250001
250001
12375
145605
250001
250001
59587
77421
59587
75332
12375
91987
250001
250001
127163
49230
32124
49230
32124
49230
32124
49230
32124
49230
32124
46948
32124
250001
32124
46948
32124
49230
32124
49230
32124
49230
134756
49230
32124
49230
12375
49230
32124
49230
32124
49230
32124
49230
32124
49230
32124
49230
59587
49230
32124
49230
32124
49230
32124
49230
12375
49230
32124
49230
32124
49230
32124
49230
12375
49230
32124
49230
32124
77421
127163
77421
127163
77421
101221
77421
127163
46948
127163
49230
127163
46948
101221
77421
101221
77421
59587
75332
32124
77421
101221
77421
12375
77421
127163
77421
59587
77421
127163
77421
127163
77421
127163
77421
32124
77421
127163
77421
127163
77421
127163
77421
12375
77421
127163
77421
59587
250001
59587
75332
12375
77421
127163
77421
250001
190715
202081
182313
101221
209520
202081
46948
202081
49230
180501
46948
101221
190715
101221
190715
59587
75332
32124
190715
101221
190715
12375
250001
202081
190715
59587
190715
202081
190715
202081
190715
250001
190715
32124
190715
250001
190715
202081
131409
202081
190715
12375
145605
202081
190715
59587
77421
59587
75332
12375
91987
202081
190715
127163
182313
101221
190715
250001
46948
250001
49230
180501
46948
101221
250001
101221
250001
59587
75332
32124
211759
101221
250001
12375
190715
250001
250001
59587
250001
250001
250001
250001
250001
202081
250001
32124
250001
202081
244155
250001
131409
250001
250001
12375
145605
250001
250001
59587
77421
59587
75332
12375
91987
250001
250001
127163
182313
101221
46948
101221
49230
101221
46948
202081
182313
250001
182313
59587
75332
32124
182313
127165
182313
12375
182313
101221
182313
59587
182313
101221
182313
101221
182313
101221
182313
32124
182313
101221
182313
101221
131409
101221
182313
12375
145605
101221
182313
59587
77421
59587
75332
12375
91987
101221
182313
101221
46948
250001
49230
180501
46948
101221
190715
101221
190715
59587
75332
32124
190715
101221
190715
12375
209520
250001
190715
59587
190715
250001
190715
250001
190715
202081
190715
32124
190715
202081
190715
250001
131409
250001
190715
12375
145605
250001
190715
59587
77421
59587
75332
12375
91987
250001
190715
127163
46948
180501
131409
101221
46948
101221
46948
59587
46948
32124
46948
101221
46948
12375
46948
250001
46948
59587
46948
250001
46948
250001
46948
202081
46948
32124
46948
202081
46948
250001
46948
250001
46948
12375
46948
250001
46948
59587
46948
59587
46948
12375
46948
250001
46948
127163
46948
101221
49230
101221
49230
59587
49230
32124
49230
101221
49230
12375
49230
180501
49230
59587
49230
180501
49230
180501
49230
180501
49230
32124
49230
180501
49230
180501
49230
180501
49230
12375
49230
180501
49230
59587
49230
59587
49230
12375
49230
180501
49230
127163
46948
202081
46948
59587
46948
32124
46948
127165
46948
12375
46948
101221
46948
59587
46948
101221
46948
101221
46948
101221
46948
32124
46948
101221
46948
101221
46948
101221
46948
12375
46948
101221
46948
59587
46948
59587
46948
12375
46948
101221
46948
101221
250001
59587
75332
32124
211759
127165
250001
12375
190715
101221
250001
59587
250001
101221
250001
101221
250001
101221
250001
32124
250001
101221
244155
101221
131409
101221
250001
12375
145605
101221
250001
59587
77421
59587
75332
12375
91987
101221
250001
101221
75332
32124
211759
59587
250001
12375
190715
59587
250001
126502
250001
59587
250001
59587
250001
59587
250001
32124
250001
59587
244155
59587
131409
59587
250001
12375
145605
59587
250001
78285
77421
101221
75332
12375
91987
59587
250001
59587
75332
32124
75332
12375
75332
32124
75332
32124
75332
32124
75332
32124
75332
32124
75332
59587
75332
32124
75332
32124
75332
32124
75332
12375
75332
32124
75332
32124
75332
32124
77421
12375
75332
32124
75332
32124
211759
12375
190715
101221
211759
59587
211759
101221
211759
101221
211759
101221
211759
32124
211759
101221
211759
101221
131409
101221
211759
12375
145605
101221
211759
59587
77421
59587
75332
12375
91987
101221
211759
101221
190715
12375
250001
12375
250001
12375
250001
12375
250001
12375
250001
12375
250001
12375
244155
12375
131409
12375
250001
101221
145605
12375
250001
12375
77421
12375
75332
101221
91987
12375
250001
12375
190715
59587
190715
250001
190715
250001
190715
202081
190715
32124
190715
202081
190715
250001
131409
250001
190715
12375
145605
250001
190715
59587
77421
59587
75332
12375
91987
250001
190715
127163
250001
59587
250001
59587
250001
59587
250001
32124
250001
59587
244155
59587
131409
59587
250001
12375
145605
59587
250001
78285
77421
101221
75332
12375
91987
59587
250001
59587
250001
250001
250001
202081
250001
32124
250001
202081
244155
250001
131409
250001
250001
12375
145605
250001
250001
59587
77421
59587
75332
12375
91987
250001
250001
127163
250001
202081
250001
32124
250001
202081
244155
250001
131409
250001
250001
12375
145605
250001
250001
59587
77421
59587
75332
12375
91987
250001
250001
127163
250001
32124
250001
250001
244155
202081
131409
202081
250001
12375
145605
202081
250001
59587
77421
59587
75332
12375
91987
202081
250001
127163
250001
32124
244155
32124
131409
32124
250001
12375
145605
32124
250001
32124
77421
32124
75332
12375
91987
32124
250001
32124
244155
202081
131409
202081
250001
12375
145605
202081
250001
59587
77421
59587
75332
12375
91987
202081
250001
127163
131409
250001
244155
12375
145605
250001
244155
59587
77421
59587
75332
12375
91987
250001
244155
127163
131409
12375
131409
250001
131409
59587
77421
59587
75332
12375
91987
250001
131409
127163
145605
12375
250001
12375
77421
12375
75332
127165
91987
12375
250001
12375
145605
59587
77421
59587
75332
12375
91987
250001
145605
127163
77421
78285
75332
12375
91987
59587
250001
59587
75332
12375
77421
59587
77421
59587
75332
12375
75332
12375
91987
127163
