109661
61739
19314
61739
19314
61739
171671
61739
171671
61739
154421
220702
100082
61739
171671
61739
109661
61739
100082
141476
109661
61739
109661
61739
37970
61739
250001
250001
171671
61739
109661
61739
37970
61739
250001
220702
193373
141476
171671
61739
39160
61739
109661
61739
109661
61739
109661
61739
171671
61739
109661
61739
19314
61739
109661
61739
109661
61739
171671
61739
109661
61739
171671
61739
171671
61739
109661
61739
19314
61739
19314
86244
19314
86244
109661
127947
109661
250001
109661
61739
100082
199984
109661
142744
250001
250001
100082
61739
250001
199984
250001
199984
37970
199984
109661
61739
109661
199984
250001
199984
37970
199984
109661
61739
109661
61739
109661
199984
39160
86244
250001
199984
250001
199984
250001
182460
109661
199984
201157
199984
19314
86244
201157
199984
222410
199984
109661
250001
250001
199984
109661
199984
109661
199984
210221
199984
19314
86244
39160
127947
19314
86244
19314
86244
19314
61739
19314
86244
19314
86244
19314
86244
19314
61739
19314
86244
19314
86244
19314
86244
19314
61739
19314
86244
19314
86244
19314
86244
19314
61739
19314
61739
19314
86244
19314
127947
19314
86244
19314
86244
19314
86244
19314
86244
19314
86244
39160
127947
19314
86244
19314
86244
19314
86244
19314
86244
19314
86244
19314
86244
19314
86244
39160
127947
19314
86244
19314
86244
19314
61739
19314
86244
19314
86244
19314
86244
19314
61739
19314
86244
19314
86244
19314
86244
19314
61739
19314
86244
19314
86244
19314
86244
19314
61739
19314
61739
19314
86244
19314
250001
19314
86244
19314
86244
19314
86244
19314
86244
19314
86244
250001
250001
19314
86244
19314
86244
19314
86244
19314
86244
19314
86244
19314
86244
19314
86244
250001
250001
232106
127947
154421
61739
100082
127947
250001
127947
109661
127947
100082
61739
109661
127947
109661
127947
37970
127947
171671
61739
232106
127947
109661
127947
37970
127947
171671
61739
171671
61739
188516
127947
39160
86244
109661
127947
109661
127947
109661
127947
201157
127947
109661
127947
19314
86244
109661
127947
109661
127947
232106
127947
109661
127947
250001
127947
184725
127947
109661
127947
19314
86244
154421
61739
100082
199984
232106
142744
109661
250001
100082
61739
109661
199984
109661
199984
37970
199984
171671
61739
250001
199984
109661
199984
37970
199984
171671
61739
171671
61739
188516
199984
39160
86244
109661
199984
109661
199984
109661
182460
201157
199984
109661
199984
19314
86244
109661
199984
109661
199984
235792
250001
109661
199984
232106
199984
184725
199984
109661
199984
19314
86244
100082
61739
154421
61739
109661
61739
100082
141476
109661
61739
109661
61739
37970
61739
154421
220702
154421
61739
109661
61739
37970
61739
154421
250001
154421
141476
154421
61739
39160
61739
109661
61739
109661
61739
109661
61739
154421
61739
109661
61739
19314
61739
109661
61739
109661
61739
154421
61739
109661
61739
154421
61739
154421
61739
109661
61739
19314
61739
100082
142744
100082
199984
154421
61739
100082
250001
100082
250001
37970
250001
100082
61739
100082
250001
100082
250001
37970
250001
100082
61739
100082
61739
100082
250001
39160
86244
100082
244691
100082
244691
100082
182460
100082
250001
100082
250001
19314
86244
100082
250001
100082
250001
100082
199984
100082
250001
100082
250001
100082
250001
100082
250001
19314
86244
109661
142744
100082
61739
109661
142744
109661
142744
37970
142744
171671
61739
232106
142744
109661
142744
37970
142744
171671
61739
171671
61739
188516
142744
39160
86244
109661
142744
109661
142744
109661
142744
201157
142744
109661
142744
19314
86244
109661
142744
109661
142744
232106
142744
109661
142744
250001
142744
184725
142744
109661
142744
19314
86244
100082
61739
250001
199984
250001
199984
37970
199984
109661
61739
109661
199984
250001
199984
37970
199984
109661
61739
109661
61739
109661
199984
39160
86244
250001
199984
250001
199984
250001
182460
109661
199984
201157
199984
19314
86244
201157
199984
222410
199984
109661
250001
250001
199984
109661
199984
109661
199984
210221
199984
19314
86244
100082
61739
100082
61739
37970
61739
100082
141476
100082
61739
100082
61739
37970
61739
100082
141476
100082
250001
100082
61739
39160
61739
100082
61739
100082
61739
100082
61739
100082
61739
100082
61739
19314
61739
100082
61739
100082
61739
100082
61739
100082
61739
100082
61739
100082
61739
100082
61739
19314
61739
250001
250001
37970
250001
109661
61739
109661
250001
250001
250001
37970
250001
109661
61739
109661
61739
109661
250001
39160
86244
250001
244691
250001
244691
250001
182460
109661
250001
201157
250001
19314
86244
201157
250001
222410
250001
109661
199984
250001
250001
109661
250001
109661
250001
210221
250001
19314
86244
37970
250001
109661
61739
109661
250001
250001
250001
37970
250001
109661
61739
109661
61739
109661
250001
39160
86244
250001
244691
250001
244691
250001
182460
109661
250001
201157
250001
19314
86244
201157
250001
222410
250001
109661
199984
250001
250001
109661
250001
109661
250001
210221
250001
19314
86244
37970
61739
37970
250001
37970
250001
109661
250001
37970
61739
37970
61739
37970
250001
37970
86244
37970
244691
37970
244691
37970
182460
37970
250001
37970
250001
19314
86244
37970
250001
37970
250001
37970
199984
37970
250001
37970
250001
37970
250001
37970
250001
19314
86244
171671
61739
109661
61739
37970
61739
250001
220702
193373
141476
171671
61739
39160
61739
109661
61739
109661
61739
109661
61739
171671
61739
109661
61739
19314
61739
109661
61739
109661
61739
171671
61739
109661
61739
171671
61739
171671
61739
109661
61739
19314
61739
109661
250001
37970
250001
171671
61739
171671
61739
188516
250001
39160
86244
109661
244691
109661
244691
109661
182460
201157
250001
109661
250001
19314
86244
109661
250001
109661
250001
235792
199984
109661
250001
232106
250001
184725
250001
109661
250001
19314
86244
37970
250001
109661
61739
109661
61739
109661
250001
39160
86244
250001
244691
250001
244691
250001
182460
109661
250001
201157
250001
19314
86244
201157
250001
222410
250001
109661
199984
250001
250001
109661
250001
109661
250001
210221
250001
19314
86244
37970
61739
37970
61739
37970
250001
37970
86244
37970
244691
37970
244691
37970
182460
37970
250001
37970
250001
19314
86244
37970
250001
37970
250001
37970
199984
37970
250001
37970
250001
37970
250001
37970
250001
19314
86244
193373
141476
171671
61739
39160
61739
109661
61739
109661
61739
109661
61739
171671
61739
109661
61739
19314
61739
109661
61739
109661
61739
171671
61739
109661
61739
171671
61739
171671
61739
109661
61739
19314
61739
171671
61739
39160
61739
109661
61739
109661
61739
109661
61739
171671
61739
109661
61739
19314
61739
109661
61739
109661
61739
171671
61739
109661
61739
171671
61739
171671
61739
109661
61739
19314
61739
39160
86244
109661
244691
109661
244691
109661
182460
188516
250001
109661
250001
19314
86244
109661
250001
109661
250001
188516
199984
109661
250001
188516
250001
184725
250001
109661
250001
19314
86244
39160
86244
39160
86244
39160
86244
39160
86244
39160
86244
19314
250001
39160
86244
39160
86244
39160
86244
39160
86244
39160
86244
39160
86244
39160
86244
19314
250001
250001
250001
250001
182460
109661
244691
201157
244691
19314
86244
201157
244691
222410
244691
109661
199984
250001
244691
109661
244691
109661
244691
210221
244691
19314
86244
250001
182460
109661
244691
201157
244691
19314
86244
201157
244691
222410
244691
109661
199984
250001
244691
109661
244691
109661
244691
210221
244691
19314
86244
109661
182460
201157
182460
19314
86244
201157
182460
222410
182460
109661
182460
250001
182460
109661
182460
109661
182460
210221
182460
19314
86244
109661
250001
19314
86244
109661
250001
109661
250001
201157
199984
109661
250001
201157
250001
184725
250001
109661
250001
19314
86244
19314
86244
250001
250001
201157
250001
109661
199984
201157
250001
109661
250001
109661
250001
201157
250001
19314
86244
19314
86244
19314
86244
19314
86244
19314
86244
19314
86244
19314
86244
19314
86244
250001
250001
201157
250001
109661
199984
201157
250001
109661
250001
109661
250001
201157
250001
19314
86244
109661
199984
222410
250001
109661
250001
109661
250001
210221
250001
19314
86244
109661
199984
232106
199984
184725
199984
109661
199984
19314
86244
109661
250001
109661
250001
210221
250001
19314
86244
184725
250001
109661
250001
19314
86244
109661
250001
19314
86244
19314
86244
