14568
63979
19231
63979
14568
82035
15922
63979
14568
82035
52008
63979
14568
82035
52008
63979
14568
82035
15922
20131
14568
20131
14695
63979
14568
67835
14695
63979
14568
88203
52008
63979
14568
82035
15922
20131
14568
20131
48604
124485
14568
63979
14695
63979
14568
104698
52008
63979
14568
82035
14695
63979
14568
88203
52008
63979
14568
82035
14568
63979
16098
82035
52008
63979
14568
82035
52008
63979
14568
82035
14695
63979
14568
88203
14568
250001
15922
63979
52008
60384
14568
60384
14695
63979
14568
88203
14695
63979
14568
104698
69778
250001
14568
63979
14695
63979
14568
82035
15922
20131
14568
20131
14695
63979
14568
104698
14695
63979
14568
104698
69778
250001
14568
63979
14695
63979
14568
104698
14568
63979
250001
104698
48604
250001
14568
63979
15922
82583
19231
119334
19231
103851
15922
20131
14695
67835
14695
82035
19231
82583
15922
20131
19231
63979
14695
82035
19231
119334
14695
82035
19231
119334
14568
82583
19231
103851
19231
119334
14695
82035
14568
63979
19231
60384
14695
82035
14695
82035
19231
63979
14695
82583
15922
20131
14695
82035
14695
82035
19231
63979
14695
82035
14568
82035
19231
63979
15922
82583
15922
82583
16040
20131
14695
67835
14695
82035
15922
119334
16040
20131
15922
63979
14695
82035
15922
82583
14695
82035
15922
82583
14568
103851
15922
82583
15922
82583
14695
82035
14568
63979
15922
60384
14695
82035
14695
82035
15922
63979
14695
240417
16040
20131
14695
82035
14695
82035
15922
63979
14695
82035
14568
82035
15922
63979
81018
103851
15922
20131
14695
67835
14695
82035
103539
82583
15922
20131
48604
63979
14695
82035
103539
157546
14695
82035
79035
178721
14568
82583
81018
103851
103539
175224
14695
82035
14568
63979
103539
60384
14695
82035
14695
82035
52008
63979
14695
82583
15922
20131
14695
82035
14695
82035
52008
63979
14695
82035
14568
82035
48604
63979
15922
20131
14695
67835
14695
82035
81018
82583
15922
20131
48604
63979
14695
82035
81018
103851
14695
82035
79035
103851
14568
82583
176232
178827
81018
103851
14695
82035
14568
63979
81018
60384
14695
82035
14695
82035
52008
63979
14695
82583
15922
20131
14695
82035
14695
82035
52008
63979
14695
82035
14568
82035
48604
63979
14695
20131
14695
20131
15922
20131
59395
65097
15922
20131
14695
20131
15922
20131
14695
20131
15922
20131
14568
20131
15922
20131
15922
20131
14695
20131
14568
20131
15922
20131
14695
20131
14695
20131
15922
20131
14695
20131
32759
126148
14695
20131
14695
20131
15922
20131
14695
20131
14568
20131
15922
20131
80731
67835
14695
67835
14695
20131
14695
63979
250001
67835
14695
67835
102233
67835
14695
67835
14568
67835
14695
67835
14695
67835
102233
67835
14568
63979
14695
60384
64491
67835
102233
67835
14695
63979
250001
67835
14695
20131
133774
67835
133774
67835
14695
63979
133774
67835
14568
67835
14695
63979
14695
82035
14695
20131
14695
63979
80731
88203
14695
82035
80731
177125
14695
82035
14568
82035
14695
82035
14695
82035
80731
250001
14568
63979
14695
60384
64491
178721
80731
88203
14695
63979
80731
82035
14695
20131
80731
88203
80731
88203
14695
63979
80731
88203
14568
88203
14695
63979
15922
20131
48604
63979
14695
82035
106715
82583
14695
82035
79035
82583
14568
103851
81018
82583
176232
82583
14695
82035
14568
63979
185263
60384
14695
82035
14695
82035
52008
63979
14695
119334
15922
20131
14695
82035
14695
82035
52008
63979
14695
82035
14568
82035
48604
63979
15922
20131
14695
20131
15922
20131
14695
20131
15922
20131
14568
20131
15922
20131
15922
20131
14695
20131
14568
20131
15922
20131
14695
20131
14695
20131
15922
20131
14695
20131
32759
65097
14695
20131
14695
20131
15922
20131
14695
20131
14568
20131
15922
20131
14695
63979
48604
63979
14695
63979
48604
63979
14568
63979
48604
63979
48604
63979
14695
63979
14568
124485
48604
60384
14695
63979
14695
63979
48604
124485
14695
63979
15922
20131
14695
63979
14695
63979
48604
124485
14695
63979
14568
63979
58929
124485
14695
82035
102233
88203
14695
82035
14568
82035
14695
82035
14695
82035
102233
88203
14568
63979
14695
60384
64491
88203
102233
180277
14695
63979
250001
82035
14695
20131
133774
178721
133774
250001
14695
63979
133774
250001
14568
250001
14695
63979
14695
82035
79035
157546
14568
82583
81018
103851
106715
157546
14695
82035
14568
63979
106715
60384
14695
82035
14695
82035
52008
63979
14695
82583
15922
20131
14695
82035
14695
82035
52008
63979
14695
82035
14568
82035
48604
63979
14695
82035
14568
82035
14695
82035
14695
82035
209789
177125
14568
63979
14695
60384
64491
177125
129253
88203
14695
63979
102233
82035
14695
20131
102233
88203
102233
88203
14695
63979
102233
88203
14568
88203
14695
63979
14568
82583
79035
103851
79035
175224
14695
82035
14568
63979
79035
60384
14695
82035
14695
82035
52008
63979
14695
82583
15922
20131
14695
82035
14695
82035
52008
63979
14695
82035
14568
82035
48604
63979
14568
82583
14568
82583
14568
82035
15922
63979
14568
60384
14568
82035
14568
82035
14568
63979
14568
103851
14568
20131
14568
82035
14568
82035
14568
63979
14568
82035
16098
82035
14568
63979
81018
103851
14695
82035
14568
63979
81018
60384
14695
82035
14695
82035
52008
63979
14695
82583
15922
20131
14695
82035
14695
82035
52008
63979
14695
82035
14568
82035
48604
63979
14695
82035
14568
63979
176232
60384
14695
82035
14695
82035
52008
63979
14695
82583
15922
20131
14695
82035
14695
82035
52008
63979
14695
82035
14568
82035
48604
63979
14568
63979
14695
60384
64491
178721
129253
88203
14695
63979
102233
82035
14695
20131
102233
88203
102233
88203
14695
63979
102233
88203
14568
88203
14695
63979
14568
60384
14568
63979
14568
63979
14568
250001
14568
63979
14568
20131
14568
63979
14568
63979
14568
250001
14568
63979
15922
63979
14568
250001
14695
60384
14695
60384
52008
60384
14695
60384
15922
20131
14695
60384
14695
60384
52008
60384
14695
60384
14568
60384
48604
60384
64491
88203
14695
63979
64491
82035
14695
20131
64491
88203
64491
88203
14695
63979
64491
88203
14568
88203
14695
63979
14695
63979
102233
82035
14695
20131
102233
178721
102233
180277
14695
63979
102233
180277
14568
180277
14695
63979
14695
63979
15922
20131
14695
63979
14695
63979
82194
250001
14695
63979
14568
63979
48604
250001
14695
20131
133774
82035
133774
82035
14695
63979
133774
82035
14568
82035
14695
63979
14695
20131
14695
20131
15922
20131
14695
20131
14568
20131
15922
20131
221656
178721
14695
63979
141100
178721
14568
178721
14695
63979
14695
63979
141100
250001
14568
250001
14695
63979
14695
63979
14568
63979
48604
250001
14568
250001
14695
63979
14568
63979
