250001
192451
58211
197457
204448
152464
204448
152464
91164
156756
250001
157531
250001
192451
250001
152464
58211
152464
250001
156723
91164
197457
103170
197457
242181
197457
250001
63030
72930
197457
250001
63030
204448
152464
136180
156723
58211
63030
72930
197457
250001
193525
91164
197457
126994
152456
58211
89515
242181
250001
91164
156756
250001
89515
250001
152464
58211
158652
250001
152464
103170
197457
250001
158652
250001
197457
204448
157531
204448
152464
250001
152456
58211
192451
204448
152464
204448
152464
91164
156756
250001
157531
250001
200060
250001
152464
58211
152464
250001
156723
91164
192451
103170
192451
242181
192451
250001
63030
72930
192451
250001
63030
204448
152464
136180
156723
58211
63030
72930
192451
250001
192451
91164
192451
126994
152456
58211
89515
242181
192451
91164
156756
250001
89515
250001
152464
58211
158652
250001
152464
103170
192451
250001
158652
250001
192451
204448
157531
204448
152464
250001
152456
58211
152464
58211
152464
58211
156756
58211
157531
58211
192451
58211
152464
72930
152464
58211
156723
58211
250001
58211
208080
58211
250001
58211
63030
58211
250001
58211
63030
58211
152464
58211
156723
72930
63030
58211
250001
58211
193525
58211
250001
58211
152456
72930
89515
58211
197457
58211
156756
58211
89515
58211
152464
72930
158652
58211
152464
58211
250001
58211
158652
58211
250001
58211
157531
58211
152464
58211
152456
250001
250001
91164
152464
204448
152464
204448
152464
204448
156756
58211
157531
204448
152464
91164
152464
103170
152464
204448
152464
204448
63030
72930
152464
204448
63030
250001
202844
136180
152464
58211
63030
72930
152464
204448
152464
91164
152464
126994
152456
58211
89515
204448
152464
91164
152464
204448
89515
204448
250001
58211
152464
204448
156756
103170
152464
204448
152464
204448
152464
242181
152464
250001
156756
204448
152456
91164
152464
204448
152464
204448
152464
204448
156756
58211
157531
204448
152464
91164
152464
103170
152464
204448
152464
204448
63030
72930
152464
204448
63030
250001
202844
136180
152464
58211
63030
72930
152464
204448
152464
91164
152464
126994
152456
58211
89515
204448
152464
91164
152464
204448
89515
204448
250001
58211
152464
204448
156756
103170
152464
204448
152464
204448
152464
242181
152464
250001
156756
204448
152456
91164
156756
91164
156756
91164
152464
58211
152464
91164
156723
103170
156756
91164
156756
91164
156756
91164
63030
72930
156756
91164
63030
91164
152464
91164
156723
58211
63030
72930
156756
91164
156756
103170
156756
91164
152456
58211
89515
91164
156756
103170
158110
91164
89515
91164
152464
58211
156756
91164
152464
91164
156756
91164
156756
91164
156756
91164
156756
91164
152464
91164
152456
250001
157531
250001
152464
58211
152464
250001
156723
91164
157531
103170
157531
242181
157531
250001
63030
72930
157531
250001
63030
204448
152464
136180
156723
58211
63030
72930
157531
250001
157531
91164
157531
126994
152456
58211
89515
242181
157531
91164
156756
250001
89515
250001
152464
58211
157531
250001
152464
103170
157531
250001
157531
250001
157531
204448
202844
204448
152464
250001
152456
250001
152464
58211
152464
250001
156723
91164
192451
103170
192451
242181
192451
250001
63030
72930
192451
250001
63030
204448
152464
136180
156723
58211
63030
72930
192451
250001
192451
91164
192451
126994
152456
58211
89515
242181
192451
91164
156756
250001
89515
250001
152464
58211
158652
250001
152464
103170
192451
250001
158652
250001
192451
204448
157531
204448
152464
250001
152456
58211
156756
250001
152464
91164
152464
103170
152464
242181
152464
250001
63030
72930
152464
250001
63030
204448
156756
136180
152464
58211
63030
72930
152464
250001
152464
91164
152464
126994
152456
58211
89515
242181
152464
91164
152464
250001
89515
250001
156756
58211
152464
250001
158110
103170
152464
250001
152464
250001
152464
204448
152464
204448
158110
250001
152456
58211
152464
58211
152464
58211
152464
58211
152464
58211
63030
58211
152464
58211
63030
58211
157531
58211
152464
79462
63030
58211
152464
58211
152464
58211
152464
58211
152456
91164
89515
58211
152464
58211
152464
58211
89515
58211
157531
91164
152464
58211
156756
58211
152464
58211
152464
58211
152464
58211
152464
58211
156756
58211
152456
91164
156723
103170
156723
242181
156723
250001
63030
72930
156723
250001
63030
204448
152464
136180
157633
58211
63030
72930
156723
250001
156723
91164
156723
126994
152456
58211
89515
242181
156723
91164
156723
250001
89515
250001
152464
58211
156723
250001
152464
103170
156723
250001
156723
250001
156723
204448
156723
204448
152464
250001
152456
91164
208080
91164
250001
91164
63030
72930
250001
91164
63030
91164
152464
91164
156723
58211
63030
72930
250001
91164
193525
250001
250001
91164
152456
58211
89515
91164
197457
250001
156756
91164
89515
91164
152464
58211
158652
91164
152464
91164
250001
91164
158652
91164
250001
91164
157531
91164
152464
91164
152456
103170
208080
103170
63030
72930
208080
103170
63030
103170
152464
103170
156723
58211
63030
72930
208080
103170
193525
91164
208080
103170
152456
58211
89515
103170
197457
91164
156756
103170
89515
103170
152464
58211
158652
103170
152464
126994
208080
103170
158652
103170
208080
103170
157531
103170
152464
103170
152456
242181
63030
72930
250001
242181
63030
204448
152464
136180
156723
58211
63030
72930
250001
242181
193525
91164
250001
126994
152456
58211
89515
250001
197457
91164
156756
242181
89515
242181
152464
58211
158652
242181
152464
103170
250001
242181
158652
242181
250001
204448
157531
204448
152464
242181
152456
72930
63030
250001
152464
204448
63030
136180
63030
58211
152464
72930
63030
250001
63030
91164
63030
126994
63030
58211
63030
242181
63030
91164
63030
250001
63030
250001
63030
58211
63030
250001
63030
103170
63030
250001
63030
250001
63030
204448
63030
204448
63030
250001
63030
72930
63030
72930
152464
72930
156723
58211
63030
250001
250001
72930
193525
72930
250001
72930
152456
58211
89515
72930
197457
72930
156756
72930
89515
72930
152464
58211
158652
72930
152464
72930
250001
72930
158652
72930
250001
72930
157531
72930
152464
72930
152456
204448
63030
136180
63030
58211
156723
72930
63030
250001
63030
91164
63030
126994
63030
58211
63030
242181
63030
91164
63030
250001
63030
250001
63030
58211
63030
250001
63030
103170
63030
250001
63030
250001
63030
204448
63030
204448
63030
250001
63030
136180
152464
58211
63030
72930
152464
204448
152464
91164
152464
126994
152456
58211
89515
204448
152464
91164
152464
204448
89515
204448
202844
58211
152464
204448
156756
103170
152464
204448
152464
204448
152464
242181
152464
250001
156756
204448
152456
58211
63030
72930
156723
136180
156723
91164
156723
126994
152456
58211
89515
136180
156723
91164
156723
136180
89515
136180
152464
58211
156723
136180
152464
103170
156723
136180
156723
136180
156723
136180
156723
136180
152464
136180
152456
58211
63030
58211
63030
58211
63030
58211
63030
79462
63030
58211
63030
58211
63030
58211
63030
58211
63030
79462
63030
58211
63030
58211
63030
58211
63030
58211
63030
58211
63030
58211
63030
58211
63030
72930
193525
72930
250001
72930
152456
58211
89515
72930
197457
72930
156756
72930
89515
72930
152464
58211
158652
72930
152464
72930
250001
72930
158652
72930
250001
72930
157531
72930
152464
72930
152456
91164
193525
126994
152456
58211
89515
242181
193525
91164
156756
250001
89515
250001
152464
58211
158652
250001
152464
103170
193525
250001
158652
250001
193525
204448
157531
204448
152464
250001
152456
91164
152456
58211
89515
91164
197457
250001
156756
91164
89515
91164
152464
58211
158652
91164
152464
91164
250001
91164
158652
91164
250001
91164
157531
91164
152464
91164
152456
58211
89515
126994
152456
91164
152456
126994
89515
126994
152456
58211
152456
126994
152456
103170
152456
126994
152456
126994
152456
126994
152456
126994
152456
126994
197457
58211
89515
58211
89515
58211
233456
58211
89515
250001
89515
58211
89515
58211
89515
58211
89515
58211
89515
58211
89515
58211
89515
58211
89515
91164
156756
242181
89515
242181
152464
58211
158652
242181
152464
103170
197457
242181
158652
242181
197457
204448
157531
204448
152464
242181
152456
91164
89515
91164
152464
58211
156756
91164
152464
91164
156756
91164
156756
91164
156756
91164
156756
91164
152464
91164
152456
250001
89515
58211
89515
250001
89515
103170
89515
250001
89515
250001
89515
204448
89515
204448
89515
250001
89515
58211
152464
250001
156756
103170
152464
250001
152464
250001
152464
204448
152464
204448
156756
250001
152456
58211
152464
58211
158652
58211
250001
58211
158652
58211
157531
58211
152464
58211
152456
103170
152464
250001
152464
250001
152464
204448
152464
204448
250001
250001
152456
103170
158652
103170
250001
103170
157531
103170
152464
103170
152456
250001
158652
204448
157531
204448
152464
250001
152456
204448
157531
204448
152464
250001
152456
242181
152464
204448
152456
204448
152456
