45535
56818
45535
216952
45535
65839
45535
38058
45535
60340
45535
60340
45535
167589
45535
216952
45535
216952
45535
203263
127657
38058
45535
60340
45535
216952
45535
60340
45535
216952
45535
216952
45535
216952
45535
60340
45535
60340
45535
216952
45535
215380
45535
216952
45535
45181
45535
60340
45535
216952
45535
45181
45535
216952
45535
60340
45535
56818
45535
216952
45535
60340
45535
85120
45535
60340
45535
38058
125766
56818
52013
56818
125766
38058
125766
56818
125766
56818
125766
56818
52013
56818
125766
56818
125766
56818
45535
38058
125766
56818
125766
56818
52013
56818
125766
56818
125766
56818
125766
56818
122707
56818
52013
56818
125766
56818
122707
56818
52013
56818
125766
45181
125766
56818
52013
56818
126717
45181
125766
56818
125766
56818
125766
67524
52013
56818
52013
56818
125766
56818
125766
56818
125766
38058
52013
65839
250001
38058
250001
60340
147793
60340
166569
167589
52013
228405
147793
250001
250001
203263
45535
38058
250001
60340
137472
220752
52013
60340
250001
241919
250001
250001
137472
218708
122707
60340
52013
60340
147793
250001
122707
215380
52013
250001
166569
45181
250001
60340
52013
230800
125766
45181
250001
250001
166569
60340
250001
56818
52013
236855
52013
60340
250001
85120
250001
60340
250001
38058
52013
38058
52013
60340
52013
60340
52013
65839
250001
65839
52013
65839
52013
65839
45535
38058
52013
60340
52013
65839
250001
60340
52013
65839
52013
65839
52013
65839
52013
60340
214853
60340
52013
65839
52013
65839
250001
65839
52013
45181
52013
60340
250001
65839
52013
45181
52013
65839
52013
60340
52013
56818
250001
65839
130027
60340
52013
65839
52013
60340
52013
38058
250001
38058
147793
38058
166569
38058
52013
38058
147793
38058
250001
38058
45535
67524
250001
38058
137472
38058
52013
38058
250001
38058
250001
38058
137472
38058
122707
38058
52013
38058
147793
38058
122707
38058
52013
38058
166569
38058
250001
38058
52013
38058
125766
38058
250001
38058
166569
38058
250001
38058
52013
38058
52013
38058
250001
38058
250001
38058
250001
67524
147793
217946
166569
60340
52013
60340
147793
60340
250001
60340
45535
38058
250001
62448
137472
60340
52013
85120
250001
60340
250001
60340
137472
60340
122707
90182
52013
250001
147793
60340
122707
60340
52013
60340
166569
45181
250001
250001
52013
60340
125766
45181
250001
60340
166569
250001
250001
56818
52013
60340
52013
250001
250001
60340
250001
250001
250001
38058
147793
60340
52013
60340
250001
60340
147793
60340
45535
38058
147793
62448
137472
60340
52013
85120
147793
60340
147793
60340
137472
60340
122707
90182
52013
217946
250001
60340
122707
60340
52013
60340
147793
45181
147793
217946
52013
60340
125766
45181
147793
60340
147793
217946
147793
56818
52013
60340
52013
217946
147793
60340
147793
217946
147793
38058
52013
167589
147793
167589
166569
167589
45535
38058
166569
60340
137472
167589
52013
60340
166569
167589
166569
167589
137472
167589
122707
60340
52013
60340
147793
167589
122707
167589
52013
167589
250001
45181
166569
60340
52013
167589
125766
45181
166569
167589
250001
60340
166569
56818
52013
167589
52013
60340
166569
85120
166569
60340
166569
38058
52013
228405
52013
203263
45535
38058
52013
60340
52013
220752
250001
60340
52013
228405
52013
228405
52013
218708
52013
60340
214853
60340
52013
228405
52013
215380
250001
228405
52013
45181
52013
60340
250001
228405
52013
45181
52013
228405
52013
60340
52013
56818
250001
228405
130027
60340
52013
85120
52013
60340
52013
38058
147793
203263
45535
38058
147793
60340
137472
220752
52013
60340
147793
241919
147793
250001
137472
218708
122707
60340
52013
60340
250001
250001
122707
215380
52013
250001
147793
45181
147793
60340
52013
230800
125766
45181
147793
250001
147793
60340
147793
56818
52013
236855
52013
60340
147793
85120
147793
60340
147793
38058
45535
38058
250001
60340
137472
203263
52013
60340
250001
203263
250001
203263
137472
203263
122707
60340
52013
60340
147793
203263
122707
203263
52013
203263
166569
45181
250001
60340
52013
203263
125766
45181
250001
203263
166569
60340
250001
56818
52013
203263
52013
60340
250001
85120
250001
60340
250001
38058
45535
38058
45535
38058
45535
38058
45535
38058
45535
38058
45535
38058
45535
38058
45535
38058
45535
38058
45535
38058
45535
38058
45535
38058
45535
38058
45535
38058
45535
38058
45535
38058
45535
38058
45535
38058
45535
38058
45535
38058
45535
38058
45535
38058
45535
80729
137472
60340
52013
62448
250001
60340
250001
60340
137472
60340
122707
62448
52013
62448
147793
60340
122707
60340
52013
60340
166569
45181
250001
62448
52013
60340
125766
45181
250001
60340
166569
62448
250001
56818
52013
60340
52013
62448
250001
60340
250001
62448
250001
38058
52013
60340
137472
220752
137472
220752
250001
218708
122707
60340
52013
60340
137472
220752
122707
215380
52013
220752
137472
45181
137472
60340
52013
220752
125766
45181
137472
220752
137472
60340
137472
56818
52013
220752
52013
60340
137472
85120
137472
60340
137472
38058
52013
60340
52013
60340
52013
60340
52013
85120
214853
85120
52013
60340
52013
60340
250001
60340
52013
45181
52013
85120
250001
60340
52013
45181
52013
60340
52013
85120
52013
56818
250001
60340
130027
85120
52013
60340
52013
85120
52013
38058
250001
241919
137472
218708
122707
60340
52013
60340
147793
241919
122707
215380
52013
241919
166569
45181
250001
60340
52013
230800
125766
45181
250001
241919
166569
60340
250001
56818
52013
236855
52013
60340
250001
85120
250001
60340
250001
38058
137472
218708
122707
60340
52013
60340
147793
250001
122707
215380
52013
250001
166569
45181
250001
60340
52013
230800
125766
45181
250001
250001
166569
60340
250001
56818
52013
236855
52013
60340
250001
85120
250001
60340
250001
38058
122707
60340
52013
60340
137472
218708
122707
215380
52013
218708
137472
45181
137472
60340
52013
218708
125766
45181
137472
218708
137472
60340
137472
56818
52013
218708
52013
60340
137472
85120
137472
60340
137472
38058
52013
90182
122707
60340
250001
60340
52013
60340
122707
45181
122707
90182
52013
60340
122707
45181
122707
60340
122707
90182
122707
56818
52013
60340
52013
90182
122707
60340
122707
90182
122707
38058
52013
60340
52013
60340
214853
60340
52013
45181
52013
250001
214853
60340
52013
45181
52013
60340
52013
250001
52013
56818
214853
60340
130027
250001
52013
60340
52013
250001
52013
38058
122707
215380
52013
250001
147793
45181
147793
60340
52013
230800
125766
45181
147793
250001
147793
60340
147793
56818
52013
236855
52013
60340
147793
85120
147793
60340
147793
38058
52013
215380
122707
45181
122707
60340
52013
215380
122707
45181
122707
215380
122707
60340
122707
56818
52013
215380
52013
60340
122707
85120
122707
60340
122707
38058
52013
45181
52013
60340
250001
230800
52013
45181
52013
250001
52013
60340
52013
56818
250001
236855
130027
60340
52013
85120
52013
60340
52013
38058
166569
45181
52013
45181
125766
60340
166569
45181
250001
45181
166569
45181
52013
45181
52013
45181
166569
45181
166569
45181
166569
38058
52013
60340
125766
45181
250001
60340
166569
250001
250001
56818
52013
60340
52013
250001
250001
60340
250001
250001
250001
38058
52013
45181
52013
230800
52013
60340
52013
56818
250001
230800
130027
60340
52013
85120
52013
60340
52013
38058
125766
45181
125766
45181
125766
45181
52013
45181
52013
45181
125766
45181
125766
45181
125766
38058
166569
60340
250001
56818
52013
236855
52013
60340
250001
85120
250001
60340
250001
38058
166569
56818
52013
60340
52013
250001
166569
60340
166569
250001
166569
38058
52013
56818
52013
56818
250001
56818
250001
56818
250001
38058
130027
60340
52013
85120
52013
60340
52013
38058
52013
60340
52013
250001
52013
38058
250001
60340
250001
38058
250001
38058
