112682
105700
198918
56181
120798
149161
145787
56181
66210
120456
198918
149161
104884
56181
182181
128977
115194
56181
158184
59914
188666
105700
173658
56181
198918
105700
173013
56181
182181
120456
104884
149161
65556
128977
198918
56181
198918
149161
132405
149161
198918
149161
155697
128977
182181
149161
156218
56181
38817
105700
114440
105700
173658
149161
65010
105700
126159
105700
198918
56181
188666
149161
38817
150132
112682
149161
198918
56181
112682
56181
112682
105700
112682
56181
66210
105700
112682
105700
104884
56181
112682
105700
112682
56181
112682
59914
112682
134370
112682
56181
112682
128977
112682
56181
112682
105700
104884
105700
65556
105700
112682
56181
112682
105700
112682
105700
112682
105700
112682
105700
112682
105700
112682
56181
38817
128977
112682
151166
112682
105700
65010
128977
112682
134370
112682
56181
112682
105700
38817
105700
114440
105700
112682
56181
120798
56181
145787
105700
66210
56181
221995
56181
104884
128977
182181
56181
115194
105700
158184
56181
188666
56181
173658
151166
221995
56181
173013
59914
182181
56181
104884
56181
65556
56181
221995
128977
221995
56181
132405
56181
221995
56181
155697
56181
182181
56181
156218
59914
38817
56181
114440
56181
173658
56181
65010
56181
126159
56181
221995
151166
188666
56181
38817
56181
112682
56181
221995
59914
120798
56181
66210
120456
120798
151166
104884
56181
120798
128977
115194
56181
120798
59914
120798
105700
120798
56181
120798
105700
120798
56181
120798
120456
104884
151166
65556
128977
120798
56181
120798
151166
120798
151166
120798
250001
120798
128977
120798
150132
120798
56181
38817
105700
114440
105700
120798
149299
65010
105700
120798
105700
120798
56181
120798
149299
38817
149161
112682
151166
120798
56181
66210
56181
145787
56181
104884
105700
145787
56181
115194
142779
145787
56181
145787
56181
145787
105700
145787
56181
145787
59914
145787
56181
104884
56181
65556
56181
145787
105700
145787
56181
132405
56181
145787
56181
145787
56181
145787
56181
145787
59914
38817
56181
114440
56181
145787
56181
65010
56181
126159
56181
145787
105700
145787
56181
38817
56181
112682
56181
145787
59914
66210
120456
66210
56181
66210
120456
66210
56181
66210
59914
66210
105700
66210
56181
66210
105700
66210
56181
66210
149912
66210
120456
65556
120456
66210
56181
66210
120456
66210
120456
66210
120456
66210
120456
66210
120456
66210
56181
38817
105700
66210
105700
66210
120456
65010
105700
66210
105700
66210
56181
66210
120456
38817
120456
66210
120456
66210
56181
104884
56181
182181
128977
115194
56181
158184
59914
188666
105700
173658
56181
224968
105700
173013
56181
182181
120456
104884
167866
65556
128977
250001
56181
250001
171216
132405
151688
250001
151166
155697
128977
182181
150132
156218
56181
38817
105700
114440
105700
173658
149299
65010
105700
126159
105700
250001
56181
188666
149299
38817
149161
112682
217184
250001
56181
104884
56181
104884
105700
104884
56181
104884
56181
104884
128977
104884
56181
104884
59914
104884
56181
149409
56181
65556
56181
104884
149161
104884
56181
104884
56181
104884
56181
104884
56181
104884
56181
104884
59914
38817
56181
104884
56181
104884
56181
65010
56181
104884
56181
104884
128977
104884
56181
38817
56181
104884
56181
104884
59914
115194
56181
158184
59914
182181
105700
173658
56181
182181
105700
173013
56181
224968
120456
104884
128977
65556
149161
182181
56181
182181
128977
132405
128977
182181
128977
155697
149161
200961
128977
156218
56181
38817
105700
114440
105700
173658
128977
65010
105700
126159
105700
182181
56181
182181
128977
38817
128977
112682
128977
182181
56181
115194
56181
115194
56181
115194
105700
115194
56181
115194
59914
115194
56181
104884
56181
65556
56181
115194
105700
115194
56181
115194
56181
115194
56181
115194
56181
115194
56181
115194
59914
38817
56181
114440
56181
115194
56181
65010
56181
115194
56181
115194
105700
115194
56181
38817
56181
112682
56181
115194
59914
158184
59914
158184
56181
158184
59914
158184
56181
158184
59914
104884
59914
65556
59914
158184
56181
158184
59914
132405
59914
158184
59914
155697
59914
158184
59914
156218
56181
38817
59914
114440
59914
158184
59914
65010
59914
126159
59914
158184
56181
158184
59914
38817
59914
112682
59914
158184
56181
173658
56181
188666
128977
173013
56181
182181
105700
104884
105700
65556
105700
188666
56181
188666
105700
132405
105700
188666
105700
155697
105700
182181
105700
156218
56181
38817
128977
114440
134370
173658
105700
65010
128977
126159
142779
188666
56181
190744
105700
38817
105700
112682
105700
188666
56181
173658
56181
173013
59914
173658
56181
104884
56181
65556
56181
173658
128977
173658
56181
132405
56181
173658
56181
155697
56181
173658
56181
156218
59914
38817
56181
114440
56181
186558
56181
65010
56181
126159
56181
173658
151688
173658
56181
38817
56181
112682
56181
173658
59914
173013
56181
182181
105700
104884
105700
65556
105700
224968
56181
224968
105700
132405
105700
224968
105700
155697
105700
182181
105700
156218
56181
38817
149161
114440
128977
173658
105700
65010
149161
126159
128977
224968
56181
188666
105700
38817
105700
112682
105700
224968
56181
173013
56181
104884
56181
65556
56181
173013
59914
173013
56181
132405
56181
173013
56181
155697
56181
173013
56181
156218
151166
38817
56181
114440
56181
173013
56181
65010
56181
126159
56181
173013
59914
173013
56181
38817
56181
112682
56181
173013
167866
104884
120456
65556
120456
182181
56181
182181
120456
132405
120456
182181
120456
155697
120456
200961
120456
156218
56181
38817
105700
114440
105700
173658
120456
65010
105700
126159
105700
182181
56181
182181
120456
38817
120456
112682
120456
182181
56181
65556
128977
104884
56181
104884
167866
104884
151688
104884
151166
104884
128977
104884
150132
104884
56181
38817
105700
104884
105700
104884
149299
65010
105700
104884
105700
104884
56181
104884
149299
38817
149161
104884
167866
104884
56181
65556
56181
65556
128977
65556
128977
65556
128977
65556
204297
65556
128977
65556
56181
38817
105700
65556
105700
65556
128977
65010
105700
65556
105700
65556
56181
65556
128977
38817
128977
65556
128977
65556
56181
250001
56181
132405
56181
250001
56181
155697
56181
182181
56181
156218
59914
38817
56181
114440
56181
173658
56181
65010
56181
126159
56181
250001
128977
188666
56181
38817
56181
112682
56181
250001
59914
132405
151688
250001
151166
155697
128977
182181
150132
156218
56181
38817
105700
114440
105700
173658
149299
65010
105700
126159
105700
250001
56181
188666
149299
38817
149161
112682
171216
250001
56181
132405
151166
132405
128977
132405
150132
132405
56181
38817
105700
114440
105700
132405
149299
65010
105700
126159
105700
132405
56181
132405
149299
38817
149161
112682
151688
132405
56181
155697
128977
182181
150132
156218
56181
38817
105700
114440
105700
173658
149299
65010
105700
126159
105700
250001
56181
188666
149299
38817
149161
112682
151166
250001
56181
155697
128977
155697
56181
38817
105700
114440
105700
155697
128977
65010
105700
126159
105700
155697
56181
155697
128977
38817
128977
112682
128977
155697
56181
156218
56181
38817
105700
114440
105700
173658
149299
65010
105700
126159
105700
182181
56181
182181
149299
38817
149161
112682
150132
182181
56181
38817
56181
114440
56181
156218
56181
65010
56181
126159
56181
156218
59914
156218
56181
38817
56181
112682
56181
156218
151166
38817
128977
38817
105700
38817
151166
38817
128977
38817
56181
38817
105700
89880
105700
38817
105700
38817
56181
114440
105700
65010
128977
65010
105700
114440
134370
126159
105700
114440
56181
173658
56181
114440
105700
173658
149912
38817
105700
38817
149161
112682
105700
112682
149299
114440
56181
173658
56181
65010
128977
65010
56181
65010
105700
38817
105700
65010
105700
65010
56181
126159
56181
126159
105700
38817
105700
112682
105700
126159
56181
188666
56181
38817
56181
112682
56181
250001
59914
38817
149161
112682
149299
188666
56181
38817
149161
38817
56181
112682
56181
