6897
127892
68121
127892
187622
127892
68178
127892
250001
39248
250001
127892
68121
127892
68121
127892
68178
127892
68121
39248
121752
127892
197173
127892
68178
105414
111916
127892
68178
127892
68121
127892
68178
39248
68178
33501
68178
127892
68121
127892
250001
127892
68792
127892
33536
127892
68178
127892
28130
127892
250001
127892
76814
105414
199717
109511
33536
127892
76814
127892
22224
127892
6897
33501
6897
184989
6897
184989
6897
167773
6897
39248
6897
184989
6897
184989
6897
184707
6897
184707
6897
39248
6897
184989
6897
167773
6897
105414
6897
184707
6897
184989
6897
184707
6897
39248
6897
33501
6897
184989
6897
184989
6897
184989
6897
184989
6897
184989
6897
157919
6897
184989
6897
184989
6897
105414
6897
109511
6897
184989
6897
184707
6897
184707
28130
33501
68121
185019
68121
167773
68121
39248
68121
187888
68178
185019
68792
184707
68121
184707
68178
39248
68121
187888
68121
167773
68121
105414
68121
184707
68121
187888
68178
184707
68121
39248
68121
33501
68121
185416
140684
185416
68121
187888
68121
185116
33536
187888
68121
157919
28130
185019
68121
187888
68121
105414
68121
109511
33536
187888
68121
184707
22224
184707
6897
33501
68178
167773
187622
39248
187622
185019
68121
187111
68121
184707
68178
184707
68121
39248
121752
185019
187622
167773
68178
105414
111916
184707
68178
185019
68121
184707
68178
39248
68178
33501
68178
185019
68121
185019
187622
185019
68792
185019
33536
185019
68178
157919
28130
185416
187622
185019
76814
105414
187622
109511
33536
185019
76814
184707
22224
184707
6897
33501
68178
39248
68178
167773
68121
167773
68121
167773
68792
167773
68121
39248
68178
167773
68178
168226
76814
105414
68178
167773
68721
167773
68121
167773
68792
39248
76814
33501
68792
167773
68121
167773
68178
167773
68178
167773
33536
167773
68792
157919
28130
167773
68178
167773
68178
105414
68178
109511
33536
167773
68178
167773
22224
167773
6897
33501
250001
39248
68121
39248
68121
39248
68178
39248
68121
57122
121752
39248
197173
39248
68178
39248
111916
39248
68178
39248
68121
39248
68178
57122
68178
33501
68178
39248
68121
39248
250001
39248
68792
39248
33536
39248
68178
39248
28130
39248
250001
39248
76814
39248
199717
39248
33536
39248
76814
39248
22224
39248
6897
33501
68121
185019
68121
184707
68178
184707
68121
39248
121752
211955
197173
167773
68178
105414
111916
184707
68178
211955
68121
184707
68178
39248
68178
33501
68178
185416
68121
185416
250001
208489
68792
185116
33536
206778
68178
157919
28130
185019
250001
208489
76814
105414
199717
109511
33536
206778
76814
184707
22224
184707
6897
33501
68178
184707
68121
184707
68792
39248
68121
185019
68121
167773
68121
105414
68121
184707
68121
185019
68792
184707
68121
39248
68121
33501
68121
185019
68178
185019
68121
185019
68121
185019
33536
185019
68121
157919
28130
185416
68121
185019
68121
105414
68121
109511
33536
185019
68121
184707
22224
184707
6897
33501
68121
185366
68178
39248
68121
184707
68121
167773
68121
105414
68121
184989
68121
184707
68178
185366
68121
39248
68121
33501
68121
184707
68792
184707
68121
184707
68121
184707
33536
184707
68121
157919
28130
184707
68121
184707
68121
105414
68121
109511
33536
184707
68121
184989
22224
184989
6897
33501
68121
39248
68178
184707
68178
167773
68792
105414
68178
184989
68721
184707
68121
185416
76814
39248
68792
33501
192803
184707
68121
184707
68178
184707
68178
184707
33536
184707
76814
157919
28130
184707
68178
184707
68178
105414
68178
109511
33536
184707
68178
184989
22224
184989
6897
33501
68121
39248
68121
39248
68121
39248
68121
39248
68121
39248
76814
39248
68121
185019
68121
33501
68121
39248
68178
39248
68121
39248
68121
39248
33536
39248
68121
39248
28130
39248
68121
39248
68121
39248
68121
39248
33536
39248
68121
39248
22224
39248
6897
33501
121752
167773
68178
105414
111916
184707
68178
217601
68121
184707
68178
39248
68178
33501
68178
185416
68121
185416
121752
208489
68792
185116
33536
206778
68178
157919
28130
185019
121752
208489
76814
105414
121752
109511
33536
206778
76814
184707
22224
184707
6897
33501
68178
105414
111916
167773
68178
167773
68121
167773
68178
39248
68178
33501
68178
167773
68121
167773
197173
167773
68792
167773
33536
167773
68178
157919
28130
167773
197173
167773
76814
105414
197173
109511
33536
167773
76814
167773
22224
167773
6897
33501
68178
105414
68721
105414
68121
105414
68792
39248
121752
33501
68792
105414
68121
105414
68178
105414
68178
105414
33536
105414
68792
105414
28130
105414
68178
105414
68178
106938
68178
105414
33536
105414
68178
105414
22224
105414
6897
33501
68178
184707
68121
184989
68178
39248
68178
33501
68178
184707
68121
184707
111916
184707
68792
184707
33536
184707
68178
157919
28130
184707
111916
184707
76814
105414
111916
109511
33536
184707
76814
185116
22224
185019
6897
33501
68121
184707
68721
39248
68721
33501
68721
185416
68121
185416
68178
208489
68178
185116
33536
206778
68721
157919
28130
185019
68178
208489
68178
105414
68178
109511
33536
206778
68178
184707
22224
184707
6897
33501
68121
39248
68121
33501
68121
184707
68178
184707
68121
184707
68121
184707
33536
184707
68121
157919
28130
184707
68121
184707
68121
105414
68121
109511
33536
184707
68121
184989
22224
184989
6897
33501
68792
33501
76814
39248
68121
39248
68178
39248
68178
39248
33536
39248
111916
39248
28130
39248
68178
39248
68178
39248
68178
39248
33536
39248
68178
39248
22224
39248
6897
33501
68792
33501
68121
33501
68178
33501
68178
33501
33536
33501
68792
33501
28130
33501
68178
33501
68178
33501
68178
33501
33536
33501
68178
33501
22224
33501
6897
57122
68121
186951
68178
185416
68178
185116
33536
185416
76814
157919
28130
185019
68178
185416
68178
105414
68178
109511
33536
185416
68178
184707
22224
184707
6897
33501
68121
185416
68121
185116
33536
185416
68121
157919
28130
185019
68121
185416
68121
105414
68121
109511
33536
185416
68121
184707
22224
184707
6897
33501
68792
185116
33536
206778
68178
157919
28130
185019
250001
217601
76814
105414
199717
109511
33536
206778
76814
184707
22224
184707
6897
33501
33536
185116
68178
157919
28130
185019
68792
185116
68792
105414
68792
109511
33536
185116
68792
184707
22224
184707
6897
33501
33536
157919
28130
185019
33536
206778
33536
105414
33536
109511
68792
208489
33536
184707
22224
184707
6897
33501
28130
157919
68178
157919
68178
105414
68178
109511
33536
157919
68178
157919
22224
157919
6897
33501
28130
185019
28130
105414
28130
109511
28130
185019
28130
184707
22224
184707
6897
33501
76814
105414
199717
109511
33536
206778
76814
184707
22224
184707
6897
33501
76814
105414
33536
105414
140684
105414
22224
105414
6897
33501
33536
109511
76814
109511
22224
109511
6897
33501
33536
184707
22224
184707
6897
33501
22224
185019
6897
33501
6897
33501
