98976
17337
97090
16206
30820
16206
98976
109897
99377
16206
103928
16206
99377
16206
63418
16206
30820
16206
31191
16206
30820
16206
101701
250001
97090
16206
98976
16206
98976
16206
98976
9065
98976
16206
31191
16206
98976
16206
98976
9065
63418
16206
98976
17337
31191
16206
99377
9065
31191
16206
98976
16206
102378
16206
98976
11640
31191
16206
98976
11640
97090
16206
98976
16206
97090
16206
30820
16206
101798
17337
98976
16206
98976
16206
98976
16206
63418
16206
30820
16206
31191
16206
30820
16206
98976
17337
97090
16206
99891
16206
102378
16206
99792
9065
102378
16206
31191
16206
99891
16206
126604
9065
63418
16206
99891
126055
31191
16206
98976
9065
31191
16206
126604
16206
98976
16206
99891
11640
31191
16206
126604
11640
97090
16206
99891
16206
30820
160730
97090
16206
97090
196154
97090
100913
97090
249438
63418
144715
30820
196154
31191
196154
30820
196154
97090
16206
101798
196154
97090
100913
97090
249438
97090
9065
97090
106988
31191
249438
97090
196154
97090
9065
63418
100913
97090
16206
31191
196154
97090
9065
31191
106988
97090
100913
97090
171515
97090
11640
31191
100913
97090
11640
98976
62934
97090
196154
30820
16206
30820
160730
30820
100913
30820
160730
30820
144715
31191
160730
30820
160730
99891
160730
30820
16206
30820
160730
30820
100913
30820
160730
30820
9065
30820
106988
30820
160730
30820
160730
30820
9065
30820
100913
30820
16206
30820
160730
30820
9065
30820
106988
30820
100913
30820
160730
30820
11640
30820
100913
30820
11640
30820
62934
30820
160730
98976
16206
98976
16206
98976
16206
63418
16206
30820
16206
31191
16206
30820
16206
98976
109897
97090
16206
99891
16206
101798
16206
99792
9065
101798
16206
31191
16206
99891
16206
101798
9065
63418
16206
99891
17337
31191
16206
98976
9065
31191
16206
101798
16206
98976
16206
99891
11640
31191
16206
101798
11640
97090
16206
99891
16206
99377
100913
128230
196154
63418
144715
30820
249692
31191
250001
30820
250001
99377
16206
97090
250001
98976
100913
98976
196154
98976
9065
98976
106988
31191
196154
98976
229216
98976
9065
63418
100913
98976
16206
31191
198578
102378
9065
31191
106988
98976
100913
99377
171515
98976
11640
31191
100913
98976
11640
97090
62934
98976
250001
99377
100913
63418
100913
30820
100913
31191
100913
30820
100913
101701
16206
97090
100913
98976
196154
98976
100913
98976
9065
98976
100913
31191
100913
98976
100913
98976
9065
63418
196154
98976
16206
31191
100913
99377
9065
31191
100913
98976
249692
102378
100913
98976
11640
31191
105987
98976
11640
97090
62934
98976
100913
63418
144715
30820
196154
31191
196154
30820
196154
99377
16206
97090
196154
98976
100913
98976
249692
98976
9065
98976
106988
31191
249692
98976
196154
98976
9065
63418
100913
98976
16206
31191
196154
102378
9065
31191
106988
98976
100913
99377
171515
98976
11640
31191
100913
98976
11640
97090
62934
98976
196154
30820
144715
31191
144715
30820
144715
63418
16206
63418
144715
63418
100913
63418
144715
63418
9065
63418
106988
31191
144715
63418
144715
63418
9065
97090
100913
63418
16206
31191
144715
63418
9065
31191
106988
63418
100913
63418
144715
63418
11640
31191
100913
63418
11640
63418
62934
63418
144715
30820
249692
31191
249692
30820
16206
30820
249692
30820
100913
30820
196154
30820
9065
30820
106988
30820
196154
30820
229216
30820
9065
30820
100913
30820
16206
30820
198578
30820
9065
30820
106988
30820
100913
30820
171515
30820
11640
30820
100913
30820
11640
30820
62934
30820
249692
30820
250001
31191
16206
31191
250001
31191
100913
31191
196154
31191
9065
31191
106988
45676
196154
31191
229216
31191
9065
31191
100913
31191
16206
98976
198578
31191
9065
45676
106988
31191
100913
31191
171515
31191
11640
97090
100913
31191
11640
31191
62934
31191
250001
30820
16206
30820
250001
30820
100913
30820
196154
30820
9065
30820
106988
30820
196154
30820
229216
30820
9065
30820
100913
30820
16206
30820
198578
30820
9065
30820
106988
30820
100913
30820
171515
30820
11640
30820
100913
30820
11640
30820
62934
30820
250001
97090
16206
98976
16206
98976
16206
98976
9065
98976
16206
31191
16206
98976
16206
98976
9065
63418
16206
98976
17337
31191
16206
99377
9065
31191
16206
98976
16206
101701
16206
98976
11640
31191
16206
98976
11640
97090
16206
98976
16206
97090
100913
97090
196154
97090
9065
97090
106988
31191
196154
97090
229216
97090
9065
63418
100913
97090
16206
31191
198578
97090
9065
31191
106988
97090
100913
97090
171515
97090
11640
31191
100913
97090
11640
98976
62934
97090
250001
99891
100913
99792
9065
99891
100913
31191
100913
123773
100913
99891
9065
63418
250001
250001
16206
31191
100913
98976
9065
31191
100913
99891
196154
98976
100913
250001
11640
31191
105987
99891
11640
97090
62934
250001
100913
99792
9065
102849
106988
31191
250001
99891
196154
102378
9065
63418
100913
99891
16206
31191
196154
98976
9065
31191
106988
102378
100913
98976
171515
99891
11640
31191
100913
102378
11640
97090
62934
99891
196154
99792
9065
31191
9065
99792
9065
99792
250001
63418
9065
99792
9065
31191
9065
98976
250001
31191
9065
99792
9065
98976
9065
99792
9065
31191
9065
99792
9065
97090
9065
99792
9065
31191
106988
99891
106988
102378
9065
63418
100913
99891
16206
31191
106988
98976
9065
31191
229216
102378
100913
98976
106988
99891
11640
31191
100913
102378
11640
97090
62934
99891
106988
31191
196154
31191
9065
31191
100913
31191
16206
45676
196154
31191
9065
97090
106988
31191
100913
31191
171515
31191
11640
45676
100913
31191
11640
31191
62934
31191
196154
99891
9065
63418
100913
123773
16206
31191
198578
98976
9065
31191
106988
99891
100913
98976
171515
123773
11640
31191
100913
99891
11640
97090
62934
123773
229216
63418
9065
99891
9065
31191
9065
98976
250001
31191
9065
128651
9065
98976
9065
99891
9065
31191
9065
128651
9065
97090
9065
99891
9065
63418
16206
31191
100913
63418
9065
31191
100913
63418
196154
63418
100913
63418
11640
31191
105987
63418
11640
63418
62934
63418
100913
31191
16206
98976
9065
31191
16206
99891
16206
98976
16206
250001
11640
31191
16206
99891
11640
97090
16206
250001
16206
31191
9065
45676
106988
31191
100913
31191
171515
31191
11640
97090
100913
31191
11640
31191
62934
31191
198578
31191
9065
98976
9065
31191
100913
99377
9065
31191
106988
98976
9065
31191
11640
31191
9065
45676
100913
98976
9065
31191
11640
97090
9065
31191
62934
98976
9065
31191
106988
98976
100913
99891
11640
31191
105987
179460
11640
97090
62934
99891
100913
98976
11640
31191
100913
98976
11640
97090
62934
98976
171515
31191
11640
99891
214245
97090
11640
250001
11640
31191
11640
31191
62934
31191
100913
97090
11640
99891
11640
97090
62934
