31803
206117
18207
206117
18207
250001
5461
291
34765
207655
103029
46466
51306
77497
51489
82269
5461
291
103029
77497
103029
247103
103029
77497
76634
77497
103029
77497
51489
77497
103029
77497
51489
77497
51489
77497
103029
46466
103029
77497
103029
77497
103029
77497
103029
77497
103029
153499
103029
77497
31803
250001
103029
77497
51489
77497
103029
46466
103029
250001
103029
250001
51489
250001
103029
77497
103029
77497
17238
120214
51489
77497
103029
77497
103029
193641
18207
208080
18207
206117
5461
291
31803
206117
31803
46466
31803
77497
31803
82269
5461
291
31803
77497
31803
206117
31803
77497
31803
77497
31803
77497
31803
77497
31803
77497
31803
77497
31803
77497
31803
46466
31803
77497
31803
77497
31803
77497
31803
77497
31803
153499
31803
77497
250001
206117
31803
77497
31803
77497
31803
46466
31803
206117
31803
206117
31803
206117
31803
77497
31803
77497
17238
120214
31803
77497
31803
77497
31803
193641
62907
206117
5461
291
18207
206117
18207
46466
18207
77497
18207
82269
5461
291
18207
77497
18207
206117
18207
77497
18207
77497
18207
77497
18207
77497
18207
77497
18207
77497
18207
77497
18207
46466
18207
77497
18207
77497
18207
77497
18207
77497
18207
153499
18207
77497
18207
206117
18207
77497
18207
77497
18207
46466
18207
206117
18207
206117
18207
206117
18207
77497
18207
77497
17238
120214
18207
77497
18207
77497
18207
193641
5461
291
18207
207655
18207
46466
18207
77497
18207
82269
5461
291
18207
77497
18207
247103
18207
77497
18207
77497
18207
77497
18207
77497
18207
77497
18207
77497
18207
77497
18207
46466
18207
77497
18207
77497
18207
77497
18207
77497
18207
153499
18207
77497
18207
250001
18207
77497
18207
77497
18207
46466
18207
250001
18207
250001
18207
250001
18207
77497
18207
77497
17238
120214
18207
77497
18207
77497
18207
193641
5461
291
5461
291
5461
291
5461
291
170139
203884
5461
291
5461
291
5461
291
5461
291
5461
291
5461
291
5461
291
5461
291
5461
291
5461
291
5461
291
5461
291
5461
291
5461
291
5461
291
5461
291
5461
291
5461
291
5461
291
5461
291
5461
291
5461
291
5461
291
5461
291
5461
291
5461
291
5461
291
5461
291
5461
291
34765
46466
34765
77497
34765
82269
5461
291
34765
77497
34765
207655
34765
77497
34765
77497
34765
77497
34765
77497
34765
77497
34765
77497
34765
77497
34765
46466
34765
77497
34765
77497
34765
77497
34765
77497
34765
153499
34765
77497
31803
207655
34765
77497
34765
77497
34765
46466
34765
207655
34765
207655
34765
207655
34765
77497
34765
77497
17238
120214
34765
77497
34765
77497
34765
193641
51306
46466
51489
46466
5461
291
103447
46466
103447
46466
103447
46466
76634
46466
103447
46466
51489
46466
103447
46466
51489
46466
51489
46466
230341
240195
103447
46466
103447
46466
103447
46466
103447
46466
103447
46466
103447
46466
31803
46466
162536
46466
51489
46466
163324
120214
103447
46466
131634
46466
51489
46466
103447
46466
103447
46466
17238
46466
51489
46466
103447
46466
149338
46466
51306
77497
5461
291
51306
193641
51306
77497
51306
120214
51306
106303
51306
250001
51306
250001
51306
106303
51306
106303
51306
106303
51306
46466
51306
106303
51306
106303
51306
106303
51306
106303
51306
77497
51306
106303
31803
77497
51306
106303
51306
106303
51306
46466
51306
77497
51306
77497
51306
77497
51306
250001
51306
250001
17238
77497
51306
106303
51306
106303
51306
77497
5461
291
51489
77497
51489
82269
51489
77497
51489
77497
51489
77497
103447
77497
51489
77497
103447
77497
103447
77497
51489
46466
51489
77497
51489
77497
51489
77497
51489
77497
51489
82269
51489
77497
31803
82269
51489
77497
103447
77497
51489
46466
51489
82269
51489
82269
103447
82269
51489
77497
51489
77497
17238
82269
103447
77497
51489
77497
51489
82269
5461
291
5461
291
5461
291
5461
291
5461
291
5461
291
5461
291
5461
291
5461
291
5461
291
5461
291
5461
291
5461
291
5461
291
5461
291
5461
291
5461
291
5461
291
5461
291
5461
291
5461
291
5461
291
5461
291
5461
291
5461
291
5461
291
5461
291
5461
291
5461
291
109395
77497
109395
120214
76634
106303
109395
193641
51489
193641
109395
106303
51489
106303
51489
106303
103447
46466
109395
106303
109395
106303
109395
106303
109395
106303
109395
77497
109395
106303
31803
77497
103447
106303
51489
106303
103447
46466
109395
77497
103447
77497
51489
77497
132833
193641
109395
193641
17238
77497
51489
106303
109395
106303
103447
77497
134949
77497
76634
77497
152381
77497
51489
77497
152381
77497
51489
77497
51489
77497
103447
46466
152381
77497
152381
77497
117922
77497
152381
77497
156370
153499
152381
77497
31803
247103
103447
77497
51489
77497
103447
46466
136209
247103
103447
247103
51489
247103
109395
77497
152381
77497
17238
120214
51489
77497
132408
77497
103447
193641
76634
106303
134949
120214
51489
120214
134949
106303
51489
106303
51489
106303
103447
46466
134949
106303
134949
106303
117922
106303
134949
106303
134949
77497
134949
106303
31803
77497
103447
106303
51489
106303
103447
46466
134949
77497
103447
77497
51489
77497
109395
120214
134949
120214
17238
77497
51489
106303
132408
106303
103447
77497
76634
106303
51489
106303
76634
247103
51489
155999
51489
230258
76634
46466
76634
153499
76634
247103
76634
155999
76634
230093
76634
77497
76634
247103
31803
77497
76634
230258
51489
164972
76634
46466
76634
77497
76634
77497
51489
77497
76634
106303
76634
106303
17238
77497
51489
203884
76634
247103
76634
77497
51489
250001
227787
106303
51489
106303
51489
106303
103447
46466
227787
106303
227787
106303
117922
106303
201444
106303
152381
77497
175129
106303
31803
77497
103447
106303
51489
106303
103447
46466
136209
77497
103447
77497
51489
77497
109395
250001
227787
250001
17238
77497
51489
106303
132408
106303
103447
77497
51489
106303
120809
106303
152381
106303
51489
46466
51489
106303
51489
106303
51489
106303
51489
106303
51489
77497
51489
106303
31803
77497
51489
106303
132408
106303
51489
46466
51489
77497
51489
77497
152381
77497
51489
250001
51489
250001
17238
77497
134949
106303
51489
106303
51489
77497
51489
155999
51489
230258
103447
46466
250001
153499
237650
250001
117922
155999
201444
230093
152381
77497
175129
250001
31803
77497
103447
230258
51489
164972
103447
46466
136209
77497
103447
77497
51489
77497
109395
106303
237650
106303
17238
77497
51489
203884
132408
250001
103447
77497
120809
155999
51489
46466
51489
153499
51489
155999
51489
193641
51489
155999
51489
77497
51489
155999
31803
77497
51489
155999
120809
155999
51489
46466
51489
77497
51489
77497
120809
77497
51489
106303
51489
106303
17238
77497
120809
155999
51489
155999
51489
77497
51489
46466
51489
153499
51489
230258
51489
155999
51489
230093
51489
77497
51489
230258
31803
77497
51489
232124
132408
164972
51489
46466
51489
77497
51489
77497
198647
77497
51489
106303
51489
106303
17238
77497
134949
203884
51489
230258
51489
77497
103447
46466
103447
46466
103447
46466
103447
46466
103447
46466
103447
46466
31803
46466
162536
46466
51489
46466
163324
120214
103447
46466
131634
46466
51489
46466
103447
46466
103447
46466
17238
46466
51489
46466
103447
46466
149338
46466
237650
153499
117922
153499
201444
153499
152381
77497
175129
153499
31803
77497
103447
153499
51489
153499
103447
46466
136209
77497
103447
77497
51489
77497
109395
106303
237650
106303
17238
77497
51489
153499
132408
153499
103447
77497
117922
155999
201444
230093
152381
77497
175129
250001
31803
77497
103447
230258
51489
164972
103447
46466
136209
77497
103447
77497
51489
77497
109395
106303
247640
106303
17238
77497
51489
203884
132408
250001
103447
77497
117922
155999
117922
77497
117922
155999
31803
77497
103447
155999
51489
155999
103447
46466
117922
77497
103447
77497
51489
77497
109395
106303
117922
106303
17238
77497
51489
155999
117922
155999
103447
77497
152381
77497
175129
230093
31803
77497
103447
230093
51489
164972
103447
46466
136209
77497
103447
77497
51489
77497
109395
106303
201444
106303
17238
77497
51489
203884
132408
230093
103447
77497
152381
77497
31803
153499
103447
77497
51489
77497
103447
46466
136209
153499
103447
153499
51489
153499
109395
77497
152381
77497
17238
120214
51489
77497
132408
77497
103447
153499
31803
77497
103447
230258
51489
164972
103447
46466
136209
77497
103447
77497
51489
77497
109395
106303
175129
106303
17238
77497
51489
203884
132408
250001
103447
77497
31803
77497
31803
77497
31803
46466
31803
250001
31803
250001
31803
250001
31803
77497
31803
77497
17238
120214
31803
77497
31803
77497
31803
193641
51489
164972
162536
46466
103447
77497
131634
77497
51489
77497
103447
106303
103447
106303
17238
77497
51489
203884
103447
230258
149338
77497
51489
46466
51489
77497
51489
77497
132408
77497
51489
106303
51489
106303
17238
77497
132408
164972
51489
164972
51489
77497
103447
46466
131634
46466
51489
46466
103447
46466
103447
46466
17238
46466
51489
46466
103447
46466
149338
46466
103447
250001
51489
250001
109395
77497
136209
77497
17238
120214
51489
77497
132408
77497
103447
193641
51489
250001
103447
77497
103447
77497
17238
120214
51489
77497
103447
77497
131634
193641
51489
77497
51489
77497
17238
120214
134949
77497
51489
77497
51489
193641
109395
250001
17238
77497
51489
106303
109395
106303
103447
77497
17238
77497
51489
106303
132408
106303
103447
77497
17238
77497
17238
77497
17238
120214
51489
203884
51489
77497
103447
77497
