47030
34431
82950
31345
35962
34431
47030
31345
47030
31345
57737
31345
19608
31345
36662
31345
45366
31345
2045
31345
896
313
15755
31345
47030
31345
47030
31345
45366
31345
45366
31345
45366
31345
77919
31345
47030
31345
76813
34431
76813
31345
45366
31345
45366
31345
76813
31345
57895
31345
45366
31345
47030
31345
19608
31345
47030
31345
82950
31345
47030
34431
19608
31345
45366
31345
47030
31345
47030
20443
47030
34431
47030
31345
47030
31345
47030
31345
47030
34431
47030
31345
36662
31345
47030
31345
47030
31345
128171
31345
47030
31345
128171
31345
47030
31345
47030
31345
47030
31345
82950
31345
45366
31345
47030
31345
47030
31345
45366
31345
45366
31345
47030
31345
47030
31345
47030
31345
45366
31345
7983
31345
45366
31345
47030
31345
47030
31345
47030
31345
896
313
47030
31345
45366
31345
47030
13000
47030
31345
47030
31345
35962
34690
120753
31345
77919
31345
47030
31345
19608
31345
36662
31345
45366
31345
2045
31345
896
313
15755
31345
108309
31345
120753
31345
45366
31345
45366
31345
45366
31345
47030
31345
119368
31345
47030
34690
47030
31345
45366
31345
45366
31345
47030
31345
47030
31345
45366
31345
119368
31345
19608
31345
119737
31345
47030
31345
62903
35795
19608
31345
45366
31345
120753
31345
76813
20443
120753
34690
76620
31345
120753
31345
120753
31345
119737
34545
120753
31345
36662
31345
70749
31345
120753
31345
47030
31345
76620
31345
47030
31345
120753
31345
120753
31345
120753
31345
47030
31345
45366
31345
70749
31345
120753
31345
45366
31345
45366
31345
82950
31345
55026
31345
76813
31345
45366
31345
7983
31345
45366
31345
120753
31345
120753
31345
120753
31345
896
313
120753
31345
45366
31345
120753
13000
119737
31345
35962
31345
47030
36524
47030
34431
57737
36524
19608
36524
36662
35795
45366
34431
2045
34431
896
313
15755
34431
47030
34431
47030
34431
45366
34431
45366
34431
45366
34431
77919
34431
47030
34431
76813
31345
76813
34431
45366
34431
45366
34431
76813
163391
57895
36524
45366
34431
47030
34431
19608
34431
47030
34431
156383
186202
47030
31345
19608
34431
45366
34431
47030
34431
47030
20443
47030
31345
47030
34431
47030
34431
47030
34431
47030
31345
47030
34431
36662
34431
47030
34431
47030
34431
82950
34431
47030
34431
82950
34545
47030
36524
47030
34431
47030
36524
119886
34431
45366
41584
47030
34431
47030
34431
45366
34431
45366
34431
47030
36524
47030
34431
47030
36524
45366
35795
7983
34431
45366
34431
47030
34431
47030
34431
47030
34431
896
313
47030
34431
45366
34431
47030
13000
47030
34431
35962
31345
35962
31345
35962
31345
19608
31345
35962
31345
35962
31345
2045
31345
896
313
15755
31345
35962
31345
35962
31345
35962
31345
35962
31345
35962
31345
35962
31345
35962
31345
35962
68708
35962
31345
35962
31345
35962
31345
35962
31345
35962
31345
35962
31345
35962
31345
19608
31345
35962
31345
35962
31345
35962
34690
19608
31345
35962
31345
35962
31345
35962
20443
35962
99357
35962
31345
35962
31345
35962
31345
35962
34545
35962
31345
35962
31345
35962
31345
35962
31345
35962
31345
35962
31345
35962
31345
35962
31345
35962
31345
35962
31345
35962
31345
35962
31345
35962
31345
35962
31345
35962
31345
35962
31345
35962
31345
35962
31345
35962
31345
35962
31345
7983
31345
35962
31345
35962
31345
35962
31345
35962
31345
896
313
35962
31345
35962
31345
35962
13000
35962
31345
77919
34431
47030
47263
19608
41584
36662
35795
45366
34431
2045
34431
896
313
15755
34431
108309
34431
128171
34431
45366
34431
45366
34431
45366
34431
47030
34431
119368
34431
47030
31345
47030
34431
45366
34431
45366
34431
47030
36524
47030
47263
45366
34431
119368
34431
19608
34431
119737
34431
47030
36524
62903
31345
19608
34431
45366
34431
193360
34431
76813
20443
128171
31345
76620
34431
128171
34431
126594
34431
119737
31345
128171
34431
36662
34431
70749
34431
128171
34431
47030
34431
76620
34431
47030
34545
128171
47263
128171
34431
125256
47263
47030
34431
45366
36524
70749
34431
156383
34431
45366
34431
45366
34431
82950
47263
55026
34431
76813
47263
45366
35795
7983
34431
45366
34431
184407
34431
141907
34431
128171
34431
896
313
164994
34431
45366
34431
128171
13000
119737
34431
47030
34431
19608
34431
36662
34431
45366
60865
2045
250001
896
313
15755
80990
77919
77140
77919
77140
45366
77140
45366
60865
45366
210022
47030
60865
77919
77140
47030
31345
47030
89688
45366
60865
45366
60865
47030
34431
47030
34431
45366
58779
77919
60865
19608
230253
77919
210555
47030
34431
62903
31345
19608
44690
45366
60865
77919
122598
76813
20443
77919
31345
76620
77140
77919
80990
77919
250001
77919
31345
77919
77140
36662
41907
70749
128464
77919
250001
47030
250001
76620
58779
47030
34431
77919
34431
77919
128464
77919
34431
47030
234384
45366
34431
70749
250001
77919
250001
45366
60865
45366
50790
77919
34431
55026
250001
76813
34431
45366
34431
7983
77140
45366
60865
77919
77140
77919
58779
77919
38279
896
313
77919
209118
45366
60865
77919
13000
77919
77140
19608
41584
36662
35795
45366
34431
2045
34431
896
313
15755
34431
47030
34431
47030
34431
45366
34431
45366
34431
45366
34431
57737
34431
47030
34431
57737
31345
57737
34431
45366
34431
45366
34431
57737
36524
57737
82757
45366
34431
47030
34431
19608
34431
47030
34431
57737
36524
47030
31345
19608
34431
45366
34431
47030
34431
47030
20443
47030
31345
47030
34431
47030
34431
47030
34431
47030
31345
47030
34431
36662
34431
47030
34431
47030
34431
57737
34431
47030
34431
57737
34545
47030
48174
47030
34431
47030
51177
57737
34431
45366
36524
47030
34431
47030
34431
45366
34431
45366
34431
47030
51177
47030
34431
47030
48174
45366
35795
7983
34431
45366
34431
47030
34431
47030
34431
47030
34431
896
313
47030
34431
45366
34431
47030
13000
47030
34431
19608
35795
19608
34431
2045
34431
896
313
15755
34431
19608
34431
19608
34431
19608
34431
19608
34431
19608
34431
19608
34431
19608
34431
19608
31345
19608
34431
19608
34431
19608
34431
19608
36524
19608
41584
19608
34431
19608
34431
27031
34431
19608
34431
19608
36524
19608
31345
36662
34431
19608
34431
19608
34431
19608
20443
19608
31345
19608
34431
19608
34431
19608
34431
19608
31345
19608
34431
19608
34431
19608
34431
19608
34431
19608
34431
19608
34431
19608
34545
19608
41584
19608
34431
19608
41584
19608
34431
19608
36524
19608
34431
19608
34431
19608
34431
19608
34431
19608
41584
19608
34431
19608
41584
19608
35795
7983
34431
19608
34431
19608
34431
19608
34431
19608
34431
896
313
19608
34431
19608
34431
19608
13000
19608
34431
36662
34431
2045
34431
896
313
15755
34431
36662
34431
36662
34431
36662
34431
36662
34431
36662
34431
36662
34431
36662
34431
36662
31345
36662
34431
36662
34431
36662
34431
36662
35795
36662
35795
36662
34431
36662
34431
19608
34431
36662
34431
36662
35795
36662
31345
19608
34431
36662
34431
36662
34431
36662
20443
36662
31345
36662
34431
36662
34431
36662
34431
36662
31345
36662
34431
36875
34431
36662
34431
36662
34431
36662
34431
36662
34431
36662
34545
36662
35795
36662
34431
36662
35795
36662
34431
36662
35795
36662
34431
36662
34431
36662
34431
36662
34431
36662
35795
36662
34431
36662
35795
36662
50790
7983
34431
36662
34431
36662
34431
36662
34431
36662
34431
896
313
36662
34431
36662
34431
36662
13000
36662
34431
2045
60865
896
313
15755
60865
45366
60865
45366
60865
81156
60865
250001
106566
76813
60865
45366
210022
45366
60865
45366
31345
45366
60865
62903
250001
62903
155204
45366
34431
45366
34431
128870
58779
45366
250001
19608
60865
45366
60865
45366
34431
45366
31345
19608
44690
138726
106566
45366
60865
45366
20443
45366
31345
45366
60865
45366
60865
45366
60865
45366
31345
45366
60865
36662
41907
45366
60865
45366
60865
45366
60865
45366
58779
45366
34431
45366
34431
45366
60865
45366
34431
45366
60865
70749
34431
45366
60865
45366
60865
220686
250001
141261
50790
45366
34431
45366
60865
45366
34431
250001
34431
7983
60865
250001
237082
45366
60865
45366
58779
45366
38279
896
313
45366
60865
62903
97879
45366
13000
45366
60865
896
313
2045
80990
2045
77140
2045
77140
2045
77140
2045
60865
2045
210022
2045
60865
2045
77140
2045
31345
2045
89688
2045
60865
2045
60865
2045
34431
2045
34431
2045
58779
2045
60865
2045
230253
2045
210555
2045
34431
2045
31345
2045
44690
2045
60865
2045
122598
2045
20443
2045
31345
2045
77140
2045
80990
2045
250001
2045
31345
2045
77140
2045
41907
2045
128464
2045
250001
2045
250001
2045
58779
2045
34431
2045
34431
2045
128464
2045
34431
2045
234384
2045
34431
2045
250001
2045
250001
2045
60865
2045
50790
2045
34431
2045
250001
2045
34431
2045
34431
2045
77140
2045
60865
2045
77140
2045
58779
2045
38279
896
313
2045
209118
2045
60865
2045
13000
2045
77140
896
313
896
313
896
313
896
313
896
313
896
313
896
313
896
313
896
313
896
313
896
313
896
313
896
313
896
313
896
313
896
313
896
313
896
313
896
313
896
313
896
313
896
313
896
313
896
313
896
313
896
313
896
313
896
313
896
313
896
313
896
313
896
313
896
313
896
313
896
313
896
313
896
313
896
313
896
313
896
313
896
313
896
313
896
313
896
313
896
313
896
313
896
313
896
313
896
313
896
313
896
313
896
313
896
313
896
313
12003
13000
896
313
896
313
896
313
896
313
15755
77140
15755
77140
15755
77140
15755
60865
15755
80990
15755
60865
15755
77140
15755
31345
15755
80990
15755
60865
15755
60865
15755
34431
15755
34431
15755
58779
15755
60865
15755
80990
15755
80990
15755
34431
15755
31345
15755
44690
15755
60865
15755
80990
15755
20443
15755
31345
15755
77140
15755
87275
15755
80990
15755
31345
15755
77140
15755
41907
15755
80990
15755
80990
15755
80990
15755
58779
15755
34431
15755
34431
15755
80990
15755
34431
15755
80990
15755
34431
15755
80990
15755
80990
15755
60865
15755
50790
15755
34431
15755
80990
15755
34431
15755
34431
7983
77140
15755
60865
15755
77140
15755
58779
15755
38279
896
313
15755
80990
15755
60865
15755
13000
15755
77140
108309
218507
45366
167865
45366
60865
45366
77140
47030
60865
108309
218507
47030
31345
47030
77140
45366
60865
45366
60865
47030
34431
47030
34431
45366
58779
108309
60865
19608
77140
108309
77140
47030
34431
62903
31345
19608
44690
45366
60865
108309
77140
76813
20443
108309
31345
76620
167865
108309
77140
108309
77140
108309
31345
108309
88077
36662
41907
70749
77140
108309
77140
47030
77140
76620
58779
47030
34431
108309
34431
108309
77140
108309
34431
47030
77140
45366
34431
70749
77140
108309
77140
45366
60865
45366
50790
82950
34431
55026
77140
76813
34431
45366
34431
7983
89575
45366
60865
108309
218507
108309
58779
108309
38279
896
313
108309
77140
45366
60865
108309
13000
108309
167865
45366
167865
45366
60865
45366
77140
47030
60865
119368
219361
47030
31345
47030
77140
45366
60865
45366
60865
47030
34431
47030
34431
45366
58779
119368
60865
19608
77140
119737
77140
47030
34431
62903
31345
19608
44690
45366
60865
128171
77140
76813
20443
228721
31345
76620
167865
156383
77140
126594
77140
119737
31345
138726
88077
36662
41907
70749
77140
165464
77140
47030
77140
76620
58779
47030
34431
140570
34431
141261
77140
125256
34431
47030
77140
45366
34431
70749
77140
128171
77140
45366
60865
45366
50790
82950
34431
55026
77140
76813
34431
45366
34431
7983
89575
45366
60865
128171
242505
128171
58779
165464
38279
896
313
128171
77140
45366
60865
233650
13000
119737
167865
81156
60865
76813
77140
45366
60865
45366
167865
45366
31345
45366
77140
62903
60865
62903
60865
45366
34431
45366
34431
81156
58779
45366
60865
19608
77140
45366
77140
45366
34431
45366
31345
19608
44690
81156
60865
45366
77140
45366
20443
45366
31345
45366
218539
45366
77140
45366
77140
45366
31345
45366
88077
36662
41907
45366
77140
45366
77140
45366
77140
45366
58779
45366
34431
45366
34431
45366
77140
45366
34431
45366
77140
70749
34431
45366
77140
45366
77140
81156
60865
81156
50790
45366
34431
45366
77140
45366
34431
81156
34431
7983
89575
81156
60865
45366
167865
45366
58779
45366
38279
896
313
45366
77140
62903
60865
45366
13000
45366
218539
76813
60865
45366
106566
45366
60865
45366
31345
45366
60865
62903
106566
62903
106566
45366
34431
45366
34431
128870
58779
45366
106566
19608
60865
45366
60865
45366
34431
45366
31345
19608
44690
138726
250001
45366
60865
45366
20443
45366
31345
45366
60865
45366
60865
45366
60865
45366
31345
45366
60865
36662
41907
45366
60865
45366
60865
45366
60865
45366
58779
45366
34431
45366
34431
45366
60865
45366
34431
45366
60865
70749
34431
45366
60865
45366
60865
220686
106566
141261
50790
45366
34431
45366
60865
45366
34431
250001
34431
7983
60865
250001
106566
45366
60865
45366
58779
45366
38279
896
313
45366
60865
62903
97879
45366
13000
45366
60865
45366
60865
45366
77140
47030
60865
45366
31345
76813
31345
45366
89688
76813
60865
62903
60865
45366
210022
62903
60865
45366
155204
45366
34431
76813
34431
45366
34431
57895
34431
76813
58779
45366
58779
45366
60865
47030
210022
19608
210022
19608
60865
45366
210022
47030
60865
45366
34431
77919
34431
45366
31345
47030
31345
19608
44690
19608
44690
76813
60865
45366
106566
45366
122598
47030
60865
45366
20443
47030
20443
45366
31345
47030
31345
45366
77140
47030
60865
45366
80990
47030
60865
45366
210022
47030
60865
45366
31345
47030
31345
45366
77140
47030
60865
36662
41907
36662
41907
45366
128464
47030
60865
45366
210022
47030
60865
45366
210022
77919
60865
45366
58779
47030
58779
45366
34431
77919
34431
45366
34431
47030
34431
45366
128464
47030
60865
45366
34431
47030
34431
45366
210022
77919
60865
70749
34431
45366
34431
45366
210022
47030
60865
45366
210022
47030
60865
76813
60865
45366
210022
76813
50790
45366
50790
45366
34431
47030
34431
45366
210022
47030
60865
45366
34431
47030
34431
76813
34431
45366
34431
7983
77140
7983
60865
76813
60865
45366
210022
45366
77140
47030
60865
45366
58779
47030
58779
45366
38279
47030
38279
896
313
896
313
45366
209118
47030
60865
62903
60865
45366
97879
45366
13000
47030
13000
45366
77140
47030
60865
47030
31345
47030
77140
45366
60865
45366
60865
47030
34431
47030
34431
45366
58779
220686
60865
19608
77140
119368
77140
47030
34431
62903
31345
19608
44690
45366
60865
119368
77140
76813
20443
119368
31345
76620
167865
119368
77140
119368
77140
119368
31345
119368
88077
36662
41907
70749
77140
119368
77140
47030
77140
76620
58779
47030
34431
119368
34431
119368
77140
119368
34431
47030
77140
45366
34431
70749
77140
119368
77140
45366
60865
45366
50790
82950
34431
55026
77140
76813
34431
45366
34431
7983
89575
45366
60865
119368
219361
119368
58779
119368
38279
896
313
119368
77140
45366
60865
119368
13000
119368
167865
77919
31345
45366
31345
45366
31345
77919
31345
57895
31345
45366
31345
47030
31345
19608
31345
47030
31345
76813
31345
47030
34690
19608
31345
45366
31345
47030
31345
47030
20443
47030
68708
47030
31345
47030
31345
47030
31345
47030
34545
47030
31345
36662
31345
47030
31345
47030
31345
76813
31345
47030
31345
76813
31345
47030
31345
47030
31345
47030
31345
76813
31345
45366
31345
47030
31345
47030
31345
45366
31345
45366
31345
47030
31345
47030
31345
47030
31345
45366
31345
7983
31345
45366
31345
47030
31345
47030
31345
47030
31345
896
313
47030
31345
45366
31345
47030
13000
47030
31345
45366
60865
45366
60865
81156
34431
57895
34431
45366
58779
47030
60865
19608
89688
47030
89688
76813
34431
47030
31345
19608
44690
45366
60865
47030
89688
47030
20443
47030
31345
47030
77140
47030
80990
47030
89688
47030
31345
47030
77140
36662
41907
47030
89688
47030
89688
76813
89688
47030
58779
76813
34431
47030
34431
47030
89688
47030
34431
76813
89688
45366
34431
47030
89688
47030
89688
45366
60865
45366
50790
47030
34431
47030
89688
47030
34431
45366
34431
7983
77140
45366
60865
47030
77140
47030
58779
47030
38279
896
313
47030
89688
45366
60865
47030
13000
47030
77140
122506
155204
45366
34431
45366
34431
62903
58779
45366
250001
19608
60865
45366
60865
45366
34431
45366
31345
19608
44690
62903
106566
45366
60865
45366
20443
45366
31345
45366
60865
45366
60865
45366
60865
45366
31345
45366
60865
36662
41907
45366
60865
45366
60865
45366
60865
45366
58779
45366
34431
45366
34431
45366
60865
45366
34431
45366
60865
62903
34431
45366
60865
45366
60865
62903
250001
62903
50790
45366
34431
45366
60865
45366
34431
62903
34431
7983
60865
62903
237082
45366
60865
45366
58779
45366
38279
896
313
45366
60865
145813
97879
45366
13000
45366
60865
45366
34431
45366
34431
62903
58779
45366
155204
19608
60865
45366
60865
45366
34431
45366
31345
19608
44690
62903
106566
45366
60865
45366
20443
45366
31345
45366
60865
45366
60865
45366
60865
45366
31345
45366
60865
36662
41907
45366
60865
45366
60865
45366
60865
45366
58779
45366
34431
45366
34431
45366
60865
45366
34431
45366
60865
62903
34431
45366
60865
45366
60865
62903
155204
62903
50790
45366
34431
45366
60865
45366
34431
62903
34431
7983
60865
62903
155204
45366
60865
45366
58779
45366
38279
896
313
45366
60865
122506
97879
45366
13000
45366
60865
57895
36524
45366
34431
47030
34431
19608
34431
47030
34431
76813
163391
47030
31345
19608
34431
45366
34431
47030
34431
47030
20443
47030
31345
47030
34431
47030
34431
47030
34431
47030
31345
47030
34431
36662
34431
47030
34431
47030
34431
76813
34431
47030
34431
76813
34545
47030
36524
47030
34431
47030
36524
76813
34431
45366
41584
47030
34431
47030
34431
45366
34431
45366
34431
47030
36524
47030
34431
47030
36524
45366
35795
7983
34431
45366
34431
47030
34431
47030
34431
47030
34431
896
313
47030
34431
45366
34431
47030
13000
47030
34431
45366
34431
47030
34431
19608
34431
47030
34431
57895
36524
47030
31345
19608
34431
45366
34431
47030
34431
47030
20443
47030
31345
47030
34431
47030
34431
47030
34431
47030
31345
47030
34431
36662
34431
47030
34431
47030
34431
57895
34431
47030
34431
57895
34545
47030
48174
47030
34431
47030
51177
57895
34431
45366
36524
47030
34431
47030
34431
45366
34431
45366
34431
47030
51177
47030
34431
47030
48174
45366
35795
7983
34431
45366
34431
47030
34431
47030
34431
47030
34431
896
313
47030
34431
45366
34431
47030
13000
47030
34431
45366
58779
19608
58779
45366
58779
45366
34431
45366
31345
19608
44690
128870
58779
45366
58779
45366
20443
45366
31345
45366
58779
45366
58779
45366
58779
45366
31345
45366
58779
36662
41907
45366
58779
45366
58779
45366
58779
45366
60865
45366
34431
45366
34431
45366
58779
45366
34431
45366
58779
70749
34431
45366
58779
45366
58779
128870
58779
128870
50790
45366
34431
45366
58779
45366
34431
128870
34431
7983
58779
128870
58779
45366
58779
45366
60865
45366
38279
896
313
45366
58779
62903
58779
45366
13000
45366
58779
19608
60865
119368
60865
47030
34431
62903
31345
19608
44690
45366
106566
119368
60865
76813
20443
119368
31345
76620
60865
119368
60865
119368
60865
119368
31345
119368
60865
36662
41907
70749
60865
119368
60865
47030
60865
76620
58779
47030
34431
119368
34431
119368
60865
119368
34431
47030
60865
45366
34431
70749
60865
119368
60865
45366
250001
45366
50790
82950
34431
55026
60865
76813
34431
45366
34431
7983
60865
45366
237082
119368
60865
119368
58779
119368
38279
896
313
119368
60865
45366
97879
119368
13000
119368
60865
19608
210555
19608
34431
19608
31345
27031
44690
19608
60865
19608
122598
19608
20443
19608
31345
19608
77140
19608
80990
19608
230253
19608
31345
19608
77140
19608
41907
19608
128464
19608
230253
19608
230253
19608
58779
19608
34431
19608
34431
19608
128464
19608
34431
19608
230253
19608
34431
19608
230253
19608
230253
19608
60865
19608
50790
19608
34431
19608
230253
19608
34431
19608
34431
7983
77140
19608
60865
19608
77140
19608
58779
19608
38279
896
313
19608
209118
19608
60865
19608
13000
19608
77140
47030
34431
62903
31345
19608
44690
45366
60865
119737
122598
76813
20443
119737
31345
76620
77140
119737
80990
119737
210555
119886
31345
119737
77140
36662
41907
70749
128464
119737
210555
47030
210555
76620
58779
47030
34431
119737
34431
119737
128464
119737
34431
47030
210555
45366
34431
70749
210555
119737
210555
45366
60865
45366
50790
82950
34431
55026
210555
76813
34431
45366
34431
7983
77140
45366
60865
119737
77140
119737
58779
119737
38279
896
313
119737
209118
45366
60865
119737
13000
119741
77140
47030
31345
19608
34431
45366
34431
47030
34431
47030
20443
47030
31345
47030
34431
47030
34431
47030
34431
47030
31345
47030
34431
36662
34431
47030
34431
47030
34431
82950
34431
47030
34431
82950
34545
47030
36524
47030
34431
47030
36524
119886
34431
45366
41584
47030
34431
47030
34431
45366
34431
45366
34431
47030
36524
47030
34431
47030
36524
45366
35795
7983
34431
45366
34431
47030
34431
47030
34431
47030
34431
896
313
47030
34431
45366
34431
47030
13000
47030
34431
19608
31345
45366
31345
62903
31345
62903
20443
62903
34690
62903
31345
62903
31345
62903
31345
62903
34545
62903
31345
36662
31345
62903
31345
62903
31345
47030
31345
62903
31345
47030
31345
62903
31345
62903
31345
62903
31345
47030
31345
45366
31345
62903
31345
62903
31345
45366
31345
45366
31345
62903
31345
55026
31345
62903
31345
45366
31345
7983
31345
45366
31345
62903
31345
62903
31345
62903
31345
896
313
62903
31345
45366
31345
62903
13000
62903
31345
19608
44690
19608
44690
19608
20443
19608
31345
19608
44690
19608
44690
19608
44690
19608
31345
19608
44690
19608
41907
19608
44690
19608
44690
19608
44690
19608
44690
19608
34431
19608
34431
19608
44690
19608
34431
19608
44690
19608
34431
19608
44690
19608
44690
19608
44690
19608
44690
19608
34431
19608
44690
19608
34431
19608
34431
7983
44690
19608
44690
19608
44690
19608
44690
19608
38279
896
313
19608
44690
19608
44690
19608
13000
19608
44690
45366
60865
45366
20443
45366
31345
45366
60865
45366
60865
45366
60865
45366
31345
45366
60865
36662
41907
45366
60865
45366
60865
45366
60865
45366
58779
45366
34431
45366
34431
45366
60865
45366
34431
45366
60865
70749
34431
45366
60865
45366
60865
138726
106566
138726
50790
45366
34431
45366
60865
45366
34431
138726
34431
7983
60865
138726
106566
45366
60865
45366
58779
45366
38279
896
313
45366
60865
62903
97879
45366
13000
45366
60865
76813
20443
128171
31345
76620
77140
128171
80990
126594
122598
119737
31345
128171
77140
36662
41907
70749
122598
128171
122598
47030
122598
76620
58779
47030
34431
128171
34431
128171
122598
125256
34431
47030
122598
45366
34431
70749
122598
156383
122598
45366
60865
45366
50790
82950
34431
55026
122598
76813
34431
45366
34431
7983
77140
45366
60865
184407
77140
141907
58779
128171
38279
896
313
164994
122598
45366
60865
128171
13000
119737
77140
76813
20443
76620
20443
76813
20443
76813
20443
76813
20443
76813
20443
36662
20443
70749
20443
76813
20443
47030
20443
76620
20443
47030
20443
76813
20443
76813
20443
76813
20443
47030
20443
45366
20443
70749
20443
76813
20443
45366
20443
45366
20443
76813
20443
55026
20443
77919
20443
45366
20443
7983
20443
45366
20443
76813
20443
76813
20443
76813
20443
896
313
76813
20443
45366
20443
76813
13000
76813
20443
76620
31345
156383
31345
126594
31345
119737
34545
138726
31345
36662
31345
70749
31345
165464
31345
47030
31345
76620
31345
47030
31345
140570
31345
141261
31345
125256
31345
47030
31345
45366
31345
70749
31345
128171
31345
45366
31345
45366
31345
82950
31345
55026
31345
76813
31345
45366
31345
7983
31345
45366
31345
128171
31345
128171
31345
165464
31345
896
313
128171
31345
45366
31345
228721
13000
119737
31345
76620
77140
76620
77140
76620
31345
76620
88077
36662
41907
70749
77140
76620
77140
47030
77140
90011
58779
47030
34431
76620
34431
76620
77140
76620
34431
47030
77140
45366
34431
70749
77140
76620
77140
45366
60865
45366
50790
76620
34431
55026
77140
76620
34431
45366
34431
7983
89575
45366
60865
76620
167865
76620
58779
76620
38279
896
313
76620
77140
45366
60865
76620
13000
76620
226161
126594
80990
119737
31345
138726
77140
36662
41907
70749
80990
156383
80990
47030
80990
76620
58779
47030
34431
140570
34431
141261
80990
125256
34431
47030
80990
45366
34431
70749
80990
128171
80990
45366
60865
45366
50790
82950
34431
55026
80990
76813
34431
45366
34431
7983
77140
45366
60865
128171
77140
128171
58779
156383
38279
896
313
128171
80990
45366
60865
156383
13000
119737
77140
119737
31345
126594
77140
36662
41907
70749
128464
126594
250001
47030
250001
76620
58779
47030
34431
126594
34431
126594
128464
125256
34431
47030
234384
45366
34431
70749
250001
126594
250001
45366
60865
45366
50790
82950
34431
55026
250001
76813
34431
45366
34431
7983
77140
45366
60865
126594
77140
126594
58779
126594
38279
896
313
126594
209118
45366
60865
126594
13000
119737
77140
119737
31345
36662
31345
70749
31345
119737
31345
47030
31345
76620
31345
47030
31345
119737
31345
119737
31345
119737
31345
47030
31345
45366
31345
70749
31345
119737
31345
45366
31345
45366
31345
82950
31345
55026
31345
76813
31345
45366
31345
7983
31345
45366
31345
119737
31345
119737
31345
119737
31345
896
313
119737
31345
45366
31345
119737
13000
119741
31345
36662
41907
70749
77140
138726
77140
47030
77140
76620
58779
47030
34431
138726
34431
138726
77140
125256
34431
47030
77140
45366
34431
70749
77140
128171
77140
45366
60865
45366
50790
82950
34431
55026
77140
76813
34431
45366
34431
7983
88077
45366
60865
128171
88077
128171
58779
138726
38279
896
313
128171
77140
45366
60865
138726
13000
119737
88077
36662
41907
36662
41907
36662
41907
36662
41907
36662
34431
36662
34431
36662
41907
36662
34431
36662
41907
36662
34431
36662
41907
36662
41907
36662
41907
36662
41907
36662
34431
36662
41907
36662
34431
36662
34431
7983
41907
36662
41907
36662
41907
36662
41907
36662
38279
896
313
36662
41907
36662
41907
36662
13000
36662
41907
70749
128464
47030
128464
70749
58779
47030
34431
70749
34431
70749
198046
70749
34431
47030
128464
45366
34431
77919
128464
70749
128464
45366
60865
45366
50790
70749
34431
55026
128464
70749
34431
45366
34431
7983
77140
45366
60865
70749
77140
70749
58779
70749
38279
896
313
70749
128464
45366
60865
70749
13000
70749
77140
47030
250001
76620
58779
47030
34431
140570
34431
141261
128464
125256
34431
47030
234384
45366
34431
70749
250001
128171
250001
45366
60865
45366
50790
82950
34431
55026
250001
76813
34431
45366
34431
7983
77140
45366
60865
128171
77140
128171
58779
168110
38279
896
313
128171
209118
45366
60865
165464
13000
119737
77140
47030
58779
205839
34431
47030
34431
47030
128464
47030
34431
82950
234384
45366
34431
47030
250001
47030
250001
45366
60865
45366
50790
47030
34431
47030
250001
47030
34431
45366
34431
7983
77140
45366
60865
47030
77140
47030
58779
47030
38279
896
313
47030
209118
45366
60865
47030
13000
47030
77140
47030
34431
76620
34431
76620
58779
76620
34431
47030
58779
45366
34431
70749
58779
76620
58779
45366
58779
45366
50790
76620
34431
55026
58779
76620
34431
45366
34431
7983
58779
45366
58779
76620
58779
76620
87771
76620
38279
896
313
76620
58779
45366
58779
76620
13000
76620
58779
47030
34545
47030
34431
47030
34545
82950
34431
45366
34545
47030
34431
47030
34431
45366
34431
45366
34431
47030
34545
47030
34431
47030
34545
45366
34545
7983
34431
45366
34431
47030
34431
47030
34431
47030
34431
896
313
47030
34431
45366
34431
47030
13000
47030
34431
140570
34431
125256
48174
47030
34431
45366
36524
70749
34431
128171
34431
45366
34431
45366
34431
82950
48174
55026
34431
76813
99034
45366
35795
7983
34431
45366
34431
128171
34431
128171
34431
140570
34431
896
313
128171
34431
45366
34431
140570
13000
119737
34431
125256
34431
47030
128464
45366
34431
70749
128464
128171
128464
45366
60865
45366
50790
82950
34431
55026
128464
76813
34431
45366
34431
7983
77140
45366
60865
128171
77140
128171
58779
141261
38279
896
313
128171
128464
45366
60865
141261
13000
119737
77140
47030
34431
45366
36524
70749
34431
125256
34431
45366
34431
45366
34431
82950
123257
55026
34431
76813
48174
45366
35795
7983
34431
45366
34431
125256
34431
125256
34431
125256
34431
896
313
125256
34431
45366
34431
125256
13000
119737
34431
45366
34431
47030
234384
47030
234384
45366
60865
45366
50790
47030
34431
47030
234384
47030
34431
45366
34431
7983
77140
45366
60865
47030
77140
47030
58779
47030
38279
896
313
47030
209118
45366
60865
47030
13000
47030
77140
45366
34431
45366
34431
70749
34431
70749
34431
45366
36524
45366
34431
45366
36524
70749
35795
7983
34431
70749
34431
45366
34431
45366
34431
45366
34431
896
313
45366
34431
62903
34431
45366
13000
45366
34431
70749
250001
45366
60865
45366
50790
70749
34431
55026
250001
70749
34431
45366
34431
7983
77140
45366
60865
70749
77140
70749
58779
70749
38279
896
313
70749
209118
45366
60865
70749
13000
70749
77140
45366
60865
45366
50790
82950
34431
55026
250001
76813
34431
45366
34431
7983
77140
45366
60865
156383
77140
141907
58779
128171
38279
896
313
156383
209118
45366
60865
128171
13000
119737
77140
141261
50790
45366
34431
45366
60865
45366
34431
220686
34431
7983
60865
220686
237082
45366
60865
45366
58779
45366
38279
896
313
45366
60865
62903
97879
45366
13000
45366
60865
45366
34431
45366
50790
45366
34431
141261
34431
7983
50790
141261
50790
45366
50790
45366
50790
45366
38279
896
313
45366
50790
62903
50790
45366
13000
45366
50790
55026
34431
76813
48174
45366
35795
7983
34431
45366
34431
82950
34431
82950
34431
82950
34431
896
313
82950
34431
45366
34431
82950
13000
82950
34431
55026
34431
45366
34431
7983
77140
45366
60865
55026
77140
55026
58779
55026
38279
896
313
55026
209118
45366
60865
55026
13000
55026
77140
45366
35795
7983
34431
45366
34431
76813
34431
76813
34431
76813
34431
896
313
76813
34431
45366
34431
76813
13000
76813
34431
7983
34431
250001
34431
45366
34431
45366
34431
45366
34431
896
313
45366
34431
62903
34431
45366
13000
45366
34431
7983
60865
7983
89575
7983
58779
7983
38279
896
313
7983
77140
7983
60865
7983
13000
7983
89575
45366
60865
45366
58779
45366
38279
896
313
45366
60865
62903
97879
45366
13000
45366
60865
141907
58779
128171
38279
896
313
164994
77140
45366
60865
128171
13000
119737
167865
128171
38279
896
313
141907
58779
45366
58779
128171
13000
119737
58779
896
313
128171
38279
45366
38279
165464
13000
119737
38279
896
313
896
313
896
313
896
313
45366
60865
128171
13000
119737
77140
45366
13000
45366
60865
119737
13000
