27158
135322
34489
28557
3329
21219
3329
135322
3329
123865
3329
60248
3329
60248
3329
95385
3329
726
3329
135322
3329
1151
3329
135322
3329
7565
3329
9754
11623
119445
3329
10887
3456
135322
34489
135322
23013
29116
3329
135322
3329
1151
3329
135322
3329
73081
3329
7565
3329
28557
3329
135322
34489
79401
3329
726
34489
7565
34489
1151
34489
726
3329
36399
28680
7565
27158
28557
3329
21219
3329
136744
3329
123865
3329
60248
3329
60248
3329
95385
3329
726
3329
136744
3329
1151
3329
136744
3329
7565
3329
9754
11623
119445
3329
10887
3456
136744
27158
136744
23013
29116
3329
136744
3329
1151
3329
136744
3329
73081
3329
7565
3329
28557
3329
136744
27158
79401
3329
726
27158
7565
27158
1151
27158
726
3329
36399
27158
7565
3329
21219
3329
28557
3329
28557
3329
28557
3329
28557
3329
28557
3329
726
3329
28557
3329
1151
3329
28557
3329
7565
3329
9754
11623
28557
3329
10887
3456
28557
37028
28557
23013
28557
3329
28557
3329
1151
3329
28557
3329
28557
3329
7565
3329
61027
3329
28557
49482
28557
3329
726
40620
7565
49028
1151
49482
726
3329
28557
28680
7565
30630
21219
23013
21219
37841
21219
37841
21219
16185
21219
22399
726
21749
21219
37841
1151
37841
21219
37841
7565
37841
9754
3329
21219
35627
10887
3329
21219
3329
21219
3329
21219
27158
21219
26230
1151
3456
21219
3456
21219
24959
7565
37841
21219
37841
21219
3329
21219
37841
726
3329
7565
3329
1151
3329
726
37841
21219
3329
7565
23013
123865
30630
60248
30630
60248
16185
95385
22399
726
21749
206305
30630
1151
30630
141372
30630
7565
30630
9754
3329
119445
30630
10887
3329
206305
3329
206305
3329
29116
27158
140371
26230
1151
3456
137172
3456
73081
24959
7565
30630
28557
30630
139744
3329
79401
30630
726
3329
7565
3329
1151
3329
726
30630
36399
3329
7565
23013
60248
23013
60248
16185
95385
22399
726
21749
123865
23013
1151
23013
123865
23013
7565
23013
9754
3329
119445
23013
10887
3329
123865
3329
123865
3329
29116
23013
123865
23013
1151
3456
123865
3456
73081
23013
7565
23013
28557
23013
123865
3329
79401
23013
726
3329
7565
3329
1151
3329
726
23013
36399
3329
7565
60748
139009
16185
60248
22399
726
21749
60248
40620
1151
40620
60248
40620
7565
40620
9754
3329
60248
35627
10887
3329
60248
3329
60248
3329
29116
27158
60248
26230
1151
3456
60248
3456
60248
24959
7565
40620
28557
40620
60248
3329
60248
40620
726
3329
7565
3329
1151
3329
726
40620
36399
3329
7565
16185
60248
22399
726
21749
60248
40620
1151
40620
60248
40620
7565
40620
9754
3329
60248
35627
10887
3329
60248
3329
60248
3329
29116
27158
60248
26230
1151
3456
60248
3456
60248
24959
7565
40620
28557
40620
60248
3329
60248
40620
726
3329
7565
3329
1151
3329
726
40620
36399
3329
7565
16185
726
16185
95385
16185
1151
16185
95385
16185
7565
16185
9754
3329
95385
16185
10887
3329
95385
3329
95385
3329
29116
16185
95385
16185
1151
3456
95385
3456
73081
16185
7565
16185
28557
16185
95385
3329
79401
16185
726
3329
7565
3329
1151
3329
726
16185
36399
3329
7565
21749
726
22399
726
22399
726
22399
726
22399
726
3329
726
22399
726
3329
726
3329
726
3329
726
22399
726
22399
726
3456
726
3456
726
22399
726
22399
726
22399
726
3329
726
22399
7565
3329
726
3329
726
3329
7565
22399
726
3329
726
21749
1151
21749
141372
21749
7565
21749
9754
3329
119445
21749
10887
3329
206685
3329
206685
3329
29116
21749
140371
21749
1151
3456
137172
3456
73081
21749
7565
21749
28557
21749
139744
3329
79401
21749
726
3329
7565
3329
1151
3329
726
21749
36399
3329
7565
76595
1151
49482
1151
60748
1151
3329
1151
35627
1151
3329
1151
3329
1151
3329
1151
27158
1151
26230
10887
3456
1151
3456
1151
24959
1151
76595
1151
76595
1151
3329
1151
44168
726
3329
1151
3329
10887
3329
726
76595
1151
3329
1151
49482
7565
60748
9754
3329
119445
35627
10887
3329
141372
3329
141372
3329
29116
27158
140371
26230
1151
3456
137172
3456
73081
24959
7565
92035
28557
85408
139744
3329
79401
44168
726
3329
7565
3329
1151
3329
726
170563
36399
3329
7565
49482
7565
3329
7565
35627
7565
3329
7565
3329
7565
3329
7565
27158
7565
26230
1151
3456
7565
3456
7565
24959
113534
49482
7565
49482
7565
3329
7565
44168
726
3329
113534
3329
1151
3329
726
49482
7565
3329
29116
3329
9754
35627
9754
3329
9754
3329
9754
3329
9754
27158
9754
26230
1151
3456
9754
3456
9754
24959
7565
60748
9754
60748
9754
3329
9754
44168
726
3329
7565
3329
1151
3329
726
60748
9754
3329
7565
3329
10887
3456
119445
11623
119445
11623
29116
3329
119445
3329
1151
3329
119445
3329
73081
3329
7565
3329
28557
3329
119445
11623
79401
3329
726
11623
7565
11623
1151
11623
726
3329
36399
11623
7565
3329
10887
3329
10887
3329
10887
27158
10887
26230
1151
3456
10887
3456
10887
24959
7565
35627
10887
35627
10887
3329
10887
35627
726
3329
7565
3329
1151
3329
726
35627
10887
3329
7565
3456
250001
3456
29116
3329
140371
3329
1151
3329
137172
3329
73081
3329
7565
3329
28557
3329
139744
3456
79401
3329
726
3456
7565
3456
1151
3456
726
3329
36399
3456
7565
23013
29116
3329
140371
3329
1151
3329
137172
3329
73081
3329
7565
3329
28557
3329
139744
37028
79401
3329
726
37028
7565
37028
1151
37028
726
3329
36399
28680
7565
3329
29116
3329
1151
3329
29116
3329
29116
3329
7565
3329
28557
3329
29116
23013
29116
3329
726
23013
7565
23013
1151
23013
726
3329
29116
23013
7565
26230
1151
3456
137172
3456
73081
24959
7565
27158
28557
27158
139744
3329
79401
27158
726
3329
7565
3329
1151
3329
726
27158
36399
3329
7565
3456
1151
3456
1151
24959
1151
26230
1151
26230
1151
3329
1151
26230
726
3329
1151
3329
131816
3329
726
26230
1151
3329
1151
11623
73081
3456
7565
3456
28557
3456
137172
3329
79401
3456
726
3329
7565
3329
1151
3329
726
3456
36399
3329
7565
3456
7565
3456
28557
3456
73081
3329
73081
3456
726
3329
7565
3329
1151
3329
726
3456
36399
3329
7565
24959
7565
24959
7565
3329
7565
24959
726
3329
141372
3329
1151
3329
726
24959
7565
3329
29116
85408
28557
3329
28557
44168
726
3329
7565
3329
1151
3329
726
92035
28557
3329
7565
3329
79401
44168
726
3329
7565
3329
1151
3329
726
85408
36399
3329
7565
3329
726
40620
7565
49028
1151
71948
726
3329
36399
28680
7565
3329
726
3329
726
3329
9754
44168
726
3329
726
40620
1151
40620
726
3329
7565
28680
29116
49028
726
3329
1151
28680
1151
3329
726
28680
726
3329
7565
