202088
158889
202088
158889
91375
158735
202088
158416
154750
158889
202088
158889
84912
158735
171917
155575
202088
155575
202088
158889
84912
158889
202088
158889
202088
158443
110667
158889
58442
133126
202088
34407
84912
92528
58442
133126
202088
158889
202088
158882
202088
155575
110667
158889
84912
158889
110667
158889
202088
34407
84912
158889
110667
92528
84912
158889
202088
158889
202088
133126
84912
158889
84912
158889
250001
168455
91375
158735
250001
158416
154750
158908
250001
159058
84912
158735
171917
155575
250001
155575
250001
168455
84912
168455
250001
159058
250001
158443
110667
159058
58442
133126
250001
34407
84912
92528
58442
133126
250001
159058
250001
158882
250001
155575
110667
168455
84912
168455
110667
168455
250001
34407
84912
168455
110667
92528
84912
168455
250001
159058
250001
133126
84912
168455
84912
159058
91375
158735
250001
158416
154750
158908
250001
159058
84912
158735
171917
155575
250001
155575
250001
183755
84912
250001
250001
159058
250001
158443
110667
159058
58442
133126
250001
34407
84912
92528
58442
133126
250001
159058
250001
158882
250001
155575
110667
183755
84912
250001
110667
183755
250001
34407
84912
250001
110667
92528
84912
250001
250001
159058
250001
133126
84912
250001
84912
159058
91375
158416
91375
158735
91375
158735
84912
163944
91375
155575
91375
155575
91375
158735
84912
158735
91375
158735
91375
158443
91375
158735
58442
133126
91375
34407
84912
92528
58442
133126
91375
158735
91375
158735
91375
155575
91375
158735
84912
158735
91375
158735
91375
34407
84912
158735
91375
92528
84912
158735
91375
158735
91375
133126
84912
158735
84912
158735
154750
158416
250001
158416
84912
158416
171917
155575
250001
155575
250001
158416
84912
158416
250001
158416
250001
158416
110667
158416
58442
133126
250001
34407
84912
92528
58442
133126
250001
158416
250001
158416
250001
155575
110667
158416
84912
158416
110667
158416
250001
34407
84912
158416
110667
92528
84912
158416
250001
158416
250001
133126
84912
158416
84912
158416
154750
158908
84912
158735
154750
155575
154750
155575
154750
158908
84912
158908
154750
158908
154750
158443
110667
158908
58442
133126
154750
34407
84912
92528
58442
133126
154750
158908
154750
158882
154750
155575
110667
158908
84912
158908
110667
158908
154750
34407
84912
158908
110667
92528
84912
158908
154750
158908
154750
133126
84912
158908
84912
158908
84912
158735
171917
155575
250001
155575
250001
159058
84912
159058
250001
159960
250001
158443
110667
159960
58442
133126
250001
34407
84912
92528
58442
133126
250001
159960
250001
158882
250001
155575
110667
159058
84912
159058
110667
159058
250001
34407
84912
159058
110667
92528
84912
159058
250001
159960
250001
133126
84912
159058
84912
159960
84912
155575
84912
155575
84912
158735
111656
158735
84912
158735
84912
158443
84912
158735
58442
133126
84912
34407
138490
92528
58442
133126
84912
158735
84912
158735
84912
155575
84912
158735
110010
158735
84912
158735
84912
34407
250001
158735
84912
92528
110010
158735
84912
158735
84912
133126
250001
158735
110667
158735
171917
250001
171917
155575
84912
155575
171917
155575
171917
155575
110667
155575
58442
133126
171917
34407
84912
92528
58442
133126
171917
155575
171917
155575
171917
157921
110667
155575
84912
155575
110667
155575
171917
34407
84912
155575
110667
92528
84912
155575
171917
155575
171917
133126
84912
155575
84912
155575
250001
155575
84912
155575
250001
155575
250001
155575
110667
155575
58442
133126
250001
34407
84912
92528
58442
133126
250001
155575
250001
155575
250001
157921
110667
155575
84912
155575
110667
155575
250001
34407
84912
155575
110667
92528
84912
155575
250001
155575
250001
133126
84912
155575
84912
155575
84912
183755
250001
159058
250001
158443
110667
159058
58442
133126
250001
34407
84912
92528
58442
133126
250001
159058
250001
158882
250001
155575
110667
202576
84912
183755
110667
202576
250001
34407
84912
183755
110667
92528
84912
183755
250001
159058
250001
133126
84912
183755
84912
159058
84912
159058
84912
158443
84912
159058
58442
133126
84912
34407
111656
92528
58442
133126
84912
159058
84912
158882
84912
155575
84912
183755
110010
250001
84912
183755
84912
34407
111656
250001
84912
92528
110010
250001
84912
159058
84912
133126
111656
250001
110667
159058
250001
158443
110667
250001
58442
133126
250001
34407
84912
92528
58442
133126
250001
161045
250001
158882
250001
155575
110667
159058
84912
159058
110667
159058
250001
34407
84912
159058
110667
92528
84912
159058
250001
250001
250001
133126
84912
159058
84912
183245
110667
158443
58442
133126
250001
34407
84912
92528
58442
133126
250001
158443
250001
158443
250001
155575
110667
158443
84912
158443
110667
158443
250001
34407
84912
158443
110667
92528
84912
158443
250001
158443
250001
133126
84912
158443
84912
158443
58442
133126
110667
34407
84912
92528
58442
133126
110667
161045
110667
158882
110667
155575
110801
159058
84912
159058
111394
159058
110667
34407
84912
159058
110801
92528
84912
159058
110667
250001
110667
133126
84912
159058
84912
183245
58442
34407
58442
92528
111733
133248
58442
133126
58442
133126
58442
133126
58442
133126
58442
133126
58442
133126
58442
34407
58442
133126
58442
92528
58442
133126
58442
133126
58442
133229
58442
133126
58442
133126
84912
34407
58442
34407
250001
34407
250001
34407
250001
34407
110667
34407
84912
34407
110667
34407
250001
158735
84912
34407
110667
34407
84912
34407
250001
34407
250001
34407
84912
34407
84912
34407
58442
92528
84912
92528
84912
92528
84912
92528
84912
92528
110010
92528
84912
92528
84912
34407
138490
92528
84912
133126
110010
92528
84912
92528
84912
92528
138490
92528
110667
92528
58442
133126
58442
133126
58442
133126
58442
133126
58442
133126
58442
133126
58442
34407
58442
133126
58442
92528
58442
133126
58442
133126
58442
133229
58442
133126
58442
133126
250001
158882
250001
155575
110667
159058
84912
159058
110667
159058
250001
34407
84912
159058
110667
92528
84912
159058
250001
161045
250001
133126
84912
159058
84912
161045
250001
155575
110667
158882
84912
158882
110667
158882
250001
34407
84912
158882
110667
92528
84912
158882
250001
158882
250001
133126
84912
158882
84912
158882
110667
155575
84912
155575
110667
155575
250001
34407
84912
155575
110667
92528
84912
155575
250001
155575
250001
133126
84912
155575
84912
155575
84912
183755
110801
240635
110667
34407
84912
183755
111394
92528
84912
183755
110667
159058
110667
133126
84912
183755
84912
159058
84912
183755
84912
34407
110010
250001
84912
92528
250001
250001
84912
159058
84912
133126
110010
250001
110010
159058
110667
34407
84912
183755
110801
92528
84912
183755
110667
159058
110667
133126
84912
183755
84912
159058
84912
34407
110667
34407
84912
34407
250001
34407
250001
34407
84912
34407
84912
34407
84912
92528
110010
250001
84912
159058
84912
133126
250001
250001
110667
159058
84912
92528
110667
92528
110667
92528
84912
92528
84912
92528
84912
159058
84912
133126
110010
250001
110010
159058
250001
133126
84912
159058
84912
183245
84912
133126
84912
133126
110667
159058
