22267
82170
178092
82170
22267
15554
82780
82170
22267
18733
22356
82170
22267
87400
22267
82170
178092
82170
22267
14023
24904
82170
22267
82170
180370
82170
22267
87400
22267
18733
22267
87400
180370
82170
24904
28755
24904
82170
22267
82170
22356
82170
22267
18733
22267
82170
72013
14023
22356
82170
22267
82170
72013
82170
179003
82170
22267
82170
22267
18733
22267
18733
22267
82170
22267
237832
64074
15554
22267
154632
64074
18733
22267
250001
241652
82170
134373
237832
22267
154632
64074
14023
22267
250001
95253
250001
22267
141690
135676
82170
222874
18733
179003
82170
22267
144116
22267
28755
22267
250001
134373
237832
22267
250001
134373
18733
250001
154632
22267
14023
22267
250001
250001
98446
22267
237832
22267
237832
25932
250001
178092
18733
250001
18733
22356
250001
22267
15554
82780
154632
22267
18733
22356
237832
22267
82170
22267
250001
242713
154632
22267
14023
24904
237832
22267
237832
178092
141690
22267
82170
22267
18733
22267
82170
178092
144116
24904
28755
24904
237832
22267
250001
22356
237832
22267
18733
22267
154632
72013
14023
22356
237832
22267
98446
72013
250001
178092
250001
22267
237832
22267
18733
22267
18733
22267
237832
22267
15554
95253
15554
22267
15554
64074
15554
64074
15554
22267
15554
95253
14023
22267
15554
64074
15554
22267
15554
64074
15554
64074
15554
64074
15554
22267
15554
22267
15554
22267
15554
64074
15554
22267
15554
64074
15554
64074
15554
22267
14023
22267
15554
64074
15554
22267
15554
22267
15554
25932
15554
64074
15554
64074
15554
22356
15554
22267
18733
22356
154632
22267
82170
22267
154632
82780
157002
22267
14023
24904
154632
22267
154632
82780
141690
22267
82170
22267
18733
22267
82170
82780
144116
24904
28755
24904
154632
22267
154632
22356
154632
22267
18733
22267
157002
72013
14023
22356
154632
22267
98446
72013
154632
82780
154632
22267
154632
22267
18733
22267
18733
22267
154632
22267
18733
64074
18733
64074
18733
22267
18733
180370
14023
22267
18733
64074
18733
22267
18733
64074
18733
64074
20898
64074
18733
22267
18733
22267
18733
22267
18733
64074
18733
22267
18733
64074
20898
64074
18733
22267
14023
22267
18733
64074
18733
22267
18733
22267
18733
25932
18733
64074
20898
64074
20898
22356
18733
22267
82170
22267
237832
22356
154632
22267
14023
22356
250001
22267
250001
22356
141690
22267
82170
22267
18733
22267
82170
22356
144116
22356
28755
22356
250001
22267
237832
128229
250001
22267
18733
22267
154632
22356
14023
128229
250001
22267
98446
22356
237832
22356
237832
22267
250001
22267
18733
22267
18733
22267
250001
134373
82170
22267
82170
64074
14023
22267
82170
95253
82170
22267
82170
135676
88276
222874
18733
179003
119978
22267
82170
22267
28755
22267
82170
134373
82170
22267
82170
134373
18733
241652
82170
22267
14023
22267
82170
241652
82170
22267
82170
22267
82170
25932
82170
178092
18733
241652
18733
22356
82170
22267
154632
64074
14023
22267
237832
95253
237832
22267
141690
134373
82170
134373
18733
134373
82170
22267
144116
22267
28755
22267
237832
137451
250001
22267
237832
180370
18733
134373
154632
22267
14023
22267
237832
134373
98446
22267
250001
22267
250001
25932
237832
134373
18733
134373
18733
22356
237832
22267
14023
24904
154632
22267
154632
178092
141690
22267
82170
22267
18733
22267
82170
178092
144116
24904
28755
24904
154632
22267
154632
22356
154632
22267
18733
22267
232201
72013
14023
22356
154632
22267
98446
72013
154632
178092
154632
22267
154632
22267
18733
22267
18733
22267
154632
22267
14023
64074
14023
22267
14023
64074
14023
64074
14023
64074
14023
22267
14023
22267
14023
22267
14023
64074
14023
22267
14023
64074
14023
64074
14023
22267
15554
22267
14023
64074
14023
22267
14023
22267
14023
25932
14023
64074
14023
64074
14023
22356
14023
22267
250001
24904
141690
22267
82170
22267
18733
22267
82170
24904
144116
28397
28755
28397
250001
22267
237832
22356
250001
22267
18733
22267
154632
24904
14023
22356
250001
22267
98446
24904
237832
24904
237832
22267
250001
22267
18733
22267
18733
22267
250001
22267
141690
95253
82170
95253
18733
95253
82170
22267
144116
22267
28755
22267
250001
95253
237832
22267
250001
95253
18733
95253
154632
22267
14023
22267
250001
95253
98446
22267
237832
22267
237832
25932
250001
95253
18733
95253
18733
22356
250001
22267
82170
22267
18733
22267
82170
216662
141690
24904
28755
24904
141690
22267
141690
22356
141690
22267
18733
22267
141690
72013
14023
22356
141690
22267
98446
72013
141690
179003
141690
22267
141690
22267
18733
22267
18733
22267
141690
135676
18733
135676
88276
22267
82170
22267
28755
22267
82170
134373
82170
22267
82170
134373
18733
135676
82170
22267
14023
22267
82170
135676
82170
22267
82170
22267
82170
25932
82170
135676
18733
135676
18733
22356
82170
179003
18733
22267
18733
22267
18733
22267
18733
134373
18733
22267
18733
134373
25320
222874
18733
22267
14023
22267
18733
222874
18733
22267
18733
22267
18733
25932
18733
178092
25320
222874
25320
22356
18733
22267
82170
22267
28755
22267
82170
134373
82170
22267
82170
134373
18733
179003
82170
22267
14023
22267
82170
179003
82170
22267
82170
22267
82170
25932
82170
178092
18733
179003
18733
22356
82170
24904
28755
24904
144116
22267
144116
22356
144116
22267
18733
22267
144116
72013
14023
22356
144116
22267
98446
72013
144116
179003
144116
22267
144116
22267
18733
22267
18733
22267
144116
179003
28755
22267
28755
22356
28755
22267
18733
22267
28755
24904
14023
22356
28755
22267
28755
24904
28755
24904
28755
22267
28755
22267
18733
22267
18733
22267
28755
22267
237832
22356
250001
22267
18733
22267
154632
24904
14023
22356
250001
22267
98446
24904
237832
24904
237832
22267
250001
22267
18733
22267
18733
22267
250001
22267
237832
137451
18733
134373
154632
22267
14023
22267
237832
134373
98446
22267
250001
22267
250001
25932
237832
134373
18733
134373
18733
22356
237832
22267
18733
22267
154632
22356
14023
245821
250001
22267
98446
22356
237832
22356
237832
22267
250001
22267
18733
22267
18733
22267
250001
134373
18733
22267
14023
22267
18733
134373
18733
22267
18733
22267
18733
25932
18733
134373
119978
134373
96728
22356
18733
22267
14023
22267
154632
250001
98446
22267
154632
22267
154632
25932
154632
178092
18733
250001
18733
22356
154632
22356
14023
22267
14023
82780
14023
72013
14023
22267
14023
22267
14023
22267
14023
22267
14023
22267
98446
22356
237832
22356
237832
22267
250001
22267
18733
22267
18733
22267
250001
22267
98446
22267
98446
25932
98446
178092
18733
250001
18733
22356
98446
72013
250001
22267
237832
22267
18733
22267
18733
22267
237832
22267
237832
22267
18733
22267
18733
22267
237832
25932
18733
25932
18733
22356
250001
178092
96728
22356
18733
22356
18733
