11603
70834
38433
70834
92325
7066
66230
7066
66040
7066
524
2008
31669
60567
73516
41787
180527
70834
100718
7066
56734
7066
139842
7066
162733
70834
64057
58006
36313
7066
41285
70834
524
2008
64783
7066
100718
7066
56734
7066
56702
7066
169723
70834
46567
70834
100718
7066
64057
7066
56734
7066
56734
7066
100718
7066
75412
7066
56734
7066
169723
58006
64057
2008
169723
70834
11603
7066
100718
7066
64057
2008
64783
7066
11603
239085
11603
7066
11603
7066
11603
7066
524
2008
11603
60567
11603
41787
11603
222743
11603
7066
11603
7066
11603
7066
11603
106260
11603
58006
11603
7066
11603
106260
524
2008
11603
7066
11603
7066
11603
7066
11603
7066
11603
223063
11603
224513
11603
7066
11603
7066
11603
7066
11603
7066
11603
7066
11603
7066
11603
7066
11603
58006
11603
2008
11603
133882
41285
7066
11603
7066
11603
2008
11603
7066
38433
7066
38433
7066
38433
7066
524
2008
31669
60567
38433
41787
38433
222743
38433
7066
38433
7066
38433
7066
38433
106260
38433
58006
36313
7066
38433
106260
524
2008
38433
7066
38433
7066
38433
7066
38433
7066
38433
223063
38433
224513
38433
7066
38433
7066
38433
7066
38433
7066
38433
7066
38433
7066
38433
7066
38433
58006
38433
2008
38433
133882
11603
7066
38433
7066
38433
2008
38433
7066
66230
21359
66040
49163
524
2008
31669
7066
73516
7066
92325
7066
92325
21359
56734
21359
92325
20386
92325
7066
64057
7066
36313
21359
41285
7066
524
2008
64783
21359
92325
21359
56734
21359
56702
49163
92325
7066
46567
7066
92325
21359
64057
49163
56734
21359
56734
21359
92325
21359
75412
49163
56734
21359
92325
7066
64057
2008
92325
7066
11603
49163
92325
21359
64057
2008
64783
21359
66040
21359
524
2008
31669
7066
66230
7066
66230
7066
66230
57899
56734
57899
66230
20386
66230
7066
64057
7066
36313
58320
41285
7066
524
2008
64783
60567
66230
58320
56734
58320
56702
21359
66230
7066
46567
7066
66230
57899
64057
21359
56734
57899
56734
57899
66230
57899
66230
21359
56734
57899
66230
7066
64057
2008
66230
7066
11603
21359
66230
58320
64057
2008
64783
57899
524
2008
31669
7066
66040
7066
66040
7066
66040
21359
56734
21359
66040
20386
66040
7066
64057
7066
36313
21359
41285
7066
524
2008
64783
21359
66040
21359
56734
21359
56702
79558
66040
7066
46567
7066
66040
21359
64057
79558
56734
21359
56734
21359
66040
21359
66040
79558
56734
21359
66040
7066
64057
2008
66040
7066
11603
79558
66040
21359
64057
2008
64783
21359
524
2008
524
2008
524
2008
524
2008
524
2008
524
2008
524
2008
524
2008
524
2008
524
2008
56702
52542
524
2008
524
2008
524
2008
524
2008
524
2008
524
2008
524
2008
524
2008
524
2008
524
2008
524
2008
524
2008
524
2008
524
2008
524
2966
524
2008
524
2008
524
2008
524
2966
524
2008
31669
41787
31669
60567
31669
7066
31669
7066
31669
7066
31669
60567
31669
58006
31669
7066
31669
60567
524
2008
31669
7066
31669
7066
31669
7066
31669
7066
31669
60567
31669
60567
31669
7066
31669
7066
31669
7066
31669
7066
31669
7066
31669
7066
31669
7066
31669
58006
31669
2008
31669
60567
11603
7066
31669
7066
31669
2008
31669
7066
73516
41787
73516
7066
56734
7066
73516
7066
73516
41787
64057
41787
36313
7066
41285
41787
524
2008
64783
7066
73516
7066
56734
7066
56702
7066
73516
41787
46567
41787
73516
7066
64057
7066
56734
7066
56734
7066
73516
7066
73516
7066
56734
7066
73516
41787
64057
2008
73516
41787
11603
7066
73516
7066
64057
2008
64783
7066
100718
7066
56734
7066
139842
7066
162733
106260
64057
58006
36313
7066
41285
106260
524
2008
64783
7066
100718
7066
56734
7066
56702
7066
169723
222743
46567
222743
100718
7066
64057
7066
56734
7066
56734
7066
100718
7066
75412
7066
56734
7066
169723
58006
64057
2008
169723
133882
11603
7066
100718
7066
64057
2008
64783
7066
56734
106190
100718
20386
100718
7066
64057
7066
36313
57899
41285
7066
524
2008
64783
57899
168800
57899
56734
57899
56702
21359
100718
7066
46567
7066
134029
58320
64057
21359
56734
70037
56734
59453
230550
97745
75412
21359
56734
70037
100718
7066
64057
2008
100718
7066
11603
21359
168800
57899
64057
2008
64783
58271
56734
20386
56734
7066
56734
7066
36313
57899
41285
7066
524
2008
56734
57899
56734
57899
227251
57899
56702
21359
56734
7066
46567
7066
56734
58320
56734
21359
227251
70037
227251
59453
56734
97745
56734
21359
227251
70037
56734
7066
56734
2008
56734
7066
11603
21359
56734
57899
56734
2008
56734
58271
139842
7066
64057
7066
36313
20386
41285
7066
524
2008
64783
20386
100718
20386
56734
20386
56702
20386
139842
7066
46567
7066
100718
20386
64057
20386
56734
20386
56734
20386
100718
20386
75412
20386
56734
20386
139842
7066
64057
2008
139842
7066
11603
20386
100718
20386
64057
2008
64783
20386
64057
58006
36313
7066
41285
169353
524
2008
64783
7066
100718
7066
56734
7066
56702
7066
162733
106260
46567
106260
100718
7066
64057
7066
56734
7066
56734
7066
100718
7066
75412
7066
56734
7066
162733
58006
64057
2008
162733
106260
11603
7066
100718
7066
64057
2008
64783
7066
36313
7066
41285
58006
524
2008
64057
7066
64057
7066
56734
7066
56702
7066
64057
58006
46567
58006
64057
7066
80861
7066
56734
7066
56734
7066
64057
7066
64057
7066
56734
7066
64057
58271
92325
2008
64057
58006
11603
7066
64057
7066
75412
2008
64057
7066
36313
7066
524
2008
36313
58320
36313
59453
36313
59453
36313
21359
36313
7066
36313
7066
36313
57899
36313
21359
36313
57899
36313
57899
36313
57899
36313
21359
36313
57899
36313
7066
36313
2008
36313
7066
11603
21359
36313
59453
36313
2008
36313
57899
524
2008
41285
7066
41285
7066
41285
7066
41285
7066
41285
106260
41285
106260
41285
7066
41285
7066
41285
7066
41285
7066
41285
7066
41285
7066
41285
7066
41285
58006
41285
2008
41285
106260
11603
7066
41285
7066
41285
2008
41285
7066
524
2008
524
2008
524
2008
524
2008
524
2008
524
2008
524
2008
524
2008
524
2008
524
2008
524
2008
524
2008
524
2008
524
2008
524
2966
524
2008
524
2008
524
2008
524
2966
524
2008
64783
58320
56734
58320
56702
21359
64783
7066
46567
7066
64783
57899
64057
21359
56734
57899
56734
57899
64783
57899
64783
21359
56734
57899
64783
7066
64057
2008
64783
7066
11603
21359
64783
58320
64057
2008
168800
57899
56734
70037
56702
21359
100718
7066
46567
7066
134029
57899
64057
21359
56734
57899
56734
57899
168800
57899
75412
21359
56734
57899
100718
7066
64057
2008
100718
7066
11603
21359
195306
106190
64057
2008
64783
57899
56702
21359
56734
7066
46567
7066
56734
57899
56734
21359
250001
57899
250001
57899
56734
57899
56734
21359
250001
57899
56734
7066
56734
2008
56734
7066
11603
21359
56734
70037
56734
2008
56734
57899
56702
7066
46567
7066
56702
21359
56702
104155
56702
21359
56702
21359
56702
21359
56702
168023
56702
21359
56702
7066
56702
2008
56702
7066
11603
168023
56702
21359
56702
2008
56702
21359
46567
223063
100718
7066
64057
7066
56734
7066
56734
7066
100718
7066
75412
7066
56734
7066
181930
58006
64057
2008
169732
133882
11603
7066
100718
7066
64057
2008
64783
7066
46567
7066
46567
7066
46567
7066
46567
7066
46567
7066
46567
7066
46567
7066
46567
58006
46567
2008
46567
133882
11603
7066
46567
7066
46567
2008
46567
7066
64057
21359
56734
58320
56734
58320
134029
58320
75412
21359
56734
58320
100718
7066
64057
2008
100718
7066
11603
21359
134029
57899
64057
2008
64783
58271
56734
21359
56734
21359
64057
21359
64057
104155
56734
21359
64057
7066
80861
2008
64057
7066
11603
104155
64057
21359
75412
2008
64057
21359
250001
59453
56734
70037
56734
21359
250001
115302
56734
7066
56734
2008
56734
7066
11603
21359
56734
57899
56734
2008
56734
58271
56734
59453
56734
21359
250001
59453
56734
7066
56734
2008
56734
7066
11603
21359
56734
57899
56734
2008
56734
58271
75412
21359
56734
70037
100718
7066
64057
2008
100718
7066
11603
21359
168800
57899
64057
2008
64783
58271
56734
21359
75412
7066
64057
2008
75412
7066
11603
223028
75412
21359
64057
2008
64783
21359
56734
7066
56734
2008
56734
7066
11603
21359
56734
57899
56734
2008
56734
58271
64057
2008
169732
58006
11603
7066
100718
7066
64057
2008
64783
7066
64057
2008
11603
2008
64057
2008
75412
41787
64057
2008
11603
7066
100718
7066
64057
2008
64783
7066
11603
21359
11603
2008
11603
21359
64057
2008
64783
57899
64057
2008
