9210
108144
14843
30997
34279
227665
27893
131689
27893
128923
34279
128923
34279
51503
34279
30997
34279
227665
14843
51503
34279
166648
9210
166648
27893
130293
34279
30997
27893
178490
27893
227665
34279
131689
34279
166648
34279
128923
34279
227665
27893
79520
27893
58255
34279
227665
27893
30997
27893
227665
27893
129933
146427
128923
27893
30997
27893
131689
34279
128923
34279
30997
34279
58255
9210
30997
27893
79520
34279
128923
9210
30997
9210
108144
9210
108144
9210
108144
9210
108144
9210
51503
9210
30997
9210
108144
9210
51503
9210
108144
27893
108144
9210
108144
9210
30997
9210
108144
9210
108144
9210
108144
9210
108144
9210
108144
9210
108144
9210
79520
9210
58255
9210
108144
9210
30997
9210
108144
9210
108144
9210
108144
9210
30997
9210
108144
9210
108144
9210
30997
9210
58255
222718
30997
9210
79520
9210
108144
14843
30997
14843
30997
14843
30997
14843
30997
14843
30997
14843
51503
14843
30997
27893
30997
14843
30997
9210
30997
14843
30997
14843
51503
14843
30997
14843
30997
14843
30997
14843
30997
14843
30997
14843
30997
14843
30997
14843
30997
14843
30997
14843
51503
14843
30997
14843
30997
14843
30997
14843
79520
14843
30997
14843
30997
14843
51503
14843
30997
9210
51503
14843
30997
14843
30997
27893
131689
27893
128923
250001
128923
65565
51503
149606
30997
250001
250001
14843
51503
201875
166648
9210
166648
27893
130293
250001
30997
27893
178490
27893
250001
53545
131689
250001
166648
53545
128923
70866
250001
27893
79520
27893
58255
250001
250001
27893
30997
27893
250001
27893
129933
34279
128923
27893
30997
27893
131689
250001
128923
222718
30997
222718
58255
9210
30997
27893
79520
250001
128923
101896
128923
27893
128923
27893
51503
27893
30997
27893
131689
14843
51503
27893
131689
9210
131689
201518
130293
27893
30997
68166
131689
34508
131689
27893
156068
27893
131689
27893
128923
27893
131689
34508
79520
55830
58255
27893
131689
53201
30997
55830
131689
60132
129933
27893
128923
55830
30997
101896
134132
27893
128923
27893
30997
27893
58255
9210
30997
55830
79520
27893
128923
27893
250001
27893
51503
27893
30997
27893
128923
14843
51503
27893
128923
9210
128923
101896
128923
27893
30997
68166
128923
34508
128923
27893
128923
27893
128923
27893
250001
27893
128923
34508
79520
55830
58255
27893
128923
53201
30997
55830
128923
60132
128923
27893
150636
55830
30997
146427
128923
27893
250001
27893
30997
27893
58255
9210
30997
55830
79520
27893
250001
65565
51503
149606
30997
250001
128923
14843
51503
201875
128923
9210
128923
27893
128923
250001
30997
27893
128923
27893
128923
53545
128923
250001
128923
53545
250001
70866
128923
27893
79520
27893
58255
250001
128923
27893
30997
27893
128923
27893
128923
34279
150636
27893
30997
27893
128923
250001
250001
222718
30997
222718
58255
9210
30997
27893
79520
250001
250001
65565
30997
65565
51503
14843
131689
65565
51503
9210
51503
27893
51503
65565
30997
27893
51503
27893
51503
53545
51503
65565
51503
53545
51503
65565
51503
27893
51503
27893
51503
65565
51503
27893
30997
27893
51503
27893
51503
34279
51503
27893
30997
27893
51503
65565
51503
65565
30997
65565
51503
9210
30997
27893
51503
65565
51503
149606
30997
14843
30997
149606
30997
9210
30997
27893
30997
149606
79520
27893
30997
27893
30997
53545
30997
149606
30997
53545
30997
70866
30997
27893
30997
27893
30997
149606
30997
27893
108144
27893
30997
27893
30997
34279
30997
27893
51503
27893
30997
149606
30997
149606
108144
149606
30997
9210
108144
27893
30997
149606
30997
14843
51503
201875
166648
9210
166648
27893
130293
250001
30997
27893
178490
27893
250001
53545
131689
250001
166648
53545
128923
70866
250001
27893
79520
27893
58255
250001
250001
27893
30997
27893
250001
27893
129933
34279
128923
27893
30997
27893
131689
250001
128923
222718
30997
222718
58255
9210
30997
27893
79520
250001
128923
14843
51503
9210
51503
14843
51503
14843
30997
14843
51503
14843
51503
14843
51503
14843
51503
14843
51503
14843
51503
14843
51503
14843
51503
14843
51503
14843
30997
14843
51503
14843
51503
14843
51503
14843
30997
14843
51503
14843
51503
14843
30997
14843
51503
9210
30997
14843
51503
14843
51503
9210
250001
27893
130293
201875
30997
27893
166648
27893
166648
53545
131689
201875
250001
53545
128923
70866
166648
27893
79520
27893
58255
201875
166648
27893
30997
27893
166648
27893
129933
34279
128923
27893
30997
27893
131689
201875
128923
201875
30997
201875
58255
9210
30997
27893
79520
201875
128923
9210
130293
9210
30997
9210
166648
9210
166648
9210
131689
9210
250001
9210
128923
9210
166648
9210
79520
9210
58255
9210
166648
9210
30997
9210
166648
9210
129933
9210
128923
9210
30997
9210
131689
9210
128923
9210
30997
9210
58255
27893
30997
9210
79520
9210
128923
27893
30997
68166
130293
34508
130293
27893
130293
27893
130293
27893
128923
27893
130293
34508
79520
55830
58255
27893
130293
53201
30997
55830
130293
60132
129933
27893
128923
55830
30997
101896
130293
27893
128923
27893
30997
27893
58255
9210
30997
55830
79520
27893
128923
27893
30997
27893
30997
53545
30997
250001
30997
53545
30997
70866
30997
27893
30997
27893
30997
250001
30997
27893
79520
27893
30997
27893
30997
34279
30997
27893
51503
27893
30997
250001
30997
222718
79520
222718
30997
9210
79520
27893
30997
250001
30997
34508
178490
27893
131689
27893
166648
27893
128923
27893
178490
34508
79520
55830
58255
27893
178490
53201
30997
55830
178490
60132
129933
27893
128923
55830
30997
68166
131689
27893
128923
27893
30997
27893
58255
9210
30997
55830
79520
27893
128923
27893
131689
27893
166648
27893
128923
27893
250001
146427
79520
34508
58255
27893
250001
34508
30997
34508
250001
34508
129933
27893
128923
34508
30997
34508
131689
27893
128923
27893
30997
27893
58255
9210
30997
34508
79520
27893
128923
53545
131689
250001
128923
53545
131689
27893
79520
27893
58255
53545
131689
27893
30997
27893
131689
27893
129933
34279
128923
27893
30997
27893
134132
53545
128923
53545
30997
53545
58255
9210
30997
27893
79520
53545
128923
53545
128923
70866
166648
27893
79520
27893
58255
250001
166648
27893
30997
27893
166648
27893
129933
34279
128923
27893
30997
27893
131689
250001
128923
222718
30997
222718
58255
9210
30997
27893
79520
250001
128923
53545
128923
27893
79520
27893
58255
53545
128923
27893
30997
27893
128923
27893
128923
34279
150636
27893
30997
27893
128923
53545
250001
53545
30997
53545
58255
9210
30997
27893
79520
53545
250001
27893
79520
27893
58255
70866
250001
27893
30997
27893
250001
27893
129933
34279
128923
27893
30997
27893
131689
70866
128923
70866
30997
70866
58255
9210
30997
27893
79520
70866
128923
34508
58255
27893
79520
34508
30997
34508
79520
34508
79520
27893
79520
34508
30997
34508
79520
27893
79520
27893
30997
27893
58255
9210
30997
34508
108144
27893
79520
27893
58255
53201
30997
156505
58255
55830
58255
27893
58255
87074
30997
55830
58255
27893
58255
27893
30997
27893
157922
9210
30997
70866
58255
27893
58255
27893
30997
27893
250001
27893
129933
34279
128923
27893
30997
27893
131689
250001
128923
222718
30997
222718
58255
9210
30997
27893
79520
250001
128923
53201
30997
53201
30997
27893
30997
53201
51503
53201
30997
27893
30997
27893
250001
27893
30997
9210
250001
53201
30997
27893
30997
55830
129933
27893
128923
87074
30997
55830
131689
27893
128923
27893
30997
27893
58255
9210
30997
70866
79520
27893
128923
27893
128923
55830
30997
60132
129933
27893
128923
27893
30997
27893
58255
9210
30997
55830
79520
27893
128923
27893
30997
27893
128923
34279
150636
34279
30997
34279
58255
9210
30997
27893
79520
34279
150636
55830
30997
27893
30997
27893
51503
27893
30997
9210
51503
70866
30997
27893
30997
27893
128923
27893
30997
27893
58255
9210
30997
55830
79520
27893
128923
222718
30997
222718
58255
9210
30997
27893
79520
250001
250001
250001
30997
9210
250001
27893
30997
222718
30997
9210
30997
27893
58255
222718
58255
9210
30997
9210
30997
27893
79520
