100352
39845
103941
14034
73880
49857
4149
3453
64742
49631
19175
5294
25798
49631
4149
3453
19175
38158
100140
5294
65431
14034
100897
14020
64742
9863
19175
14034
119225
49631
100140
49631
102855
14060
25798
49631
103991
18921
100376
49631
4149
3453
4149
3453
6417
49631
100008
14060
6417
49631
110250
14034
62496
49631
104470
49631
4149
3453
103941
49631
103941
15836
65431
49631
107910
14020
119272
23615
110250
49631
117289
49631
106395
49631
100352
14034
73880
39845
4149
3453
64742
39845
19175
5294
25798
39845
4149
3453
19175
38158
100140
5294
65431
14034
100352
14020
64742
9863
19175
14034
100352
39845
100140
39845
100352
14060
25798
39845
100352
18921
100352
39845
4149
3453
4149
3453
6417
39845
100008
14060
6417
39845
100352
14034
62496
39845
100352
39845
4149
3453
100352
39845
100352
15836
65431
39845
100352
14020
100352
23615
100352
39845
100352
39845
100352
39845
73880
14034
4149
3453
64742
14034
19175
5294
25798
14034
4149
3453
19175
14034
100140
5294
65431
14060
100897
14020
64742
9863
19175
42207
103941
14034
100140
14034
102855
14034
25798
14034
103941
14034
100376
14034
4149
3453
4149
3453
6417
14034
100008
14034
6417
14034
103941
14060
62496
14034
103941
14034
4149
3453
103962
14034
112937
14034
65431
14034
103941
14020
103941
14034
103941
14034
103941
14034
103941
14034
4149
3453
64742
49631
19175
5294
25798
49631
4149
3453
19175
38158
73880
5294
65431
14034
73880
14020
64742
9863
19175
14034
73880
49631
73880
49631
73880
14060
25798
49631
73880
18921
73880
49631
4149
3453
4149
3453
6417
49631
73880
14060
6417
49631
73880
14034
62496
49631
73880
49631
4149
3453
73880
49631
73880
15836
65431
49631
73880
14020
73880
23615
73880
49631
73880
49631
73880
49631
4149
3453
4149
3453
4149
3453
62496
59500
4149
3453
4149
3453
4149
3453
4149
3453
4149
3453
4149
3453
4149
3453
4149
3453
4149
3453
4149
3453
4149
3453
4149
3453
62496
74825
62496
74825
4149
3453
4149
3453
4149
3453
4149
3453
4149
3453
4149
3453
53180
74825
4149
3453
4149
3453
4149
3453
4149
3453
4149
3453
4149
3453
4149
3453
4149
3453
19175
5294
25798
49857
4149
3453
19175
38158
64742
5294
64742
14034
64742
14020
95085
9863
19175
14034
64742
52143
64742
49857
64742
14060
25798
49857
64742
18921
64742
49857
4149
3453
4149
3453
6417
49857
64742
14060
6417
49857
64742
14034
62496
49857
64742
49857
4149
3453
64742
49857
64742
15836
64742
49857
64742
14020
64742
23615
64742
49857
64742
49857
64742
49857
19175
5294
4149
3453
89671
5294
19175
11721
19175
5294
19175
5294
19175
5294
63764
5294
19175
5294
19175
5294
19175
5294
19175
5294
19175
5294
19175
5294
4149
3453
4149
3453
6417
5294
19175
5294
6417
5294
19175
5294
19175
5294
19175
5294
4149
3453
19175
5294
19175
5294
19175
5294
19175
5294
19175
5294
19175
5294
19175
5294
19175
5294
4149
3453
19175
38158
25798
5294
25798
14034
25798
14020
25798
9863
19175
14034
25798
49857
25798
53953
25798
14060
66314
53625
25798
18921
25798
58740
4149
3453
4149
3453
6417
50620
25798
14060
6417
58740
25798
14034
25798
53625
25798
58740
4149
3453
25798
58740
25798
15836
25798
53625
25798
14020
25798
23615
25798
58740
25798
58740
25798
53625
4149
3453
4149
3453
4149
3453
4149
3453
4149
3453
4149
3453
4149
3453
4149
3453
4149
3453
4149
3453
4149
3453
4149
3453
93734
59500
114300
59500
4149
3453
4149
3453
4149
3453
4149
3453
4149
3453
4149
3453
53180
59500
4149
3453
4149
3453
4149
3453
4149
3453
4149
3453
4149
3453
4149
3453
4149
3453
19175
5294
19175
14034
19175
14020
19175
9863
63764
14034
19175
38158
19175
38158
19175
14060
19175
38158
19175
18921
19175
38158
4149
3453
4149
3453
6417
38158
19175
14060
6417
38158
19175
14034
19175
38158
19175
38158
4149
3453
19175
38158
19175
15836
19175
38158
19175
14020
19175
23615
19175
38158
19175
38158
19175
38158
65431
5294
100140
5294
64742
5294
19175
5294
100140
5294
102855
5294
100140
5294
25798
5294
100140
5294
100140
5294
4149
3453
4149
3453
6417
5294
100008
5294
6417
5294
100140
5294
62496
5294
100140
5294
4149
3453
100140
5294
100140
5294
65431
5294
100140
5294
100140
5294
100140
5294
100140
5294
100140
5294
65431
14020
64742
9863
19175
14060
65431
14034
65431
14034
65431
14034
25798
14034
65431
14034
65431
14034
4149
3453
4149
3453
6417
14034
65431
14034
6417
14034
65431
14192
62496
14034
65431
14034
4149
3453
65431
14034
65431
14034
78895
14034
65431
14020
65431
14034
65431
14034
65431
14034
65431
14034
64742
9863
19175
14020
100897
14020
100140
14020
100897
14020
25798
14020
100897
14020
100376
14020
4149
3453
4149
3453
6417
14020
100008
14020
6417
14020
100897
14020
62496
14020
100897
14020
4149
3453
100897
14020
100897
14020
65431
14020
100897
14034
100897
14020
100897
14020
100897
14020
100897
14020
19175
9863
64742
9863
64742
9863
64742
9863
25798
9863
64742
9863
64742
9863
4149
3453
4149
3453
6417
9863
64742
9863
6417
9863
64742
9863
62496
9863
64742
9863
4149
3453
64742
9863
64742
9863
64742
9863
64742
9863
64742
9863
64742
9863
64742
9863
64742
9863
19175
14034
19175
14034
19175
14034
19175
14034
19175
14034
19175
14034
4149
3453
4149
3453
6417
14034
19175
14034
6417
14034
19175
14060
19175
14034
19175
14034
4149
3453
19175
14034
19175
14034
19175
14034
19175
14020
19175
14034
19175
14034
19175
14034
19175
14034
100140
49857
102855
14060
25798
49857
103991
18921
100376
49857
4149
3453
4149
3453
6417
49857
100008
14060
6417
49857
110250
14034
62496
49857
104470
49857
4149
3453
103941
49857
103941
15836
65431
49857
107910
14020
119225
23615
110250
49857
117289
49857
106395
49857
100140
14060
25798
53625
100140
18921
100140
53953
4149
3453
4149
3453
6417
50620
100008
14060
6417
53953
100140
14034
62496
53625
100140
53953
4149
3453
100140
53953
100140
15836
65431
53625
100140
14020
100140
23615
100140
53953
100140
53953
100140
53625
25798
14060
102855
14060
100376
14060
4149
3453
4149
3453
6417
14060
100008
38158
6417
14060
102855
14034
62496
14060
102855
14060
4149
3453
102855
14060
102855
14060
65431
14060
102855
14020
102855
14060
102855
14060
102855
14060
102855
14060
25798
18921
25798
53625
4149
3453
4149
3453
6417
50620
25798
14060
6417
53625
25798
14034
25798
138915
25798
53625
4149
3453
25798
53625
25798
15836
25798
115659
25798
14020
25798
23615
25798
53625
25798
53625
25798
97490
100376
18921
4149
3453
4149
3453
6417
18921
100008
14060
6417
18921
103991
14034
62496
18921
103991
18921
4149
3453
103941
18921
103941
15836
65431
18921
103991
14020
103991
18921
103991
18921
103991
18921
103991
18921
4149
3453
4149
3453
6417
50620
100008
14060
6417
97490
100376
14034
62496
53625
100376
97490
4149
3453
100376
97490
100376
15836
65431
53625
100376
14020
100376
23615
100376
97490
100376
97490
100376
53625
93734
97490
4149
3453
4149
3453
4149
3453
4149
3453
4149
3453
4149
3453
53180
250001
4149
3453
4149
3453
4149
3453
4149
3453
4149
3453
4149
3453
4149
3453
4149
3453
4149
3453
4149
3453
4149
3453
4149
3453
4149
3453
4149
3453
53180
97490
4149
3453
4149
3453
4149
3453
4149
3453
4149
3453
4149
3453
4149
3453
4149
3453
6417
14060
64742
50620
6417
14034
6417
50620
6417
50620
4149
3453
6417
50620
6417
15836
6417
50620
6417
14020
6417
23615
6417
50620
6417
50620
6417
50620
6417
14060
100008
14034
62496
14060
100008
14060
4149
3453
100008
14060
100008
14060
65431
14060
100008
14020
100008
14060
100008
14060
100008
14060
100008
14060
6417
14034
6417
53625
6417
162425
4149
3453
6417
162951
6417
15836
6417
53625
6417
14020
6417
23615
6417
162425
6417
162425
6417
53625
62496
14034
104470
14034
4149
3453
103941
14034
103941
14034
65431
14034
107910
14020
110250
14034
119272
14034
110250
14034
106395
14034
62496
53625
4149
3453
62496
53625
62496
15836
62496
115659
62496
14020
62496
23615
62496
53625
62496
53625
62496
97490
4149
3453
103941
162425
103941
15836
65431
53625
104470
14020
104470
23615
104470
164613
104470
163422
104470
53625
4149
3453
4149
3453
4149
3453
4149
3453
4149
3453
4149
3453
4149
3453
4149
3453
103962
15836
65431
53625
103941
14020
103941
23615
103941
162425
103941
162425
103941
53625
65431
15836
103941
14020
103941
15836
103941
15836
103941
15836
103941
15836
65431
14020
65431
23615
65431
53625
65431
53625
65431
97490
107910
14020
107910
14020
107910
14020
106395
14020
110250
23615
117289
23615
106395
23615
110250
163422
106395
53625
106395
53625
