127756
108397
168136
108397
91508
135729
49205
108397
53357
135729
24220
108397
168053
108397
53357
108397
79174
108397
127756
26465
24220
26465
73556
108397
168053
108397
127756
108397
82030
4887
127756
108397
79174
108397
127756
75587
127756
75587
127756
108397
168136
108397
79174
108397
49205
26465
168053
75587
127756
108397
91943
108397
127756
108397
102911
4887
127756
108397
70522
75587
127756
4887
127756
26465
127756
75587
127756
135729
91508
108397
49205
184357
53357
108397
24220
184357
127756
164656
53357
184357
79174
184357
152997
26465
24220
26465
73556
184357
127756
164132
167594
147528
82030
4887
168053
249323
79174
184357
250001
75587
250001
75587
168053
184357
127756
184357
79174
184357
49205
26465
127756
75587
168053
184357
91943
184357
185188
184357
102911
4887
250001
184357
70522
75587
167763
4887
168053
26465
250001
75587
91508
108397
49205
135729
53357
108397
24220
135729
168053
135729
53357
135729
79174
135729
127756
26465
24220
26465
73556
135729
168053
135729
127756
135729
82030
4887
127756
135729
79174
135729
127756
75587
127756
75587
127756
135729
186494
135729
79174
135729
49205
26465
168053
75587
127756
135729
91943
135729
127756
135729
102911
4887
127756
135729
70522
75587
127756
4887
127756
26465
127756
75587
49205
108397
53357
144468
24220
108397
91508
108397
53357
108397
79174
108397
91508
26465
24220
26465
73556
108397
91508
108397
91508
108397
82030
4887
91508
108397
79174
108397
91508
75587
91508
75587
91508
108397
91508
108397
79174
108397
49205
26465
91508
75587
91508
108397
91508
108397
91508
108397
91508
4887
91508
108397
70522
75587
91508
4887
91508
26465
91508
75587
49205
108397
24220
250001
49205
164656
49205
250001
49205
250001
49205
26465
24220
26465
49205
250001
49205
164132
49205
147528
49205
4887
49205
184357
49205
191798
49205
75587
49205
75587
49205
250001
49205
250001
49205
245736
70522
26465
49205
75587
49205
250001
49205
250001
49205
250001
49205
4887
49205
250001
49205
75587
49205
4887
49205
26465
49205
75587
24220
108397
53357
108397
102911
108397
53357
108397
53357
26465
24220
26465
53357
108397
53357
108397
53357
108397
53357
4887
53357
108397
53357
108397
53357
75587
53357
75587
53357
108397
53357
108397
53357
108397
49205
26465
53357
75587
53357
108397
53357
108397
53357
108397
53357
4887
53357
108397
53357
75587
53357
4887
53357
26465
53357
75587
24220
164656
24220
250001
24220
250001
24220
26465
152997
26465
24220
250001
24220
164132
24220
147528
24220
4887
24220
184357
24220
191798
24220
75587
24220
75587
24220
250001
24220
250001
24220
245736
24220
26465
24220
75587
24220
250001
24220
250001
24220
250001
24220
4887
24220
250001
24220
75587
24220
4887
24220
26465
24220
75587
53357
164656
79174
164656
127756
26465
24220
26465
73556
164656
185213
164132
127756
147528
82030
4887
127756
164656
79174
164656
127756
75587
127756
75587
127756
164656
168053
164656
79174
164656
49205
26465
168553
75587
127756
164656
91943
164656
127756
164656
102911
4887
127756
164656
70522
75587
127756
4887
127756
26465
127756
75587
53357
250001
53357
26465
24220
26465
53357
250001
53357
164132
53357
147528
53357
4887
53357
184357
53357
191798
53357
75587
53357
75587
53357
250001
53357
250001
53357
245736
49205
26465
53357
75587
53357
250001
53357
250001
53357
250001
53357
4887
53357
250001
53357
75587
53357
4887
53357
26465
53357
75587
79174
26465
24220
26465
73556
250001
79174
164132
79174
147528
79174
4887
79174
184357
83211
191798
79174
75587
79174
75587
79174
250001
79174
250001
83211
245736
49205
26465
79174
75587
79174
250001
79174
250001
79174
250001
79174
4887
79174
250001
70522
75587
79174
4887
79174
26465
79174
75587
24220
164132
73556
26465
127756
26465
152997
26465
82030
4887
152997
26465
79174
26465
152997
26465
152997
26465
152997
26465
127756
26465
79174
26465
49205
213677
127756
26465
152997
26465
91943
26465
152997
26465
102911
4887
152997
26465
70522
26465
152997
4887
152997
213677
152997
26465
24220
26465
24220
26465
24220
26465
24220
4887
24220
26465
24220
26465
24220
26465
24220
26465
24220
26465
24220
26465
24220
26465
24220
164132
24220
26465
24220
26465
24220
26465
24220
26465
24220
4887
24220
26465
24220
26465
24220
4887
24220
164132
24220
26465
73556
164132
73556
147528
73556
4887
73556
184357
73556
191798
73556
75587
73556
75587
73556
250001
73556
250001
73556
245736
49205
26465
73556
75587
73556
250001
73556
250001
73556
250001
73556
4887
73556
250001
70522
75587
73556
4887
73556
26465
73556
75587
127756
147528
82030
4887
127756
164132
79174
164132
127756
75587
127756
75587
127756
164132
168053
164132
79174
164132
49205
26465
168553
75587
127756
164132
91943
164132
127756
164132
102911
4887
127756
164132
70522
75587
127756
4887
127756
26465
127756
75587
82030
4887
167594
147528
79174
147528
167594
75587
167594
75587
167594
147528
127756
147528
79174
147528
49205
26465
127756
75587
167594
147528
91943
147528
167594
147528
102911
4887
167594
147528
70522
75587
167594
4887
167594
26465
167594
75587
82030
4887
79174
4887
82030
4887
82030
4887
82030
4887
82030
4887
79174
4887
49205
4887
82030
4887
82030
4887
82030
4887
82030
4887
82030
250001
82030
4887
70522
4887
82030
146256
82030
4887
82030
4887
79174
184357
168053
75587
168053
75587
190379
184357
127756
184357
79174
184357
49205
26465
127756
75587
176822
184357
91943
184357
168053
184357
102911
4887
168053
184357
70522
75587
167763
4887
190379
26465
168053
75587
79174
75587
79174
75587
79174
191798
79174
191798
91508
191798
49205
26465
79174
75587
79174
191798
79174
191798
79174
191798
79174
4887
79174
191798
70522
75587
79174
4887
79174
26465
79174
75587
250001
209503
168053
75587
127756
75587
79174
75587
49205
26465
127756
209503
168053
75587
91943
75587
185188
75587
102911
4887
250001
75587
70522
164656
167763
4887
168053
26465
250001
194853
168053
75587
127756
75587
79174
75587
49205
26465
127756
250001
168053
75587
91943
75587
185188
75587
102911
4887
250001
75587
70522
164656
167763
4887
168053
26465
250001
194853
127756
250001
79174
245736
49205
26465
127756
75587
176822
250001
91943
250001
168053
250001
102911
4887
168053
250001
70522
75587
167763
4887
241740
26465
168053
75587
79174
245736
49205
26465
168053
75587
127756
250001
91943
250001
127756
250001
102911
4887
127756
250001
70522
75587
127756
4887
127756
26465
127756
75587
49205
26465
79174
75587
79174
245736
79174
245736
79174
245736
79174
4887
79174
245736
70522
75587
79174
4887
79174
26465
79174
75587
49205
26465
49205
26465
49205
26465
49205
26465
49205
4887
49205
26465
49205
26465
49205
4887
49205
250001
49205
26465
127756
75587
91943
75587
127756
75587
102911
4887
127756
75587
70522
164656
127756
4887
127756
26465
127756
194853
91943
250001
168053
250001
102911
4887
168053
250001
70522
75587
167763
4887
176822
26465
168053
75587
91943
250001
91943
4887
91943
250001
70522
75587
91943
4887
91943
26465
91943
75587
102911
4887
185188
250001
70522
75587
167763
4887
168053
26465
185188
75587
102911
4887
70522
4887
102911
146256
102911
4887
102911
4887
70522
75587
167763
4887
168053
26465
250001
75587
70522
4887
70522
26465
70522
164656
167763
4887
167763
4887
168053
26465
