21129
36147
143833
250001
87998
58765
250001
42619
87998
58765
250001
36147
250001
250001
87998
1948
250001
148450
250001
58765
143833
250001
143833
1948
87998
58765
143833
188096
21129
1948
127689
58765
87998
58765
203998
83495
87998
114252
87998
250001
250001
143892
87998
250001
87998
250001
87998
250001
87998
250001
87998
191079
87998
250001
87998
70993
143833
58765
250001
188303
87998
250001
250001
1948
250001
83495
87998
39999
87998
97719
250001
58765
21129
36147
21129
36147
21129
36147
21129
36147
21129
39999
21129
36147
21129
1948
21129
36147
21129
36147
21129
36147
21129
1948
21129
36147
21129
36147
143833
1948
21129
36147
21129
36147
21129
36147
21129
36147
21129
36147
21129
36147
21129
36147
21129
36147
21129
36147
21129
36147
21129
36147
21129
36147
21129
36147
21129
36147
21129
36147
21129
36147
21129
1948
21129
36147
21129
36147
21129
36147
21129
36147
87998
58765
143833
42619
87998
58765
143833
36147
143833
250001
87998
1948
143833
148450
143833
58765
250001
250001
250001
1948
87998
58765
143834
188096
21129
1948
127689
58765
87998
58765
143833
83495
87998
114252
87998
250001
143833
143892
87998
250001
87998
250001
87998
250001
87998
250001
87998
191079
87998
250001
87998
70993
250001
58765
143833
188303
87998
250001
143833
1948
143833
83495
87998
39999
87998
97719
143833
58765
87998
42619
143833
137347
87998
36147
87998
58765
143833
1948
87998
58765
87998
250001
87998
58765
87998
1948
143833
150587
87998
58765
21129
1948
87998
250001
143833
70993
87998
58765
143833
58765
143833
58765
87998
58765
143833
58765
143833
58765
127689
58765
250001
58765
143833
58765
143833
58765
143833
58765
87998
250001
87998
58765
143833
58765
87998
1948
87998
58765
250001
39999
143833
58765
87998
188096
87998
42619
250001
36147
250001
42619
87998
1948
250001
42619
250001
42619
143833
42619
143833
1948
87998
42619
143833
42619
21129
1948
127689
42619
87998
42619
203998
42619
87998
42619
87998
42619
250001
42619
87998
42619
87998
42619
87998
42619
87998
42619
87998
42619
87998
42619
87998
42619
143833
42619
250001
42619
87998
42619
250001
1948
250001
42619
87998
39999
87998
42619
250001
42619
87998
36147
87998
58765
250001
1948
87998
58765
87998
137347
87998
58765
87998
1948
250001
137347
87998
58765
21129
1948
87998
137347
250001
70993
87998
58765
250001
58765
250001
58765
87998
58765
250001
58765
250001
58765
127689
58765
143833
58765
229204
58765
250001
58765
233918
58765
87998
137347
87998
58765
250001
58765
87998
1948
87998
58765
143833
39999
203998
58765
87998
137347
250001
36147
87998
1948
250001
36147
250001
36147
143833
36147
143833
1948
87998
36147
143833
36147
21129
1948
127689
36147
87998
36147
203998
36147
87998
36147
87998
36147
250001
36147
87998
36147
87998
36147
87998
36147
87998
36147
87998
36147
87998
36147
87998
36147
143833
36147
250001
36147
87998
36147
250001
1948
250001
36147
87998
36147
87998
36147
250001
36147
87998
1948
250001
148450
250001
58765
143833
250001
143833
1948
87998
58765
143833
188096
21129
1948
127689
58765
87998
58765
203998
83495
87998
114252
87998
250001
250001
143892
87998
250001
87998
250001
87998
250001
87998
250001
87998
191079
87998
250001
87998
70993
143833
58765
250001
188303
87998
250001
250001
1948
250001
83495
87998
39999
87998
97719
250001
58765
87998
1948
87998
1948
87998
1948
87998
58765
250001
1948
87998
1948
21129
58765
87998
1948
250001
1948
87998
1948
250001
1948
250001
1948
87998
1948
250001
1948
250001
1948
127689
1948
143833
1948
229204
1948
250001
1948
233918
1948
87998
1948
87998
1948
250001
1948
87998
57215
87998
1948
143833
1948
203998
1948
87998
1948
250001
58765
143833
148450
143833
1948
87998
58765
143833
148450
21129
1948
127689
58765
87998
58765
203998
83495
87998
114252
87998
148450
250001
143892
87998
148450
87998
148450
87998
148450
87998
148450
87998
148450
87998
148450
87998
70993
143833
58765
250001
148450
87998
148450
250001
1948
250001
83495
87998
39999
87998
97719
250001
58765
143833
58765
143833
1948
87998
150587
143833
58765
21129
1948
127689
250001
87998
70993
203998
58765
87998
58765
87998
58765
250001
58765
87998
58765
87998
58765
87998
58765
87998
58765
87998
58765
87998
58765
87998
58765
143833
250001
250001
58765
87998
58765
250001
1948
250001
58765
87998
39999
87998
58765
250001
188096
250001
1948
87998
58765
143834
188096
21129
1948
127689
58765
87998
58765
143833
83495
87998
114252
87998
250001
143833
143892
87998
250001
87998
250001
87998
250001
87998
250001
87998
191079
87998
250001
87998
70993
250001
58765
143833
188303
87998
250001
143833
1948
143833
83495
87998
39999
87998
97719
143833
58765
87998
1948
143834
1948
21129
179751
127689
1948
87998
1948
143833
1948
87998
1948
87998
1948
143833
1948
87998
1948
87998
1948
87998
1948
87998
1948
87998
1948
87998
1948
87998
1948
250001
1948
143833
1948
87998
1948
143833
57215
143833
1948
87998
1948
87998
1948
143833
1948
87998
58765
21129
1948
87998
150587
250001
70993
87998
58765
250001
58765
250001
58765
87998
58765
250001
58765
250001
58765
127689
58765
143833
58765
229204
58765
250001
58765
233918
58765
87998
150587
87998
58765
250001
58765
87998
1948
87998
58765
143833
39999
203998
58765
87998
150587
21129
1948
127689
58765
87998
58765
143833
83495
87998
114252
87998
188096
143833
143892
87998
188096
87998
188096
87998
188096
87998
188096
87998
188096
87998
188096
87998
70993
143834
58765
143833
188096
87998
188096
143833
1948
143833
83495
87998
39999
87998
97719
143833
58765
21129
1948
21129
1948
21129
1948
21129
1948
21129
1948
21129
1948
21129
1948
21129
1948
21129
1948
21129
1948
21129
1948
21129
1948
21129
1948
21129
1948
21129
1948
21129
1948
21129
57215
21129
1948
21129
1948
21129
1948
21129
1948
87998
70993
127689
58765
87998
58765
87998
58765
127689
58765
87998
58765
87998
58765
87998
58765
87998
58765
87998
58765
87998
58765
87998
58765
127689
250001
127689
58765
87998
58765
127689
1948
127689
58765
87998
39999
87998
58765
127689
188096
87998
58765
250001
58765
250001
58765
87998
58765
250001
58765
250001
58765
127689
58765
143833
58765
229204
58765
250001
58765
233918
58765
87998
70993
87998
58765
250001
58765
87998
1948
87998
58765
143833
39999
203998
58765
87998
70993
87998
83495
87998
83495
203998
83495
87998
83495
87998
83495
87998
83495
87998
83495
87998
83495
87998
83495
87998
70993
143833
58765
203998
83495
87998
83495
203998
1948
203998
188303
87998
39999
87998
83495
203998
58765
250001
114252
87998
114252
250001
114252
250001
114252
127689
114252
143833
114252
229204
114252
250001
114252
233918
70993
87998
58765
87998
114252
250001
114252
87998
1948
87998
83495
143833
39999
203998
97719
87998
58765
87998
143892
250001
250001
250001
250001
127689
250001
143833
250001
229204
191079
250001
250001
233918
70993
87998
58765
87998
188303
250001
250001
87998
1948
87998
83495
143833
39999
203998
97719
87998
58765
87998
143892
87998
143892
87998
143892
87998
143892
87998
143892
87998
143892
87998
70993
143833
58765
250001
143892
87998
143892
250001
1948
250001
83495
87998
39999
87998
97719
250001
58765
250001
250001
127689
250001
143833
250001
229204
191079
250001
250001
233918
70993
87998
58765
87998
188303
250001
250001
87998
1948
87998
83495
143833
39999
203998
97719
87998
58765
127689
250001
143833
250001
229204
191079
250001
250001
233918
70993
87998
58765
87998
188303
250001
250001
87998
1948
87998
83495
143833
39999
203998
97719
87998
58765
127689
250001
127689
191079
127689
250001
127689
70993
87998
58765
87998
188303
127689
250001
87998
1948
87998
83495
127689
39999
127689
97719
87998
58765
143833
191079
143833
250001
143833
70993
87998
58765
87998
188303
143833
250001
87998
1948
87998
83495
250001
39999
143833
97719
87998
58765
229204
191079
229204
70993
87998
58765
87998
188303
229204
191079
87998
1948
87998
83495
143833
39999
203998
97719
87998
58765
233918
70993
87998
58765
87998
188303
250001
250001
87998
1948
87998
83495
143833
39999
203998
97719
87998
58765
87998
58765
87998
70993
233918
70993
87998
1948
87998
70993
143833
39999
203998
70993
87998
58765
143833
58765
87998
58765
143833
1948
143833
58765
87998
39999
87998
58765
143833
188096
87998
188303
250001
1948
250001
83495
87998
39999
87998
97719
250001
58765
87998
1948
87998
83495
143833
39999
203998
97719
87998
58765
250001
1948
87998
1948
87998
1948
250001
1948
87998
39999
87998
83495
250001
58765
143833
39999
87998
39999
87998
58765
