19907
150859
19907
150859
149553
150859
19907
150859
19907
150859
19907
150859
98734
150859
149553
28523
19907
124246
19907
150859
98734
58407
98734
58407
149553
150859
149553
150859
19907
78932
19907
150859
94540
150859
19907
150859
19907
150859
19907
150859
19907
150859
19907
150859
19907
150859
19907
150859
19907
78932
149553
150859
19907
150859
19907
150859
149553
28523
117437
150859
19907
150859
98734
150859
19907
150859
19907
150859
154911
250001
19907
198678
94540
246764
94540
250001
94540
250001
19907
250001
19907
28523
94540
124246
94540
250001
19907
58407
19907
58407
19907
250001
19907
250001
94540
78932
94540
250001
19907
250001
94540
250001
94540
213689
94540
250001
94540
250001
94540
225383
94540
250001
94540
250001
94540
78932
19907
250001
94540
220016
94540
250001
19907
28523
19907
250001
94540
250001
19907
198678
94540
250001
94540
204601
19907
198678
94540
246764
94540
250001
94540
250001
19907
250001
19907
28523
94540
124246
94540
250001
19907
58407
19907
58407
19907
250001
19907
250001
94540
78932
94540
250001
19907
250001
94540
250001
94540
213689
94540
250001
94540
250001
94540
225383
94540
250001
94540
250001
94540
78932
19907
250001
94540
220016
94540
250001
19907
28523
19907
250001
94540
250001
19907
198678
94540
250001
94540
204601
19907
198678
19907
198678
19907
198678
98734
198678
165206
28523
19907
124246
19907
198678
98734
58407
98734
58407
250001
198678
196216
198678
19907
78932
19907
198678
94540
198678
19907
198678
19907
198678
19907
198678
19907
198678
19907
198678
19907
198678
19907
198678
19907
78932
250001
198678
19907
198678
19907
198678
250001
28523
117437
198678
19907
198678
98734
250001
19907
198678
19907
198678
250001
246764
250001
246764
19907
246764
19907
28523
141267
124246
216949
246764
19907
58407
19907
58407
19907
246764
19907
246764
137736
78932
250001
246764
19907
246764
250001
246764
106380
213689
250001
246764
186133
246764
250001
225383
106380
246764
250001
246764
137736
78932
19907
246764
250001
220016
154436
246764
19907
28523
19907
246764
216949
246764
19907
198678
250001
246764
250001
204601
250001
250001
19907
250001
19907
28523
141267
124246
216949
250001
19907
58407
19907
58407
19907
250001
19907
250001
137736
78932
250001
250001
19907
250001
250001
250001
106380
213689
250001
250001
186133
250001
250001
225383
106380
250001
250001
250001
137736
78932
19907
250001
250001
220016
154436
250001
19907
28523
19907
250001
216949
250001
19907
198678
250001
250001
250001
204601
19907
250001
19907
28523
141267
124246
216949
250001
19907
58407
19907
58407
19907
250001
19907
250001
137736
78932
250001
250001
19907
250001
250001
250001
106380
213689
250001
250001
186133
250001
250001
225383
106380
250001
250001
250001
137736
78932
19907
250001
250001
220016
154436
250001
19907
28523
19907
250001
216949
250001
19907
198678
250001
250001
250001
204601
98734
28523
19907
124246
19907
250001
196612
58407
250001
58407
98734
250001
98734
250001
19907
78932
19907
250001
94540
250001
19907
250001
19907
213689
19907
250001
19907
250001
19907
225383
19907
250001
19907
250001
19907
78932
98734
250001
19907
220016
19907
250001
98734
28523
98734
250001
19907
250001
250001
198678
19907
250001
19907
204601
19907
28523
19907
28523
98734
28523
98734
28523
165206
28523
165206
28523
19907
28523
19907
28523
94540
28523
19907
28523
19907
28523
19907
28523
19907
28523
19907
28523
19907
28523
19907
28523
19907
28523
165206
28523
19907
28523
19907
28523
165206
195093
117437
28523
19907
28523
98734
28523
19907
28523
19907
28523
141267
124246
19907
58407
19907
58407
19907
124246
19907
124246
137736
78932
141267
124246
19907
124246
141267
124246
106380
124246
141267
124246
141267
124246
141267
124246
106380
124246
141267
124246
137736
78932
19907
124246
141267
124246
141267
124246
19907
28523
19907
124246
141267
124246
19907
124246
141267
124246
141267
124246
19907
58407
19907
58407
19907
250001
19907
250001
137736
78932
216949
250001
19907
250001
216949
250001
106380
213689
216949
250001
186133
250001
216949
225383
106380
250001
216949
250001
137736
78932
19907
250001
216949
220016
154436
250001
19907
28523
19907
250001
250001
250001
19907
198678
216949
250001
216949
204601
196612
250001
98734
58407
98734
58407
19907
58407
19907
58407
94540
58407
19907
58407
19907
58407
19907
58407
19907
58407
19907
58407
19907
58407
19907
58407
19907
58407
98734
58407
19907
58407
19907
58407
98734
28523
98734
58407
19907
58407
196612
58407
19907
58407
19907
58407
98734
58407
98734
58407
19907
58407
19907
58407
94540
58407
19907
58407
19907
58407
19907
58407
19907
58407
19907
58407
19907
58407
19907
58407
19907
58407
98734
58407
19907
58407
19907
58407
98734
28523
98734
58407
19907
58407
250001
58407
19907
58407
19907
58407
196216
250001
19907
78932
19907
250001
94540
250001
19907
250001
19907
213689
19907
250001
19907
250001
19907
225383
19907
250001
19907
250001
19907
78932
250001
250001
19907
220016
19907
250001
250001
28523
117437
250001
19907
250001
98734
198678
19907
250001
19907
204601
19907
78932
19907
250001
94540
250001
19907
250001
19907
213689
19907
250001
19907
250001
19907
225383
19907
250001
19907
250001
19907
78932
196216
250001
19907
220016
19907
250001
196216
28523
117437
250001
19907
250001
98734
198678
19907
250001
19907
204601
137736
78932
19907
78932
137736
78932
106380
78932
137736
78932
137736
78932
137736
78932
106380
78932
137736
78932
250001
153454
19907
78932
137736
78932
137736
78932
19907
28523
19907
78932
137736
78932
19907
78932
137736
78932
137736
78932
19907
250001
250001
250001
106380
213689
250001
250001
186133
250001
250001
225383
106380
250001
250001
250001
137736
78932
19907
250001
250001
220016
154436
250001
19907
28523
19907
250001
216949
250001
19907
198678
250001
250001
250001
204601
19907
250001
19907
213689
19907
250001
19907
250001
19907
225383
19907
250001
19907
250001
19907
78932
94540
250001
19907
220016
19907
250001
94540
28523
94540
250001
19907
250001
94540
198678
19907
250001
19907
204601
106380
213689
250001
250001
186133
250001
250001
225383
106380
250001
250001
250001
137736
78932
19907
250001
250001
220016
154436
250001
19907
28523
19907
250001
216949
250001
19907
198678
250001
250001
250001
204601
106380
213689
106380
213689
106380
213689
141267
213689
106380
213689
106380
78932
19907
213689
106380
213689
106380
213689
19907
28523
19907
213689
106380
213689
19907
198678
106380
213689
106380
204601
186133
250001
250001
225383
106380
250001
250001
250001
137736
78932
19907
250001
250001
220016
154436
250001
19907
28523
19907
250001
216949
250001
19907
198678
250001
250001
250001
204601
186133
225383
106380
250001
186133
250001
137736
78932
19907
250001
186133
220016
154436
250001
19907
28523
19907
250001
186133
250001
19907
198678
186133
250001
186133
204601
106380
225383
250001
225383
137736
78932
19907
225383
250001
220016
154436
225383
19907
28523
19907
225383
216949
225383
19907
198678
250001
225383
250001
204601
106380
250001
106380
78932
19907
250001
106380
220016
106380
250001
19907
28523
19907
250001
106380
250001
19907
198678
106380
250001
106380
204601
137736
78932
19907
250001
250001
220016
154436
250001
19907
28523
19907
250001
216949
250001
19907
198678
250001
250001
250001
204601
19907
78932
137736
78932
137736
78932
19907
28523
19907
78932
137736
78932
19907
78932
137736
78932
137736
78932
19907
220016
19907
250001
250001
28523
117437
250001
19907
250001
98734
198678
19907
250001
19907
204601
154436
220016
19907
28523
19907
220016
216949
220016
19907
198678
250001
220016
250001
204601
19907
28523
19907
250001
154436
250001
19907
198678
154436
250001
154436
204601
117437
28523
19907
28523
98734
28523
19907
28523
19907
28523
19907
250001
98734
198678
19907
250001
19907
204601
19907
198678
216949
250001
216949
204601
19907
198678
19907
198678
250001
204601
