53402
94088
53402
94088
27303
62559
53402
48700
140665
54626
53402
48700
250001
94088
53402
43054
118072
94088
250001
94088
53402
94088
250001
94088
20474
54626
250001
94088
103504
62559
47890
43054
250001
94088
121557
94088
121557
94088
250001
94088
250001
94088
53402
94088
250001
94088
141803
43054
250001
43054
250001
94088
250001
94088
250001
54626
20474
94088
53402
94088
118072
62682
47890
48700
250001
184855
27303
62559
250001
48700
53402
54626
188312
48700
53402
184855
82338
43054
53402
153113
53402
184855
118072
184855
53402
184855
20474
54626
53402
153113
53402
62559
47890
43054
53402
153113
53402
184855
53402
184855
53402
184855
53402
153113
115178
184855
53402
153113
53402
43054
53402
43054
53402
184855
53402
184855
53402
54626
20474
153113
67719
184855
53402
62682
47890
48700
27303
62559
250001
48700
53402
54626
188312
48700
53402
250001
82338
43054
53402
153113
53402
250001
118072
250001
53402
250001
20474
54626
53402
153113
53402
62559
47890
43054
53402
153113
53402
250001
53402
248586
53402
250001
53402
153113
115178
250001
53402
153113
53402
43054
53402
43054
53402
250001
53402
250001
53402
54626
20474
153113
67719
250001
53402
62682
47890
48700
27303
48700
27303
54626
27303
48700
27303
62559
27303
43054
27303
62559
27303
62559
27303
62559
27303
62559
20474
54626
27303
62559
27303
250001
27303
43054
27303
62559
27303
62559
27303
62559
27303
62559
27303
62559
27303
62559
27303
62559
27303
43054
27303
43054
27303
62559
27303
62559
27303
54626
20474
62559
27303
62559
27303
62559
27303
48700
53402
48700
188312
62559
53402
48700
82338
43054
53402
48700
53402
48700
118072
48700
53402
48700
20474
48700
53402
48700
53402
48700
47890
43054
53402
48700
53402
48700
53402
48700
53402
48700
53402
48700
115178
48700
53402
48700
53402
43054
53402
43054
53402
48700
53402
48700
53402
48700
20474
48700
67719
48700
53402
48700
47890
133371
53402
48700
140665
54626
53402
43054
118072
54626
140665
54626
53402
54626
140665
54626
20474
62559
140665
54626
103504
54626
47890
43054
140665
54626
121557
54626
121557
54626
140665
54626
140665
54626
53402
54626
140665
54626
140665
43054
140665
43054
140665
54626
140665
54626
140665
153165
20474
54626
53402
54626
118072
54626
47890
48700
53402
48700
82338
43054
53402
48700
53402
48700
118072
48700
53402
48700
20474
48700
53402
48700
53402
48700
47890
43054
53402
48700
53402
48700
53402
48700
53402
48700
53402
48700
115178
48700
53402
48700
53402
43054
53402
43054
53402
48700
53402
48700
53402
48700
20474
48700
67719
48700
53402
48700
47890
62559
53402
43054
118072
153113
250001
250001
53402
250001
250001
250001
20474
54626
250001
153113
103504
62559
47890
43054
250001
153113
121557
250001
121557
248586
250001
250001
250001
153113
53402
250001
250001
153113
141803
43054
250001
43054
250001
250001
250001
250001
250001
54626
20474
153113
53402
250001
118072
62682
47890
48700
53402
43054
53402
43054
82338
43054
53402
43054
20474
43054
53402
43054
53402
43054
47890
94088
53402
43054
53402
43054
53402
43054
53402
43054
53402
43054
82338
43054
53402
43054
53402
62559
53402
62559
53402
43054
53402
43054
53402
43054
20474
43054
67719
43054
53402
43054
47890
43054
118072
153113
53402
153113
118072
153113
20474
54626
118072
184855
103504
62559
47890
43054
118072
153165
118072
153113
118072
153113
118072
153113
118072
250001
53402
153113
118072
250001
118072
43054
118072
43054
118072
153113
118072
153113
118072
54626
20474
153165
53402
153113
119830
62682
47890
48700
53402
250001
250001
250001
20474
54626
250001
153113
103504
62559
47890
43054
250001
153113
121557
250001
121557
248586
250001
250001
250001
153113
53402
250001
250001
153113
141803
43054
250001
43054
250001
250001
250001
250001
250001
54626
20474
153113
53402
250001
118072
62682
47890
48700
53402
250001
20474
54626
53402
153113
53402
62559
47890
43054
53402
153113
53402
250001
53402
248586
53402
250001
53402
153113
115178
250001
53402
153113
53402
43054
53402
43054
53402
250001
53402
250001
53402
54626
20474
153113
67719
250001
53402
62682
47890
48700
20474
54626
250001
153113
103504
62559
47890
43054
250001
153113
121557
250001
121557
248586
250001
250001
250001
153113
53402
250001
250001
153113
141803
43054
250001
43054
250001
250001
250001
250001
250001
54626
20474
153113
53402
250001
118072
62682
47890
48700
20474
54626
20474
54626
20474
43054
20474
54626
20474
54626
20474
54626
20474
54626
20474
54626
20474
54626
20474
54626
20474
43054
20474
43054
20474
54626
20474
54626
20474
62559
27303
54626
20474
54626
20474
54626
20474
48700
103504
62559
47890
43054
250001
153165
121557
153113
121557
153113
250001
153113
250001
184855
53402
153113
250001
184855
141803
43054
250001
43054
250001
153113
250001
153113
250001
54626
20474
153165
53402
153113
118072
62682
47890
48700
47890
43054
103504
62559
103504
62559
103504
62559
103504
62559
103504
62559
53402
62559
103504
62559
103504
43054
103504
43054
103504
62559
103504
62559
103504
54626
20474
62559
53402
62559
103504
62559
47890
48700
47890
43054
47890
43054
47890
43054
47890
43054
47890
43054
47890
43054
47890
43054
47890
62559
47890
62559
47890
43054
47890
43054
47890
43054
20474
43054
47890
43054
47890
43054
96378
43054
121557
153113
121557
153113
250001
153113
250001
153165
53402
153113
250001
153165
141803
43054
250001
43054
250001
153113
250001
153113
250001
54626
20474
184855
53402
153113
118072
62682
47890
48700
141803
248586
121557
250001
121557
153113
53402
250001
121557
153113
121557
43054
121557
43054
121557
250001
121557
250001
121557
54626
20474
153113
53402
250001
118072
62682
47890
48700
121557
248586
121557
153113
53402
248586
121557
153113
121557
43054
121557
43054
121557
248586
121557
248586
121557
54626
20474
153113
53402
248586
118072
62682
47890
48700
250001
153113
53402
250001
250001
153113
141803
43054
250001
43054
250001
250001
250001
250001
250001
54626
20474
153113
53402
250001
118072
62682
47890
48700
53402
153113
250001
250001
141803
43054
250001
43054
250001
153113
250001
153113
250001
54626
20474
153165
53402
153113
118072
62682
47890
48700
53402
153113
53402
43054
53402
43054
53402
250001
53402
250001
53402
54626
20474
153113
67719
250001
53402
62682
47890
48700
141803
43054
250001
43054
250001
153113
250001
153113
250001
54626
20474
153165
53402
153113
118072
62682
47890
48700
141803
115465
141803
43054
141803
43054
141803
43054
20474
43054
53402
43054
118072
43054
47890
43054
250001
43054
250001
43054
250001
43054
20474
43054
53402
43054
118072
43054
47890
43054
250001
250001
250001
54626
20474
153113
53402
250001
118072
62682
47890
48700
250001
54626
20474
153113
53402
250001
118072
62682
47890
48700
20474
54626
53402
54626
118072
54626
47890
48700
20474
153113
20474
62682
20474
48700
53402
62682
47890
48700
47890
48700
