33069
15376
69260
15376
39474
15376
39474
15376
152875
15376
33069
15376
16517
15376
152875
15376
11464
15376
55934
15376
140189
7868
112119
15376
56755
15376
39474
15376
6249
15376
17656
15376
39474
15376
152582
38905
101692
15376
6249
15376
6249
15376
11464
15376
6249
15376
20036
15376
39474
15376
37606
15376
39474
15376
92072
7868
17656
15376
39474
15376
145175
15376
6249
15376
33069
38905
33069
38905
33069
43527
33069
43527
72264
43527
16517
38905
33069
38905
11464
38905
33069
16312
33069
7868
33069
88078
33069
88078
33069
38905
6249
16312
17656
38905
33069
38905
33069
15376
33069
43527
6249
16312
6249
16312
11464
43527
6249
16312
20036
38905
33069
38905
33069
67973
33069
38905
33069
7868
17656
43527
33069
38905
33069
88078
6249
16312
39474
43527
39474
38905
69260
38905
33069
38905
16517
147400
69260
151067
11464
110004
55934
16312
69260
7868
69260
38905
56755
38905
39474
43527
6249
16312
17656
71324
39474
88078
69260
15376
69260
38905
6249
16312
6249
16312
11464
38905
6249
16312
20036
88078
39474
43527
37606
38905
39474
43527
69260
7868
17656
38905
39474
88078
69260
38905
6249
16312
237067
38905
39474
38905
33069
38905
16517
43527
39474
43527
11464
43527
39474
16312
39474
7868
39474
38905
39474
38905
115073
55686
6249
16312
17656
43527
59314
43527
39474
15376
39474
38905
6249
16312
6249
16312
11464
38905
6249
16312
20036
43527
152582
143997
37606
38905
152582
194352
39474
7868
17656
38905
56755
43527
39474
38905
6249
16312
39474
218707
33069
137059
16517
38905
39474
38905
11464
38905
39474
16312
39474
7868
39474
43527
39474
43527
115073
38905
6249
16312
17656
38905
59314
38905
39474
15376
39474
67138
6249
16312
6249
16312
11464
250001
6249
16312
20036
38905
152582
38905
37606
43527
152582
38905
39474
7868
17656
225153
56755
38905
39474
43527
6249
16312
33069
137059
16517
38905
165913
38905
11464
38905
55934
16312
140189
7868
112119
43527
56755
43527
39474
38905
6249
16312
17656
38905
39474
38905
152582
15376
101692
67138
6249
16312
6249
16312
11464
218707
6249
16312
20036
38905
39474
38905
37606
43527
39474
38905
92072
7868
17656
218707
39474
38905
145175
43527
6249
16312
16517
38905
33069
38905
11464
38905
33069
16312
33069
7868
33069
43527
33069
43527
33069
38905
6249
16312
17656
38905
33069
38905
33069
15376
33069
67138
6249
16312
6249
16312
11464
137059
6249
16312
20036
38905
33069
38905
33069
43527
33069
38905
33069
7868
17656
137059
33069
38905
33069
43527
6249
16312
16517
147400
11464
110004
16517
16312
16517
7868
16517
38905
16517
38905
16517
43527
6249
16312
16517
71324
16517
88078
16517
15376
16517
38905
6249
16312
6249
16312
11464
38905
6249
16312
16517
88078
16517
43527
16517
38905
16517
43527
16517
7868
16517
38905
16517
88078
16517
38905
6249
16312
11464
110004
55934
16312
140189
7868
112119
38905
56755
38905
39474
43527
6249
16312
17656
71324
39474
88078
152582
15376
101692
38905
6249
16312
6249
16312
11464
38905
6249
16312
20036
88078
39474
43527
37606
38905
39474
43527
92072
7868
17656
38905
39474
88078
145175
38905
6249
16312
11464
16312
11464
7868
11464
38905
11464
38905
11464
43527
6249
16312
11464
71324
11464
88078
11464
15376
11464
38905
6249
16312
6249
16312
16517
38905
6249
16312
11464
88078
11464
43527
11464
38905
11464
43527
11464
7868
11464
38905
11464
88078
11464
38905
6249
16312
55934
7868
55934
16312
55934
16312
39474
16312
6249
157505
17656
16312
39474
16312
55934
15376
55934
16312
6249
36913
6249
157505
11464
16312
6249
157505
20036
16312
39474
16312
37606
16312
39474
16312
55934
7868
17656
16312
39474
16312
55934
16312
6249
157505
112119
7868
56755
7868
39474
7868
6249
7868
17656
7868
39474
7868
140189
7868
101692
7868
6249
7868
6249
7868
11464
7868
6249
7868
20036
7868
39474
7868
37606
7868
39474
7868
92072
122617
17656
7868
39474
7868
140189
7868
6249
7868
56755
194904
39474
38905
6249
16312
17656
38905
39474
38905
112119
15376
101692
43527
6249
16312
6249
16312
11464
43527
6249
16312
20036
38905
39474
38905
37606
67973
39474
38905
92072
7868
17656
43527
39474
38905
112119
122617
6249
16312
39474
38905
6249
16312
17656
38905
39474
38905
56755
15376
56755
43527
6249
16312
6249
16312
11464
43527
6249
16312
20036
38905
39474
38905
37606
67973
39474
38905
56755
7868
17656
43527
39474
38905
56755
122617
6249
16312
6249
16312
17656
43527
59314
43527
39474
15376
39474
38905
6249
16312
6249
16312
11464
38905
6249
16312
20036
43527
115073
55686
37606
38905
115073
55686
39474
7868
17656
38905
56755
43527
39474
38905
6249
16312
6249
16312
6249
16312
6249
15376
6249
16312
152582
36913
16517
250001
6249
16312
149362
192048
6249
16312
6249
16312
6249
16312
6249
16312
6249
7868
6249
16312
6249
16312
6249
16312
56755
225153
17656
71324
17656
15376
17656
38905
6249
16312
6249
16312
11464
38905
6249
16312
17656
71324
17656
43527
17656
38905
17656
43527
17656
7868
20036
38905
17656
71324
17656
38905
6249
16312
39474
15376
39474
38905
6249
16312
6249
16312
11464
38905
6249
16312
20036
137059
59314
43527
37606
38905
59314
43527
39474
7868
17656
38905
56755
250001
39474
38905
6249
16312
101692
15376
6249
15376
6249
15376
11464
15376
6249
15376
20036
15376
39474
15376
37606
15376
39474
15376
92072
7868
17656
15376
39474
15376
145175
15376
6249
15376
6249
16312
6249
16312
11464
67138
6249
16312
20036
38905
39474
38905
37606
43527
39474
38905
92072
7868
17656
67138
39474
38905
101692
43527
6249
16312
16517
36913
6249
16312
149362
36913
6249
16312
6249
16312
6249
16312
6249
16312
6249
7868
6249
16312
6249
16312
6249
16312
56755
36913
6249
16312
16517
192048
6249
16312
6249
16312
6249
16312
6249
16312
6249
7868
6249
16312
6249
16312
6249
16312
16517
225153
6249
16312
11464
38905
11464
38905
11464
43527
11464
38905
11464
7868
11464
225153
11464
38905
11464
43527
6249
16312
6249
16312
6249
16312
6249
16312
6249
16312
6249
7868
6249
16312
6249
16312
6249
16312
56755
192048
20036
43527
20036
38905
20036
43527
20036
7868
17656
38905
20036
137059
20036
38905
6249
16312
37606
38905
155259
143997
39474
7868
17656
38905
56755
43527
39474
38905
6249
16312
37606
38905
37606
7868
17656
43527
37606
38905
37606
67973
6249
16312
39474
7868
17656
38905
56755
43527
39474
38905
6249
16312
17656
7868
39474
7868
92072
7868
6249
7868
17656
38905
17656
43527
6249
16312
39474
38905
6249
16312
6249
16312
