36977
8679
36977
8679
91440
14233
46960
8679
91440
8223
30894
3043
36977
8679
36977
3043
27149
3043
36977
8679
91440
8223
57085
14233
91440
14233
34929
14233
24585
3043
36977
8679
36977
8679
36977
8679
46960
3043
46960
8679
57085
8679
57461
14233
46960
8679
36977
8679
36977
8679
27149
3043
91440
14233
91440
14233
36977
8679
40844
14233
36977
8679
18567
8679
36977
8679
36977
8679
7164
8679
30719
8679
46960
8679
91440
14233
35376
14233
36977
8679
57767
14233
32814
8679
61679
6711
39791
14233
27149
3043
61679
6711
36977
3043
7164
3043
27149
3043
91440
14233
91440
14233
46960
14233
46960
8679
81013
14233
36977
3043
27149
3043
36977
8679
28863
8679
7164
3043
38030
8679
36977
8679
30894
8679
36977
8679
27149
3043
28863
8679
29519
8679
46960
8679
91440
14233
80086
3533
27149
3043
36977
8679
36977
8679
46960
8679
36977
3043
44208
39703
36977
8679
36977
39703
36977
8223
30894
3043
39738
39703
44819
3043
27149
3043
44208
37438
36977
8223
36977
8679
36977
8679
34929
8679
24585
3043
44208
39703
44208
12200
40844
39703
36977
3043
36977
39703
36977
19203
36977
8679
36977
39703
44208
33796
44208
39703
27149
3043
36977
8679
36977
8679
44208
39703
36977
8679
44208
39703
18567
40321
44208
39703
38290
39703
7164
33577
30719
39703
36977
39703
36977
8679
35376
8679
44208
24216
36977
8679
32814
39703
36977
6711
36977
8679
27149
3043
36977
6711
44208
3043
7164
3043
27149
3043
36977
8679
36977
8679
36977
8679
36977
37438
36977
8679
44208
3043
27149
3043
44208
39703
28863
39703
7164
3043
36977
39703
39738
39703
30894
12200
44208
39703
27149
3043
28863
18749
29519
38797
36977
37438
36977
8679
36977
3533
27149
3043
44208
39703
44208
39703
36977
39703
44208
3043
36977
8679
36977
40088
36977
8223
30894
3043
39738
44594
44208
3043
27149
3043
79531
37438
36977
8223
36977
8679
36977
8679
34929
8679
24585
3043
57461
44594
48954
12200
40844
44594
36977
3043
36977
44594
36977
19203
36977
8679
36977
40088
44640
33796
79531
44594
27149
3043
36977
8679
36977
8679
79531
44594
36977
8679
79531
44594
18567
39703
57767
42691
38290
44594
7164
33577
30719
44594
36977
40088
36977
8679
35376
8679
79531
24216
36977
8679
32814
44594
36977
6711
36977
8679
27149
3043
36977
6711
70122
3043
7164
3043
27149
3043
36977
8679
36977
8679
36977
8679
36977
37438
36977
8679
79531
3043
27149
3043
89914
91302
28863
42695
7164
3043
36977
40088
39738
40321
30894
12200
79531
44594
27149
3043
28863
18749
29519
38797
36977
37438
36977
8679
36977
3533
27149
3043
79531
44594
79531
44594
36977
40088
77892
3043
46960
8679
111274
8223
30894
3043
36977
8679
36977
3043
27149
3043
36977
8679
111274
8223
57085
43375
200488
43375
34929
43375
24585
3043
36977
8679
36977
8679
36977
8679
46960
3043
46960
8679
57085
8679
57461
43375
46960
8679
36977
8679
36977
8679
27149
3043
201199
43375
188265
42691
36977
8679
40844
42691
36977
8679
18567
8679
36977
8679
36977
8679
7164
8679
30719
8679
46960
8679
148253
43375
35376
43375
36977
8679
57767
43375
32814
8679
61679
6711
39791
43375
27149
3043
61679
6711
36977
3043
7164
3043
27149
3043
202963
43375
202963
107607
46960
43375
46960
8679
81013
43375
36977
3043
27149
3043
36977
8679
28863
8679
7164
3043
38030
8679
36977
8679
30894
8679
36977
8679
27149
3043
28863
8679
29519
8679
46960
8679
202963
43375
80086
3533
27149
3043
36977
8679
36977
8679
46960
8679
36977
3043
46960
8223
30894
3043
36977
40088
36977
3043
27149
3043
36977
37438
46960
8223
46960
8679
46960
8679
34929
8679
24585
3043
36977
40088
36977
12200
36977
40088
195347
3043
51126
40088
46960
19203
46960
8679
199287
80773
36977
33796
36977
40088
27149
3043
46960
8679
46960
8679
36977
40088
40844
8679
36977
40088
18567
39703
36977
40088
36977
40088
7164
33577
30719
40088
94347
52137
46960
8679
35376
8679
36977
24216
46960
8679
32814
40088
46960
6711
39791
8679
27149
3043
46960
6711
36977
3043
7164
3043
27149
3043
46960
8679
46960
8679
51126
8679
201023
37438
46960
8679
36977
3043
27149
3043
36977
40088
28863
40088
7164
3043
38030
80773
36977
40088
30894
12200
36977
40088
27149
3043
28863
18749
29519
38797
199287
37438
46960
8679
46960
3533
27149
3043
36977
40088
36977
40088
199287
42695
36977
3043
30894
3043
36977
8223
36977
3043
27149
3043
36977
8223
250001
30680
57085
8223
111274
8223
34929
8223
24585
3043
36977
8223
36977
8223
36977
8223
46960
3043
46960
8223
57085
8223
57461
8223
46960
8223
36977
8223
36977
8223
27149
3043
111274
8223
111274
8223
36977
8223
40844
8223
36977
8223
18567
8223
36977
8223
36977
8223
7164
8223
30719
8223
46960
8223
111274
8223
35376
8223
36977
8223
57767
8223
32814
8223
61679
6711
39791
8223
27149
3043
61679
6711
36977
3043
7164
3043
27149
3043
111274
8223
111274
8223
46960
8223
46960
8223
81013
8223
36977
3043
27149
3043
36977
8223
28863
8223
7164
3043
38030
8223
36977
8223
30894
8223
36977
8223
27149
3043
28863
8223
29519
8223
46960
8223
111274
8223
80086
3533
27149
3043
36977
8223
36977
8223
46960
8223
36977
3043
30894
3043
30894
3533
27149
3533
30894
3043
30894
3043
30894
3043
30894
3043
30894
3043
24585
3533
30894
3043
30894
3043
30894
3043
30894
3533
30894
3043
30894
3043
30894
3043
30894
3043
30894
3043
30894
3043
27149
3533
30894
3043
30894
3043
30894
3043
30894
3043
30894
3043
18567
3043
30894
3043
30894
3043
7164
3043
30719
3043
30894
3043
30894
3043
30894
3043
30894
3043
30894
3043
30894
3043
30894
3043
30894
3043
27149
3533
30894
3043
30894
4190
7164
3533
27149
3533
30894
3043
30894
3043
30894
3043
30894
3043
30894
3043
30894
4190
27149
3533
30894
3043
28863
3043
7164
3533
30894
3043
30894
3043
40844
3043
30894
3043
27149
3533
28863
3043
29519
3043
30894
3043
30894
3043
30894
3043
27149
3533
30894
3043
30894
3043
30894
3043
30894
4190
39738
3043
27149
3043
39738
37438
36977
8223
36977
8679
36977
8679
34929
8679
24585
3043
39738
216304
39738
12200
39738
162677
36977
3043
36977
90481
36977
19203
36977
8679
36977
40088
39738
33796
39738
138854
27149
3043
36977
8679
36977
8679
39738
47433
36977
8679
39738
162677
18567
39703
39738
42691
38290
216304
7164
33577
30719
47433
36977
40088
36977
8679
35376
8679
39738
24216
36977
8679
32814
115257
36977
6711
36977
8679
27149
3043
36977
6711
39738
3043
7164
3043
27149
3043
36977
8679
36977
8679
36977
8679
36977
37438
36977
8679
39738
3043
27149
3043
39738
44594
28863
42695
7164
3043
36977
40088
39877
40321
30894
12200
39738
119675
27149
3043
28863
18749
29519
38797
36977
37438
36977
8679
36977
3533
27149
3043
39738
157259
39738
162677
36977
40088
39738
3043
27149
24216
44208
3043
36977
3043
36977
3043
36977
3043
34929
3043
24585
40321
44208
3043
44208
3043
40844
3043
36977
40321
36977
3043
36977
3043
36977
3043
36977
3043
44208
3043
44208
3043
27149
39703
36977
3043
36977
3043
44208
3043
36977
3043
44208
3043
18567
3043
44208
3043
38290
3043
7164
3043
30719
3043
36977
3043
36977
3043
35376
3043
44208
3043
36977
3043
32814
3043
36977
3043
36977
3043
27149
39703
36977
3043
44208
3533
7164
13145
27149
42695
36977
3043
36977
3043
36977
3043
36977
3043
36977
3043
44208
3533
27149
42695
44208
3043
28863
3043
7164
17148
36977
3043
39738
3043
30894
3043
44208
3043
27149
23747
28863
3043
29519
3043
36977
3043
36977
3043
36977
3043
27149
42695
44208
3043
44208
3043
36977
3043
44208
3533
27149
3043
27149
3043
27149
3043
27149
3043
27149
3043
24585
24216
27149
3043
27149
3043
27149
3043
27149
24216
27149
3043
27149
3043
27149
3043
27149
3043
27149
3043
27149
3043
76246
24216
27149
3043
27149
3043
27149
3043
27149
3043
27149
3043
18567
3043
27149
3043
27149
3043
7164
3043
27149
3043
27149
3043
27149
3043
27149
3043
27149
3043
27149
3043
27149
3043
27149
3043
27149
3043
79531
24216
27149
3043
27149
3533
7164
13145
76246
24216
27149
3043
27149
3043
27149
3043
27149
3043
27149
3043
27149
3533
57085
24216
27149
3043
27149
3043
7164
17148
27149
3043
27149
3043
27149
3043
27149
3043
76246
23747
27149
3043
27149
3043
27149
3043
27149
3043
27149
3043
76246
24216
27149
3043
27149
3043
27149
3043
27149
3533
36977
8223
36977
8679
36977
8679
34929
8679
24585
3043
57461
37438
48954
12200
40844
37438
36977
3043
36977
37438
36977
19203
36977
8679
36977
37438
44640
33796
90428
37438
27149
3043
36977
8679
36977
8679
90428
37438
36977
8679
154543
37438
18567
37438
57767
37438
38290
37438
7164
33577
30719
37438
36977
37438
36977
8679
35376
8679
96621
24216
36977
8679
32814
37438
36977
6711
36977
8679
27149
3043
36977
6711
70122
3043
7164
3043
27149
3043
36977
8679
36977
8679
36977
8679
36977
52137
36977
8679
90428
3043
27149
3043
79531
37438
28863
37438
7164
3043
36977
37438
39738
37438
30894
12200
154543
37438
27149
3043
28863
18749
29519
37438
36977
42691
36977
8679
36977
3533
27149
3043
90428
37438
154543
37438
36977
37438
77892
3043
57085
8223
111274
8223
34929
8223
24585
3043
36977
8223
36977
8223
36977
8223
46960
3043
46960
8223
57085
8223
57461
8223
46960
8223
36977
8223
36977
8223
27149
3043
111274
8223
111274
8223
36977
8223
40844
8223
36977
8223
18567
8223
36977
8223
36977
8223
7164
8223
30719
8223
46960
8223
111274
8223
35376
8223
36977
8223
57767
8223
32814
8223
61679
6711
39791
8223
27149
3043
61679
6711
36977
3043
7164
3043
27149
3043
111274
8223
111274
8223
46960
8223
46960
8223
81013
8223
36977
3043
27149
3043
36977
8223
28863
8223
7164
3043
38030
8223
36977
8223
30894
8223
36977
8223
27149
3043
28863
8223
29519
8223
46960
8223
111274
8223
80086
3533
27149
3043
36977
8223
36977
8223
46960
8223
36977
3043
57085
90481
34929
47433
24585
3043
36977
8679
36977
8679
36977
8679
46960
3043
46960
8679
57461
8679
57085
101191
46960
8679
36977
8679
36977
8679
27149
3043
57085
101191
57085
42691
36977
8679
40844
42691
36977
8679
18567
8679
36977
8679
36977
8679
7164
8679
30719
8679
46960
8679
57085
52296
35376
91406
36977
8679
57085
47433
32814
8679
57085
6711
39791
52296
27149
3043
57085
6711
36977
3043
7164
3043
27149
3043
57085
101191
57085
43375
46960
47433
46960
8679
57085
47433
36977
3043
27149
3043
36977
8679
28863
8679
7164
3043
38030
8679
36977
8679
30894
8679
36977
8679
27149
3043
28863
8679
29519
8679
46960
8679
57085
101191
57085
3533
27149
3043
36977
8679
36977
8679
46960
8679
36977
3043
34929
47433
24585
3043
36977
8679
36977
8679
36977
8679
46960
3043
46960
8679
57085
8679
57461
90481
46960
8679
36977
8679
36977
8679
27149
3043
200488
90481
188265
42691
36977
8679
40844
42691
36977
8679
18567
8679
36977
8679
36977
8679
7164
8679
30719
8679
46960
8679
148253
52296
35376
90481
36977
8679
57767
47433
32814
8679
61679
6711
39791
52296
27149
3043
61679
6711
36977
3043
7164
3043
27149
3043
200488
90481
200488
43375
46960
47433
46960
8679
81013
47433
36977
3043
27149
3043
36977
8679
28863
8679
7164
3043
38030
8679
36977
8679
30894
8679
36977
8679
27149
3043
28863
8679
29519
8679
46960
8679
200488
90481
80086
3533
27149
3043
36977
8679
36977
8679
46960
8679
36977
3043
24585
3043
34929
8679
34929
8679
34929
8679
34929
3043
34929
8679
34929
8679
34929
47433
34929
8679
34929
8679
34929
8679
27149
3043
34929
47433
34929
42691
34929
8679
34929
42691
34929
8679
18567
8679
34929
8679
34929
8679
7164
8679
30719
8679
34929
8679
34929
47433
34929
47433
34929
8679
34929
68370
32814
8679
34929
6711
34929
47433
27149
3043
34929
6711
34929
3043
7164
3043
27149
3043
34929
47433
34929
43375
34929
52137
34929
8679
34929
52137
34929
3043
27149
3043
34929
8679
28863
8679
7164
3043
34929
8679
34929
8679
30894
8679
34929
8679
27149
3043
28863
8679
29519
8679
34929
8679
34929
47433
34929
3533
27149
3043
34929
8679
34929
8679
34929
8679
34929
3043
24585
3043
24585
3043
24585
3043
24585
47433
24585
3043
24585
3043
24585
3043
24585
3043
24585
3043
24585
3043
24585
39703
24585
3043
24585
3043
24585
3043
24585
3043
24585
3043
18567
3043
24585
3043
24585
3043
7164
3043
24585
3043
24585
3043
24585
3043
24585
3043
24585
3043
24585
3043
24585
3043
24585
3043
24585
3043
24585
39703
24585
3043
24585
3533
7164
13145
24585
40321
24585
3043
24585
3043
24585
3043
24585
3043
24585
3043
24585
3533
24585
40321
24585
3043
24585
3043
7164
17148
24585
3043
24585
3043
24585
3043
24585
3043
24585
23747
24585
3043
24585
3043
24585
3043
24585
3043
24585
3043
24585
40321
24585
3043
24585
3043
24585
3043
24585
3533
48954
12200
40844
162677
36977
3043
36977
90481
36977
19203
36977
8679
36977
40088
44640
33796
57461
138854
27149
3043
36977
8679
36977
8679
57461
47433
36977
8679
57461
162677
18567
39703
57461
42691
38290
250001
7164
33577
30719
47433
36977
40088
36977
8679
35376
8679
57461
24216
36977
8679
32814
115257
36977
6711
36977
8679
27149
3043
36977
6711
57461
3043
7164
3043
27149
3043
36977
8679
36977
8679
36977
8679
36977
37438
36977
8679
57461
3043
27149
3043
57461
44594
28863
42695
7164
3043
36977
40088
39738
40321
30894
12200
57461
119675
27149
3043
28863
18749
29519
38797
36977
37438
36977
8679
36977
3533
27149
3043
57461
157259
57461
162677
36977
40088
57461
3043
40844
12200
36977
3043
36977
12200
36977
12200
36977
8679
36977
12200
44640
12200
48954
12200
27149
3043
36977
8679
36977
8679
48954
12200
36977
8679
48954
12200
18567
12200
48954
12200
38290
12200
7164
12200
30719
12200
36977
12200
36977
8679
35376
8679
48954
12200
36977
8679
32814
12200
36977
6711
36977
8679
27149
3043
36977
6711
48954
3043
7164
3043
27149
3043
36977
8679
36977
8679
36977
8679
36977
12200
36977
8679
48954
3043
27149
3043
48954
12200
28863
12200
7164
3043
36977
12200
39738
12200
30894
42691
48954
12200
27149
3043
28863
12200
29519
12200
36977
12200
36977
8679
36977
3533
27149
3043
48954
12200
48954
12200
36977
12200
48954
3043
36977
3043
36977
90481
36977
19203
36977
8679
36977
40088
40844
33796
40844
138854
27149
3043
36977
8679
36977
8679
40844
47433
36977
8679
40844
218999
18567
39703
40844
42691
38290
162677
7164
33577
30719
47433
36977
40088
36977
8679
35376
8679
40844
24216
36977
8679
32814
115257
36977
6711
36977
8679
27149
3043
36977
6711
40844
3043
7164
3043
27149
3043
36977
8679
36977
8679
36977
8679
36977
37438
36977
8679
40844
3043
27149
3043
40844
44594
28863
42695
7164
3043
36977
40088
39738
40321
30894
12200
40844
119675
27149
3043
28863
18749
29519
38797
36977
37438
36977
8679
36977
3533
27149
3043
40844
157259
40844
182384
36977
40088
40844
3043
51126
3043
46960
3043
46960
3043
195347
3043
36977
3043
36977
3043
27149
39703
46960
3043
46960
3043
36977
3043
40844
3043
36977
3043
18567
3043
36977
3043
36977
3043
7164
3043
30719
3043
94347
3043
46960
3043
35376
3043
36977
3043
46960
3043
32814
3043
46960
3043
39791
3043
27149
39703
46960
3043
36977
3533
7164
13145
27149
40321
46960
3043
46960
3043
51126
3043
195347
3043
46960
3043
36977
3533
27149
40321
36977
3043
28863
3043
7164
17148
38030
3043
36977
3043
30894
3043
36977
3043
27149
23747
28863
3043
29519
3043
195347
3043
46960
3043
46960
3043
27149
40321
36977
3043
36977
3043
195347
3043
36977
3533
46960
19203
46960
8679
51126
40088
36977
33796
36977
90481
27149
3043
46960
8679
46960
8679
36977
47433
40844
8679
36977
90481
18567
39703
36977
42691
36977
90481
7164
33577
30719
47433
51126
40088
46960
8679
35376
8679
36977
24216
46960
8679
32814
90481
46960
6711
39791
8679
27149
3043
46960
6711
36977
3043
7164
3043
27149
3043
46960
8679
46960
8679
54894
8679
51126
37438
46960
8679
36977
3043
27149
3043
36977
44594
28863
42695
7164
3043
38030
40088
36977
40321
30894
12200
36977
90481
27149
3043
28863
18749
29519
38797
51126
37438
46960
8679
46960
3533
27149
3043
36977
90481
36977
90481
51126
40088
36977
3043
57085
8679
46960
19203
36977
19203
36977
19203
27149
3043
57085
8679
57085
8679
36977
19203
40844
8679
36977
19203
18567
19203
36977
19203
36977
19203
7164
19203
30719
19203
46960
19203
57085
8679
35376
8679
36977
19203
57085
8679
32814
19203
57085
6711
39791
8679
27149
3043
57085
6711
36977
3043
7164
3043
27149
3043
57085
8679
57085
8679
46960
8679
46960
19203
57085
8679
36977
3043
27149
3043
36977
19203
28863
19203
7164
3043
38030
19203
36977
19203
30894
12200
36977
19203
27149
3043
28863
18749
29519
19203
46960
19203
57085
8679
57085
3533
27149
3043
36977
19203
36977
19203
46960
19203
36977
3043
46960
8679
36977
8679
36977
8679
27149
3043
57461
111673
57461
42691
36977
8679
40844
42691
36977
8679
18567
8679
36977
8679
36977
8679
7164
8679
30719
8679
46960
8679
57461
52296
35376
91406
36977
8679
57461
47433
32814
8679
57461
6711
39791
52296
27149
3043
57461
6711
36977
3043
7164
3043
27149
3043
57461
111673
57461
43375
46960
47433
46960
8679
57461
47433
36977
3043
27149
3043
36977
8679
28863
8679
7164
3043
38030
8679
36977
8679
30894
8679
36977
8679
27149
3043
28863
8679
29519
8679
46960
8679
57461
111673
57461
3533
27149
3043
36977
8679
36977
8679
46960
8679
36977
3043
36977
33796
36977
40088
27149
3043
46960
8679
46960
8679
36977
40088
40844
8679
36977
40088
18567
39703
36977
40088
36977
40088
7164
33577
30719
40088
94347
52137
46960
8679
35376
8679
36977
24216
46960
8679
32814
40088
46960
6711
39791
8679
27149
3043
46960
6711
36977
3043
7164
3043
27149
3043
46960
8679
46960
8679
51126
8679
199287
37438
46960
8679
36977
3043
27149
3043
36977
40088
28863
40088
7164
3043
38030
90481
36977
40088
30894
12200
36977
40088
27149
3043
28863
18749
29519
38797
201760
37438
46960
8679
46960
3533
27149
3043
36977
40088
36977
40088
241314
42695
36977
3043
44640
33796
27149
3043
36977
8679
36977
8679
44640
33796
36977
8679
44640
33796
18567
33796
44640
33796
38290
33796
7164
33577
30719
33796
36977
33796
36977
8679
35376
8679
44640
24216
36977
8679
32814
33796
36977
6711
36977
8679
27149
3043
36977
6711
44640
3043
7164
3043
27149
3043
36977
8679
36977
8679
36977
8679
36977
33796
36977
8679
44640
3043
27149
3043
44640
33796
28863
33796
7164
3043
36977
33796
39738
33796
30894
12200
44640
33796
27149
3043
28863
18749
29519
33796
36977
33796
36977
8679
36977
3533
27149
3043
44640
33796
44640
33796
36977
33796
44640
3043
27149
3043
36977
8679
36977
8679
96943
47433
36977
8679
90428
138854
18567
39703
57767
42691
38290
138854
7164
33577
30719
47433
36977
40088
36977
8679
35376
8679
90428
24216
36977
8679
32814
115257
36977
6711
36977
8679
27149
3043
36977
6711
70122
3043
7164
3043
27149
3043
36977
8679
36977
8679
36977
8679
36977
37438
36977
8679
96943
3043
27149
3043
79531
44594
28863
42695
7164
3043
36977
40088
39738
40321
30894
12200
90428
119675
27149
3043
28863
18749
29519
38797
36977
37438
36977
8679
36977
3533
27149
3043
96943
138854
90428
138854
36977
40088
77892
3043
27149
3043
27149
3043
27149
3043
27149
3043
27149
3043
18567
3043
27149
3043
27149
3043
7164
3043
27149
3043
27149
3043
27149
3043
27149
3043
27149
3043
27149
3043
27149
3043
27149
3043
27149
3043
76246
42695
27149
3043
27149
3533
7164
13145
80086
39703
27149
3043
27149
3043
27149
3043
27149
3043
27149
3043
27149
3533
57085
39703
27149
3043
27149
3043
7164
17148
27149
3043
27149
3043
27149
3043
27149
3043
95431
23747
27149
3043
27149
3043
27149
3043
27149
3043
27149
3043
95431
39703
27149
3043
27149
3043
27149
3043
27149
3533
188265
42691
36977
8679
40844
42691
36977
8679
18567
8679
36977
8679
36977
8679
7164
8679
30719
8679
46960
8679
148253
52296
35376
91406
36977
8679
57767
47433
32814
8679
61679
6711
39791
52296
27149
3043
61679
6711
36977
3043
7164
3043
27149
3043
201199
250001
201199
43375
46960
47433
46960
8679
81013
47433
36977
3043
27149
3043
36977
8679
28863
8679
7164
3043
38030
8679
36977
8679
30894
8679
36977
8679
27149
3043
28863
8679
29519
8679
46960
8679
201199
180504
80086
3533
27149
3043
36977
8679
36977
8679
46960
8679
36977
3043
36977
8679
40844
52137
36977
8679
18567
8679
36977
8679
36977
8679
7164
8679
30719
8679
46960
8679
148253
42691
35376
42691
36977
8679
57767
42691
32814
8679
61679
6711
39791
42691
27149
3043
61679
6711
36977
3043
7164
3043
27149
3043
188265
42691
188265
42691
46960
42691
46960
8679
81013
42691
36977
3043
27149
3043
36977
8679
28863
8679
7164
3043
38030
8679
36977
8679
30894
8679
36977
8679
27149
3043
28863
8679
29519
8679
46960
8679
188265
42691
80086
3533
27149
3043
36977
8679
36977
8679
46960
8679
36977
3043
36977
8679
90428
47433
18567
39703
57767
42691
38290
47433
7164
33577
30719
52340
36977
40088
36977
8679
35376
8679
90428
24216
36977
8679
32814
47433
36977
6711
36977
8679
27149
3043
36977
6711
70122
3043
7164
3043
27149
3043
36977
8679
36977
8679
36977
8679
36977
37438
36977
8679
145324
3043
27149
3043
79531
44594
28863
42695
7164
3043
36977
40088
39738
40321
30894
12200
90428
47433
27149
3043
28863
18749
29519
38797
36977
37438
36977
8679
36977
3533
27149
3043
97269
47433
90428
47433
36977
40088
77892
3043
36977
8679
18567
8679
36977
8679
36977
8679
7164
8679
30719
8679
40844
8679
40844
42691
35376
42691
36977
8679
40844
42691
32814
8679
40844
6711
39791
42691
27149
3043
40844
6711
36977
3043
7164
3043
27149
3043
40844
42691
40844
42691
40844
42691
40844
8679
40844
42691
36977
3043
27149
3043
36977
8679
28863
8679
7164
3043
38030
8679
36977
8679
30894
8679
36977
8679
27149
3043
28863
8679
29519
8679
40844
8679
40844
42691
40844
3533
27149
3043
36977
8679
36977
8679
40844
8679
36977
3043
18567
39703
57767
42691
38290
162677
7164
33577
30719
47433
36977
40088
36977
8679
35376
8679
96621
24216
36977
8679
32814
115257
36977
6711
36977
8679
27149
3043
36977
6711
70122
3043
7164
3043
27149
3043
36977
8679
36977
8679
36977
8679
36977
37438
36977
8679
90428
3043
27149
3043
79531
44594
28863
42695
7164
3043
36977
40088
39738
40321
30894
12200
170536
119675
27149
3043
28863
18749
29519
38797
36977
37438
36977
8679
36977
3533
27149
3043
90428
157259
170536
182384
36977
40088
77892
3043
18567
39703
18567
39703
7164
33577
18567
39703
18567
39703
18567
8679
18567
8679
18567
24216
18567
8679
18567
39703
18567
6711
18567
8679
18567
3043
18567
6711
18567
3043
7164
3043
18567
3043
18567
8679
18567
8679
18567
8679
18567
37438
18567
8679
18567
3043
18567
3043
18567
39703
18567
39703
7164
3043
18567
39703
18567
39703
18567
12200
18567
39703
18567
3043
18567
18749
18567
38797
18567
37438
18567
8679
18567
3533
18567
3043
18567
39703
18567
39703
18567
39703
18567
3043
38290
42691
7164
33577
30719
42691
36977
40088
36977
8679
35376
8679
57767
24216
36977
8679
32814
42691
36977
6711
36977
8679
27149
3043
36977
6711
57767
3043
7164
3043
27149
3043
36977
8679
36977
8679
36977
8679
36977
37438
36977
8679
57767
3043
27149
3043
57767
42691
28863
42691
7164
3043
36977
40088
39738
40321
30894
12200
57767
42691
27149
3043
28863
18749
29519
38797
36977
37438
36977
8679
36977
3533
27149
3043
57767
42691
57767
42691
36977
40088
57767
3043
7164
33577
30719
47433
36977
40088
36977
8679
35376
8679
38290
24216
36977
8679
32814
115257
36977
6711
36977
8679
27149
3043
36977
6711
38290
3043
7164
3043
27149
3043
36977
8679
36977
8679
36977
8679
36977
37438
36977
8679
38290
3043
27149
3043
38290
44594
28863
42695
7164
3043
36977
40088
38290
40321
30894
12200
38290
119675
27149
3043
28863
18749
29519
38797
36977
37438
36977
8679
36977
3533
27149
3043
38290
157259
38290
162677
36977
40088
38290
3043
7164
33577
7164
33577
7164
8679
7164
8679
7164
24216
7164
8679
7164
33577
7164
6711
7164
8679
7164
3043
7164
6711
7164
3043
10436
3043
7164
3043
7164
8679
7164
8679
7164
8679
7164
33577
7164
8679
7164
3043
7164
3043
7164
33577
7164
33577
10436
3043
7164
33577
7164
33577
7164
12200
7164
33577
7164
3043
7164
18749
7164
33577
7164
33577
7164
8679
7164
3533
7164
3043
7164
33577
7164
33577
7164
33577
7164
3043
30719
40088
30719
8679
30719
8679
30719
24216
30719
8679
30719
47433
30719
6711
30719
8679
27149
3043
30719
6711
30719
3043
7164
3043
27149
3043
30719
8679
30719
8679
30719
8679
30719
37438
30719
8679
30719
3043
27149
3043
30719
44594
28863
42695
7164
3043
30719
40088
30719
40321
30719
12200
30719
47433
27149
3043
28863
18749
29519
38797
30719
37438
30719
8679
30719
3533
27149
3043
30719
47433
30719
47433
30719
40088
30719
3043
46960
8679
35376
8679
36977
24216
46960
8679
32814
40088
46960
6711
39791
8679
27149
3043
46960
6711
36977
3043
7164
3043
27149
3043
46960
8679
46960
8679
51126
8679
94347
37438
46960
8679
36977
3043
27149
3043
36977
40088
28863
40088
7164
3043
38030
52137
36977
40088
30894
12200
36977
40088
27149
3043
28863
18749
29519
38797
94347
37438
46960
8679
46960
3533
27149
3043
36977
40088
36977
40088
94347
42695
36977
3043
35376
52296
36977
8679
57767
47433
32814
8679
61679
6711
39791
66304
27149
3043
61679
6711
36977
3043
7164
3043
27149
3043
148253
52296
148253
43375
46960
47433
46960
8679
81013
47433
36977
3043
27149
3043
36977
8679
28863
8679
7164
3043
38030
8679
36977
8679
30894
8679
36977
8679
27149
3043
28863
8679
29519
8679
46960
8679
148253
52296
80086
3533
27149
3043
36977
8679
36977
8679
46960
8679
36977
3043
35376
8679
35376
47433
32814
8679
35376
6711
35376
52296
27149
3043
35376
6711
35376
3043
7164
3043
27149
3043
35376
91406
35376
43375
35376
47433
35376
8679
35376
47433
35376
3043
27149
3043
35376
8679
28863
8679
7164
3043
35376
8679
35376
8679
30894
8679
35376
8679
27149
3043
28863
8679
29519
8679
35376
8679
35376
91406
35376
3533
27149
3043
35376
8679
35376
8679
35376
8679
35376
3043
36977
8679
32814
24216
36977
6711
36977
8679
27149
3043
36977
6711
70122
3043
7164
3043
27149
3043
36977
8679
36977
8679
36977
8679
36977
24216
36977
8679
90428
3043
27149
3043
79531
24216
28863
24216
7164
3043
36977
24216
39738
24216
30894
12200
96621
24216
27149
3043
28863
18749
29519
24216
36977
24216
36977
8679
36977
3533
27149
3043
90428
24216
96621
24216
36977
24216
77892
3043
32814
8679
57767
6711
39791
47433
27149
3043
57767
6711
36977
3043
7164
3043
27149
3043
57767
47433
57767
43375
46960
52137
46960
8679
57767
52137
36977
3043
27149
3043
36977
8679
28863
8679
7164
3043
38030
8679
36977
8679
30894
8679
36977
8679
27149
3043
28863
8679
29519
8679
46960
8679
57767
47433
57767
3533
27149
3043
36977
8679
36977
8679
46960
8679
36977
3043
32814
6711
32814
8679
27149
3043
32814
6711
32814
3043
7164
3043
27149
3043
32814
8679
32814
8679
32814
8679
32814
37438
32814
8679
32814
3043
27149
3043
32814
44594
28863
42695
7164
3043
32814
40088
32814
40321
30894
12200
32814
115257
27149
3043
28863
18749
29519
38797
32814
37438
32814
8679
32814
3533
27149
3043
32814
115257
32814
115257
32814
40088
32814
3043
39791
6711
27149
3043
90564
175572
36977
3043
7164
3043
27149
3043
61679
6711
61679
6711
46960
6711
46960
6711
61679
6711
36977
3043
27149
3043
36977
6711
28863
6711
7164
3043
38030
6711
36977
6711
30894
6711
36977
6711
27149
3043
28863
6711
29519
6711
46960
6711
61679
6711
61679
3533
27149
3043
36977
6711
36977
6711
46960
6711
36977
3043
27149
3043
39791
6711
36977
3043
7164
3043
27149
3043
39791
52296
39791
43375
39791
47433
39791
8679
39791
47433
36977
3043
27149
3043
36977
8679
28863
8679
7164
3043
38030
8679
36977
8679
30894
8679
36977
8679
27149
3043
28863
8679
29519
8679
39791
8679
39791
52296
39791
3533
27149
3043
36977
8679
36977
8679
39791
8679
36977
3043
27149
3043
27149
3533
7164
13145
76246
39703
27149
3043
27149
3043
27149
3043
27149
3043
27149
3043
27149
3533
57085
39703
27149
3043
27149
3043
7164
17148
27149
3043
27149
3043
27149
3043
27149
3043
76246
23747
27149
3043
27149
3043
27149
3043
27149
3043
27149
3043
76246
39703
27149
3043
27149
3043
27149
3043
27149
3533
36977
3043
7164
3043
27149
3043
61679
6711
61679
6711
46960
6711
46960
6711
61679
6711
36977
3043
27149
3043
36977
6711
28863
6711
7164
3043
38030
6711
36977
6711
30894
6711
36977
6711
27149
3043
28863
6711
29519
6711
46960
6711
61679
6711
61679
3533
27149
3043
36977
6711
36977
6711
46960
6711
36977
3043
7164
3533
27149
3533
36977
3043
36977
3043
36977
3043
36977
3043
36977
3043
70122
193854
27149
3533
70122
3043
28863
3043
7164
3533
36977
3043
39738
3043
30894
3043
70122
3043
27149
3533
28863
3043
29519
3043
36977
3043
36977
3043
36977
3043
27149
3533
70122
3043
70122
3043
36977
3043
70122
119465
7164
13145
7164
3043
7164
3043
7164
3043
7164
3043
7164
3043
7164
3533
7164
13145
7164
3043
7164
3043
24585
13145
7164
3043
7164
3043
7164
3043
7164
3043
7164
13145
7164
3043
7164
3043
7164
3043
7164
3043
7164
3043
7164
13145
7164
3043
7164
3043
7164
3043
7164
3533
27149
3043
27149
3043
27149
3043
27149
3043
27149
3043
27149
3533
57085
43375
27149
3043
27149
3043
7164
17148
27149
3043
27149
3043
27149
3043
27149
3043
80086
23747
27149
3043
27149
3043
27149
3043
27149
3043
27149
3043
80086
43749
27149
3043
27149
3043
27149
3043
27149
3533
250001
43375
46960
47433
46960
43375
46960
8679
46960
8679
81013
47433
81013
43375
36977
3043
36977
3043
27149
3043
27149
3043
36977
8679
36977
8679
28863
8679
28863
8679
7164
3043
7164
3043
38030
8679
38030
8679
36977
8679
36977
8679
30894
8679
30894
8679
36977
8679
36977
8679
27149
3043
27149
3043
28863
8679
28863
8679
29519
8679
29519
8679
46960
8679
46960
8679
250001
180504
250001
43375
80086
3533
80086
3533
27149
3043
27149
3043
36977
8679
36977
8679
36977
8679
36977
8679
46960
8679
46960
8679
36977
3043
36977
3043
51126
8679
46960
154290
36977
3043
27149
3043
36977
8679
28863
8679
7164
3043
38030
8679
36977
8679
30894
8679
36977
8679
27149
3043
28863
8679
29519
8679
51126
8679
46960
47433
46960
3533
27149
3043
36977
8679
36977
8679
51126
8679
36977
3043
46960
8679
36977
3043
27149
3043
36977
37438
28863
37438
7164
3043
38030
37438
36977
37438
30894
12200
36977
37438
27149
3043
28863
18749
29519
37438
199287
42691
46960
8679
46960
3533
27149
3043
36977
37438
36977
37438
199287
37438
36977
3043
36977
3043
27149
3043
36977
8679
28863
8679
7164
3043
38030
8679
36977
8679
30894
8679
36977
8679
27149
3043
28863
8679
29519
8679
46960
8679
81013
47433
80086
3533
27149
3043
36977
8679
36977
8679
46960
8679
36977
3043
27149
3533
79531
3043
28863
3043
7164
3533
36977
3043
39738
3043
30894
3043
90428
3043
27149
3533
28863
3043
29519
3043
36977
3043
36977
3043
36977
3043
27149
3533
97269
3043
90428
3043
36977
3043
77892
119465
27149
3043
27149
3043
7164
17148
27149
3043
27149
3043
27149
3043
27149
3043
57085
23747
27149
3043
27149
3043
27149
3043
27149
3043
27149
3043
57085
43375
27149
3043
27149
3043
27149
3043
27149
3533
28863
42695
7164
3043
36977
40088
39738
40321
30894
12200
79531
44594
27149
3043
28863
18749
29519
38797
36977
37438
36977
8679
36977
3533
27149
3043
79531
44594
79531
44594
36977
40088
77892
3043
7164
3043
28863
40088
28863
40321
28863
12200
28863
42695
27149
3043
49188
18749
28863
38797
28863
37438
28863
8679
28863
3533
27149
3043
28863
42695
28863
42695
28863
40088
28863
3043
7164
3043
7164
3043
7164
3043
7164
3043
7164
17148
7164
3043
7164
3043
7164
3043
7164
3043
7164
3043
7164
17148
7164
3043
7164
3043
7164
3043
7164
3533
36977
40088
30894
12200
36977
40088
27149
3043
28863
18749
29519
38797
38030
37438
38030
8679
38030
3533
27149
3043
36977
40088
36977
40088
38030
42695
36977
3043
30894
12200
39738
40321
27149
3043
28863
18749
29519
38797
36977
37438
36977
8679
36977
3533
27149
3043
39738
40321
39738
40321
36977
40088
39738
3043
30894
12200
27149
3043
28863
12200
29519
12200
30894
12200
30894
8679
30894
3533
27149
3043
30894
12200
30894
12200
30894
12200
30894
3043
27149
3043
28863
18749
29519
38797
36977
37438
36977
8679
36977
3533
27149
3043
90428
119675
196290
119675
36977
40088
77892
3043
27149
3043
27149
3043
27149
3043
27149
3043
27149
3043
98298
23747
27149
3043
27149
3043
27149
3043
27149
3533
28863
18749
28863
18749
28863
8679
28863
3533
27149
3043
28863
18749
28863
18749
28863
18749
28863
3043
29519
37438
29519
8679
29519
3533
27149
3043
29519
38797
29519
38797
29519
38797
29519
3043
46960
8679
46960
3533
27149
3043
36977
37438
36977
37438
201760
37438
36977
3043
80086
3533
27149
3043
36977
8679
36977
8679
46960
8679
36977
3043
27149
3043
36977
3533
36977
3533
46960
3533
36977
3043
27149
3043
27149
3043
27149
3043
27149
3533
90428
157259
36977
40088
77892
3043
36977
40088
77892
3043
36977
3043
