35442
27970
50838
181469
35442
27970
35442
27970
35442
27970
35442
27970
35442
27970
35442
27970
131002
181469
131002
27970
35442
27970
35442
27970
50838
27970
35442
27970
35442
27970
35442
27970
35442
27970
35442
27970
23889
27970
35442
27970
35442
27970
35442
27970
35442
27970
35442
27970
35442
27970
35442
27970
35442
27970
35442
27970
35442
27970
23889
27970
35442
181469
35442
27970
99824
27970
77397
158742
35442
27970
35442
27970
77569
250001
77569
250001
77569
150436
77569
250001
77569
61118
45639
61118
35442
27970
35442
90577
77569
185841
45639
185841
35442
205401
49398
248909
77569
185841
77569
250001
77569
90577
78734
90577
23889
158742
49398
250001
77569
250001
77569
184209
77569
196514
77569
150436
77569
250001
77569
185841
77569
250001
77569
90577
77569
150436
23889
250001
77569
27970
74457
226404
35442
184209
35442
27970
55365
250001
35442
27970
35442
27970
35442
27970
35442
27970
35442
27970
35442
27970
50838
184139
50838
27970
35442
27970
35442
27970
149720
27970
35442
27970
35442
27970
35442
27970
35442
27970
35442
27970
23889
27970
35442
27970
35442
27970
35442
27970
35442
27970
35442
27970
35442
27970
35442
27970
35442
27970
35442
27970
35442
27970
23889
27970
35442
185841
35442
27970
50838
27970
50838
158742
35442
27970
78734
250001
78734
150436
188353
250001
78734
61118
45639
61118
35442
27970
35442
90577
78734
185841
45639
185841
35442
205401
49398
248909
188353
185841
188353
250001
130779
90577
77569
90577
23889
158742
49398
250001
188353
250001
78734
184209
188353
196514
78734
150436
188353
250001
154424
185841
188353
250001
105728
90577
105728
150436
23889
250001
188353
27970
74457
226404
35442
184209
35442
27970
55365
250001
102501
150436
78734
250001
99188
61118
45639
61118
35442
27970
35442
90577
102501
185841
45639
185841
35442
205401
49398
248909
78734
185841
78734
250001
78734
90577
77569
90577
23889
158742
49398
250001
78734
250001
216182
184209
78734
196514
99188
150436
78734
250001
78734
185841
78734
250001
78734
90577
78734
150436
23889
250001
78734
27970
74457
226404
35442
184209
35442
27970
55365
250001
78734
150436
99188
61118
45639
61118
35442
27970
35442
90577
130486
150436
45639
150436
35442
150436
49398
150436
78734
150436
78734
150436
78734
90577
77569
90577
23889
150436
49398
150436
78734
150436
102501
150436
78734
150436
99188
184209
78734
150436
78734
150436
78734
150436
78734
90577
78734
184139
23889
150436
78734
27970
74457
150436
35442
150436
35442
27970
55365
150436
78734
61118
45639
61118
35442
27970
35442
90577
78734
185841
45639
185841
35442
205401
49398
248909
222345
185841
222345
250001
130779
90577
77569
90577
23889
158742
49398
250001
222345
250001
78734
184209
222345
196514
78734
150436
222345
250001
154424
185841
222345
250001
105728
90577
105728
150436
23889
250001
188655
27970
74457
226404
35442
184209
35442
27970
55365
250001
45639
150436
35442
27970
35442
61118
99188
61118
45639
61118
35442
61118
49398
61118
78734
61118
78734
61118
78734
61118
77569
61118
23889
61118
49398
61118
78734
61118
99188
61118
78734
61118
250001
61118
78734
61118
78734
61118
78734
61118
78734
61118
78734
61118
23889
61118
78734
27970
74457
61118
35442
61118
35442
27970
55365
61118
35442
27970
35442
61118
45639
61118
55365
61118
35442
61118
45639
61118
45639
61118
45639
61118
45639
61118
45639
61118
23889
61118
45639
61118
45639
61118
45639
61118
45639
61118
45639
61118
45639
61118
45639
61118
45639
61118
45639
61118
45639
61118
23889
61118
45639
27970
45639
61118
35442
61118
35442
27970
45639
61118
202551
27970
35442
27970
35442
27970
50838
27970
35442
27970
35442
27970
35442
27970
35442
27970
35442
27970
23889
27970
35442
27970
35442
27970
35442
27970
35442
27970
35442
27970
35442
27970
35442
27970
35442
27970
35442
27970
35442
27970
23889
27970
35442
184139
35442
27970
99824
27970
77397
158742
35442
27970
35442
90577
35442
90577
50838
90577
35442
90577
35442
90577
35442
90577
35442
184139
35442
141024
23889
90577
35442
90577
35442
90577
35442
90577
35442
90577
35442
90577
35442
90577
35442
90577
35442
90577
35442
141024
35442
90577
23889
90577
35442
27970
35442
90577
99824
90577
77397
27970
35442
90577
45639
250001
35442
185841
49398
185841
78734
250001
78734
185841
78734
90577
77569
90577
23889
158742
49398
185841
78734
185841
102501
184209
78734
185841
99188
150436
78734
185841
78734
204719
78734
185841
78734
90577
78734
150436
23889
185841
78734
27970
74457
185841
35442
184209
35442
27970
55365
185841
35442
185841
45639
185841
45639
250001
45639
185841
45639
90577
45639
90577
23889
158742
45639
185841
45639
185841
45639
184209
45639
185841
45639
150436
45639
185841
45639
204719
45639
185841
45639
90577
45639
150436
23889
185841
45639
27970
45639
185841
35442
184209
35442
27970
45639
185841
35442
205401
35442
185841
35442
205401
35442
90577
35442
90577
23889
158742
35442
205401
35442
205401
35442
184209
35442
196514
35442
150436
35442
205401
35442
185841
35442
205401
35442
90577
35442
150436
23889
205401
35442
27970
35442
205401
50838
184209
50838
27970
35442
205401
49398
185841
49398
248909
49398
90577
49398
90577
23889
158742
130779
248909
49398
248909
49398
184209
49398
196514
49398
150436
49398
248909
49398
185841
49398
248909
49398
90577
49398
150436
23889
248909
49398
27970
49398
226404
35442
184209
35442
27970
49398
248909
250001
185841
130779
90577
77569
90577
23889
158742
49398
185841
250001
185841
78734
184209
250001
185841
78734
150436
250001
185841
154424
204719
250001
185841
105728
90577
105728
150436
23889
185841
188655
27970
74457
185841
35442
184209
35442
27970
55365
185841
130779
90577
77569
90577
23889
158742
49398
250001
250001
250001
78734
184209
250001
196514
78734
150436
250001
250001
154424
185841
250001
250001
105728
90577
105728
150436
23889
250001
188655
27970
74457
226404
35442
184209
35442
27970
55365
250001
77569
141024
23889
90577
49398
90577
130779
90577
78734
90577
130779
90577
78734
90577
130779
90577
130779
90577
130779
90577
105728
141024
105728
90577
23889
90577
130779
27970
74457
90577
35442
90577
35442
27970
55365
90577
23889
90577
49398
90577
77569
90577
77569
90577
77569
90577
77569
90577
77569
90577
77569
90577
77569
90577
77569
250001
77569
90577
23889
90577
77569
27970
74457
90577
35442
90577
35442
27970
55365
90577
23889
158742
23889
158742
23889
158742
23889
158742
23889
150436
23889
158742
23889
158742
23889
158742
23889
90577
23889
150436
130758
158742
23889
27970
23889
158742
23889
158742
23889
27970
23889
158742
49398
250001
49398
184209
49398
196514
49398
150436
49398
250001
49398
185841
49398
250001
49398
90577
49398
150436
23889
250001
49398
27970
49398
226404
35442
184209
35442
27970
49398
250001
78734
184209
250001
196514
78734
150436
250001
250001
154424
185841
250001
250001
105728
90577
105728
150436
23889
250001
188655
27970
74457
226404
35442
184209
35442
27970
55365
250001
78734
184209
99188
150436
78734
184209
78734
184209
78734
184209
78734
90577
78734
150436
23889
184209
78734
27970
74457
184209
35442
184828
35442
27970
55365
184209
78734
150436
250001
196514
154424
185841
250001
196514
105728
90577
105728
150436
23889
196514
188655
27970
74457
196514
35442
184209
35442
27970
55365
196514
78734
150436
78734
150436
78734
150436
78734
90577
78734
184139
23889
150436
78734
27970
74457
150436
35442
150436
35442
27970
55365
150436
154424
185841
250001
250001
105728
90577
105728
150436
23889
250001
188655
27970
74457
226404
35442
184209
35442
27970
55365
250001
154424
185841
105728
90577
105728
150436
23889
185841
154424
27970
74457
185841
35442
184209
35442
27970
55365
185841
105728
90577
105728
150436
23889
250001
188655
27970
74457
226404
35442
184209
35442
27970
55365
250001
131695
90577
23889
90577
105728
27970
74457
90577
35442
90577
35442
27970
55365
90577
23889
150436
105728
27970
74457
150436
35442
150436
35442
27970
55365
150436
23889
27970
23889
226404
23889
184209
23889
27970
23889
250001
74457
27970
35442
27970
35442
158742
55365
27970
35442
184209
35442
27970
55365
226404
77397
27970
35442
184209
35442
27970
