43241
10309
17712
28384
38043
28384
43241
10309
43241
10309
17712
28384
43241
10309
43241
10309
17712
45217
43241
10309
43241
10309
43241
10309
43241
10309
43241
10309
43241
10309
43241
10309
38043
10309
43241
10309
43241
10309
58949
10309
43241
10309
43241
26528
43241
10309
38043
28384
37090
10309
38043
28384
43241
10309
43241
10309
17712
28384
43241
10309
43241
10309
43241
28384
43241
10309
43241
10309
17712
10309
38043
10309
250001
39201
250001
109611
17712
10309
250001
148596
96864
89961
17712
10309
250001
109611
174789
148596
250001
91380
211694
110620
250001
109611
95164
148596
95164
148596
38043
148596
250001
110620
250001
54278
43241
110620
96864
109611
96864
10309
250001
26528
38043
10309
37090
109611
38043
10309
95164
148596
250001
109611
17712
10309
250001
110620
95164
110620
164593
10309
181021
148596
96864
109611
17712
54278
17712
10309
17712
10309
57001
91380
17712
10309
17712
10309
54423
28384
17712
10309
17712
10309
17712
10309
17712
10309
17712
10309
17712
10309
17712
10309
17712
10309
17712
10309
17712
10309
17712
10309
17712
10309
17712
26528
17712
10309
17712
91380
17712
10309
17712
91380
17712
10309
17712
10309
57001
91380
17712
10309
17712
10309
17712
91380
17712
10309
17712
10309
38043
10309
38043
10309
17712
54278
38043
10309
38043
10309
17712
28384
38043
10309
38043
10309
38043
10309
38043
10309
38043
10309
38043
10309
38043
10309
93777
10309
38043
10309
38043
10309
38043
10309
38043
10309
38043
26528
38043
10309
250001
54278
37090
10309
93777
54278
38043
10309
38043
10309
17712
54278
38043
10309
38043
10309
38043
54278
38043
10309
38043
10309
250001
39201
17712
10309
250001
39201
96864
39201
17712
10309
250001
39201
174789
39201
250001
39201
211694
39201
250001
39201
95164
39201
95164
39201
38043
39201
250001
39201
250001
39201
43241
39201
96864
39201
96864
10309
250001
26528
38043
10309
37090
39201
38043
10309
95164
39201
250001
39201
17712
10309
250001
39201
95164
39201
164593
10309
181021
39201
96864
39201
17712
10309
250001
109611
96864
89961
17712
10309
250001
110856
174789
109611
250001
91380
211694
109611
250001
110856
95164
109611
95164
109611
38043
109611
250001
109611
250001
54278
43241
109611
96864
110856
96864
10309
250001
26528
38043
10309
37090
120211
38043
10309
95164
109611
250001
110856
17712
10309
250001
109611
95164
109611
164593
10309
181021
109611
96864
110856
17712
10309
17712
10309
54423
28384
17712
10309
17712
10309
17712
10309
17712
10309
17712
10309
17712
10309
17712
10309
17712
10309
17712
10309
17712
10309
17712
10309
17712
10309
17712
26528
17712
10309
17712
106982
17712
10309
17712
118988
17712
10309
17712
10309
183985
126553
17712
10309
17712
10309
17712
106982
17712
10309
17712
10309
96864
89961
17712
10309
250001
109611
174789
250001
250001
91380
211694
110620
250001
109611
95164
222949
95164
250001
38043
250001
250001
110620
250001
54278
43241
110620
96864
109611
96864
10309
250001
26528
38043
10309
37090
109611
38043
10309
95164
250001
250001
109611
17712
10309
250001
110620
95164
110620
164593
10309
181021
250001
96864
109611
17712
10309
96864
89961
96864
89961
96864
89961
96864
89961
96864
89961
95164
89961
95164
89961
38043
89961
96864
89961
96864
54278
43241
89961
127802
89961
127802
10309
96864
26528
38043
10309
37090
89961
38043
10309
95164
89961
96864
89961
17712
10309
96864
89961
95164
89961
96864
10309
96864
89961
250001
89961
17712
10309
17712
10309
17712
10309
17712
10309
17712
10309
17712
10309
17712
10309
17712
10309
17712
10309
17712
10309
17712
10309
17712
10309
17712
26528
17712
10309
17712
28384
17712
10309
17712
28384
17712
10309
17712
10309
54423
28384
17712
10309
17712
10309
17712
28384
17712
10309
17712
10309
174789
109611
250001
91380
211694
109611
250001
126824
95164
109611
95164
109611
38043
109611
250001
109611
250001
54278
43241
109611
96864
111276
96864
10309
250001
26528
38043
10309
37090
110856
38043
10309
95164
109611
250001
126824
17712
10309
250001
109611
95164
109611
164593
10309
181021
109611
96864
121849
174789
91380
174789
110620
174789
109611
95164
222949
95164
250001
38043
250001
174789
110620
174789
54278
43241
110620
96864
109611
96864
10309
174789
26528
38043
10309
37090
109611
38043
10309
95164
250001
174789
109611
17712
10309
174789
110620
95164
110620
164593
10309
174789
250001
96864
109611
211694
91380
250001
91380
95164
91380
95164
91380
38043
91380
250001
91380
250001
54278
43241
91380
96864
91380
96864
10309
250001
26528
38043
10309
37090
91380
38043
10309
95164
91380
250001
91380
17712
10309
250001
91380
95164
91380
164593
10309
181021
91380
96864
91380
211694
109611
95164
110620
95164
110620
38043
110620
211694
135092
211694
54278
43241
135092
96864
109611
96864
10309
211694
26528
38043
10309
37090
109611
38043
10309
95164
110620
211694
109611
17712
10309
211694
213526
95164
135092
164593
10309
181021
110620
96864
109611
95164
109611
95164
109611
38043
109611
250001
109611
250001
54278
43241
109611
96864
111276
96864
10309
250001
26528
38043
10309
37090
110856
38043
10309
95164
109611
250001
221540
17712
10309
250001
109611
95164
109611
164593
10309
181021
109611
96864
121849
250001
222949
38043
222949
95164
110620
95164
54278
43241
110620
95164
109611
95164
10309
95164
26528
38043
10309
37090
109611
38043
10309
250001
222949
95164
109611
17712
10309
95164
110620
250001
110620
95164
10309
95164
222949
95164
109611
38043
250001
95164
110620
95164
54278
43241
110620
95164
109611
95164
10309
95164
26528
38043
10309
37090
109611
38043
10309
250001
250001
95164
109611
17712
10309
95164
110620
250001
110620
95164
10309
95164
250001
95164
109611
38043
110620
38043
54278
38043
110620
38043
109611
38043
10309
38043
26528
93777
10309
37090
109611
95164
10309
38043
250001
38043
109611
17712
10309
38043
110620
38043
110620
38043
10309
38043
250001
38043
109611
250001
54278
43241
250001
96864
109611
96864
10309
250001
26528
38043
10309
37090
109611
38043
10309
95164
110620
250001
109611
17712
10309
250001
135092
95164
179494
164593
10309
181021
110620
96864
109611
43241
54278
96864
54278
96864
10309
250001
26528
38043
10309
37090
54278
38043
10309
95164
54278
250001
54278
17712
10309
250001
54278
95164
54278
164593
10309
181021
54278
96864
54278
43241
109611
43241
10309
43241
26528
38043
10309
37090
109611
38043
10309
43241
110620
43241
109611
17712
10309
43241
135092
43241
179494
43241
10309
43241
110620
43241
109611
250001
10309
96864
26528
38043
10309
37090
110856
38043
10309
95164
109611
96864
111276
17712
10309
96864
109611
95164
109611
96864
10309
96864
109611
127802
111276
96864
10309
38043
26528
37090
10309
38043
26528
95164
10309
96864
10309
17712
26528
96864
10309
95164
10309
96864
26528
96864
10309
127802
10309
38043
10309
37090
26528
38043
10309
95164
26528
250001
26528
17712
10309
250001
26528
95164
26528
164593
10309
181021
26528
96864
26528
37090
10309
93777
106982
38043
10309
38043
10309
17712
106982
38043
10309
38043
10309
38043
163387
38043
10309
38043
10309
37090
10309
37090
109611
37090
110856
17712
10309
37090
109611
37090
109611
37090
10309
37090
109611
37090
110856
38043
10309
38043
10309
17712
118988
38043
10309
38043
10309
38043
106982
38043
10309
38043
10309
95164
109611
17712
10309
95164
110620
250001
110620
95164
10309
95164
250001
95164
109611
17712
10309
250001
109611
95164
109611
164593
10309
181021
109611
96864
121849
17712
10309
17712
10309
17712
106982
17712
10309
17712
10309
95164
135092
164593
10309
181021
110620
96864
109611
95164
10309
95164
110620
95164
109611
164593
10309
96864
10309
96864
109611
