15171
250001
15171
146895
15171
118634
15171
107465
15171
109895
15171
107465
15171
107465
15171
107465
250001
146895
15171
238359
15171
107465
15171
109895
15171
30546
15171
118634
15171
107465
15171
118634
15171
78707
15171
107465
15171
202715
15171
30546
15171
250001
15171
224602
15171
78707
15171
198387
15171
250001
15171
107465
15171
224602
15171
157150
15171
183581
15171
250001
15171
107465
15171
197438
15171
55901
15171
107465
15171
55901
15171
107465
15171
107465
21185
146895
18279
118634
18279
107465
18279
109895
18279
107465
18279
107465
18279
107465
15171
146895
18279
238359
18279
107465
18279
109895
18279
30546
18279
118634
18279
107465
49988
118634
18279
78707
18279
107465
18279
202715
18279
30546
18279
250001
18279
224602
18279
78707
18279
198387
49988
250001
18279
107465
16068
224602
16068
157150
18279
183581
18279
250001
18279
107465
18279
197438
18279
55901
18279
107465
18279
55901
18279
107465
18279
107465
18279
118634
18279
107465
18279
109895
18279
107465
18279
107465
18279
107465
15171
224602
18279
146895
18279
107465
18279
109895
18279
30546
18279
118634
18279
107465
21185
118634
18279
78707
18279
107465
18279
146895
18279
30546
18279
146895
18279
146895
18279
78707
18279
146895
21185
146895
18279
107465
16068
146895
16068
146895
18279
146895
18279
146895
18279
107465
18279
146895
18279
55901
18279
107465
18279
55901
18279
107465
18279
107465
19792
107465
19792
109895
19792
107465
19792
107465
19792
107465
15171
118634
19792
118634
19792
107465
19792
109895
19792
30546
19792
208053
19792
107465
18279
230171
19792
78707
19792
107465
19792
118634
19792
30546
24154
118634
19792
118634
19792
78707
19792
118634
18279
118634
19792
107465
16068
118634
16068
118634
19792
118634
19792
118634
19792
107465
19792
118634
19792
55901
19792
107465
19792
55901
19792
107465
19792
107465
20134
107465
20134
147367
20134
147367
20134
118634
15171
107465
20134
107465
20134
166557
20134
107465
20134
30546
20134
107465
20134
147367
18279
107465
20134
78707
20134
147367
20134
107465
20134
30546
19792
107465
20134
107465
20134
78707
20134
107465
18279
107465
20134
147367
16068
107465
16068
107465
20134
107465
20134
107465
20134
147367
20134
107465
20134
55901
20134
147367
20134
55901
20134
147367
20134
166557
32939
107465
32939
107465
32939
107465
15171
109895
32939
109895
32939
107465
32939
250001
32939
30546
32939
109895
24817
107465
18279
109895
32939
78707
32939
107465
32939
109895
32939
30546
19792
109895
32939
109895
32939
78707
32939
109895
18279
109895
32939
107465
16068
109895
16068
109895
32939
109895
32939
109895
32939
107465
32939
109895
32939
55901
32939
107465
32939
55901
32939
107465
32939
107465
98791
224602
142832
118634
15171
107465
142832
107465
50277
147367
142832
107465
96888
30546
142832
107465
24817
224602
18279
107465
94424
78707
50527
202715
66638
107465
96888
30546
19792
107465
34857
107465
95713
78707
142832
107465
18279
107465
102046
167862
16068
107465
16068
107465
142832
107465
93108
107465
142832
202715
52499
107465
142832
55901
142832
224602
142832
55901
92358
250001
50277
147367
98791
118634
15171
107465
98791
107465
50277
147367
98791
107465
96888
30546
98791
107465
24817
250001
18279
107465
94424
78707
50527
202715
66638
107465
96888
30546
19792
107465
34857
107465
95713
78707
98791
107465
18279
107465
98791
167862
16068
107465
16068
107465
98791
107465
93108
107465
98791
202715
52499
107465
98791
55901
98791
250001
98791
55901
92358
224602
50277
147367
15171
107465
250001
107465
50277
118634
160109
107465
96888
30546
250001
107465
24817
118634
18279
107465
94424
78707
50527
118634
66638
107465
96888
30546
19792
107465
34857
107465
95713
78707
250001
107465
18279
107465
102046
118634
16068
107465
16068
107465
250001
107465
93108
107465
250001
118634
52499
107465
250001
55901
250001
118634
250001
55901
92358
118634
50277
118634
15171
146895
15171
107465
15171
109895
15171
30546
15171
118634
15171
107465
15171
118634
15171
78707
15171
107465
15171
146895
15171
30546
15171
146895
15171
146895
15171
78707
15171
146895
15171
146895
15171
107465
15171
146895
15171
146895
15171
146895
15171
146895
15171
107465
15171
146895
15171
55901
15171
107465
15171
55901
15171
107465
15171
107465
50277
107465
160109
109895
96888
30546
250001
118634
24817
107465
18279
118634
94424
78707
50527
107465
66638
202715
96888
30546
19792
238359
34857
224602
95713
78707
250001
198387
18279
238359
102046
107465
16068
224602
16068
157150
250001
183581
93108
238359
250001
107465
52499
197438
250001
55901
250001
107465
250001
55901
92358
107465
50277
107465
50277
107465
50277
30546
50277
107465
24817
147367
18279
107465
50277
78707
50277
147367
50277
107465
50277
30546
19792
107465
34857
107465
50277
78707
50277
107465
18279
107465
50277
147367
16068
107465
16068
107465
50277
107465
50277
107465
50277
147367
50277
107465
50277
55901
50277
147367
50277
55901
50277
147367
160109
224602
96888
30546
160109
109895
24817
107465
18279
109895
94424
78707
50527
107465
66638
109895
96888
30546
19792
109895
34857
109895
95713
78707
160109
109895
18279
109895
102046
107465
16068
109895
16068
109895
160109
109895
93108
109895
160109
107465
52499
109895
160109
55901
160109
107465
160109
55901
92358
107465
50277
107465
96888
30546
24817
30546
18279
30546
94424
30546
50527
30546
66638
30546
223765
74467
19792
30546
34857
30546
95713
30546
96888
30546
18279
30546
96888
30546
16068
30546
16068
30546
96888
30546
93108
30546
96888
30546
52499
30546
96888
30546
96888
30546
96888
30546
92358
30546
50277
30546
24817
107465
18279
208053
94424
78707
50527
107465
66638
118634
96888
30546
19792
118634
34857
118634
95713
78707
250001
118634
18279
118634
102046
107465
16068
118634
16068
118634
250001
118634
93108
118634
250001
107465
52499
118634
250001
55901
250001
107465
250001
55901
92358
107465
50277
107465
18279
107465
24817
78707
24817
202715
24817
107465
24817
30546
19792
107465
24817
107465
24817
78707
24817
107465
18279
107465
24817
167862
16068
107465
16068
107465
24817
107465
24817
107465
24817
202715
24817
107465
24817
55901
24817
250001
24817
55901
24817
224602
24817
147367
18279
78707
18279
107465
18279
118634
18279
30546
18279
118634
18279
118634
18279
78707
18279
118634
81594
118634
18279
107465
16068
118634
16068
118634
18279
118634
18279
118634
18279
107465
18279
118634
18279
55901
18279
107465
18279
55901
18279
107465
18279
107465
50527
78707
66638
78707
94424
30546
19792
78707
34857
78707
94424
250001
94424
78707
18279
78707
94424
78707
16068
78707
16068
78707
94424
78707
93108
78707
94424
78707
52499
78707
94424
55901
94424
78707
94424
55901
92358
78707
50277
78707
50527
107465
50527
30546
19792
107465
34857
107465
50527
78707
50527
107465
18279
107465
50527
167862
16068
107465
16068
107465
50527
107465
50527
107465
50527
250001
50527
107465
50527
55901
50527
202715
50527
55901
50527
202715
50277
147367
66638
30546
19792
202715
34857
202715
66638
78707
66638
198387
18279
202715
66638
107465
16068
202715
16068
157150
66638
183581
66638
202715
66638
107465
52499
197438
66638
55901
66638
107465
66638
55901
66638
107465
50277
107465
19792
30546
34857
30546
95713
30546
96888
30546
18279
30546
96888
30546
16068
30546
16068
30546
96888
30546
93108
30546
96888
30546
52499
30546
96888
30546
96888
30546
96888
30546
92358
30546
50277
30546
19792
224602
19792
78707
19792
198387
18279
250001
19792
107465
16068
224602
16068
157150
19792
183581
19792
250001
19792
107465
19792
197438
19792
55901
19792
107465
19792
55901
19792
107465
19792
107465
34857
78707
34857
198387
18279
224602
34857
107465
16068
238359
16068
157150
34857
183581
34857
224602
34857
107465
34857
197438
34857
55901
34857
107465
34857
55901
34857
107465
34857
107465
95713
78707
18279
78707
95713
78707
16068
78707
16068
78707
95713
78707
93108
78707
95713
78707
52499
78707
95713
55901
95713
78707
95713
55901
92358
78707
50277
78707
18279
198387
102046
107465
16068
198387
16068
157150
250001
183581
93108
198387
250001
107465
52499
197438
250001
55901
250001
107465
250001
55901
92358
107465
50277
107465
18279
107465
16068
224602
16068
157150
18279
183581
18279
250001
18279
107465
18279
197438
18279
55901
18279
107465
18279
55901
18279
107465
18279
107465
16068
107465
16068
107465
102046
107465
93108
107465
102046
167862
52499
107465
102046
55901
102046
167862
102046
55901
92358
167862
50277
147367
93108
157150
16068
183581
16068
224602
16068
107465
16068
197438
16068
55901
16068
107465
16068
55901
16068
107465
16068
107465
16068
157150
16068
157150
16068
107465
16068
157150
16068
55901
16068
107465
16068
55901
16068
107465
16068
107465
93108
183581
250001
107465
52499
183581
250001
55901
250001
107465
250001
55901
92358
107465
50277
107465
93108
107465
52499
197438
93108
55901
93108
107465
93108
55901
92358
107465
50277
107465
52499
107465
250001
55901
250001
202715
250001
55901
92358
202715
50277
147367
52499
55901
52499
107465
52499
55901
52499
107465
50277
107465
250001
55901
250001
74467
92358
55901
50277
55901
250001
55901
92358
224602
50277
147367
92358
55901
50277
55901
50277
147367
