85044
14058
22385
14798
34166
14798
22385
14058
22385
14798
22385
14798
85044
14058
22385
14798
94456
14058
64915
14798
22385
14058
77021
15120
22385
15120
64915
14058
22385
14798
94465
14798
22385
14058
22385
14058
64915
14798
22385
14798
22385
14798
64915
14798
22385
14798
77021
14058
22385
14798
22385
149014
22385
14798
85029
14058
64915
14798
22385
14798
74700
14058
34166
14798
22385
14798
85013
14058
165031
14798
22385
14058
34166
14058
22385
71651
22385
14058
22385
14058
165031
71651
22385
14058
85044
71651
64915
14058
22385
71651
77021
14058
22385
14058
64915
71651
22385
14058
85044
14058
22385
71651
22385
71651
64915
14058
22385
14058
22385
14058
64915
14058
22385
14058
77021
71651
22385
14058
22385
14058
22385
14058
85029
71651
64915
14058
22385
14058
74700
71651
34166
14058
22385
14058
85013
71651
85044
14058
22385
120894
64915
14058
64915
38090
90554
38090
22385
14058
34166
50027
22385
14058
22385
38090
34166
14058
22385
14798
90554
14798
22385
14058
90554
120894
22385
89957
64915
14058
64915
14058
22385
38090
64915
26729
64915
89957
22385
38090
90554
38090
22385
14058
90554
26729
90554
14798
64915
89957
22385
14058
22385
38090
90554
122692
22385
14058
22385
122692
90554
38090
22385
14058
22385
89957
22385
14058
22385
38090
22385
38090
34166
14058
22385
50027
34166
14058
34166
38090
22385
14058
34166
14798
22385
14798
34166
14058
22385
149014
34166
89957
22385
14058
22385
14058
34166
38090
22385
26729
22385
89957
34166
38090
22385
38090
34166
14058
22385
26729
22385
14798
22385
89957
34166
14058
34166
38090
22385
120894
34166
14058
85044
120894
22385
38090
34166
14058
34166
89957
85029
14058
64915
14058
22385
120894
34166
14058
22385
212678
22385
14058
34166
89957
22385
14058
64915
14058
22385
89957
64915
14058
22385
14058
85029
172915
85013
212678
22385
14058
85029
14058
74700
14058
22385
14058
64915
14058
22385
235945
64915
14058
64915
14058
85029
14058
22385
120894
22385
14058
64915
14058
22385
212678
22385
14058
64915
14058
22385
212678
22385
14058
64915
50027
22385
14058
34166
38090
22385
14058
22385
172915
34166
14058
22385
14798
64915
14798
22385
14058
64915
38090
22385
38090
94433
14058
85013
14058
22385
172915
94465
26729
74700
38090
22385
172915
64915
235945
22385
14058
64915
26729
64915
14798
94456
38090
22385
14058
22385
50027
64915
38090
22385
14058
22385
38090
64915
172915
22385
14058
22385
38090
22385
14058
34166
38090
22385
14058
22385
50027
34166
14058
22385
14798
94456
14798
22385
14058
102002
38090
22385
38090
64915
14058
64915
14058
22385
50027
64915
26729
64915
38090
22385
50027
104783
50027
22385
14058
164152
26729
94433
14798
64915
38090
22385
14058
22385
122692
131128
38090
22385
14058
22385
38090
94456
50027
22385
14058
22385
38090
22385
14058
85044
120894
64915
14058
22385
89957
77021
14058
22385
14058
64915
89957
22385
14058
85044
14058
22385
120894
22385
120894
64915
14058
22385
14058
22385
14058
64915
14058
22385
14058
77021
120894
22385
14058
22385
14058
22385
14058
85029
250001
64915
14058
22385
14058
74700
120894
34166
14058
22385
14058
85013
120894
85044
14058
22385
14058
22385
38090
64915
14058
22385
14798
34166
14798
22385
14058
34166
50027
22385
50027
34166
14058
34166
14058
22385
38090
34166
26729
34166
50027
22385
38090
34166
38090
22385
14058
34166
26729
34166
14798
34166
50027
22385
14058
22385
38090
34166
50027
22385
14058
22385
50027
34166
38090
22385
14058
22385
50027
64915
14058
22385
89957
77021
14058
22385
14058
64915
89957
22385
14058
94456
14058
22385
172915
22385
250001
64915
14058
22385
14058
22385
14058
64915
14058
22385
14058
77021
212678
22385
14058
22385
14058
22385
14058
85029
120894
64915
14058
22385
14058
74700
250001
34166
14058
22385
14058
85013
250001
94456
14058
22385
14058
64915
14798
22385
14798
94456
14058
22385
38090
64915
38090
22385
14058
22385
14058
85029
210000
22385
26729
22385
38090
94456
210000
22385
172915
64915
14058
22385
26729
22385
14798
22385
38090
64915
14058
131128
50027
22385
38090
64915
14058
34166
38090
22385
210000
64915
14058
64915
38090
22385
14058
34166
14058
22385
122692
34166
14058
22385
14058
34166
89957
34166
89957
22385
14058
34166
14058
34166
14058
22385
14058
34166
14058
22385
89957
34166
14058
34166
14058
34166
14058
22385
89957
22385
14058
34166
14058
22385
89957
22385
14058
34166
14058
22385
89957
22385
14058
22385
71651
64915
14058
22385
14798
77021
14798
22385
14058
22385
14058
64915
14798
22385
14798
22385
14798
64915
14798
22385
14798
125711
14058
22385
14798
22385
15120
22385
14798
77021
14058
64915
14798
22385
14798
74700
14058
34166
14798
22385
14798
77021
14058
77021
14798
22385
14058
94456
14798
22385
14798
64915
14058
64915
14058
22385
14798
64915
14798
64915
14798
22385
14798
94456
14798
22385
14058
94456
14798
94433
15120
64915
14798
22385
14058
22385
14798
94456
14798
22385
14058
22385
14798
131128
14798
22385
14058
22385
14798
22385
14058
64915
14058
22385
89957
22385
89957
85029
14058
22385
14058
22385
14058
94465
14058
22385
14058
64915
89957
22385
14058
22385
14058
22385
14058
64915
89957
94456
14058
22385
14058
64915
89957
34166
14058
22385
14058
64915
89957
64915
14058
22385
89957
64915
14058
64915
14058
22385
38090
64915
26729
64915
89957
22385
38090
102002
38090
22385
14058
102002
26729
94433
14798
64915
89957
22385
14058
22385
38090
102002
120894
22385
14058
22385
120894
94456
38090
22385
14058
22385
89957
22385
14058
22385
14058
64915
38090
22385
26729
22385
250001
64915
38090
22385
38090
77021
14058
22385
26729
22385
14798
22385
120894
85029
14058
64915
38090
22385
89957
74700
14058
34166
89957
22385
38090
85013
14058
94465
120894
85013
172915
22385
14058
94433
14058
74700
14058
22385
14058
64915
14058
22385
172915
64915
14058
64915
14058
94433
14058
22385
120894
22385
14058
64915
14058
22385
172915
22385
14058
64915
14058
22385
172915
22385
14058
22385
14058
85013
14058
74700
14058
22385
14058
64915
14058
22385
212678
64915
14058
64915
14058
85013
14058
22385
120894
22385
14058
64915
14058
22385
250001
22385
14058
64915
14058
22385
250001
22385
14058
22385
26729
22385
38090
85029
250001
22385
172915
64915
14058
22385
26729
22385
14798
22385
38090
64915
14058
85029
50027
22385
38090
64915
14058
34166
38090
22385
250001
64915
14058
64915
38090
74700
26729
22385
26729
64915
26729
22385
14058
64915
250001
64915
14798
94456
26729
22385
14058
22385
26729
64915
26729
22385
14058
22385
26729
64915
26729
22385
14058
22385
26729
22385
38090
64915
38090
22385
14058
64915
26729
64915
14798
74700
120894
22385
14058
22385
38090
64915
89957
22385
14058
22385
89957
64915
38090
22385
14058
22385
120894
22385
172915
64915
14058
22385
26729
22385
14798
22385
38090
64915
14058
94456
50027
22385
38090
64915
14058
34166
38090
22385
250001
64915
14058
64915
38090
22385
14058
104783
26729
94433
14798
64915
38090
22385
14058
22385
50027
104783
38090
22385
14058
22385
38090
94456
172915
22385
14058
22385
38090
22385
14058
22385
14058
22385
14058
77021
120894
64915
14058
22385
14058
74700
212678
34166
14058
22385
14058
77021
212678
77021
14058
94433
14798
64915
26729
22385
14058
22385
26729
131128
26729
22385
14058
22385
26729
94456
26729
22385
14058
22385
26729
64915
14798
22385
14058
22385
14798
94433
14798
22385
14058
22385
14798
94433
14798
22385
14058
22385
14798
22385
14058
22385
38090
64915
89957
22385
14058
22385
89957
64915
38090
22385
14058
22385
172915
64915
14058
22385
14058
74700
120894
34166
14058
22385
14058
85013
120894
85029
14058
22385
38090
64915
14058
34166
38090
22385
50027
64915
14058
64915
38090
22385
14058
22385
216304
94456
38090
22385
14058
22385
89957
34166
14058
22385
14058
74700
250001
74700
14058
22385
38090
34166
14058
34166
89957
22385
14058
22385
38090
85013
14058
