1754
1638
27683
28075
1754
1638
1755
28075
1754
1638
27683
28075
1754
1638
1754
1638
1755
1638
1754
1638
1754
1638
1754
1638
27296
28075
1754
1638
1754
844
27296
28075
1754
31688
1754
28075
1754
28075
1754
1638
27683
28075
1754
1638
1754
1638
27296
28075
1754
1638
1754
1638
1754
28075
27296
28075
1754
1638
1754
1638
1754
844
50118
28075
1754
844
1754
28075
1754
1638
1754
1638
49251
28075
1754
1638
49251
28075
1754
1638
27296
28075
62067
30247
1754
32921
27296
73266
49251
5555
21398
72385
1754
1638
27683
42872
2274
844
1754
1638
2274
1638
26282
1638
2274
1638
49251
28075
1754
1638
1843
28075
49251
28075
1754
1638
27683
28075
27853
28075
2274
1638
1754
1638
49251
32921
250001
36057
2274
844
1754
1638
1843
844
1843
1638
1843
32425
1754
1638
1755
31688
1754
1638
61789
238285
1754
1638
1754
1638
1755
1638
1754
1638
1754
1638
1754
1638
27296
250001
1754
1638
1754
844
27296
165880
1754
28075
1754
31688
1754
31688
1754
1638
61805
212128
1754
1638
1754
1638
27296
99119
1754
1638
1754
1638
1754
31688
27296
146956
1754
1638
1754
1638
1754
844
27683
43618
1754
844
1754
31688
1754
1638
1754
1638
50343
88658
1754
1638
27296
32921
49251
28075
1754
28075
27296
28075
98360
5555
21398
28075
1754
1638
27683
28075
2274
844
1754
1638
2274
1638
26282
1638
2274
1638
98360
66883
1754
1638
1843
144663
74667
85692
1754
1638
27683
32574
27853
85692
2274
1638
1754
1638
98360
28075
49251
28075
2274
844
1754
1638
1843
844
1843
1638
1843
28075
1754
1638
1755
31688
1754
1638
1754
1638
27296
1638
1754
1638
1754
1638
1754
1638
1755
31688
1754
1638
1754
844
1755
31688
1754
28075
1754
32608
1754
32425
1754
1638
1755
31688
1754
1638
1754
1638
1755
31688
1754
1638
1754
1638
1754
32608
1755
31688
1754
1638
1754
1638
1754
844
1755
31688
1754
844
1754
32608
1754
1638
1754
1638
27296
32921
49251
28075
1754
28075
27296
28075
50343
5555
21398
28075
1754
1638
27683
28075
2274
844
1754
1638
2274
1638
26282
1638
2274
1638
50343
66883
1754
1638
1843
88658
50343
85692
1754
1638
27683
32574
27853
85692
2274
1638
1754
1638
50343
28075
49251
28075
2274
844
1754
1638
1843
844
1843
1638
1843
28075
1754
1638
1754
1638
1755
1638
1754
1638
1754
1638
1754
1638
27296
238285
1754
1638
1754
844
27296
165880
1754
28075
1754
31688
1754
31688
1754
1638
61789
212128
1754
1638
1754
1638
27296
99119
1754
1638
1754
1638
1754
31688
27296
146956
1754
1638
1754
1638
1754
844
27683
43618
1754
844
1754
31688
1754
1638
27296
28075
1754
28075
75755
28075
27296
5555
21398
28075
1754
1638
27296
28075
2274
844
1754
1638
2274
1638
26282
1638
2274
1638
27296
32921
1754
1638
1843
32921
27296
32921
1754
1638
27296
32574
27296
32921
2274
1638
1754
1638
27296
28075
27296
28075
2274
844
1754
1638
1843
844
1843
1638
1843
28075
1754
30247
27296
30247
49251
5555
21398
30247
1754
1638
27683
30247
2274
844
1754
1638
2274
1638
26282
1638
2274
1638
49251
28075
1754
1638
1843
28075
49251
28075
1754
1638
27683
28075
27853
28075
2274
1638
1754
1638
49251
30247
62067
30247
2274
844
1754
1638
1843
844
1843
1638
1843
30247
1754
32921
1754
5555
1754
32921
1755
1638
1754
32921
1754
844
1755
1638
1754
1638
1754
1638
1754
1638
1754
28075
1755
1638
1754
28075
1754
28075
1755
1638
1754
28075
1754
28075
1754
1638
1755
1638
1754
37951
1754
32921
1754
844
1755
1638
1754
844
1754
1638
1754
32425
27296
5555
21398
72385
1754
1638
27296
42872
2274
844
1754
1638
2274
1638
26282
1638
2274
1638
27296
28075
1754
1638
1843
28075
27296
28075
1754
1638
27296
28075
27296
28075
2274
1638
1754
1638
27296
32921
27296
36057
2274
844
1754
1638
1843
844
1843
1638
1843
32425
21398
5555
1754
1638
1754
1638
27683
5555
21398
42872
2274
844
2274
844
1754
1638
1754
1638
2274
1638
2274
1638
26282
1638
21398
1638
2274
1638
2274
1638
101051
5555
21398
28075
1754
1638
1754
1638
1843
5555
1843
28075
74667
5555
21398
28075
1754
1638
1754
1638
27683
5555
21398
28075
27853
5555
21398
28075
2274
1638
2274
1638
1754
1638
1754
1638
101051
5555
21398
32921
49251
5555
21398
36057
2274
844
2274
844
1754
1638
1754
1638
1843
844
1843
844
1843
1638
1843
1638
1843
5555
1843
32425
1754
1638
1754
844
37341
165880
1754
28075
1754
31688
1754
31688
1754
1638
27296
212128
1754
1638
1754
1638
27683
99119
1754
1638
1754
1638
1754
31688
49251
146956
1754
1638
1754
1638
1754
844
27296
43618
1754
844
1754
31688
1754
1638
2274
844
1754
1638
2274
1638
26282
1638
2274
1638
27683
28075
1754
1638
1843
28075
27683
28075
1754
1638
37341
28075
27683
28075
2274
1638
1754
1638
27683
32921
27683
36057
2274
844
1754
1638
1843
844
1843
1638
1843
32425
1754
844
2430
844
2274
844
2430
844
2274
844
1754
844
1843
844
2274
844
1754
844
2274
844
2274
844
2430
844
1754
844
2274
844
2274
844
2430
1638
1754
844
1843
1638
1843
844
1843
844
1754
28075
1754
31688
1754
31688
1754
1638
27296
165880
1754
1638
1754
1638
27683
99119
1754
1638
1754
1638
1754
31688
37341
146956
1754
1638
1754
1638
1754
844
27296
43618
1754
844
1754
31688
1754
1638
2274
28075
61742
28075
2274
1638
1754
28075
1843
1638
2274
1638
1754
28075
2274
1638
2274
1638
4591
28075
1754
28075
2274
1638
2274
1638
26282
844
1754
28075
1843
844
1843
28075
1843
1638
2274
32425
26282
1638
1754
31688
1843
1638
26282
1638
1754
31688
26282
1638
26282
1638
2274
40096
1754
31688
26282
1638
26282
1638
2274
844
1754
31688
1843
844
1843
40096
1843
1638
2274
1638
1754
31688
1843
1638
2274
1638
1754
31688
2274
1638
2274
1638
4591
32425
1754
31688
2274
1638
2274
1638
26282
844
1754
31688
1843
844
1843
32425
1843
1638
1754
1638
1843
66883
74667
66883
1754
1638
27683
32574
27853
66883
2274
1638
1754
1638
115587
28075
49251
28075
2274
844
1754
1638
1843
844
1843
1638
1843
28075
1754
1638
1754
1638
27296
99119
1754
1638
1754
1638
1754
31688
27296
146956
1754
1638
1754
1638
1754
844
27683
43618
1754
844
1754
31688
1754
1638
1843
85692
1754
1638
1843
32574
1843
85692
1843
1638
1754
1638
1843
28075
1843
28075
1843
844
1754
1638
50118
844
2274
1638
61742
28075
1754
1638
27683
32574
27853
169062
2274
1638
1754
1638
74667
28075
49251
28075
2274
844
1754
1638
1843
844
1843
1638
1843
28075
1754
1638
1754
1638
1754
31688
27683
99119
1754
1638
1754
1638
1754
844
27296
43618
1754
844
1754
31688
1754
1638
27683
32574
2274
1638
1754
1638
27683
28075
27683
28075
2274
844
1754
1638
1843
844
1843
1638
1843
28075
2274
1638
1754
1638
27853
28075
27853
28075
2274
844
1754
1638
1843
844
1843
1638
1843
28075
1754
31688
2274
1638
2274
1638
4591
844
1754
31688
1843
844
1843
217055
1843
1638
1754
1638
1754
1638
1754
844
27296
43618
1754
844
1754
31688
1754
1638
49251
32921
2274
844
1754
1638
1843
844
1843
1638
1843
32425
2274
844
1754
1638
1843
844
1843
1638
1843
32425
1754
844
1843
5555
1843
844
1843
844
1754
844
1754
31688
1754
1638
2274
844
50118
844
2274
1638
