119579
250001
73304
180410
119579
206914
119579
94020
119579
180410
119579
250001
73304
250001
119579
192989
73304
250001
119579
118015
119579
250001
119579
250001
73304
250001
119579
250001
119579
176278
119579
79137
119579
250001
119579
189376
119579
192989
119579
79137
119579
79137
73304
250001
119579
250001
119931
119701
119579
250001
119579
176278
119579
119701
73304
180410
119579
250001
119579
206914
119579
250001
119931
250001
119579
250001
73304
180410
119931
206914
119931
94020
119931
180410
139392
250001
73304
250001
119931
192989
73304
250001
119931
118015
119931
250001
119931
250001
73304
250001
119931
250001
119931
176278
119931
79137
119931
250001
119931
189376
119931
192989
119931
79137
119931
79137
73304
250001
122300
250001
119579
119701
119931
250001
119931
176278
119931
119701
73304
180410
119931
250001
119931
206914
119931
250001
119579
250001
119931
250001
73304
180410
73304
94020
73304
192989
73304
180410
193309
180410
73304
180410
168205
180410
73304
118015
73304
180410
73304
180410
193309
180410
73304
180410
73304
176278
73304
79137
73304
180410
73304
180410
73304
180410
73304
79137
73304
79137
193309
180410
73304
180410
73304
119701
73304
180410
73304
176278
73304
119701
190596
250001
73304
180410
73304
180410
73304
180410
73304
180410
73304
180410
136447
94020
136447
180410
119931
206914
73304
206914
136447
192989
73304
206914
136447
118015
136447
206914
136447
206914
73304
206914
136447
206914
130228
176278
136447
79137
136447
206914
136447
189376
136447
192989
136447
79137
136447
79137
73304
206914
119931
206914
119579
119701
136447
206914
136447
176278
136447
119701
73304
180410
136447
206914
136447
250001
136447
206914
119579
206914
136447
206914
250001
94020
119931
94020
73304
94020
139392
94020
73304
94020
250001
94020
147077
94020
250001
94020
73304
94020
154117
94020
130228
94020
189996
79137
154117
94020
169542
94020
189996
94020
156383
79137
169542
79137
73304
94020
119931
94020
119579
94020
209011
94020
169542
94020
250001
94020
73304
94020
147077
94020
154117
94020
250001
94020
119579
94020
139392
94020
119931
180410
73304
180410
139392
180410
73304
180410
250001
118015
147077
180410
250001
180410
73304
180410
154117
180410
130228
176278
189996
79137
154117
180410
169542
180410
189996
180410
156383
79137
169542
79137
73304
180410
119931
180410
119579
119701
209011
180410
169542
176278
250001
119701
73304
192989
147077
180410
154117
180410
250001
180410
119579
180410
139392
180410
73304
250001
119931
192989
73304
250001
119931
118015
119931
250001
119931
250001
73304
250001
119931
250001
119931
176278
119931
79137
119931
250001
119931
189376
119931
192989
119931
79137
119931
79137
73304
250001
122300
250001
119579
119701
119931
250001
119931
176278
119931
119701
73304
180410
119931
250001
119931
206914
119931
250001
119579
250001
119931
250001
73304
192989
168205
250001
73304
118015
73304
250001
73304
250001
209547
250001
73304
250001
73304
176278
73304
79137
73304
250001
73304
189376
73304
192989
73304
79137
73304
79137
209547
250001
73304
250001
73304
119701
73304
250001
73304
176278
73304
119701
190596
180410
73304
250001
73304
206914
73304
250001
73304
250001
73304
250001
73304
192989
139392
118015
139392
192989
139392
192989
73304
192989
139392
192989
130228
176278
139392
79137
139392
192989
139392
189376
139392
250001
139392
79137
139392
79137
73304
192989
119931
192989
119579
119701
139392
192989
139392
176278
139392
119701
73304
180410
139392
192989
139392
192989
139392
192989
119579
192989
244926
192989
73304
118015
73304
250001
73304
250001
168205
250001
73304
250001
73304
176278
73304
79137
73304
250001
73304
189376
73304
192989
73304
79137
73304
79137
168205
250001
73304
250001
73304
119701
73304
250001
73304
176278
73304
119701
168205
180410
73304
250001
73304
206914
73304
250001
73304
250001
73304
250001
147077
118015
250001
118015
73304
118015
154117
118015
130228
118015
189996
79137
154117
118015
169542
118015
189996
118015
156383
79137
169542
79137
73304
118015
119931
118015
119579
118015
209011
118015
169542
118015
250001
118015
73304
118015
147077
118015
154117
118015
250001
118015
119579
118015
139392
118015
147077
250001
73304
250001
147077
250001
130228
176278
147077
79137
147077
250001
147077
189376
147077
192989
147077
79137
147077
79137
73304
250001
119931
250001
119579
119701
147077
250001
147077
176278
147077
119701
73304
180410
154117
250001
147077
206914
147077
250001
119579
250001
139392
250001
73304
250001
154117
250001
130228
176278
189996
79137
154117
250001
169542
189376
189996
192989
156383
79137
169542
79137
73304
250001
119931
250001
119579
119701
209011
250001
169542
176278
250001
119701
73304
180410
147077
250001
154117
206914
250001
250001
119579
250001
139392
250001
73304
250001
73304
176278
73304
79137
73304
250001
73304
189376
73304
192989
73304
79137
73304
79137
231221
250001
73304
250001
73304
119701
73304
250001
73304
176278
73304
119701
190596
180410
73304
250001
73304
206914
73304
250001
73304
250001
73304
250001
130228
176278
154117
79137
250001
250001
154117
189376
154117
192989
154117
79137
154117
79137
73304
250001
119931
250001
119579
119701
154117
250001
154117
176278
154117
119701
73304
180410
147077
250001
250001
206914
154117
250001
119579
250001
139392
250001
130228
79137
130228
176278
130228
176278
130228
176278
130228
79137
130228
79137
73304
176278
119931
176278
119579
119701
130228
176278
130228
250001
130228
119701
73304
176278
130228
176278
130228
176278
130228
176278
119579
176278
130228
176278
154117
79137
169542
79137
190596
79137
156383
118015
169542
94020
73304
79137
119931
79137
119579
79137
189996
79137
169542
79137
189996
79137
73304
79137
147077
79137
154117
79137
189996
79137
119579
79137
139392
79137
154117
189376
154117
192989
154117
79137
154117
79137
73304
250001
119931
250001
119579
119701
154117
250001
154117
176278
154117
119701
73304
180410
147077
250001
250001
206914
154117
250001
119579
250001
139392
250001
169542
189376
156383
79137
250001
79137
73304
189376
119931
189376
119579
119701
169542
189376
174961
176278
169542
119701
73304
180410
147077
189376
154117
189376
169542
189376
119579
189376
139392
189376
156383
79137
169542
79137
73304
192989
119931
192989
119579
119701
189996
192989
169542
176278
189996
119701
73304
180410
147077
192989
154117
192989
189996
192989
119579
192989
139392
192989
156383
94020
73304
79137
119931
79137
119579
79137
156383
79137
156383
79137
156383
79137
73304
79137
147077
79137
154117
79137
156383
79137
119579
79137
139392
79137
73304
79137
119931
79137
119579
79137
169542
79137
174961
79137
169542
79137
73304
79137
147077
79137
154117
79137
169542
79137
119579
79137
139392
79137
73304
250001
73304
119701
73304
250001
73304
176278
73304
119701
190596
180410
73304
250001
73304
206914
73304
250001
73304
250001
73304
250001
119579
119701
119931
250001
119931
176278
119931
119701
73304
180410
119931
250001
119931
206914
119931
250001
119579
250001
119931
250001
119579
119701
119579
119701
119579
250001
73304
119701
119579
119701
119579
119701
119579
119701
174961
119701
119579
119701
169542
176278
209011
119701
73304
180410
147077
250001
154117
206914
209011
250001
119579
250001
139392
250001
169542
119701
73304
176278
147077
176278
154117
176278
169542
176278
119579
176278
139392
176278
73304
119701
147077
119701
154117
119701
250001
119701
119579
119701
139392
119701
73304
180410
73304
180410
73304
180410
73304
180410
73304
180410
147077
206914
147077
250001
119579
250001
139392
250001
154117
206914
119579
206914
139392
206914
119579
250001
139392
250001
119579
250001
