29791
11917
29791
11917
14235
11917
30050
11917
29791
11917
34096
11917
14235
11917
40587
11917
30050
11917
29791
11917
29791
11917
29791
11917
29864
11917
30050
11917
29791
11917
40587
11917
34096
2769
29791
11917
34096
11917
29791
11917
34096
11917
29864
11917
34096
11917
34096
11917
21810
2769
34096
11917
29791
11917
34096
11917
25445
11917
29791
11917
40587
11917
34096
11917
29791
11917
29864
11917
40587
11917
29820
36697
14235
30353
29791
36697
29820
36697
29791
59153
14235
36697
29791
59153
29791
33953
29864
70413
29864
36697
30050
15119
29791
36697
29791
12974
30050
59153
29791
36697
29791
2769
30050
59153
29791
59153
29820
36697
29791
36697
29791
12974
29791
12974
29791
12974
21810
2769
29791
12974
29820
31510
29791
33953
25445
12974
29820
36697
29791
12974
29791
36697
29820
36697
29791
36697
29791
12974
14235
30353
29791
207604
30050
59153
29791
36697
14235
59153
29791
36697
29791
33953
29820
36697
29820
59153
29820
15119
29791
59153
29791
12974
29820
36697
29791
70690
29791
2769
29820
36697
29791
36697
31736
54119
29791
57453
29791
12974
29791
12974
29791
12974
21810
2769
29791
12974
31736
31510
29791
33953
25445
12974
44388
59153
29791
12974
29791
207604
31736
58296
29791
71835
29791
12974
14235
30353
14235
30353
14235
30353
250001
30353
14235
30353
14235
30353
14235
30353
14235
30353
14235
15119
14235
30353
14235
12974
14235
30353
14235
30353
14235
2769
14235
30353
14235
30353
14235
30353
14235
30353
14235
12974
14235
12974
14235
12974
14235
2769
14235
12974
14235
30353
14235
30353
14235
12974
14235
30353
14235
12974
14235
30353
14235
30353
14235
30353
14235
12974
29791
59153
30050
36697
14235
59153
30050
36697
88891
33953
29791
36697
29791
59153
29791
15119
29864
59153
44388
12974
29791
36697
30050
70690
30050
2769
29791
36697
30050
36697
29791
54119
30050
57453
29864
12974
30050
12974
30050
12974
21810
2769
30050
12974
29791
31510
30050
33953
25445
12974
29791
59153
30050
12974
30050
250001
29791
58296
29864
71835
30050
12974
29791
36697
14235
207604
29791
36697
29791
33953
29820
36697
29820
63059
29820
15119
29791
207604
29791
12974
29820
36697
29791
59153
29791
2769
29820
36697
29791
36697
30050
54119
29791
57453
29791
12974
29791
12974
29791
12974
21810
2769
29791
12974
30050
31510
29791
33953
25445
12974
30050
207604
29791
12974
29791
59153
30050
58296
29791
59153
29791
12974
14235
36697
34096
70690
30050
33953
29791
59153
29791
36697
29791
15119
29864
36697
30050
12974
29791
71069
34096
36697
184014
2769
29791
76128
184014
76128
29791
36697
91635
36697
29864
12974
184014
12974
91635
12974
21810
2769
184014
12974
29791
31510
91635
33953
25445
12974
29791
36697
34096
12974
184014
36697
29791
36697
29864
36697
34096
12974
14235
36697
14235
33953
14235
36697
14235
63059
14235
15119
14235
250001
14235
12974
14235
36697
14235
59153
14235
2769
14235
36697
14235
36697
14235
54119
14235
57453
14235
12974
14235
12974
14235
12974
14235
2769
14235
12974
14235
31510
14235
33953
14235
12974
14235
237595
14235
12974
14235
59153
14235
58296
14235
59153
14235
12974
30050
33953
29791
59153
29791
36697
29791
15119
29864
36697
30050
12974
29791
70690
40607
36697
34096
2769
29791
70690
34096
70690
29791
36697
34096
36697
29864
12974
34096
12974
34096
12974
21810
2769
34096
12974
29791
31510
34096
33953
25445
12974
29791
36697
40607
12974
34096
36697
29791
36697
29864
36697
40607
12974
29791
33953
29791
33953
29791
15119
29864
33953
44388
12974
29791
33953
30050
33953
30050
2769
29791
33953
30050
33953
29791
33953
30050
33953
29864
12974
30050
12974
30050
12974
21810
2769
30050
12974
29791
31510
30050
61483
25445
12974
29791
33953
30050
12974
30050
33953
29791
33953
29864
33953
30050
12974
30050
36697
29864
15119
29791
36697
29791
12974
29864
59153
29791
36697
29791
2769
29864
59153
29791
59153
29820
36697
29791
36697
29791
12974
29791
12974
29791
12974
21810
2769
29791
12974
29820
31510
29791
33953
25445
12974
29820
36697
29791
12974
29791
36697
29820
36697
29791
36697
29791
12974
29864
15119
29791
63059
29791
12974
29864
36697
29791
59153
29791
2769
29864
36697
29791
36697
29820
54119
29791
57453
29791
12974
29791
12974
29791
12974
21810
2769
29791
12974
29820
31510
29791
33953
25445
12974
29820
63059
29791
12974
29791
59153
29820
58296
29791
59153
29791
12974
29791
15119
29791
12974
44388
15119
29791
15119
29791
2769
34096
15119
29791
15119
29820
15119
29791
15119
29791
12974
29791
12974
29791
12974
21810
2769
29791
12974
29820
15119
29791
15119
25445
12974
29820
15119
29791
12974
29791
15119
29820
15119
29791
15119
29791
12974
29864
12974
29791
36697
29864
59153
29864
2769
29791
36697
29864
36697
29791
54119
29864
57453
44388
12974
29864
12974
29864
12974
21810
2769
29864
12974
29791
31510
29864
33953
25445
12974
29791
237595
29864
12974
29864
59153
29791
58296
30050
59153
29864
12974
29791
12974
30050
12974
30050
2769
29791
12974
30050
12974
29791
12974
30050
12974
29864
250001
30050
204376
30050
33953
21810
2769
30050
39150
29791
12974
30050
12974
25445
30353
29791
12974
30050
36697
30050
12974
29791
12974
29864
12974
30050
70690
29791
36697
29791
2769
34096
71069
29791
71069
29820
36697
29791
36697
29791
12974
29791
12974
29791
12974
21810
2769
29791
12974
29820
31510
29791
33953
25445
12974
29820
36697
29791
12974
29791
36697
29820
36697
29791
36697
29791
12974
34096
2769
29791
36697
34096
36697
29791
54119
34096
57453
29864
12974
34096
12974
34096
12974
21810
2769
34096
12974
29791
31510
34096
33953
25445
12974
29791
59153
250001
12974
34096
70690
29791
58296
29864
70690
201944
12974
29791
2769
250001
2769
29791
2769
91635
2769
29864
2769
245999
2769
91635
2769
21810
11917
250001
2769
29791
2769
91635
2769
25445
2769
29791
2769
34096
2769
239349
2769
29791
2769
29864
2769
34096
2769
29791
207604
29820
36697
29791
36697
29791
12974
29791
12974
29791
12974
21810
2769
29791
12974
29820
31510
29791
33953
25445
12974
29820
36697
29791
12974
29791
36697
29820
36697
29791
36697
29791
12974
29791
36697
91635
36697
29864
12974
245999
12974
91635
12974
21810
2769
250001
12974
29791
31510
91635
33953
25445
12974
29791
36697
34096
12974
239349
36697
29791
36697
29864
36697
34096
12974
29791
54119
29791
12974
29791
12974
29791
12974
21810
2769
29791
12974
35341
31510
29791
33953
25445
12974
31736
54119
29791
12974
29791
54119
34096
54119
29791
54119
29791
12974
29864
12974
91635
12974
140166
12974
21810
2769
91635
12974
29791
31510
140166
33953
25445
12974
29791
57453
34096
12974
91635
57453
29791
57453
29864
57453
34096
12974
29864
204376
29864
33953
21810
2769
29864
39150
29791
12974
29864
12974
25445
30353
29791
12974
29864
36697
29864
12974
29791
12974
30050
12974
29864
70690
91635
33953
21810
2769
245999
39150
29791
12974
91635
12974
25445
30353
29791
12974
34096
36697
239349
12974
29791
12974
29864
12974
34096
70690
21810
2769
91635
33953
29791
12974
250001
12974
25445
30353
29791
12974
34096
33953
91635
12974
29791
12974
29864
12974
34096
33953
21810
2769
21810
2769
21810
2769
21810
2769
21810
2769
21810
2769
21810
2769
21810
2769
21810
2769
21810
2769
29791
12974
91635
12974
25445
30353
29791
12974
34096
36697
239349
12974
29791
12974
29864
12974
34096
39150
29791
31510
25445
12974
31736
31510
29791
12974
29791
31510
34096
31510
29791
31510
29791
12974
25445
12974
29791
33953
34096
12974
91635
33953
29791
33953
29864
33953
34096
12974
25445
12974
25445
30353
25445
12974
25445
12974
25445
12974
25445
30353
29791
12974
29791
59153
31736
58296
29791
59153
29791
12974
34096
12974
29791
12974
29864
12974
201944
36697
29791
58296
29864
71835
34096
12974
29791
58296
29791
12974
29864
12974
