64823
132319
128963
132319
181289
132319
250001
132319
32681
77010
115592
132319
128963
132319
181289
132319
128963
132319
32681
132319
128963
132319
82129
77010
32681
132319
61335
132319
32681
77010
76889
132319
181289
132319
32681
77010
74709
132319
92732
132319
85856
132319
32681
77010
61335
132319
65317
132319
181289
132319
181289
132319
32681
37092
181289
77010
32681
37092
76889
132319
76889
132319
74709
132319
128963
132319
128963
132319
162720
132319
82129
132319
82129
132319
64823
173975
64823
226883
64823
174212
32681
77010
64823
165200
64823
173975
64823
250001
64823
250001
32681
250001
64823
250001
64823
77010
32681
134842
61335
226883
32681
77010
64823
134842
64823
173975
32681
77010
64823
174212
64823
173975
64823
173975
32681
77010
61335
174212
64823
174212
64823
250001
64823
216646
32681
37092
64823
77010
32681
37092
64823
161509
64823
173975
64823
216646
64823
223229
64823
226883
64823
250001
64823
250001
64823
250001
128963
173975
128963
173975
32681
77010
115592
165200
162720
214272
128963
173975
181289
173975
32681
173975
181289
173975
82129
77010
32681
134842
61335
173975
32681
77010
76889
134842
128963
214272
32681
77010
74709
173975
92732
214272
85856
214272
32681
77010
61335
173975
65317
173975
128963
173975
128963
173975
32681
37092
128963
77010
32681
37092
76889
161509
76889
194075
74709
173975
250001
173975
181289
173975
128963
173975
82129
173975
82129
173975
181289
174212
32681
77010
115592
165200
128963
173975
250001
226883
128963
226883
32681
226883
128963
226883
82129
77010
32681
134842
61335
229805
32681
77010
76889
134842
250001
173975
32681
77010
74709
174212
92732
173975
85856
173975
32681
77010
61335
174212
65317
174212
250001
226883
250001
216646
32681
37092
250001
77010
32681
37092
76889
161509
76889
173975
74709
216646
128963
223229
128963
243115
162720
226883
82129
226883
82129
226883
32681
77010
115592
165200
128963
173975
181289
174212
128963
174212
32681
174212
128963
174212
82129
77010
32681
134842
61335
174212
32681
77010
76889
134842
181289
173975
32681
77010
74709
240636
92732
173975
85856
173975
32681
77010
61335
240636
65317
226883
181289
174212
181289
174212
32681
37092
181289
77010
32681
37092
76889
161509
76889
173975
74709
174212
128963
174212
128963
174212
162720
174212
82129
174212
82129
174212
32681
77010
32681
77010
32681
77010
32681
77010
40282
77010
32681
77010
32681
145060
40282
77010
32681
77010
40282
181419
32681
77010
32681
77010
78575
181419
32681
77010
32681
77010
32681
77010
40282
181419
32681
77010
32681
77010
32681
77010
32681
77010
40282
37092
32681
145060
40282
37092
32681
77010
32681
77010
32681
77010
32681
77010
32681
77010
32681
77010
32681
77010
32681
77010
115592
165200
115592
165200
115592
165200
32681
165200
115592
165200
82129
77010
32681
134842
61335
165200
32681
77010
76889
134842
115592
165200
32681
77010
74709
165200
92732
165200
85856
165200
32681
77010
61335
165200
65317
165200
115592
165200
115592
165200
32681
37092
115592
77010
32681
37092
76889
161509
76889
165200
74709
165200
115592
165200
115592
165200
115592
165200
82129
165200
82129
165200
128963
173975
162720
173975
32681
173975
162720
173975
82129
77010
32681
134842
61335
173975
32681
77010
76889
134842
128963
215258
32681
77010
74709
173975
92732
215258
85856
215258
32681
77010
61335
173975
65317
173975
128963
173975
128963
173975
32681
37092
128963
77010
32681
37092
76889
161509
76889
194075
74709
173975
162720
173975
162720
173975
128963
173975
82129
173975
82129
173975
128963
250001
32681
250001
128963
250001
82129
77010
32681
134842
61335
226883
32681
77010
76889
134842
250001
173975
32681
77010
74709
174212
92732
173975
85856
173975
32681
77010
61335
174212
65317
174212
250001
250001
250001
216646
32681
37092
250001
77010
32681
37092
76889
161509
76889
173975
74709
216646
128963
223229
128963
226883
162720
250001
82129
250001
82129
250001
32681
250001
250001
250001
82129
77010
32681
134842
61335
226883
32681
77010
76889
134842
128963
173975
32681
77010
74709
174212
92732
173975
85856
173975
32681
77010
61335
174212
65317
174212
128963
250001
128963
216646
32681
37092
128963
77010
32681
37092
76889
161509
76889
173975
74709
216646
181289
223229
250001
226883
128963
250001
82129
250001
82129
250001
32681
250001
32681
77010
82129
134842
32681
226883
83739
77010
32681
134842
32681
173975
40282
77010
32681
174212
32681
173975
32681
173975
103209
77010
32681
174212
32681
174212
32681
250001
32681
216646
122023
37092
32681
77010
82129
37092
32681
161509
32681
173975
32681
216646
32681
223229
32681
226883
32681
250001
32681
250001
32681
250001
82129
77010
32681
134842
61335
226883
32681
77010
76889
134842
128963
173975
32681
77010
74709
174212
92732
173975
85856
173975
32681
77010
61335
174212
65317
174212
128963
250001
128963
216646
32681
37092
128963
77010
32681
37092
76889
161509
76889
173975
74709
216646
181289
223229
250001
226883
128963
250001
82129
250001
82129
250001
32681
77010
61335
77010
32681
145060
76889
77010
82129
77010
32681
145060
74709
77010
82129
77010
82129
77010
32681
145060
61335
77010
65317
77010
82129
77010
82129
77010
32681
37092
82129
229788
32681
37092
76889
77010
76889
77010
74709
77010
82129
77010
82129
77010
82129
77010
84537
77010
91564
77010
32681
134842
82129
77010
32681
174212
32681
134842
40282
77010
32681
134842
32681
134842
32681
134842
82129
77010
32681
134842
32681
134842
32681
134842
32681
134842
82129
37092
32681
77010
91564
37092
32681
134842
32681
134842
32681
134842
32681
134842
32681
134842
32681
134842
32681
134842
32681
134842
32681
77010
61335
134842
61335
173975
32681
77010
61335
174212
61335
173975
61335
173975
32681
77010
64823
174212
61335
174212
61335
226883
61335
216646
32681
37092
61335
77010
32681
37092
61335
161509
61335
173975
61335
216646
61335
223229
61335
229805
61335
226883
61335
226883
61335
226883
32681
77010
32681
77010
40282
238907
32681
77010
32681
77010
32681
77010
83739
201547
32681
77010
32681
77010
32681
77010
32681
77010
83739
37092
32681
145060
82129
37092
32681
77010
32681
77010
32681
77010
32681
77010
32681
77010
32681
77010
32681
77010
32681
77010
76889
134842
32681
77010
74709
134842
76889
134842
76889
134842
32681
77010
61335
134842
65317
134842
76889
134842
76889
134842
32681
37092
76889
77010
32681
37092
78575
134842
78575
134842
74709
134842
76889
134842
76889
134842
76889
134842
76889
134842
76889
134842
32681
77010
74709
173975
92732
237747
85856
216646
32681
77010
61335
173975
65317
173975
250001
173975
250001
173975
32681
37092
250001
77010
32681
37092
76889
161509
76889
194075
74709
173975
128963
173975
128963
173975
162720
173975
82129
173975
82129
173975
32681
77010
32681
77010
32681
77010
40282
201547
32681
77010
32681
77010
32681
77010
32681
77010
40282
37092
32681
145060
40282
37092
32681
77010
32681
77010
32681
77010
32681
77010
32681
77010
32681
77010
32681
77010
32681
77010
74709
173975
74709
173975
32681
77010
61335
250001
65317
226883
74709
174212
74709
174212
32681
37092
74709
77010
32681
37092
74709
161509
74709
173975
162720
174212
74709
174212
74709
174212
74709
174212
74709
174212
74709
174212
85856
216646
32681
77010
61335
173975
65317
173975
92732
173975
92732
173975
32681
37092
92732
77010
32681
37092
76889
161509
76889
194075
74709
173975
92732
173975
92732
173975
92732
173975
82129
173975
82129
173975
32681
77010
61335
173975
65317
173975
85856
173975
85856
173975
32681
37092
85856
77010
32681
37092
76889
161509
76889
194075
74709
173975
85856
173975
85856
173975
85856
173975
82129
173975
82129
173975
32681
77010
32681
77010
32681
77010
32681
77010
103209
37092
32681
145060
82129
37092
32681
77010
32681
77010
32681
77010
32681
77010
32681
77010
32681
77010
32681
77010
32681
77010
61335
226883
61335
174212
61335
174212
32681
37092
61335
77010
32681
37092
61335
161509
61335
173975
61335
174212
61335
174212
61335
174212
61335
174212
61335
174212
61335
174212
65317
174212
65317
174212
32681
37092
65317
77010
32681
37092
65317
161509
65317
173975
65317
174212
65317
174212
65317
174212
65317
174212
65317
174212
65317
174212
250001
216646
32681
37092
250001
77010
32681
37092
76889
161509
76889
173975
74709
216646
128963
223229
128963
226883
162720
250001
82129
250001
82129
250001
32681
37092
250001
77010
32681
37092
76889
161509
76889
173975
74709
250001
128963
216646
128963
216646
162720
216646
82129
216646
82129
216646
32681
37092
82129
101058
32681
37092
32681
37092
32681
37092
32681
37092
32681
37092
32681
37092
32681
37092
32681
37092
32681
37092
76889
77010
76889
77010
74709
77010
128963
77010
128963
77010
162720
77010
82129
77010
82129
77010
32681
37092
32681
37092
32681
37092
32681
37092
32681
37092
32681
37092
32681
37092
32681
37092
82129
161509
74709
161509
76889
161509
76889
161509
76889
161509
76889
161509
76889
161509
74709
173975
76889
173975
76889
173975
76889
173975
76889
173975
76889
173975
74709
216646
74709
216646
74709
216646
74709
216646
74709
216646
181289
223229
128963
223229
82129
223229
82129
223229
128963
226883
82129
226883
82129
226883
82129
250001
82129
250001
84537
250001
