71069
15200
71069
15200
71069
15200
71069
15200
71069
15200
71069
15200
71069
15200
71069
15200
71069
15200
71069
15200
71069
15200
71069
15200
65533
15200
71069
15200
71069
15200
250001
15200
71069
15200
65533
15249
71069
15200
71069
15200
71069
15200
71069
15200
71069
15200
71069
15200
71069
15200
71069
15200
71069
15200
71069
15200
71069
15200
71069
15200
71069
15200
65533
15200
71069
15200
71069
15200
71069
15200
135568
15249
229127
15249
177440
15249
250001
15249
250001
15249
250001
15249
250001
15249
250001
15249
190243
15249
190243
15249
135568
15249
65533
15249
250001
15249
162177
15249
71069
15249
250001
15249
65533
15200
250001
15249
250001
15249
250001
15249
250001
15249
250001
15249
250001
15249
177440
15249
250001
15249
135568
15249
250001
15249
250001
15249
250001
15249
250001
15249
65533
15249
250001
15249
250001
15249
250001
15249
135568
19251
135568
101542
135568
238188
135568
238188
135568
19251
135568
101542
135568
19251
135568
101542
135568
19251
162177
19251
65533
101542
135568
18682
135568
82280
71069
101542
135568
25600
65533
15200
135568
101542
135568
101542
135568
101542
135568
19251
135568
19251
135568
19251
135568
101542
135568
93993
250001
19251
135568
101542
135568
19251
135568
101542
135568
101542
65533
115655
135568
89788
135568
101542
135568
19251
177440
19251
229127
19251
229127
19251
229127
101542
229127
19251
229127
101542
190243
19251
190243
101542
135568
89788
65533
19251
229127
18682
162177
19251
71069
19251
229127
19251
65533
15200
229127
19251
229127
19251
229127
19251
229127
101542
229127
101542
229127
30188
177440
19251
229127
19251
135568
101542
229127
19251
229127
101542
229127
19251
229127
19251
65533
19251
229127
19251
229127
19251
229127
101542
177440
101542
177440
101542
177440
19251
177440
111488
177440
19251
177440
131828
177440
19251
135568
19251
65533
114192
177440
18682
162177
82280
71069
183429
177440
25600
65533
15200
177440
198349
177440
198349
177440
198349
177440
19251
177440
19251
177440
19251
250001
198349
177440
93993
135568
19251
177440
113199
177440
19251
177440
113199
177440
198349
65533
101542
177440
89788
177440
198349
177440
19251
250001
250001
250001
19251
250001
101542
250001
19251
190243
101542
190243
19251
135568
19251
65533
101542
250001
18682
162177
82280
71069
101542
250001
25600
65533
15200
250001
101542
250001
101542
250001
101542
250001
19251
250001
19251
250001
19251
177440
101542
250001
93993
135568
19251
250001
101542
250001
19251
250001
101542
250001
101542
65533
115655
250001
89788
250001
101542
250001
19251
250001
19251
250001
101542
250001
19251
190243
101542
190243
19251
135568
19251
65533
101542
250001
18682
162177
82280
71069
101542
250001
25600
65533
15200
250001
101542
250001
101542
250001
101542
250001
19251
250001
19251
250001
19251
177440
101542
250001
93993
135568
19251
250001
101542
250001
19251
250001
101542
250001
101542
65533
115655
250001
89788
250001
101542
250001
19251
250001
19251
250001
114192
190243
19251
190243
111488
135568
89788
65533
19251
250001
18682
162177
19251
71069
19251
250001
19251
65533
15200
250001
19251
250001
19251
250001
19251
250001
250001
250001
115655
250001
30188
177440
19251
250001
19251
135568
131828
250001
19251
250001
198349
250001
19251
250001
19251
65533
19251
250001
19251
250001
19251
250001
250001
250001
19251
190243
111488
190243
19251
135568
19251
65533
111488
250001
18682
162177
82280
71069
111488
250001
25600
65533
15200
250001
111488
250001
111488
250001
111488
250001
19251
250001
19251
250001
19251
177440
111488
250001
93993
135568
19251
250001
111488
250001
19251
250001
111488
250001
111488
65533
101542
250001
89788
250001
111488
250001
19251
190243
19251
190243
111488
135568
89788
65533
19251
250001
18682
162177
19251
71069
19251
250001
19251
65533
15200
250001
19251
250001
19251
250001
19251
250001
114192
250001
114192
250001
30188
177440
19251
250001
19251
135568
114192
250001
19251
250001
114192
250001
19251
250001
19251
65533
19251
250001
19251
250001
19251
250001
114192
250001
19251
135568
19251
65533
114192
190243
18682
162177
82280
71069
131828
190243
25600
65533
15200
190243
131828
190243
131828
190243
131828
190243
19251
190243
19251
190243
19251
177440
131828
190243
93993
135568
19251
190243
113199
190243
19251
190243
113199
190243
131828
65533
101542
190243
89788
190243
131828
190243
19251
135568
89788
65533
19251
190243
18682
162177
19251
71069
19251
190243
19251
65533
15200
190243
19251
190243
19251
190243
19251
190243
111488
190243
111488
190243
30188
177440
19251
190243
19251
135568
111488
190243
19251
190243
111488
190243
19251
190243
19251
65533
19251
190243
19251
190243
19251
190243
111488
65533
19251
135568
18682
135568
19251
71069
19251
135568
19251
65533
15200
135568
19251
135568
19251
135568
19251
135568
89788
135568
89788
135568
30188
135568
19251
135568
19251
162177
89788
135568
19251
135568
89788
135568
19251
135568
19251
65533
19251
135568
19251
135568
19251
135568
89788
65533
18682
65533
82280
65533
114192
65533
25600
250001
15200
65533
114192
65533
114192
65533
114192
65533
19251
65533
19251
65533
19251
65533
114192
65533
93993
65533
19251
65533
113199
65533
19251
65533
113199
65533
114192
162177
101542
65533
89788
65533
114192
65533
19251
162177
18682
71069
18682
250001
18682
65533
15200
250001
18682
250001
18682
250001
18682
250001
18682
250001
18682
250001
18682
177440
18682
250001
18682
135568
18682
250001
18682
250001
18682
250001
18682
250001
18682
65533
18682
250001
18682
250001
18682
250001
18682
71069
82280
162177
25600
65533
15200
162177
82280
162177
82280
162177
82280
162177
19251
162177
19251
162177
19251
162177
82280
162177
82280
135568
19251
162177
82280
162177
19251
162177
82280
162177
82280
65533
82280
162177
82280
162177
82280
162177
19251
71069
25600
65533
15200
71069
183429
71069
183429
71069
183429
71069
19251
71069
19251
71069
19251
71069
183429
71069
93993
71069
19251
71069
113199
71069
19251
71069
113199
71069
183429
65533
101542
71069
89788
71069
183429
71069
19251
65533
15200
250001
25600
250001
25600
250001
25600
250001
19251
250001
19251
250001
19251
177440
25600
250001
25600
135568
19251
250001
25600
250001
19251
250001
25600
250001
25600
65533
25600
250001
25600
250001
25600
250001
19251
65533
15200
65533
15200
65533
15200
65533
15200
65533
15200
65533
15200
65533
15200
65533
15200
65533
15200
65533
15200
65533
15200
65533
15200
65533
15200
162177
15200
65533
15200
65533
15200
65533
15200
250001
238188
250001
250001
250001
19251
250001
19251
250001
19251
177440
250001
250001
93993
135568
19251
250001
113199
250001
19251
250001
113199
250001
250001
65533
101542
250001
89788
250001
238188
250001
19251
250001
238188
250001
19251
250001
19251
250001
19251
177440
238188
250001
93993
135568
19251
250001
113199
250001
19251
250001
113199
250001
238188
65533
101542
250001
89788
250001
250001
250001
19251
250001
19251
250001
19251
250001
19251
177440
250001
250001
93993
135568
19251
250001
113199
250001
19251
250001
113199
250001
250001
65533
101542
250001
89788
250001
238188
250001
19251
250001
115655
250001
30188
177440
19251
250001
19251
135568
131828
250001
19251
250001
198349
250001
19251
250001
19251
65533
19251
250001
19251
250001
19251
250001
250001
250001
30188
177440
19251
250001
19251
135568
115655
250001
19251
250001
115655
250001
19251
250001
19251
65533
19251
250001
19251
250001
19251
250001
115655
177440
19251
250001
19251
135568
30188
250001
19251
250001
30188
250001
19251
250001
19251
65533
19251
250001
19251
250001
19251
250001
30188
177440
93993
135568
19251
177440
113199
177440
19251
177440
113199
177440
250001
65533
101542
177440
89788
177440
238188
177440
19251
135568
19251
250001
93993
250001
19251
250001
93993
250001
93993
65533
93993
250001
89788
250001
93993
250001
19251
135568
19251
135568
131828
135568
19251
135568
19251
65533
19251
135568
19251
135568
19251
135568
131828
250001
19251
250001
116622
250001
113199
65533
101542
250001
89788
250001
113199
250001
19251
250001
19251
250001
19251
65533
19251
250001
19251
250001
19251
250001
198349
250001
113199
65533
101542
250001
89788
250001
113199
250001
19251
65533
101542
250001
89788
250001
238188
250001
19251
65533
89788
65533
101542
65533
19251
250001
89788
250001
19251
250001
19251
