105903
59787
105903
59787
105903
60670
105903
60670
105903
59787
105903
55049
71083
55049
144286
5816
144286
59787
105903
59787
105903
59787
105903
59787
105903
55049
144286
59787
82810
60670
144286
57494
105903
59787
105903
59787
105903
59787
105903
60670
105903
59787
105903
59787
105903
59787
105903
60670
105903
59787
105903
5816
105903
59787
105903
59787
79029
59787
105903
59787
71083
60670
144286
5816
144286
5816
105903
59787
120793
144322
120793
59787
120793
59787
120793
144322
120793
55049
71083
55049
105903
5816
105903
144322
120793
144322
120793
144322
120793
144322
120793
55049
105903
208537
82810
59787
105903
57494
120793
144322
120793
163657
120793
144322
120793
59787
120793
144322
120793
144322
120793
218485
109841
59787
120793
144322
120793
5816
120793
144322
120793
144322
79029
144322
120793
144322
71083
59787
105903
5816
105903
5816
120793
144322
128754
59787
128754
59787
128754
250001
128754
55049
71083
55049
105903
5816
105903
250001
128754
179666
128754
179666
127468
167928
128754
55049
105903
144322
82810
59787
105903
57494
128754
179666
128754
144322
128754
250001
128754
59787
128754
179666
128754
179666
128754
144322
109841
59787
128754
179666
128754
5816
128754
179666
128754
179666
79029
179666
127468
167928
71083
59787
105903
5816
105903
5816
128754
250001
250001
189262
144286
59787
250001
55049
71083
55049
105903
5816
105903
59787
250001
59787
250001
59787
127468
59787
250001
55049
105903
59787
82810
179666
105903
57494
250001
59787
250001
59787
250001
59787
168739
189262
144286
59787
250001
59787
245550
59787
109841
189262
250001
59787
159087
5816
216528
59787
250001
59787
79029
59787
127468
59787
71083
179666
105903
5816
105903
5816
250001
59787
144286
59787
250001
55049
71083
55049
105903
5816
105903
59787
250001
59787
250001
59787
127468
59787
250001
55049
105903
59787
82810
179666
105903
57494
250001
59787
250001
59787
250001
59787
168739
250001
144286
59787
250001
59787
245550
59787
109841
250001
250001
59787
159087
5816
216528
59787
250001
59787
79029
59787
127468
59787
71083
179666
105903
5816
105903
5816
250001
59787
144286
55049
71083
55049
105903
5816
105903
250001
144286
179666
144286
179666
127468
167928
144286
55049
105903
144322
82810
59787
105903
57494
144286
179666
144286
144322
144286
250001
144286
59787
146874
179666
144286
179666
144286
144322
109841
59787
144286
179666
144286
5816
144286
179666
144286
179666
79029
179666
127468
167928
71083
59787
105903
5816
105903
5816
144286
250001
71083
56596
105903
5816
105903
55049
250001
55049
250001
55049
127468
55049
250001
163657
105903
55049
82810
55049
105903
55049
250001
55049
250001
55049
250001
55049
168739
55049
144286
55049
250001
55049
245550
55049
109841
55049
250001
55049
159087
5816
216528
55049
250001
55049
79029
55049
127468
55049
71083
55049
105903
5816
105903
5816
250001
55049
71083
5816
71083
55049
71083
55049
71083
55049
71083
55049
71083
56596
71083
55049
71083
55049
71083
55049
71083
55049
71083
55049
71083
55049
71083
55049
71083
55049
71083
55049
71083
55049
71083
55049
71083
55049
71083
5816
71083
55049
71083
55049
71083
55049
71083
55049
79029
55049
71083
5816
71083
5816
71083
55049
161842
5816
105903
5816
105903
5816
105903
5816
105903
5816
172630
5816
82810
5816
161842
5816
105903
5816
105903
5816
105903
5816
105903
5816
105903
5816
105903
5816
105903
5816
105903
5816
105903
5816
105903
59787
105903
5816
105903
5816
79029
5816
105903
5816
71083
5816
250001
59787
172630
250001
105903
5816
105903
179666
105903
179666
105903
167928
105903
55049
161842
144322
82810
59787
178489
57494
105903
179666
105903
144322
105903
250001
105903
59787
105903
179666
105903
179666
105903
144322
105903
59787
105903
179666
105903
5816
105903
179666
105903
179666
79029
179666
105903
167928
71083
59787
161842
5816
161842
5816
105903
250001
250001
189262
127468
167928
250001
55049
105903
144322
82810
59787
105903
57494
250001
250001
250001
144322
250001
179666
168739
59787
144286
189262
250001
189262
245550
144322
109841
59787
250001
189262
159087
5816
216528
250001
250001
189262
79029
189262
127468
167928
71083
59787
105903
5816
105903
5816
250001
179666
127468
167928
250001
55049
105903
144322
82810
59787
105903
57494
250001
189262
250001
144322
250001
179666
168739
59787
144286
250001
250001
250001
245550
144322
109841
59787
250001
250001
159087
5816
216528
189262
250001
250001
79029
250001
127468
167928
71083
59787
105903
5816
105903
5816
250001
179666
127468
55049
105903
144322
82810
59787
105903
57494
127468
167928
127468
144322
127468
167928
127468
59787
127468
167928
127468
167928
127468
144322
109841
59787
127468
167928
127468
5816
127468
167928
127468
167928
79029
167928
250001
250001
71083
59787
105903
5816
105903
5816
127468
167928
105903
55049
82810
55049
105903
55049
250001
55049
250001
55049
250001
55049
168739
55049
144286
55049
250001
55049
245550
55049
109841
55049
250001
55049
159087
5816
216528
55049
250001
55049
79029
55049
127468
55049
71083
55049
105903
5816
105903
5816
250001
55049
82810
59787
161842
57494
105903
144322
105903
163657
105903
144322
105903
59787
105903
144322
105903
144322
105903
208537
105903
59787
105903
144322
105903
5816
105903
144322
105903
144322
79029
144322
105903
144322
71083
59787
172630
5816
241503
5816
105903
144322
82810
57494
82810
59787
82810
59787
82810
59787
82810
179666
82810
59787
82810
59787
82810
59787
82810
179666
82810
59787
82810
5816
82810
59787
82810
59787
79029
59787
82810
59787
71083
250001
82810
5816
82810
5816
82810
59787
105903
57494
105903
57494
105903
57494
105903
57494
105903
57494
105903
57494
105903
57494
105903
57494
105903
57494
105903
5816
105903
57494
105903
57494
79029
57494
105903
57494
71083
57494
161842
5816
161842
5816
105903
57494
250001
144322
250001
179666
168739
59787
144286
189262
250001
189262
245550
144322
109841
59787
250001
189262
159087
5816
216528
250001
250001
189262
79029
189262
127468
167928
71083
59787
105903
5816
105903
5816
250001
179666
250001
144322
168739
59787
144286
144322
250001
144322
245550
163657
109841
59787
250001
144322
159087
5816
216528
144322
250001
144322
79029
144322
127468
144322
71083
59787
105903
5816
105903
5816
250001
144322
168739
59787
144286
179666
250001
179666
245550
144322
109841
59787
250001
179666
159087
5816
216528
179666
250001
179666
79029
179666
127468
167928
71083
59787
105903
5816
105903
5816
250001
250001
144286
59787
168739
59787
168739
59787
109841
250001
168739
59787
159087
5816
168739
59787
168739
59787
79029
59787
127468
59787
71083
179666
105903
5816
105903
5816
168739
59787
144286
250001
144286
144322
109841
59787
144286
250001
144286
5816
144286
189262
144286
250001
79029
250001
127468
167928
71083
59787
105903
5816
105903
5816
144286
179666
245550
144322
109841
59787
250001
250001
159087
5816
216528
189262
250001
250001
79029
250001
127468
167928
71083
59787
105903
5816
105903
5816
250001
179666
109841
59787
245550
144322
159087
5816
216528
144322
245550
144322
79029
144322
127468
144322
71083
59787
105903
5816
105903
5816
245550
144322
109841
59787
109841
5816
109841
59787
109841
59787
79029
59787
109841
59787
71083
179666
105903
5816
105903
5816
109841
59787
159087
5816
216528
189262
250001
250001
79029
250001
127468
167928
71083
59787
105903
5816
105903
5816
250001
179666
159087
5816
159087
5816
79029
5816
127468
5816
71083
5816
105903
163657
105903
59787
159087
5816
216528
189262
79029
189262
127468
167928
71083
59787
105903
5816
105903
5816
216528
179666
79029
250001
127468
167928
71083
59787
105903
5816
105903
5816
250001
179666
79029
167928
71083
59787
79029
5816
79029
5816
79029
179666
71083
59787
105903
5816
105903
5816
127468
167928
71083
5816
71083
5816
71083
59787
172630
59787
105903
5816
105903
5816
