165699
14236
165699
59795
15238
1660
15238
12440
15238
1660
15238
1660
98620
84722
148397
84722
15238
59795
165699
84722
15238
1660
144213
84722
165699
84722
8630
1660
165699
84722
162892
84722
15238
1660
165699
1660
139772
1660
99193
1660
162892
84722
165699
84722
165699
59795
165699
59795
165699
59795
131010
84722
57130
84722
69061
84722
68534
109606
165699
84722
57130
14236
132329
84722
15238
1660
165699
31186
146098
14236
15238
1660
95173
109606
15238
1660
165699
59795
165699
84722
15238
1660
8630
1660
165699
6137
148397
84722
93183
84722
126419
84722
165699
84722
165699
84722
2818
21314
15238
1660
165699
84722
138793
84722
70040
14236
145360
84722
162892
84722
15238
1660
165699
6137
93183
84722
15238
84722
165699
84722
165699
49759
165699
31186
99193
84722
15238
1660
15238
1660
165699
84722
15238
1660
165699
109606
2818
31186
165699
12440
15238
1660
15238
1660
207599
14236
15238
1660
15238
12440
15238
1660
15238
1660
98620
14236
148397
14236
15238
14236
190997
14236
15238
1660
144213
14236
165756
14236
8630
1660
207599
14236
162892
14236
15238
1660
202913
1660
139772
1660
99193
1660
162892
14236
166784
14236
193470
14236
193470
14236
207599
14236
131010
14236
57130
14236
69061
14236
68534
14236
207599
14236
57130
17190
132329
14236
15238
1660
207599
14236
146098
17190
15238
1660
95173
14236
15238
1660
187351
14236
199049
14236
15238
1660
8630
1660
178194
6137
148397
14236
93183
14236
126419
14236
181313
14236
193707
14236
2818
14236
15238
1660
201270
14236
138793
14236
70040
18869
145360
14236
162892
14236
15238
1660
193707
6137
93183
14236
15238
14236
191535
14236
193707
14236
193707
14236
99193
14236
15238
1660
15238
1660
201270
14236
15238
1660
178194
14236
2818
14236
207599
12440
15238
1660
15238
1660
15238
1660
15238
12440
15238
1660
15238
1660
98620
59795
148397
59795
15238
84722
190997
59795
15238
1660
144213
59795
165756
59795
8630
1660
209369
59795
162892
59795
15238
1660
202913
1660
139772
1660
99193
1660
162892
59795
166784
59795
193470
112423
193470
112423
246853
112423
131010
59795
57130
59795
69061
59795
68534
59795
235013
59795
57130
14236
132329
59795
15238
1660
209369
31186
146098
14236
15238
1660
95173
59795
15238
1660
187351
91798
199049
59795
15238
1660
8630
1660
178194
6137
148397
59795
93183
59795
126419
59795
181313
59795
193707
59795
2818
21314
15238
1660
201270
59795
138793
59795
70040
14236
145360
59795
162892
59795
15238
1660
193707
6137
93183
59795
15238
59795
191535
59795
193707
49759
193707
31186
99193
59795
15238
1660
15238
1660
201270
59795
15238
1660
178194
59795
2818
31186
235013
12440
15238
1660
15238
1660
57329
1660
23565
20675
28463
19471
15238
1660
15238
1660
23565
1660
15238
1660
57130
20675
15238
1660
15238
1660
8630
19471
15238
1660
15238
1660
40114
97745
15238
18065
15238
12440
15238
12440
15238
1660
15238
1660
15238
1660
15238
1660
15238
1660
15238
1660
15238
1660
15238
1660
15238
1660
15238
1660
15238
1660
15238
1660
132488
11682
15238
1660
15238
1660
191812
11682
15238
1660
191604
11682
15238
1660
15238
1660
28463
18925
8630
12440
15238
1660
15238
1660
15238
1660
15238
1660
15238
1660
15238
1660
2818
1660
28463
18925
15238
1660
15238
1660
15238
1660
15238
1660
15238
1660
28463
20675
15238
1660
15238
1660
57130
1660
15238
1660
15238
1660
15238
1660
15238
1660
201270
19471
98620
25431
15238
1660
107514
11682
15238
1660
2818
1660
15238
1660
57130
18065
57130
25467
23565
1660
28463
1660
15238
12440
15238
12440
23565
12440
15238
12440
57130
1660
15238
12440
15238
12440
8630
1660
15238
12440
15238
12440
40114
1660
15238
1660
15238
1660
15238
1660
15238
12440
15238
12440
15238
12440
15238
12440
15238
12440
15238
12440
15238
12440
15238
12440
15238
12440
15238
12440
15238
12440
15238
12440
57329
1660
15238
12440
15238
12440
57329
1660
15238
12440
57329
1660
15238
12440
15238
12440
28463
1660
8630
1660
15238
6137
15238
12440
15238
12440
15238
12440
15238
12440
15238
12440
2818
12440
28463
1660
15238
12440
15238
12440
15238
12440
15238
12440
15238
12440
28463
1660
15238
6137
15238
12440
57130
12440
15238
12440
15238
12440
15238
12440
15238
12440
57329
1660
57329
1660
15238
12440
57329
1660
15238
12440
2818
12440
15238
19471
57130
1660
57130
1660
23565
19471
15238
1660
15238
1660
40114
1660
15238
1660
23565
32620
15238
1660
15238
1660
8630
19471
15238
1660
15238
1660
23565
20675
15238
18065
15238
12440
15238
12440
15238
1660
15238
1660
15238
1660
15238
1660
15238
1660
15238
1660
15238
1660
15238
1660
15238
1660
15238
1660
15238
1660
15238
1660
23565
11682
15238
1660
15238
1660
23565
11682
15238
1660
23565
11682
15238
1660
15238
1660
23565
18925
8630
12440
15238
1660
15238
1660
15238
1660
15238
1660
15238
1660
15238
1660
2818
1660
23565
18925
15238
1660
15238
1660
15238
1660
15238
1660
15238
1660
23565
25431
15238
1660
15238
1660
23565
1660
15238
1660
15238
1660
15238
1660
15238
1660
23565
19471
23565
20675
15238
1660
23565
11682
15238
1660
2818
1660
15238
1660
23565
18065
23565
20675
15238
1660
15238
1660
23565
1660
15238
1660
28463
19471
15238
1660
15238
1660
8630
25431
15238
1660
15238
1660
28463
19471
15238
18065
15238
12440
15238
12440
15238
1660
15238
1660
15238
1660
15238
1660
15238
1660
15238
1660
15238
1660
15238
1660
15238
1660
15238
1660
15238
1660
15238
1660
28463
11682
15238
1660
15238
1660
28463
11682
15238
1660
28463
11682
15238
1660
15238
1660
93183
18925
8630
12440
15238
1660
15238
1660
15238
1660
15238
1660
15238
1660
15238
1660
2818
1660
207260
18925
15238
1660
15238
1660
15238
1660
15238
1660
15238
1660
117738
19471
15238
1660
15238
1660
28463
1660
15238
1660
15238
1660
15238
1660
15238
1660
28463
25467
28463
19471
15238
1660
28463
11682
15238
1660
2818
1660
15238
1660
28463
18065
28463
19471
98620
114649
15238
59795
98620
122367
15238
1660
98620
114599
98620
91798
8630
1660
98620
129737
98620
109058
15238
1660
98620
1660
98620
1660
98620
1660
98620
114599
98620
222863
98620
59795
98620
59795
98620
59795
98620
112423
57130
109058
69061
114599
68534
84722
98620
114550
57130
14236
98620
91798
15238
1660
98620
31186
98620
14236
15238
1660
95173
84722
15238
1660
98620
59795
98620
114599
15238
1660
8630
1660
98620
6137
98620
114550
93183
114599
98620
114599
98620
114599
98620
122367
2818
21314
15238
1660
98620
122367
98620
114649
70040
14236
98620
112423
98620
117747
15238
1660
98620
6137
93183
114550
15238
106326
98620
129737
98620
49759
98620
31186
98620
117732
15238
1660
15238
1660
98620
136878
15238
1660
98620
84722
2818
31186
98620
12440
15238
1660
15238
1660
15238
59795
148397
114649
15238
1660
144213
114599
148397
91798
8630
1660
148397
114649
148397
109058
15238
1660
148397
1660
139772
1660
99193
1660
148397
114599
148397
114649
148397
59795
148397
59795
148397
59795
131010
112423
57130
109058
69061
114599
68534
84722
148397
114550
57130
14236
132329
91798
15238
1660
148397
31186
146098
14236
15238
1660
95173
84722
15238
1660
148397
59795
148397
114599
15238
1660
8630
1660
148397
6137
148904
114550
93183
114599
126419
114599
148397
114599
148397
114649
2818
21314
15238
1660
148397
114649
138793
131997
70040
14236
145360
112423
148397
114649
15238
1660
148397
6137
93183
114550
15238
106326
148397
114649
148397
49759
148397
31186
99193
114649
15238
1660
15238
1660
148397
114649
15238
1660
148397
84722
2818
31186
148397
12440
15238
1660
15238
1660
15238
59795
23565
1660
15238
59795
15238
59795
8630
1660
15238
59795
15238
59795
23565
1660
15238
1660
15238
1660
15238
1660
15238
59795
15238
59795
15238
84722
15238
84722
15238
84722
15238
59795
15238
59795
15238
59795
15238
59795
15238
59795
15238
14236
15238
59795
23565
1660
15238
31186
15238
14236
23565
1660
15238
59795
23565
1660
15238
84722
15238
59795
23565
1660
8630
1660
15238
6137
15238
59795
15238
59795
15238
59795
15238
59795
15238
59795
2818
21314
23565
1660
15238
59795
15238
59795
15238
14236
15238
59795
15238
59795
23565
1660
15238
6137
15238
59795
23565
59795
15238
59795
15238
49759
15238
31186
15238
59795
23565
1660
23565
1660
15238
59795
23565
1660
15238
59795
2818
31186
15238
12440
23565
1660
23565
1660
15238
1660
144213
114599
165756
91798
8630
1660
190997
122367
162892
109058
15238
1660
190997
1660
139772
1660
99193
1660
162892
114599
166784
122367
190997
59795
190997
59795
190997
59795
131010
112423
57130
109058
69061
114599
68534
84722
190997
114550
57130
14236
132329
91798
15238
1660
190997
31186
146098
14236
15238
1660
95173
84722
15238
1660
187351
59795
190997
114599
15238
1660
8630
1660
178194
6137
148397
114550
93183
114599
126419
114599
181313
114599
190997
129737
2818
21314
15238
1660
190997
152952
138793
114649
70040
14236
145360
112423
162892
117747
15238
1660
190997
6137
93183
114550
15238
106326
190997
122367
190997
49759
190997
31186
99193
117732
15238
1660
15238
1660
190997
122367
15238
1660
178194
84722
2818
31186
190997
12440
15238
1660
15238
1660
15238
1660
15238
1660
8630
19471
15238
1660
15238
1660
40114
20675
15238
18065
15238
12440
15238
12440
15238
1660
15238
1660
15238
1660
15238
1660
15238
1660
15238
1660
15238
1660
15238
1660
15238
1660
15238
1660
15238
1660
15238
1660
57130
11682
15238
1660
15238
1660
57130
11682
15238
1660
57130
11682
15238
1660
15238
1660
28463
18925
8630
12440
15238
1660
15238
1660
15238
1660
15238
1660
15238
1660
15238
1660
2818
1660
28463
18925
15238
1660
15238
1660
15238
1660
15238
1660
15238
1660
28463
25431
15238
1660
15238
1660
57329
1660
15238
1660
15238
1660
15238
1660
15238
1660
57130
19471
57130
20675
15238
1660
57130
11682
15238
1660
2818
1660
15238
1660
57329
18065
191535
20675
144213
91798
8630
1660
144213
114599
144213
109058
15238
1660
144213
1660
139772
1660
99193
1660
144213
114649
144213
114599
144213
59795
144213
59795
144213
59795
131010
112423
57130
109058
69061
114649
68534
84722
144213
114550
57130
14236
132329
91798
15238
1660
144213
31186
144213
14236
15238
1660
95173
84722
15238
1660
144213
59795
144213
114649
15238
1660
8630
1660
144213
6137
144213
114550
93183
114649
126419
114649
144213
114649
144213
114599
2818
21314
15238
1660
144213
114599
138793
114599
70040
14236
144213
112423
144213
114599
15238
1660
144213
6137
93183
114550
15238
106326
144213
114599
144213
49759
144213
31186
99193
114599
15238
1660
15238
1660
144213
114599
15238
1660
144213
84722
2818
31186
144213
12440
15238
1660
15238
1660
8630
1660
165756
91798
162892
91798
15238
1660
165756
1660
139772
1660
99193
1660
162892
91798
165756
91798
165756
59795
165756
59795
165756
59795
131010
91798
57130
91798
69061
91798
68534
84722
165756
91798
57130
14236
132329
223842
15238
1660
165756
31186
146098
14236
15238
1660
95173
84722
15238
1660
165756
59795
165756
91798
15238
1660
8630
1660
165756
6137
148397
91798
93183
91798
126419
91798
165756
91798
165756
91798
2818
21314
15238
1660
165756
91798
138793
91798
70040
14236
145360
91798
162892
91798
15238
1660
165756
6137
93183
91798
15238
91798
165756
91798
165756
49759
165756
31186
99193
91798
15238
1660
15238
1660
165756
91798
15238
1660
165756
84722
2818
31186
165756
12440
15238
1660
15238
1660
8630
1660
8630
1660
8630
19471
8630
18065
8630
12440
8630
12440
8630
1660
8630
1660
8630
1660
8630
1660
8630
1660
8630
1660
8630
1660
8630
1660
8630
1660
8630
1660
8630
1660
8630
1660
8630
11682
8630
1660
8630
1660
8630
11682
8630
1660
8630
11682
8630
1660
8630
1660
8630
18925
28463
12440
8630
1660
8630
1660
8630
1660
8630
1660
8630
1660
8630
1660
2818
1660
8630
18925
8630
1660
8630
1660
8630
1660
8630
1660
8630
1660
8630
19471
8630
1660
8630
1660
8630
1660
8630
1660
8630
1660
8630
1660
8630
1660
8630
25431
8630
19471
8630
1660
8630
11682
8630
1660
2818
1660
8630
1660
8630
18065
8630
19471
162892
109058
15238
1660
202913
1660
139772
1660
99193
1660
162892
114599
166784
129737
193470
59795
193470
59795
209369
59795
131010
112423
57130
109058
69061
114599
68534
84722
209369
114550
57130
14236
132329
91798
15238
1660
250001
31186
146098
14236
15238
1660
95173
84722
15238
1660
187351
59795
199049
114599
15238
1660
8630
1660
178194
6137
148397
114550
93183
114599
126419
114599
181313
114599
193707
122367
2818
21314
15238
1660
201270
122367
138793
114649
70040
14236
145360
112423
162892
117747
15238
1660
193707
6137
93183
114550
15238
106326
191535
131997
193707
49759
193707
31186
99193
117732
15238
1660
15238
1660
201270
129737
15238
1660
178194
84722
2818
31186
209369
12440
15238
1660
15238
1660
15238
1660
162892
1660
139772
1660
99193
1660
163067
109058
162892
109058
162892
59795
162892
59795
162892
59795
131010
109058
57130
117724
69061
109058
68534
84722
162892
109058
57130
14236
132329
91798
15238
1660
162892
31186
146098
14236
15238
1660
95173
84722
15238
1660
162892
59795
162892
109058
15238
1660
8630
1660
162892
6137
148397
109058
93183
109058
126419
109058
162892
109058
162892
109058
2818
21314
15238
1660
162892
109058
138793
109058
70040
14236
145360
109058
163067
109058
15238
1660
162892
6137
93183
109058
15238
106326
162892
109058
162892
49759
162892
31186
99193
109058
15238
1660
15238
1660
162892
109058
15238
1660
162892
84722
2818
31186
162892
12440
15238
1660
15238
1660
15238
18065
15238
12440
15238
12440
15238
1660
15238
1660
15238
1660
15238
1660
15238
1660
15238
1660
15238
1660
15238
1660
15238
1660
15238
1660
15238
1660
15238
1660
40114
11682
15238
1660
15238
1660
40114
11682
15238
1660
40114
11682
15238
1660
15238
1660
28463
18925
8630
12440
15238
1660
15238
1660
15238
1660
15238
1660
15238
1660
15238
1660
2818
1660
28463
18925
15238
1660
15238
1660
15238
1660
15238
1660
15238
1660
28463
20675
15238
1660
15238
1660
40114
1660
15238
1660
15238
1660
15238
1660
15238
1660
40114
19471
40114
25431
15238
1660
40114
11682
15238
1660
2818
1660
15238
1660
40114
18065
40114
25467
139772
12440
99193
12440
162892
1660
166784
1660
193470
1660
193470
1660
202913
1660
131010
1660
57130
1660
69061
1660
68534
1660
202913
1660
57130
1660
132329
1660
15238
11682
202913
1660
146098
1660
15238
11682
95173
1660
15238
11682
187351
1660
199049
1660
15238
18065
8630
12440
178194
1660
148397
1660
93183
1660
126419
1660
181313
1660
193707
1660
2818
1660
15238
18065
201270
1660
138793
1660
70040
1660
145360
1660
162892
1660
15238
18065
193707
1660
93183
1660
15238
1660
191535
1660
193707
1660
193707
1660
99193
1660
15238
18065
15238
18065
201270
1660
15238
11682
178194
1660
2818
1660
202913
1660
15238
18869
15238
18065
99193
59795
139772
1660
139772
1660
139772
1660
139772
1660
139772
1660
131010
1660
57130
1660
69061
1660
68534
1660
139772
1660
57130
1660
132329
1660
15238
11682
139772
1660
139772
1660
15238
11682
95173
1660
15238
11682
139772
1660
139772
1660
15238
12440
8630
14236
139772
1660
139772
1660
93183
1660
126419
1660
139772
1660
139772
1660
2818
1660
15238
12440
139772
1660
138793
1660
70040
1660
139772
1660
139772
1660
15238
12440
139772
1660
93183
1660
15238
1660
139772
1660
139772
1660
139772
1660
99193
1660
15238
12440
15238
12440
139772
1660
15238
11682
139772
1660
2818
1660
139772
1660
15238
12440
15238
12440
99193
1660
99193
1660
99193
1660
99193
1660
99193
1660
99193
1660
57130
1660
69061
1660
68534
1660
99193
1660
57130
1660
99193
1660
15238
11682
99193
1660
99193
1660
15238
11682
95173
1660
15238
11682
99193
1660
99193
1660
15238
12440
8630
14236
99193
1660
99193
1660
93183
1660
99193
1660
99193
1660
99193
1660
2818
1660
15238
12440
99193
1660
99193
1660
70040
1660
99193
1660
99193
1660
15238
12440
99193
1660
93183
1660
15238
1660
99193
1660
99193
1660
99193
1660
191666
1660
15238
12440
15238
12440
99193
1660
15238
11682
99193
1660
2818
1660
99193
1660
15238
12440
15238
12440
162892
114599
162892
59795
162892
59795
162892
59795
131010
112423
57130
109058
69061
115897
68534
84722
162892
114550
57130
14236
132329
91798
15238
1660
162892
31186
146098
14236
15238
1660
95173
84722
15238
1660
162892
59795
162892
116237
15238
1660
8630
1660
162892
6137
148397
114550
93183
116237
126419
116237
162892
116237
162892
114599
2818
21314
15238
1660
162892
114599
138793
114599
70040
14236
145360
112423
163297
114599
15238
1660
162892
6137
93183
114550
15238
106326
162892
114599
162892
49759
162892
31186
99193
114599
15238
1660
15238
1660
162892
114599
15238
1660
162892
84722
2818
31186
162892
12440
15238
1660
15238
1660
166784
59795
166784
59795
166784
59795
131010
112423
57130
109058
69061
114599
68534
84722
166784
114550
57130
14236
132329
91798
15238
1660
166784
31186
146098
14236
15238
1660
95173
84722
15238
1660
166784
59795
166784
114599
15238
1660
8630
1660
166784
6137
148397
114550
93183
114599
126419
114599
166784
114599
166784
122367
2818
21314
15238
1660
166784
122367
138793
114649
70040
14236
145360
112423
162892
117747
15238
1660
166784
6137
93183
114550
15238
106326
166784
129737
166784
49759
166784
31186
99193
117732
15238
1660
15238
1660
166784
136878
15238
1660
166784
84722
2818
31186
166784
12440
15238
1660
15238
1660
209369
114599
193470
117732
131010
59795
57130
59795
69061
59795
68534
59795
193470
59795
57130
14236
132329
59795
15238
1660
193470
31186
146098
14236
15238
1660
95173
59795
15238
1660
187351
91798
193470
59795
15238
1660
8630
1660
178194
6137
148397
59795
93183
59795
126419
59795
181313
59795
193470
59795
2818
21314
15238
1660
193470
59795
138793
59795
70040
14236
145360
59795
162892
59795
15238
1660
193470
6137
93183
59795
15238
59795
191535
59795
193470
49759
193470
31186
99193
59795
15238
1660
15238
1660
193470
59795
15238
1660
178194
59795
2818
31186
193470
12440
15238
1660
15238
1660
193470
114599
131010
59795
57130
59795
69061
59795
68534
59795
193470
59795
57130
14236
132329
59795
15238
1660
193470
31186
146098
14236
15238
1660
95173
59795
15238
1660
187351
91798
193470
59795
15238
1660
8630
1660
178194
6137
148397
59795
93183
59795
126419
59795
181313
59795
193470
59795
2818
21314
15238
1660
193470
59795
138793
59795
70040
14236
145360
59795
162892
59795
15238
1660
193470
6137
93183
59795
15238
59795
191535
59795
193470
49759
193470
31186
99193
59795
15238
1660
15238
1660
193470
59795
15238
1660
178194
59795
2818
31186
193470
12440
15238
1660
15238
1660
131010
59795
57130
59795
69061
59795
68534
59795
235013
59795
57130
14236
132329
59795
15238
1660
209369
31186
146098
14236
15238
1660
95173
59795
15238
1660
187351
91798
199049
59795
15238
1660
8630
1660
178194
6137
148397
59795
93183
59795
126419
59795
181313
59795
193707
59795
2818
21314
15238
1660
201270
59795
138793
59795
70040
14236
145360
59795
162892
59795
15238
1660
193707
6137
93183
59795
15238
59795
191535
59795
193707
49759
193707
31186
99193
59795
15238
1660
15238
1660
201270
59795
15238
1660
178194
59795
2818
31186
235013
12440
15238
1660
15238
1660
57130
109058
69061
112423
68534
84722
131010
112423
57130
14236
131010
91798
15238
1660
131010
31186
131010
14236
15238
1660
95173
84722
15238
1660
131010
59795
131010
112423
15238
1660
8630
1660
131010
6137
131010
112423
93183
112423
126419
112423
131010
112423
131010
112423
2818
21314
15238
1660
131010
112423
131010
112423
70040
14236
131010
112672
131010
112423
15238
1660
131010
6137
93183
112423
15238
106326
131010
112423
131010
49759
131010
31186
99193
112423
15238
1660
15238
1660
131010
112423
15238
1660
131010
84722
2818
31186
131010
12440
15238
1660
15238
1660
57130
109058
57130
84722
57130
109058
62560
14236
57130
91798
15238
1660
57130
31186
57130
14236
15238
1660
57130
84722
15238
1660
57130
59795
57130
109058
15238
1660
8630
1660
57130
6137
57130
109058
57130
109058
57130
109058
57130
109058
57130
109058
2818
21314
15238
1660
57130
109058
57130
109058
57130
14236
57130
109058
57130
109058
15238
1660
57130
6137
57130
109058
15238
106326
57130
109058
57130
49759
57130
31186
57130
109058
15238
1660
15238
1660
57130
109058
15238
1660
57130
84722
2818
31186
57130
12440
15238
1660
15238
1660
68534
84722
69061
114550
57130
14236
69061
91798
15238
1660
69061
31186
69061
14236
15238
1660
69061
84722
15238
1660
69061
59795
69061
115897
15238
1660
8630
1660
69061
6137
69061
114550
69061
115897
69061
115897
69061
115897
69061
114599
2818
21314
15238
1660
69061
114599
69061
114599
69061
14236
69061
112423
69061
114599
15238
1660
69061
6137
69061
114550
15238
106326
69061
114599
69061
49759
69061
31186
69061
114599
15238
1660
15238
1660
69061
114599
15238
1660
69061
84722
2818
31186
69061
12440
15238
1660
15238
1660
68534
84722
57130
14236
68534
84722
15238
1660
68534
31186
68534
14236
15238
1660
68534
114599
15238
1660
68534
59795
68534
84722
15238
1660
8630
1660
68534
6137
68534
84722
68534
84722
68534
84722
68534
84722
68534
84722
2818
21314
15238
1660
68534
84722
68534
84722
68534
14236
68534
84722
68534
84722
15238
1660
68534
6137
68534
84722
15238
84722
68534
84722
68534
49759
68534
31186
68534
84722
15238
1660
15238
1660
68534
84722
15238
1660
68534
122367
2818
31186
68534
12440
15238
1660
15238
1660
57130
14236
132329
91798
15238
1660
209369
31186
146098
14236
15238
1660
95173
84722
15238
1660
187351
59795
199049
114550
15238
1660
8630
1660
178194
6137
148397
114555
93183
114550
126419
114550
181313
114550
193707
114550
2818
21314
15238
1660
201270
114550
138793
114550
70040
14236
145360
112423
162892
114550
15238
1660
193707
6137
93183
114555
15238
106326
191535
114550
193707
49759
193707
31186
99193
114550
15238
1660
15238
1660
201270
114550
15238
1660
178194
84722
2818
31186
250001
12440
15238
1660
15238
1660
57130
14236
15238
1660
57130
14236
57130
18065
15238
1660
57130
14236
15238
1660
57130
14236
57130
14236
15238
1660
8630
1660
57130
6137
57130
14236
57130
14236
57130
14236
57130
14236
57130
14236
2818
14236
15238
1660
57130
14236
57130
14236
57130
17190
57130
14236
57130
14236
15238
1660
57130
6137
57130
14236
15238
14236
57130
14236
57130
14236
57130
14236
57130
14236
15238
1660
15238
1660
57130
14236
15238
1660
57130
14236
2818
14236
57130
12440
15238
1660
15238
1660
15238
1660
132329
31186
132329
14236
15238
1660
95173
84722
15238
1660
132329
59795
132329
91798
15238
1660
8630
1660
132329
6137
132329
91798
93183
91798
126419
91798
132329
91798
132329
91798
2818
21314
15238
1660
132329
91798
132329
91798
70040
14236
132329
91798
132329
91798
15238
1660
132329
6137
93183
91798
15238
91798
132329
91798
132329
49759
132329
31186
99193
91798
15238
1660
15238
1660
132329
91798
15238
1660
132329
84722
2818
31186
132329
12440
15238
1660
15238
1660
15238
1660
15238
1660
132488
16134
15238
1660
132488
63571
15238
1660
15238
1660
28463
11682
8630
11682
15238
1660
15238
1660
15238
1660
15238
1660
15238
1660
15238
1660
2818
1660
28463
11682
15238
1660
15238
1660
15238
1660
15238
1660
15238
1660
28463
11682
15238
1660
15238
1660
57130
1660
15238
1660
15238
1660
15238
1660
15238
1660
132488
11682
98620
11682
15238
1660
107514
105852
15238
1660
2818
1660
15238
1660
57130
11682
57130
11682
146098
14236
15238
1660
95173
31186
15238
1660
187351
31186
199049
31186
15238
1660
8630
1660
178194
6137
148397
31186
93183
31186
126419
31186
181313
31186
193707
31186
2818
21314
15238
1660
201270
31186
138793
31186
70040
14236
145360
31186
162892
31186
15238
1660
193707
6137
93183
31186
15238
31186
191535
31186
193707
31186
193707
109606
99193
31186
15238
1660
15238
1660
201270
31186
15238
1660
178194
31186
2818
102143
209369
12440
15238
1660
15238
1660
15238
1660
95173
14236
15238
1660
146098
14236
146098
14236
15238
1660
8630
1660
146098
6137
146098
14236
93183
14236
126419
14236
146098
14236
146098
14236
2818
14236
15238
1660
146098
14236
138793
14236
70040
17190
145360
14236
146098
14236
15238
1660
146098
6137
93183
14236
15238
14236
146098
14236
146098
14236
146098
14236
99193
14236
15238
1660
15238
1660
146098
14236
15238
1660
146098
14236
2818
14236
146098
12440
15238
1660
15238
1660
15238
1660
191604
16134
15238
1660
15238
1660
28463
11682
8630
11682
15238
1660
15238
1660
15238
1660
15238
1660
15238
1660
15238
1660
2818
1660
28463
11682
15238
1660
15238
1660
15238
1660
15238
1660
15238
1660
28463
11682
15238
1660
15238
1660
57130
1660
15238
1660
15238
1660
15238
1660
15238
1660
191812
11682
98620
11682
15238
1660
107514
16134
15238
1660
2818
1660
15238
1660
57130
11682
57130
11682
15238
1660
95173
59795
95173
84722
15238
1660
8630
1660
95173
6137
95173
84722
93183
84722
95173
84722
95173
84722
95173
84722
2818
21314
15238
1660
95173
84722
95173
84722
70040
14236
95173
84722
95173
84722
15238
1660
95173
6137
93183
84722
15238
84722
95173
84722
95173
49759
95173
31186
95173
84722
15238
1660
15238
1660
95173
84722
15238
1660
95173
114599
2818
31186
95173
12440
15238
1660
15238
1660
15238
1660
15238
1660
28463
11682
8630
11682
15238
1660
15238
1660
15238
1660
15238
1660
15238
1660
15238
1660
2818
1660
28463
11682
15238
1660
15238
1660
15238
1660
15238
1660
15238
1660
28463
11682
15238
1660
15238
1660
57130
1660
15238
1660
15238
1660
15238
1660
15238
1660
191604
11682
98620
11682
15238
1660
107514
63571
15238
1660
2818
1660
15238
1660
57130
11682
57130
11682
187351
59795
15238
1660
8630
1660
178194
6137
148397
59795
93183
59795
126419
59795
181313
59795
187351
59795
2818
21314
15238
1660
187351
59795
138793
59795
70040
14236
145360
59795
162892
59795
15238
1660
187351
6137
93183
59795
15238
59795
187351
59795
187351
49759
187351
31186
99193
59795
15238
1660
15238
1660
187351
59795
15238
1660
178194
59795
2818
31186
187351
12440
15238
1660
15238
1660
15238
1660
8630
1660
178194
6137
148397
114550
93183
117747
126419
117732
181313
124733
193707
114599
2818
21314
15238
1660
199049
114599
138793
114599
70040
14236
145360
112423
162892
114599
15238
1660
193707
6137
93183
114550
15238
106326
191535
114599
193707
49759
193707
31186
99193
114599
15238
1660
15238
1660
199049
114599
15238
1660
178194
84722
2818
31186
199049
12440
15238
1660
15238
1660
8630
12440
15238
1660
15238
1660
15238
1660
15238
1660
15238
1660
15238
1660
2818
1660
93183
33725
15238
1660
15238
1660
15238
1660
15238
1660
15238
1660
93183
18925
15238
1660
15238
1660
28463
1660
15238
1660
15238
1660
15238
1660
15238
1660
28463
18925
28463
18925
15238
1660
28463
11682
15238
1660
2818
1660
15238
1660
28463
18065
28463
18925
8630
1660
8630
1660
8630
1660
8630
1660
8630
1660
8630
1660
2818
1660
8630
12440
8630
1660
8630
1660
8630
1660
8630
1660
8630
1660
8630
12440
8630
1660
8630
1660
8630
1660
8630
1660
8630
1660
8630
1660
8630
1660
8630
12440
8630
12440
8630
1660
8630
11682
8630
1660
2818
1660
8630
1660
8630
12440
8630
12440
148397
6137
93183
6137
126419
6137
178194
6137
178194
6137
2818
6137
15238
1660
178194
6137
138793
6137
70040
6137
145360
6137
162892
6137
15238
1660
178194
12440
93183
6137
15238
6137
178194
6137
178194
6137
178194
6137
99193
6137
15238
1660
15238
1660
178194
6137
15238
1660
201103
6137
2818
6137
178194
6137
15238
1660
15238
1660
93183
114550
126419
114550
93183
117732
148397
114550
93183
117747
148397
114550
2818
21314
93183
114599
2818
21314
15238
1660
15238
1660
148397
114550
93183
114599
138793
114550
93183
114599
70040
14236
70040
14236
145360
112423
93183
112423
148397
114550
93183
114599
15238
1660
15238
1660
148397
6137
93183
6137
93183
114649
98620
114550
15238
106326
15238
106326
148397
114550
93183
114599
148397
49759
93183
49759
148397
31186
93183
31186
99193
114550
93183
114599
15238
1660
15238
1660
15238
1660
15238
1660
148397
114550
93183
114599
15238
1660
15238
1660
148397
84722
93183
84722
2818
31186
2818
31186
148397
12440
93183
12440
15238
1660
15238
1660
15238
1660
15238
1660
126419
117732
126419
114599
2818
21314
15238
1660
126419
114599
126419
114599
70040
14236
126419
112423
126419
114599
15238
1660
126419
6137
93183
114550
15238
106326
126419
114599
126419
49759
126419
31186
99193
114599
15238
1660
15238
1660
126419
114599
15238
1660
126419
84722
2818
31186
126419
12440
15238
1660
15238
1660
181313
114599
2818
21314
15238
1660
181313
114599
138793
114599
70040
14236
145360
112423
162892
114599
15238
1660
181313
6137
93183
114550
15238
106326
181313
114599
181313
49759
181313
31186
99193
114599
15238
1660
15238
1660
181313
114599
15238
1660
178194
84722
2818
31186
181313
12440
15238
1660
15238
1660
2818
21314
15238
1660
2818
1660
193707
129737
2818
21314
138793
114649
2818
21314
70040
14236
2818
14236
145360
112423
2818
21314
162892
117747
2818
21314
15238
1660
2818
1660
250001
6137
2818
6137
93183
114550
2818
21314
15238
106326
2818
21314
191535
122367
2818
21314
201270
49759
2818
21314
193710
31186
2818
21314
99193
117732
2818
21314
15238
1660
2818
1660
15238
1660
2818
1660
193707
122367
2818
21314
15238
1660
2818
1660
178194
84722
2818
21314
2818
31186
169548
21314
193707
12440
2818
12440
15238
1660
2818
1660
15238
1660
2818
1660
15238
1660
15238
1660
15238
1660
15238
1660
15238
1660
117738
18925
15238
1660
15238
1660
28463
1660
15238
1660
15238
1660
15238
1660
15238
1660
28463
18925
28463
18925
15238
1660
28463
11682
15238
1660
2818
1660
15238
1660
28463
18065
28463
18925
138793
114649
70040
14236
145360
112423
162892
117747
15238
1660
193707
6137
93183
114550
15238
106326
191535
122367
193707
49759
193707
31186
99193
117732
15238
1660
15238
1660
250001
122367
15238
1660
178194
84722
2818
31186
201270
12440
15238
1660
15238
1660
70040
14236
138793
112423
138793
114649
15238
1660
138793
6137
93183
114550
15238
106326
138793
114649
138793
49759
138793
31186
99193
114649
15238
1660
15238
1660
138793
114649
15238
1660
138793
84722
2818
31186
138793
12440
15238
1660
15238
1660
70040
14236
70040
14236
15238
1660
70040
6137
70040
14236
15238
14236
70040
14236
70040
14236
70040
14236
70040
14236
15238
1660
15238
1660
70040
14236
15238
1660
70040
14236
2818
14236
70040
12440
15238
1660
15238
1660
145360
112423
15238
1660
145360
6137
93183
112423
15238
106326
145360
112423
145360
49759
145360
31186
99193
112423
15238
1660
15238
1660
145360
112423
15238
1660
145360
84722
2818
31186
145360
12440
15238
1660
15238
1660
15238
1660
162892
6137
93183
114550
15238
106326
162892
117747
162892
49759
162892
31186
99193
117732
15238
1660
15238
1660
162892
117747
15238
1660
162892
84722
2818
31186
162892
12440
15238
1660
15238
1660
15238
1660
15238
1660
28463
1660
15238
1660
15238
1660
15238
1660
15238
1660
28463
19471
28463
20675
15238
1660
28463
11682
15238
1660
2818
1660
15238
1660
28463
18065
28463
20675
93183
6137
15238
6137
191535
6137
201270
6137
193710
6137
99193
6137
15238
1660
15238
1660
193707
6137
15238
1660
178194
6137
2818
6137
193707
6137
15238
1660
15238
1660
15238
106326
93183
114550
93183
49759
93183
31186
93183
114550
15238
1660
15238
1660
93183
114550
15238
1660
93183
84722
2818
31186
93183
12440
15238
1660
15238
1660
15238
106326
15238
49759
15238
31186
15238
106326
57130
1660
57130
1660
15238
106326
57130
1660
15238
84722
2818
31186
15238
12440
70040
1660
57329
1660
191535
49759
191535
31186
99193
117732
15238
1660
15238
1660
191535
129737
15238
1660
178194
84722
2818
31186
191535
12440
15238
1660
15238
1660
193710
31186
99193
49759
15238
1660
15238
1660
193707
49759
15238
1660
178194
49759
2818
31186
193707
12440
15238
1660
15238
1660
99193
31186
15238
1660
15238
1660
193707
31186
15238
1660
178194
31186
2818
102143
193707
12440
15238
1660
15238
1660
15238
1660
15238
1660
99193
117732
15238
1660
99193
84722
2818
31186
99193
12440
15238
1660
15238
1660
98620
19471
15238
1660
107514
11682
15238
1660
2818
1660
15238
1660
57130
18065
57130
19471
15238
1660
98620
11682
15238
1660
2818
1660
15238
1660
57130
18065
57130
25431
15238
1660
178194
84722
2818
31186
201270
12440
15238
1660
15238
1660
15238
1660
2818
1660
15238
1660
57130
11682
57130
11682
2818
31186
178194
12440
15238
1660
15238
1660
2818
12440
2818
1660
2818
1660
15238
1660
15238
1660
57329
18065
