16527
137863
16527
158973
16527
250001
16527
232890
16527
22240
16527
224291
16527
232851
16527
22240
16527
224787
16527
232890
16527
132400
16527
158973
16527
93663
16527
22240
16527
84977
16527
83935
16527
158973
16527
83935
16527
250001
16527
77382
16527
158973
16527
158973
16527
22240
16527
250001
16527
159620
16527
232851
16527
60728
16527
250001
16527
84977
16527
130210
16527
250001
181739
250001
16527
158973
32341
137863
32341
137863
32341
137863
32341
22240
32341
137863
32341
137863
32341
22240
32341
137863
32341
137863
32341
132400
32341
137863
250001
93663
32341
22240
32341
84977
32341
83935
32341
137863
32341
83935
32341
137863
32341
77382
32341
137863
32341
137863
32341
22240
32341
137863
32341
137863
32341
137863
32341
60728
32341
137863
32341
84977
103229
130210
53631
137863
16527
137863
32341
137863
91683
158973
185818
158973
40101
22240
185818
158973
185818
158973
40101
22240
144346
158973
185818
158973
250001
132400
250001
209757
32341
93663
178857
22240
185818
84977
103229
83935
250001
209757
75022
83935
185818
158973
144346
77382
250001
194020
250001
209757
40101
22240
185818
158973
91683
158973
185818
158973
103229
60728
185818
158973
250001
84977
32341
130210
32341
158973
16527
158973
250001
209757
91683
232890
40101
22240
91683
224291
91683
232851
40101
22240
91683
224787
91683
232890
91683
132400
91683
158973
32341
93663
91683
22240
91683
84977
91683
83935
91683
158973
75022
83935
91683
250001
91683
77382
91683
158973
91683
158973
40101
22240
91683
250001
250001
159620
91683
232851
91683
60728
91683
250001
91683
84977
32341
130210
32341
250001
16527
250001
91683
158973
40101
22240
250001
224291
250001
232851
40101
22240
144346
224787
250001
250001
185818
132400
185818
158973
32341
93663
178857
22240
250001
84977
103229
83935
185818
158973
75022
83935
250001
232890
144346
77382
185818
158973
185818
158973
40101
22240
250001
232890
91683
159620
250001
232851
103229
60728
250001
232890
185818
84977
32341
130210
32341
232890
16527
232890
185818
158973
40101
22240
40101
22240
75022
250001
40101
22240
40101
22240
40101
22240
40101
22240
32341
22240
40101
30192
40101
22240
40101
22240
40101
22240
40101
22240
40101
22240
40101
22240
40101
22240
40101
22240
247484
250001
40101
22240
40101
22240
40101
22240
40101
22240
40101
22240
40101
22240
32341
22240
32341
22240
16527
22240
40101
22240
250001
224291
40101
22240
144346
224291
250001
224291
185818
132400
185818
158973
32341
93663
178857
22240
250001
84977
103229
83935
185818
158973
75022
83935
250001
224291
144346
77382
185818
158973
185818
158973
40101
22240
250001
224291
91683
159620
250001
224291
103229
60728
250001
224291
185818
84977
32341
130210
32341
224291
16527
224291
185818
158973
40101
22240
144346
224787
250001
232851
185818
132400
185818
158973
32341
93663
178857
22240
250001
84977
103229
83935
185818
158973
75022
83935
250001
232851
144346
77382
185818
158973
185818
158973
40101
22240
250001
232851
91683
159620
250001
250001
103229
60728
250001
232851
185818
84977
32341
130210
32341
232851
16527
232851
185818
158973
40101
22240
40101
22240
40101
22240
40101
22240
32341
22240
40101
30192
40101
22240
40101
22240
40101
22240
40101
22240
40101
22240
40101
22240
40101
22240
40101
22240
75022
250001
40101
22240
40101
22240
40101
22240
40101
22240
40101
22240
40101
22240
32341
22240
32341
22240
16527
22240
40101
22240
144346
224787
144346
132400
144346
158973
32341
93663
144346
22240
144346
84977
103229
83935
144346
158973
75022
83935
144346
224787
147817
77382
144346
158973
144346
158973
40101
22240
144346
224787
91683
159620
144346
224787
103229
60728
144346
224787
144346
84977
32341
130210
32341
224787
16527
224787
144346
158973
185818
132400
185818
158973
32341
93663
178857
22240
250001
84977
103229
83935
185818
158973
75022
83935
250001
232890
144346
77382
185818
158973
185818
158973
40101
22240
250001
232890
91683
159620
250001
232851
103229
60728
250001
232890
185818
84977
32341
130210
32341
232890
16527
232890
185818
158973
250001
132400
32341
93663
178857
22240
185818
84977
103229
83935
250001
132400
75022
83935
185818
132400
144346
77382
250001
132400
250001
132400
40101
22240
185818
132400
91683
132400
185818
132400
103229
60728
185818
132400
250001
84977
32341
130210
32341
132400
16527
132400
250001
132400
32341
93663
178857
22240
185818
84977
103229
83935
250001
250001
75022
83935
185818
158973
144346
77382
250001
194020
250001
250001
40101
22240
185818
158973
91683
158973
185818
158973
103229
60728
185818
158973
250001
84977
32341
130210
32341
158973
16527
158973
250001
250001
32341
22240
32341
84977
32341
83935
32341
93663
32341
83935
32341
93663
32341
77382
32341
93663
32341
93663
32341
22240
32341
93663
32341
93663
32341
93663
32341
60728
32341
93663
32341
84977
103229
93663
53631
93663
16527
93663
32341
93663
178857
22240
103229
22240
178857
22240
75022
22240
178857
22240
144346
22240
178857
22240
178857
22240
40101
30192
178857
22240
91683
22240
178857
22240
103229
22240
178857
22240
178857
22240
32341
22240
32341
22240
16527
22240
178857
22240
103229
83935
185818
84977
75022
83935
250001
84977
144346
77382
185818
84977
185818
84977
40101
22240
250001
84977
91683
84977
250001
84977
103229
60728
250001
84977
185818
158973
32341
84977
32341
84977
16527
84977
185818
84977
103229
83935
75022
107445
103229
83935
103229
77382
103229
83935
103229
83935
40101
22240
103229
83935
91683
83935
103229
83935
250001
60728
103229
83935
103229
83935
32341
83935
32341
83935
16527
83935
103229
83935
75022
83935
185818
158973
144346
77382
250001
194020
250001
250001
40101
22240
185818
158973
91683
158973
185818
158973
103229
60728
185818
158973
250001
84977
32341
130210
32341
158973
16527
158973
250001
250001
75022
83935
75022
77382
75022
83935
75022
83935
40101
22240
75022
83935
75022
83935
75022
83935
75022
60728
75022
83935
75022
83935
32341
83935
32341
83935
16527
83935
75022
83935
144346
77382
185818
158973
185818
158973
40101
22240
250001
250001
91683
159620
250001
232851
103229
60728
250001
250001
185818
84977
32341
130210
32341
250001
16527
250001
185818
158973
144346
77382
144346
77382
40101
22240
144346
77382
91683
77382
144346
77382
103229
60728
144346
77382
144346
77382
32341
77382
32341
77382
16527
77382
144346
77382
250001
194020
40101
22240
185818
158973
91683
158973
185818
158973
103229
60728
185818
158973
250001
84977
32341
130210
32341
158973
16527
158973
250001
194020
40101
22240
185818
158973
91683
158973
185818
158973
103229
60728
185818
158973
250001
84977
32341
130210
32341
158973
16527
158973
250001
250001
40101
22240
40101
22240
40101
22240
40101
22240
40101
22240
40101
22240
32341
22240
32341
22240
16527
22240
40101
22240
91683
159620
250001
232851
103229
60728
250001
250001
185818
84977
32341
130210
32341
250001
16527
250001
185818
158973
91683
159620
91683
60728
91683
159620
91683
84977
32341
130210
32341
159620
16527
159620
91683
158973
103229
60728
250001
232851
185818
84977
32341
130210
32341
232851
16527
232851
185818
158973
103229
60728
103229
60728
32341
60728
32341
60728
16527
60728
103229
60728
185818
84977
32341
130210
32341
250001
16527
250001
185818
158973
32341
84977
32341
84977
16527
84977
250001
84977
53631
130210
16527
130210
32341
130210
16527
250001
32341
158973
16527
158973
