911
3097
116648
8476
116648
215704
188766
189020
3813
3097
91755
3097
150097
23829
188766
47543
197509
40119
91755
214460
116648
214460
188766
215704
188766
214460
91755
3097
188766
215704
188766
8476
171855
47543
116648
18980
91755
3097
53346
47543
91755
47543
91755
3097
188766
40119
188766
215704
911
215704
188766
47543
91755
8369
91755
214460
188766
47543
188766
47543
91755
3097
91755
3097
91755
3097
35175
215704
911
3097
911
3097
911
3097
911
8369
911
8369
911
3097
911
3097
911
3097
911
3097
911
3097
911
3097
911
3097
911
8369
911
3097
911
3097
911
3097
911
3097
911
8369
911
3097
911
3097
911
8369
911
3097
911
3097
116683
3097
911
3097
911
3097
911
3097
911
3097
911
3097
911
8369
911
8369
911
8369
911
3097
183487
8476
116648
8476
3813
3097
91755
3097
116648
8476
116648
8476
116648
8476
91755
8476
183487
8476
116648
8476
116648
8476
91755
3097
116648
8476
116648
8496
116648
8476
183487
8476
91755
3097
53346
8476
91755
8476
91755
3097
116648
8476
116648
8476
911
8476
116648
8476
91755
8369
91755
8476
116648
8476
116648
8476
91755
3097
91755
3097
91755
3097
35175
8476
116648
189020
3813
3097
91755
3097
116648
23829
116648
47543
116648
40119
91755
214460
188766
214460
116648
238217
116648
214460
91755
3097
116648
250001
116648
8476
116648
47543
192271
18980
91755
3097
53346
47543
91755
47543
91755
3097
116648
40119
116648
216157
911
216157
116648
47543
91755
8369
91755
214460
116648
47543
116648
47543
91755
3097
91755
3097
91755
3097
35175
216157
3813
3097
91755
3097
150097
23829
250001
47543
188766
40119
91755
189020
116648
189020
250001
189020
250001
189020
91755
3097
250001
189020
250001
8476
171855
47543
116648
18980
91755
3097
53346
47543
91755
47543
91755
3097
250001
40119
200001
189020
911
189020
250001
47543
91755
8369
91755
189020
250001
47543
224476
47543
91755
3097
91755
3097
91755
3097
35175
189020
3813
8476
3813
3097
3813
3097
3813
3097
3813
3097
3813
3097
3813
3097
3813
3097
3813
47543
3813
3097
3813
3097
3813
3097
3813
3097
3813
8476
3813
3097
3813
3097
3813
8476
3813
3097
3813
3097
911
3097
3813
3097
3813
3097
3813
3097
3813
3097
3813
3097
3813
8476
3813
8476
3813
8476
3813
3097
91755
3097
91755
3097
91755
3097
116648
3097
91755
3097
91755
3097
91755
3097
116648
8476
91755
3097
91755
3097
91755
3097
91755
3097
116648
40119
53346
3097
116648
3097
116648
23829
91755
3097
91755
3097
911
3097
91755
3097
116648
3097
250001
3097
91755
3097
91755
3097
116648
40119
116683
40119
116648
40119
35175
3097
150097
23829
150097
23829
91755
23829
116648
23829
150097
23829
150097
23829
91755
3097
150097
23829
150097
8476
150097
23829
116648
18980
91755
3097
53346
23829
91755
23829
91755
3097
150097
23829
150097
23829
911
23829
150097
23829
91755
8369
91755
23829
150097
23829
150097
23829
91755
3097
91755
3097
91755
3097
35175
23829
188766
40119
91755
47543
116648
47543
250001
47543
250001
47543
91755
3097
250001
47543
250001
8476
171855
214460
116648
18980
91755
3097
53346
225055
91755
220915
91755
3097
250001
40119
200001
47543
911
47543
250001
215704
91755
8369
91755
47543
250001
225055
224476
225055
91755
3097
91755
3097
91755
3097
35175
47543
91755
40119
116648
40119
188766
40119
188766
40119
91755
3097
188766
40119
188766
8476
171855
40119
116648
18980
91755
3097
53346
40119
91755
40119
91755
3097
188766
162305
188766
40119
911
40119
188766
40119
91755
8369
91755
40119
188766
40119
188766
40119
91755
3097
91755
3097
91755
3097
35175
40119
91755
215704
91755
214460
91755
215096
183487
3097
91755
214460
91755
8476
91755
47543
91755
18980
180923
3097
53346
47543
250001
47543
183487
3097
91755
40119
91755
214460
911
214460
91755
47543
250001
8369
116648
221898
91755
47543
91755
47543
180923
3097
116648
3097
143262
3097
35175
214460
116648
214460
116648
215096
91755
3097
116648
214460
116648
8476
116648
47543
188766
18980
91755
3097
53346
47543
91755
47543
91755
3097
116648
40119
116648
214460
911
214460
116648
47543
91755
8369
91755
215704
116648
47543
116648
47543
91755
3097
91755
3097
91755
3097
35175
214460
250001
214460
91755
3097
250001
238217
250001
8476
171855
47543
116648
18980
91755
3097
53346
47543
91755
47543
91755
3097
250001
40119
200001
216157
911
216157
250001
47543
91755
8369
91755
214460
250001
47543
224476
47543
91755
3097
91755
3097
91755
3097
35175
216157
91755
3097
250001
214460
250001
8476
171855
47543
116648
18980
91755
3097
53346
47543
91755
47543
91755
3097
250001
40119
200001
214460
911
214460
250001
47543
91755
8369
91755
215096
250001
47543
224476
47543
91755
3097
91755
3097
91755
3097
35175
214460
91755
3097
91755
3097
91755
3097
91755
3097
180923
8476
53346
3097
183487
3097
203767
8476
91755
3097
91755
3097
911
3097
91755
3097
183487
3097
116648
3097
91755
3097
91755
3097
180923
8476
116648
8476
143262
8476
35175
3097
250001
8476
171855
47543
116648
18980
91755
3097
53346
47543
91755
47543
91755
3097
250001
40119
200001
216157
911
216157
250001
47543
91755
8369
91755
214460
250001
47543
224476
47543
91755
3097
91755
3097
91755
3097
35175
216157
171855
8476
116648
8476
91755
3097
53346
8476
91755
8476
91755
3097
250001
8476
200001
8476
911
8476
250001
8476
91755
8369
91755
8476
250001
8476
224476
8476
91755
3097
91755
3097
91755
3097
35175
8476
116648
18980
91755
3097
53346
214460
91755
214460
91755
3097
171855
40119
171855
47543
911
47543
171855
214460
91755
8369
91755
47543
171855
214460
171855
214460
91755
3097
91755
3097
91755
3097
35175
47543
91755
3097
53346
18980
91755
18980
91755
3097
116648
18980
116648
18980
911
18980
116648
18980
91755
8369
91755
18980
116648
18980
116648
18980
91755
3097
91755
3097
91755
3097
35175
18980
53346
3097
180923
3097
180923
23829
91755
3097
91755
3097
911
3097
91755
3097
180923
3097
116648
3097
91755
3097
91755
3097
225137
214460
116648
214460
143262
215704
35175
3097
53346
220915
53346
3097
53346
40119
53346
47543
911
47543
53346
215704
53346
8369
53346
47543
53346
238217
53346
250001
53346
3097
53346
3097
53346
3097
35175
47543
183487
3097
91755
40119
91755
47543
911
47543
91755
215704
250001
8369
116648
47543
91755
220915
91755
220915
180923
3097
116648
3097
143262
3097
35175
47543
91755
3097
91755
3097
911
3097
91755
3097
183487
3097
116648
3097
91755
3097
91755
3097
180923
23829
116648
23829
143262
23829
35175
3097
200001
40119
911
40119
250001
40119
91755
8369
91755
40119
250001
40119
224476
40119
91755
3097
91755
3097
91755
3097
35175
40119
911
221898
200001
47543
91755
8369
91755
214460
200001
47543
200001
47543
91755
3097
91755
3097
91755
3097
35175
250001
911
47543
911
8369
911
214460
911
47543
911
47543
911
3097
911
3097
911
3097
911
221898
91755
8369
91755
47543
250001
215704
224476
215704
91755
3097
91755
3097
91755
3097
35175
47543
116648
8369
91755
8369
91755
8369
180923
3097
116648
3097
143262
3097
35175
8369
91755
47543
91755
47543
116648
3097
116683
3097
116648
3097
35175
214460
224476
238217
91755
3097
91755
3097
91755
3097
35175
47543
91755
3097
91755
3097
91755
3097
35175
47543
116648
215239
143262
214460
35175
3097
116648
214460
35175
3097
35175
3097
