89493
1855
105251
1855
89493
1855
89493
1851
105251
1855
89493
1855
89493
1851
105251
1855
105251
1855
89493
1855
28939
1855
89493
1855
105251
1855
28939
1855
65134
1855
89493
1855
105251
1855
201327
1855
89493
1851
250001
1855
65134
1855
88512
34393
52803
1855
30974
1855
105251
1855
89493
1855
28939
34393
89493
1855
29581
34393
29581
1855
250001
1855
105251
1855
89493
1855
88512
1855
201327
1855
105251
1855
105251
1855
89493
119425
201327
104931
105251
1851
89493
34393
201327
35080
202561
1851
89493
117485
89493
34393
105251
53622
28939
94088
105251
54423
89493
129056
28939
34393
65134
53622
250001
78389
89493
130526
89493
119425
217392
1851
89493
53622
65134
108473
88512
1855
52803
69755
30974
34393
89493
47295
201327
119425
28939
1855
105251
129056
29581
1855
29581
35080
89493
69755
89493
93897
250001
119425
88512
119425
89493
34393
89493
105614
89493
35080
89493
104931
89493
1851
203682
34393
89493
35080
89493
1851
201327
117485
212580
34393
89493
53622
28939
94088
89493
54423
209199
119425
28939
34393
65134
53622
89493
78389
201327
119425
105251
130526
89493
1851
105251
53622
65134
108473
88512
1855
52803
69755
30974
34393
212580
47295
89493
130526
28939
1855
89493
119425
29581
1855
29581
35080
105251
69755
201327
93897
89493
130526
88512
129056
105251
34393
201327
105614
203682
35080
105251
1851
89493
34393
203682
35080
201327
1851
89493
104931
89493
34393
105251
53622
28939
94088
105251
54423
89493
104931
28939
34393
65134
53622
201327
78389
89493
104931
89493
104931
201327
1851
89493
53622
65134
104931
88512
1855
52803
69755
30974
34393
89493
47295
216392
104931
28939
1855
105251
104931
29581
1855
29581
35080
89493
69755
89493
93897
201327
104931
88512
104931
89493
34393
89493
104931
89493
35080
89493
1851
105251
1851
105251
94088
89493
1851
89493
1851
202820
1851
28939
1851
201327
1851
89493
1851
28939
1851
65134
1851
105251
1851
89493
1851
89493
1851
105251
94088
89493
1851
65134
1851
88512
1851
52803
1851
30974
1851
89493
1851
105251
1851
28939
1851
201327
1851
29581
1851
29581
1851
89493
1851
89493
1851
105251
1851
88512
1851
89493
1851
89493
1851
89493
1851
89493
34393
89493
1851
201327
34393
203682
133128
89493
34393
28939
34393
89493
34393
203682
34393
28939
34621
65134
34393
89493
34393
201327
34393
105251
34393
89493
1851
105251
34393
65134
34393
88512
1855
52803
34393
30974
37917
203682
34393
89493
34393
28939
1855
89493
34393
29581
1855
29581
34393
105251
34393
201327
34393
89493
34393
88512
34393
105251
34621
201327
34393
212580
34393
201327
1851
89493
35080
89493
34393
105251
35080
28939
35080
105251
35080
89493
35080
28939
34393
65134
35080
201327
35080
89493
35080
89493
35080
201327
1851
89493
35080
65134
35080
88512
1855
52803
35080
30974
34393
89493
35080
203682
35080
28939
1855
105251
35080
29581
1855
29581
127740
89493
35080
89493
35080
201327
35080
88512
35080
89493
34393
89493
35080
89493
128063
89493
1851
89493
1851
105251
1851
28939
1851
105251
1851
89493
1851
28939
1851
65134
1851
202561
1851
89493
1851
89493
1851
202561
119425
89493
1851
65134
1851
88512
1851
52803
1851
30974
1851
89493
1851
201327
1851
28939
1851
105251
1851
29581
1851
29581
1851
89493
1851
89493
1851
202561
1851
88512
1851
89493
1851
89493
1851
89493
1851
201327
34393
89493
53622
28939
94088
89493
54423
201327
117485
28939
34393
65134
53622
89493
78389
217392
117485
105251
117485
89493
1851
105251
53622
65134
108473
88512
1855
52803
69755
30974
34393
201327
47295
89493
117485
28939
1855
89493
117485
29581
1855
29581
35080
105251
69755
217392
93897
89493
117485
88512
117485
105251
34393
217392
105614
201327
35080
89493
34393
28939
34393
89493
34393
209199
34393
28939
34621
65134
34393
89493
34393
201327
34393
105251
34393
89493
1851
105251
34393
65134
34393
88512
1855
52803
34393
30974
37917
225011
34393
89493
34393
28939
1855
89493
34393
29581
1855
29581
34393
105251
34393
201327
34393
89493
34393
88512
34393
105251
34621
201327
34393
203682
34393
28939
53622
201327
53622
89493
53622
28939
34393
65134
105614
105251
53622
89493
53622
89493
53622
105251
1851
89493
54423
65134
53622
88512
1855
52803
53622
30974
34393
89493
47295
105251
53622
28939
1855
201327
53622
29581
1855
29581
35080
89493
53622
89493
53622
105251
53622
88512
53622
89493
34393
89493
53622
89493
35080
28939
54423
28939
94088
29581
34393
28939
53622
28939
78389
28939
94088
28939
94088
28939
1851
28939
53622
28939
94088
28939
1855
28939
69755
28939
34393
28939
47295
28939
94088
201327
1855
28939
94088
28939
1855
28939
35080
28939
69755
28939
93897
28939
94088
28939
94088
28939
34393
28939
94088
28939
35080
89493
54423
28939
34393
65134
53622
105251
54423
89493
54423
89493
54423
105251
1851
89493
53622
65134
54423
88512
1855
52803
54423
30974
34393
89493
47295
105251
54423
28939
1855
250001
54423
29581
1855
29581
35080
89493
54423
89493
54423
105251
54423
88512
54423
89493
34393
89493
54423
89493
35080
28939
34393
65134
53622
89493
78389
201327
129056
105251
119425
89493
1851
105251
53622
65134
108473
88512
1855
52803
69755
30974
34393
209199
47295
89493
119425
28939
1855
89493
250001
29581
1855
29581
35080
105251
69755
201327
93897
89493
119425
88512
119425
105251
34393
201327
105614
203682
35080
28939
34393
28939
34393
28939
34393
28939
34393
28939
1851
28939
34393
28939
34393
28939
1855
28939
34393
28939
34621
28939
34393
28939
34393
29581
1855
28939
34393
28939
1855
28939
34393
28939
34393
28939
34393
28939
34393
28939
34393
28939
55621
28939
34393
28939
34393
65134
53622
65134
53622
65134
53622
65134
1851
65134
54423
105251
53622
65134
1855
52803
53622
30974
34393
65134
47295
65134
53622
28939
1855
65134
53622
29581
1855
29581
35080
65134
53622
65134
53622
65134
53622
65134
53622
65134
34393
65134
53622
65134
35080
89493
78389
89493
78389
217392
1851
89493
53622
65134
78389
88512
1855
52803
69755
30974
34393
89493
47295
201327
78389
28939
1855
105251
78389
29581
1855
29581
35080
89493
69755
89493
78389
250001
78389
88512
78389
89493
34393
89493
78389
89493
35080
105251
119425
89493
1851
105251
53622
65134
108473
88512
1855
52803
69755
30974
34393
201327
47295
89493
119425
28939
1855
89493
129056
29581
1855
29581
35080
105251
69755
250001
93897
89493
119425
88512
119425
105251
34393
250001
105614
201327
35080
89493
1851
201327
53622
65134
108473
88512
1855
52803
69755
30974
34393
105251
47295
89493
133128
28939
1855
89493
119425
29581
1855
29581
35080
201327
69755
105251
93897
89493
133128
88512
129056
203682
34393
105251
105614
105251
35080
89493
1851
65134
1851
88512
1851
52803
1851
30974
1851
89493
1851
201327
1851
28939
1851
105251
1851
29581
1851
29581
1851
89493
1851
89493
1851
217392
1851
88512
1851
89493
1851
89493
1851
89493
1851
65134
53622
88512
1855
52803
53622
30974
34393
105251
47295
89493
53622
28939
1855
89493
53622
29581
1855
29581
35080
250001
53622
105251
53622
89493
53622
88512
53622
201327
34393
105251
53622
105251
35080
65134
1855
52803
69755
30974
34393
65134
47295
65134
108473
28939
1855
65134
108473
29581
1855
29581
35080
65134
69755
65134
93897
65134
108473
65134
108473
65134
34393
65134
105614
65134
35080
52803
1855
30974
1855
88512
1855
88512
1855
28939
114036
88512
1855
29581
47295
29581
1855
88512
1855
88512
1855
88512
1855
100321
1855
88512
1855
88512
1855
88512
1855
30974
34393
52803
47295
52803
69755
28939
1855
52803
69755
29581
1855
29581
35080
52803
130708
52803
69755
52803
69755
52803
69755
52803
34393
52803
69755
52803
35080
30974
34393
30974
34393
28939
1855
30974
34393
29581
1855
29581
34393
30974
34393
30974
34393
30974
34393
30974
34393
30974
34621
30974
34393
30974
34393
89493
47295
28939
1855
89493
47295
29581
1855
29581
35080
105251
47295
201327
47295
89493
47295
88512
47295
105251
34393
201327
47295
203682
35080
28939
1855
105251
119425
29581
1855
29581
35080
89493
69755
89493
93897
201327
162628
88512
129056
89493
34393
89493
105614
89493
35080
28939
1855
28939
47295
28939
1855
28939
1855
28939
1855
28939
1855
28939
1855
28939
1855
28939
1855
28939
1855
29581
1855
29581
35080
89493
69755
89493
93897
105251
119425
88512
119425
89493
34393
89493
105614
89493
35080
29649
1855
29581
1855
29581
1855
29581
1855
29581
1855
29581
1855
29581
1855
29581
1855
29581
35080
29581
35080
29581
35080
29581
35080
29581
34393
29581
35080
29581
127740
105251
69755
89493
69755
88512
69755
201327
34393
105251
69755
105251
35080
89493
93897
88512
93897
105251
34393
250001
93897
201327
35080
88512
129056
89493
34393
89493
105614
89493
35080
88512
34393
88512
105614
88512
35080
105251
34393
105251
34393
201327
35080
