26347
21547
28916
22199
26347
9556
26347
22544
28916
149817
26347
22544
26347
22544
26347
22249
28916
250001
26347
9960
26347
22249
26347
21547
26347
21547
26347
22249
26347
22249
26347
9960
26347
22199
26347
13761
26347
22249
222529
149817
26347
22249
26347
9343
28916
22544
26347
22249
26347
22249
28916
149817
26347
9556
26347
22249
26347
22544
26347
9343
26347
22249
26347
22544
26347
22249
26347
21547
31210
9556
205553
21547
26347
21547
38979
21547
31210
21547
162493
21547
26347
21547
250001
9960
74091
21547
250001
22249
250001
40216
38979
21547
31210
21547
38979
9960
31210
21547
250001
13761
250001
21547
26347
21547
162493
21547
250001
9343
26347
21547
38979
21547
64123
21547
26347
21547
30129
9556
74091
21547
250001
21547
31210
9343
31868
21547
250001
21547
74091
21547
26347
9556
26347
22199
250001
22199
26347
22199
26347
22199
26347
22199
115668
22199
26347
9960
26347
22199
26347
21547
26347
21547
26347
22199
26347
22199
26347
9960
26347
22249
26347
13761
26347
22199
28916
22199
26347
22199
26347
9343
117599
22199
26347
22199
26347
22199
250001
22199
26347
9556
26347
22199
26347
22199
26347
9343
26347
22199
26347
22199
26347
22199
31210
9556
26347
9556
31210
9556
43488
9556
31210
9556
26347
9556
31210
9556
31210
9556
31210
9556
31210
9556
31210
9556
33173
9556
31210
9556
35465
9556
31210
9556
31210
9556
26347
9556
31210
9556
31210
9343
26347
9556
31210
9556
31210
9556
26347
9556
30129
9960
31210
9556
31210
9556
147792
9343
31210
9556
31210
9556
31210
9556
26347
22544
38979
44470
31210
23641
162493
22249
26347
22544
205553
9960
74091
22249
205553
21547
205553
21547
38979
22249
31210
22249
38979
9960
31210
22199
205553
13761
205553
22249
26347
22544
162493
22249
205553
9343
26347
23641
38979
22249
64123
22249
26347
22544
30129
9556
74091
22249
205553
44470
31210
9343
31868
22249
205553
44470
74091
22249
26347
22544
26347
22544
26347
22249
115668
149817
26347
9960
26347
22249
26347
21547
26347
21547
26347
22249
26347
22249
26347
9960
26347
22199
26347
13761
26347
22249
28916
173003
26347
22249
26347
9343
117599
22544
26347
22249
26347
22249
250001
173003
26347
9556
26347
22249
26347
22544
26347
9343
26347
22249
26347
22544
26347
22249
31210
23641
38979
22249
26347
22544
38979
9960
38979
22249
38979
21547
38979
21547
40328
22249
31210
22249
222529
9960
31210
22199
38979
13761
38979
22249
26347
22544
38979
22249
38979
9343
26347
23641
40328
22249
38979
22249
26347
22544
30129
9556
38979
22249
38979
45747
31210
9343
31868
22249
38979
62957
38979
22249
31210
22249
26347
22544
31210
9960
31210
22249
31210
21547
31210
21547
31210
22249
33173
22249
31210
9960
35465
22199
31210
13761
31210
22249
26347
22544
31210
22249
31210
9343
26347
25663
31210
22249
31210
22249
26347
22544
30129
9556
31210
22249
31210
23641
43488
9343
31210
22249
31210
23641
31210
22249
26347
22249
162493
9960
74091
197149
162493
21547
162493
21547
38979
23641
31210
100507
38979
9960
31210
22199
162493
13761
162493
40216
26347
22249
250001
250001
162493
9343
26347
22249
38979
250001
64123
201886
26347
22249
30129
9556
74091
250001
162493
22249
31210
9343
31868
250001
162493
22249
74091
250001
26347
9960
26347
22249
26347
21547
26347
21547
26347
22249
26347
22249
26347
9960
26347
22199
26347
13761
26347
22249
28916
149817
26347
22249
26347
9343
115668
22544
26347
22249
26347
22249
115668
149817
26347
9556
26347
22249
26347
22544
26347
9343
26347
22249
26347
22544
26347
22249
74091
9960
250001
9960
250001
9960
38979
9960
31210
9960
38979
14954
31210
9960
250001
9960
250001
9960
26347
9960
162493
9960
250001
9343
26347
9960
38979
9960
64123
9960
26347
9960
30129
9556
74091
9960
250001
9960
31210
9343
31868
9960
250001
9960
74091
9960
74091
21547
74091
21547
38979
23641
31210
100507
38979
9960
31210
22199
74091
13761
74091
40216
26347
22249
74091
197149
74091
9343
26347
22249
38979
197149
64123
197149
26347
22249
30129
9556
250001
197149
74091
22249
31210
9343
31868
197149
74091
22249
250001
197149
250001
22249
38979
21547
31210
21547
38979
9960
31210
21547
250001
13761
250001
21547
26347
21547
162493
21547
250001
9343
26347
21547
38979
21547
64123
21547
26347
21547
30129
9556
74091
21547
250001
21547
31210
9343
31868
21547
250001
21547
74091
21547
38979
21547
31210
21547
38979
9960
31210
21547
250001
13761
250001
21547
26347
21547
162493
21547
250001
9343
26347
21547
38979
21547
64123
21547
26347
21547
30129
9556
74091
21547
250001
21547
31210
9343
31868
21547
250001
21547
74091
21547
31210
23641
40328
9960
31210
22199
38979
13761
38979
23641
26347
22249
38979
23641
38979
9343
26347
22249
177610
23641
38979
23641
26347
22249
30129
9556
38979
23641
38979
22249
31210
9343
31868
23641
38979
22249
38979
23641
31210
9960
33173
22199
31210
13761
31210
40216
26347
22249
31210
100507
31210
9343
26347
22249
31210
100507
31210
100507
26347
22249
30129
9556
31210
100507
31210
22249
33173
9343
31210
100507
31210
22249
31210
100507
31210
9960
38979
9960
38979
9960
26347
9960
38979
9960
38979
9343
26347
9960
40328
9960
38979
9960
26347
9960
30129
9556
38979
9960
38979
9960
31210
9343
31868
9960
38979
9960
38979
9960
31210
13761
31210
22199
26347
22199
31210
22199
31210
9343
26347
22199
31210
22199
31210
22199
26347
22199
30129
9556
31210
22199
31210
22199
35465
9343
31210
22199
31210
22199
31210
22199
250001
13761
26347
13761
162493
13761
250001
9343
26347
13761
38979
13761
64123
13761
26347
13761
30129
9556
74091
13761
250001
13761
31210
9343
31868
13761
250001
13761
74091
13761
26347
22249
162493
40216
250001
9343
26347
22249
38979
40216
64123
40216
26347
22249
30129
9556
74091
40216
250001
22249
31210
9343
31868
40216
250001
22249
74091
40216
26347
22249
26347
9343
28916
22544
26347
22249
26347
22249
28916
250001
26347
9556
26347
22249
26347
22544
26347
9343
26347
22249
26347
22544
26347
22249
162493
9343
26347
22249
38979
250001
64123
201886
26347
22249
30129
9556
74091
250001
162493
22249
31210
9343
31868
250001
162493
22249
74091
250001
26347
9343
38979
9343
64123
9343
26347
9343
30129
9343
74091
9343
250001
9343
31210
9556
31868
9343
250001
9343
74091
9343
26347
22249
26347
22249
117599
22544
26347
9556
26347
22249
26347
23641
26347
9343
26347
22249
26347
23641
26347
22249
38979
201886
26347
22249
30129
9556
38979
250001
38979
22249
31210
9343
31868
250001
38979
22249
38979
250001
26347
22249
30129
9556
64123
201886
64123
22249
31210
9343
31868
201886
64123
22249
64123
201886
26347
9556
26347
22249
26347
22544
26347
9343
26347
22249
26347
22544
26347
22249
30129
9556
30129
9556
30129
9343
30129
9556
30129
9556
30129
9556
74091
22249
31210
9343
31868
250001
74091
22249
250001
250001
31210
9343
31868
22249
250001
45747
74091
22249
31210
9343
31210
9343
31210
9343
31868
22249
31868
250001
74091
22249
