4111
3960
134949
3960
4111
3960
4111
3960
4111
18785
39571
3960
4111
3960
4111
3960
4111
3960
4111
3960
4111
3960
4111
3960
134397
3960
4111
3960
4111
3960
4111
3960
4111
3960
4111
3960
134397
3960
4111
3960
4111
3960
4111
3960
134397
3960
4111
3960
4111
3960
4111
3960
4111
3960
4111
3960
4111
3960
4111
3960
4111
3960
4111
3960
4111
3960
4111
3960
4111
3960
134397
3960
134397
3960
88886
3960
4111
18785
82900
35590
105271
56001
105271
3960
4111
18785
39571
77465
105271
35590
105271
77465
105271
9529
105271
77465
105271
77465
4111
18785
82900
77465
82900
54148
105271
104859
82900
18785
105271
77465
4111
18785
105271
77465
105271
35590
105271
48753
4111
18785
250001
54148
105271
33591
105271
33591
105271
9529
105271
54148
105271
77465
105271
77465
105271
77465
105271
77465
105271
35590
82900
104859
105271
77465
4111
18785
4111
35590
4111
35590
4111
18785
4111
18785
4111
3960
39571
46666
4111
18785
4111
18785
4111
18785
4111
9529
4111
18785
4111
18785
134397
62395
4111
18785
4111
18785
4111
18785
4111
62395
4111
18785
134397
250001
4111
18785
4111
18785
4111
18785
134397
250001
4111
18785
4111
18785
4111
18785
4111
9529
4111
18785
4111
18785
4111
18785
4111
18785
4111
18785
4111
18785
4111
18785
4111
18785
134397
62395
134397
18785
88886
18785
82900
35590
82900
3960
4111
18785
39571
35590
82900
59716
82900
35590
82900
9529
82900
35590
82900
35590
4111
18785
88886
35590
105271
35590
82900
35590
105271
18785
82900
35590
4111
18785
82900
35590
82900
59716
82900
35590
4111
18785
82900
35590
82900
33591
82900
33591
82900
9529
82900
35590
82900
35590
82900
35590
82900
35590
82900
35590
82900
59716
105271
35590
82900
35590
4111
18785
4111
204292
4111
46666
162254
3960
4111
18785
39571
56001
250001
35590
136714
56001
134397
9529
250001
56001
250001
56001
4111
18785
82900
56001
82900
54148
250001
56001
82900
18785
134397
56001
4111
18785
134397
56001
250001
35590
250001
48753
4111
18785
105271
54148
250001
33591
134397
33591
250001
9529
134397
54148
250001
56001
250001
56001
250001
56001
250001
56001
250001
35590
82900
56001
140448
56001
4111
18785
4111
35590
4111
35590
4111
3960
39571
3960
162254
3960
136714
3960
134397
3960
162254
3960
162254
3960
4111
3960
82900
3960
82900
3960
162254
3960
82900
3960
134397
3960
4111
3960
134397
3960
162254
3960
162254
3960
4111
3960
105271
3960
162254
3960
134397
3960
162254
3960
134397
3960
162254
3960
162254
3960
162254
3960
162254
3960
162254
3960
82900
3960
140448
3960
4111
3960
4111
3960
4111
3960
4111
18785
4111
18785
4111
18785
4111
9529
4111
18785
4111
18785
39571
46666
4111
18785
4111
18785
4111
18785
4111
46666
4111
18785
39571
46666
4111
18785
4111
18785
4111
18785
39571
46666
4111
18785
4111
18785
4111
18785
4111
9529
4111
18785
4111
18785
4111
18785
4111
18785
4111
18785
4111
18785
4111
18785
4111
18785
39571
46666
39571
18785
39571
18785
39571
35590
39571
239253
39571
9529
39571
250001
39571
239253
4111
18785
39571
104859
39571
54148
39571
77465
39571
18785
39571
229352
4111
18785
39571
250001
39571
35590
39571
48753
4111
18785
39571
54148
39571
33591
39571
33591
39571
9529
39571
54148
39571
250001
39571
250001
39571
250001
39571
250001
39571
35590
39571
77465
39571
239253
4111
18785
4111
35590
4111
35590
136714
35590
134397
9529
250001
35590
250001
35590
4111
18785
82900
35590
82900
35590
250001
35590
82900
18785
134397
35590
4111
18785
134397
35590
250001
78686
250001
35590
4111
18785
105271
35590
250001
33591
134397
33591
250001
9529
134397
35590
250001
35590
250001
35590
250001
35590
250001
35590
250001
78686
82900
35590
140448
35590
4111
18785
4111
59716
4111
46666
134397
9529
136714
239253
136714
250001
4111
18785
82900
104859
82900
54148
136714
77465
82900
18785
134397
229352
4111
18785
134397
239253
136714
35590
136714
48753
4111
18785
105271
54148
136714
33591
134397
33591
136714
9529
134397
54148
136714
239253
136714
239253
136714
239253
136714
239253
136714
35590
82900
77465
136714
250001
4111
18785
4111
35590
4111
35590
134397
9529
134397
9529
4111
9529
82900
9529
82900
9529
134397
9529
82900
9529
140448
9529
4111
9529
140809
9529
134397
9529
134397
9529
4111
9529
105271
9529
134397
9529
140448
9529
134397
77465
136168
9529
134397
9529
134397
9529
134397
9529
134397
9529
134397
9529
82900
9529
134397
9529
4111
9529
4111
9529
4111
9529
250001
239253
4111
18785
82900
104859
82900
54148
250001
77465
82900
18785
134397
229352
4111
18785
134397
250001
250001
35590
250001
48753
4111
18785
105271
54148
250001
33591
134397
33591
250001
9529
134397
54148
250001
250001
250001
250001
250001
250001
250001
250001
250001
35590
82900
77465
140448
239253
4111
18785
4111
35590
4111
35590
4111
18785
82900
104859
82900
54148
250001
77465
82900
18785
134397
229352
4111
18785
134397
239253
250001
35590
250001
48753
4111
18785
105271
54148
250001
33591
134397
33591
250001
9529
134397
54148
250001
239253
250001
239253
250001
239253
250001
239253
250001
35590
82900
77465
140448
250001
4111
18785
4111
35590
4111
35590
4111
18785
4111
18785
4111
18785
4111
250001
4111
18785
250001
62395
4111
18785
4111
18785
4111
18785
234761
62395
4111
18785
4111
18785
4111
18785
4111
9529
4111
18785
4111
18785
4111
18785
4111
18785
4111
18785
4111
18785
4111
18785
4111
18785
250001
81307
250001
18785
88886
18785
88886
54148
82900
77465
88886
18785
82900
104859
4111
18785
82900
104859
82900
35590
82900
48753
4111
18785
82900
54148
82900
33591
82900
33591
82900
9529
82900
54148
82900
104859
82900
104859
82900
104859
82900
104859
82900
35590
88886
77465
82900
104859
4111
18785
4111
35590
4111
35590
82900
54148
134397
18785
82900
54148
4111
18785
82900
54148
82900
35590
82900
48753
4111
18785
82900
55058
82900
33591
82900
33591
82900
9529
82900
250001
82900
54148
82900
54148
82900
54148
82900
54148
82900
35590
134397
54148
82900
54148
4111
18785
4111
35590
4111
35590
82900
18785
134397
77465
4111
18785
134397
77465
250001
35590
250001
48753
4111
18785
105271
54148
250001
33591
134397
33591
250001
9529
134397
54148
250001
77465
250001
77465
250001
77465
250001
77465
250001
35590
82900
250001
140448
77465
4111
18785
4111
35590
4111
35590
82900
18785
4111
62395
82900
18785
82900
18785
82900
18785
4111
62395
82900
18785
82900
18785
82900
18785
82900
9529
82900
18785
82900
18785
82900
18785
82900
18785
82900
18785
82900
18785
250001
18785
82900
18785
4111
81307
4111
18785
4111
18785
4111
18785
140448
229352
134397
35590
134397
48753
4111
18785
105271
54148
134397
33591
162254
33591
134397
9529
136168
54148
134397
229352
134397
229352
134397
229352
134397
229352
134397
35590
82900
77465
134397
229352
4111
18785
4111
35590
4111
35590
4111
18785
4111
18785
4111
18785
234761
250001
4111
18785
4111
18785
4111
18785
4111
9529
4111
18785
4111
18785
4111
18785
4111
18785
4111
18785
4111
18785
4111
18785
4111
18785
250001
62395
250001
18785
88886
18785
134397
35590
134397
48753
4111
18785
105271
54148
134397
33591
140448
33591
134397
9529
136168
54148
134397
250001
134397
250001
134397
250001
134397
250001
134397
35590
82900
77465
134397
239253
4111
18785
4111
35590
4111
35590
250001
35590
4111
18785
105271
35590
250001
33591
134397
33591
250001
9529
134397
35590
250001
35590
250001
35590
250001
35590
250001
35590
250001
102618
82900
35590
140448
35590
4111
18785
4111
59716
4111
46666
4111
18785
105271
48753
250001
33591
134397
33591
250001
9529
134397
48753
250001
48753
250001
48753
250001
48753
250001
48753
250001
35590
82900
48753
140448
48753
4111
18785
4111
35590
4111
35590
4111
18785
4111
18785
4111
18785
4111
9529
4111
18785
4111
18785
4111
18785
4111
18785
4111
18785
4111
18785
4111
18785
4111
18785
234761
62395
234761
18785
88886
18785
105271
33591
105271
33591
105271
9529
105271
55058
105271
54148
105271
54148
105271
54148
105271
54148
105271
35590
82900
54148
105271
54148
4111
18785
4111
35590
4111
35590
134397
35590
250001
9529
134397
33591
250001
33591
250001
33591
250001
33591
250001
33591
250001
33591
82900
33591
140448
33591
4111
18785
4111
33591
4111
33591
134397
9529
136168
33591
134397
33591
134397
33591
134397
33591
134397
33591
134397
33591
82900
33591
134397
33591
4111
18785
4111
33591
4111
33591
134397
9529
250001
9529
250001
9529
250001
9529
250001
9529
250001
9529
82900
9529
140448
9529
4111
9529
4111
9529
4111
9529
134397
54148
134397
54148
134397
54148
134397
54148
134397
35590
82900
54148
134397
54148
4111
18785
4111
35590
4111
35590
250001
250001
250001
250001
250001
250001
250001
35590
82900
77465
140448
239253
4111
18785
4111
35590
4111
35590
250001
250001
250001
250001
250001
35590
82900
77465
140448
239253
4111
18785
4111
35590
4111
35590
250001
250001
250001
35590
82900
77465
140448
239253
4111
18785
4111
35590
4111
35590
250001
35590
82900
77465
140448
239253
4111
18785
4111
35590
4111
35590
82900
35590
140448
35590
4111
18785
4111
59716
4111
46666
82900
77465
4111
18785
4111
35590
4111
35590
4111
18785
4111
35590
4111
35590
250001
18785
88886
18785
88886
46666
