250001
102724
92638
238322
97969
238322
32301
11679
32301
11679
97969
43798
159120
165135
32301
129454
250001
127059
32301
11679
67224
238322
97969
238322
250001
165135
250001
250001
67224
250001
99152
250001
92638
151810
32301
11679
92638
238322
67224
102724
32520
129454
191176
250001
32301
11679
250001
250001
32520
129454
32520
129454
32520
151810
32520
11679
32301
11679
191176
250001
32301
11679
32301
11679
32520
129454
250001
151810
32520
129454
92638
102724
97969
102724
32301
11679
32301
11679
97969
43798
159120
102724
32301
102724
250001
102724
32301
11679
67224
102724
97969
102724
250001
102724
250001
102724
67224
102724
99152
102724
92638
102724
32301
11679
92638
102724
67224
161532
32520
102724
191176
102724
32301
11679
250001
102724
32520
102724
32520
102724
32520
102724
32520
11679
32301
11679
191176
102724
32301
11679
32301
11679
32520
102724
250001
102724
32520
102724
92638
250001
32301
11679
32301
11679
92638
43798
92638
165135
32301
129454
92638
127059
32301
11679
67224
250001
92638
250001
92638
165135
92638
238322
67224
238322
92638
238322
97969
151810
32301
11679
250001
250001
67224
102724
32520
129454
92638
238322
32301
11679
92638
238322
32520
129454
32520
129454
32520
151810
32520
11679
32301
11679
92638
238322
32301
11679
32301
11679
32520
129454
92638
151810
32520
129454
32301
11679
32301
11679
250001
43798
97969
165135
32301
129454
97969
127059
32301
11679
67224
250001
156459
250001
97969
165135
97969
238322
67224
238322
97969
238322
92638
151810
32301
11679
92638
250001
67224
102724
32520
129454
97969
238322
32301
11679
97969
238322
32520
129454
32520
129454
32520
151810
32520
11679
32301
11679
97969
238322
32301
11679
32301
11679
32520
129454
97969
151810
32520
129454
181011
250001
32301
11679
32301
11679
84163
11679
32301
11679
234543
72244
32301
11679
32301
11679
32301
11679
32301
11679
32301
11679
32301
11679
32301
11679
250001
241792
32301
11679
32301
11679
32301
11679
32301
11679
72236
250001
32301
11679
32301
11679
32301
11679
32301
11679
32301
250001
92336
43798
32301
11679
72236
161532
181011
241792
32301
11679
32301
11679
32301
11679
32301
11679
32301
11679
84163
11679
32301
11679
181011
72244
32301
11679
32301
11679
32301
11679
32301
11679
32301
11679
32301
11679
32301
11679
181011
241792
32301
11679
32301
11679
32301
11679
32301
11679
72236
250001
32301
11679
32301
11679
32301
11679
32301
11679
32301
250001
92336
43798
32301
11679
72236
161532
227469
241792
32301
11679
32301
11679
32301
11679
97969
43798
32301
43798
97969
43798
32301
11679
67224
43798
156459
43798
97969
43798
97969
43798
67224
43798
97969
43798
92638
43798
32301
11679
92638
43798
67224
43798
32520
43798
97969
43798
32301
11679
97969
43798
32520
43798
32520
43798
32520
43798
32520
11679
32301
11679
97969
43798
32301
11679
32301
11679
32520
43798
97969
43798
32520
43798
32301
129454
159120
127059
32301
11679
67224
165135
97969
165135
159120
250001
159120
165135
67224
165135
99152
165135
92638
151810
32301
11679
92638
165135
67224
102724
32520
129454
159120
165135
32301
11679
159120
165135
32520
129454
32520
129454
32520
151810
32520
11679
32301
11679
159120
165135
32301
11679
32301
11679
32520
129454
159120
151810
32520
129454
32301
127059
84163
11679
32301
129454
32301
129454
32301
129454
32301
129454
32301
129454
32301
129454
32301
129454
84163
11679
32301
129454
32301
102724
32301
169911
32301
129454
72236
11679
32301
129454
32301
169911
32301
163703
32301
129454
32301
11679
84163
11679
32301
129454
72236
11679
84163
11679
32301
169911
32301
129454
32301
169911
32301
11679
67224
127059
97969
127059
250001
127059
250001
127059
67224
127059
99152
127059
92638
127059
32301
11679
92638
127059
67224
102724
32520
127059
191176
127059
32301
11679
250001
127059
32520
127059
32520
127059
32520
127059
32520
11679
32301
11679
191176
127059
32301
11679
32301
11679
32520
127059
250001
127059
32520
127059
32301
11679
32301
11679
32301
11679
32301
11679
32301
11679
32301
11679
32301
11679
234543
72244
32301
11679
32301
11679
32301
11679
32301
11679
72236
72244
32301
11679
32301
11679
32301
11679
32301
11679
32301
72244
92336
43798
32301
11679
72236
72244
181011
72244
32301
11679
32301
11679
32301
11679
67224
250001
67224
165135
67224
238322
92638
238322
67224
238322
67224
151810
32301
11679
67224
250001
92336
102724
32520
129454
67224
238322
32301
11679
67224
238322
32520
129454
32520
129454
32520
151810
32520
11679
32301
11679
67224
238322
32301
11679
32301
11679
32520
129454
67224
151810
32520
129454
97969
165135
97969
238322
67224
238322
97969
238322
92638
151810
32301
11679
92638
250001
67224
102724
32520
129454
97969
238322
32301
11679
97969
238322
32520
129454
32520
129454
32520
151810
32520
11679
32301
11679
97969
238322
32301
11679
32301
11679
32520
129454
97969
151810
32520
129454
250001
165135
67224
165135
99152
165135
92638
151810
32301
11679
92638
165135
67224
102724
32520
129454
191176
165135
32301
11679
250001
165135
32520
129454
32520
129454
32520
151810
32520
11679
32301
11679
191176
165135
32301
11679
32301
11679
32520
129454
250001
151810
32520
129454
67224
250001
99152
250001
92638
151810
32301
11679
92638
238322
67224
102724
32520
129454
191176
250001
32301
11679
250001
250001
32520
129454
32520
129454
32520
151810
32520
11679
32301
11679
191176
250001
32301
11679
32301
11679
32520
129454
250001
151810
32520
129454
67224
250001
67224
151810
32301
11679
67224
238322
92336
102724
32520
129454
67224
250001
32301
11679
67224
250001
32520
129454
32520
129454
32520
151810
32520
11679
32301
11679
67224
250001
32301
11679
32301
11679
32520
129454
67224
151810
32520
129454
92638
151810
32301
11679
92638
238322
67224
102724
32520
129454
99152
250001
32301
11679
99152
250001
32520
129454
32520
129454
32520
151810
32520
11679
32301
11679
99152
250001
32301
11679
32301
11679
32520
129454
99152
151810
32520
129454
32301
11679
97969
151810
67224
102724
32520
129454
92638
151810
32301
11679
92638
151810
32520
129454
32520
129454
32520
165135
32520
11679
32301
11679
92638
151810
32301
11679
32301
11679
32520
129454
92638
165135
32520
129454
32301
11679
32301
11679
32301
11679
32301
11679
72236
241792
32301
11679
32301
11679
32301
11679
32301
11679
32301
241792
92336
43798
32301
11679
72236
161532
181011
250001
32301
11679
32301
11679
32301
11679
67224
102724
32520
129454
92638
238322
32301
11679
92638
238322
32520
129454
32520
129454
32520
151810
32520
11679
32301
11679
92638
238322
32301
11679
32301
11679
32520
129454
92638
151810
32520
129454
32520
102724
67224
102724
32301
11679
67224
102724
32520
102724
32520
102724
32520
102724
32520
11679
32301
11679
67224
102724
32301
11679
32301
11679
32520
102724
67224
102724
32520
102724
32520
129454
32301
11679
32520
129454
181011
177041
250001
163703
84163
129454
84163
11679
32301
11679
32520
129454
32301
11679
32301
11679
181011
250001
32520
129454
181011
250001
32301
11679
191176
250001
32520
129454
32520
129454
32520
151810
32520
11679
32301
11679
250001
250001
32301
11679
32301
11679
32520
129454
191176
151810
32520
129454
32301
11679
32301
11679
32301
11679
32301
11679
32301
250001
72236
43798
32301
11679
181011
161532
72236
241792
32301
11679
32301
11679
32301
11679
32520
129454
32520
129454
32520
151810
32520
11679
32301
11679
191176
250001
32301
11679
32301
11679
32520
129454
250001
151810
32520
129454
181011
163703
84163
129454
84163
11679
32301
11679
32520
129454
32301
11679
32301
11679
250001
177041
32520
129454
239876
177041
84163
129454
84163
11679
32301
11679
32520
129454
32301
11679
32301
11679
181011
163703
32520
129454
181011
163703
181011
11679
32301
11679
32520
151810
32301
11679
32301
11679
84163
129454
32520
177041
84163
129454
32301
43798
32520
11679
32301
161532
32301
241792
84163
11679
32520
11679
84163
11679
32301
11679
72236
43798
92336
43798
32301
11679
32301
11679
32301
11679
32301
11679
32301
11679
32520
129454
191176
151810
32520
129454
72236
161532
32301
11679
32301
11679
32301
11679
32301
11679
32301
11679
32301
11679
32520
129454
239876
250001
32520
129454
