28661
60920
70290
175405
28661
175405
28661
60894
28661
60894
221893
148187
28661
60894
250001
148187
221893
175405
49053
175405
28661
175405
222717
96924
250001
151835
250001
61447
250001
60920
222717
60894
250001
18161
250001
60920
250001
18161
70290
30605
250001
18161
250001
175405
250001
96924
70290
175405
70290
175405
250001
148187
28661
60894
250001
96924
28661
60894
28661
60894
49053
18161
28661
24328
250001
148187
28661
60894
250001
175405
250001
148187
28661
60920
222717
60920
222717
60894
250001
60894
28661
60920
222717
60894
28661
60920
28661
60920
28661
60920
222717
60920
28661
60920
28661
60920
28661
60920
28661
151835
28661
60894
28661
18161
28661
116471
28661
18161
28661
30605
28661
18161
28661
60920
28661
60920
28661
60920
28661
60920
28661
60920
222717
60894
28661
60920
250001
60894
222717
60894
28661
18161
222717
24328
28661
60920
222717
60894
28661
60920
28661
60920
28661
206779
28661
60894
28661
60894
70290
148187
28661
60894
70290
148187
70290
176457
49053
206779
28661
206779
70290
96924
70290
151835
70290
61447
70290
60920
70290
60894
70290
18161
70290
60920
70290
18161
250001
30605
70290
18161
70290
250001
70290
96924
250001
250001
250001
206779
70290
148187
28661
60894
70290
96924
28661
60894
28661
60894
49053
18161
28661
24328
70290
148187
28661
60894
70290
206779
70290
148187
250001
60894
222717
60894
28661
148187
250001
60894
28661
148187
28661
176457
28661
206911
250001
250001
28661
96924
28661
151835
28661
61447
28661
60920
28661
60894
28661
18161
28661
60920
28661
18161
28661
30605
28661
18161
28661
206779
28661
96924
28661
206779
28661
206911
28661
148187
250001
60894
28661
96924
222717
60894
250001
60894
28661
18161
250001
24328
28661
148187
250001
60894
28661
206911
28661
148187
222717
250001
28661
60894
250001
250001
28661
60894
28661
60894
28661
60894
250001
60894
28661
60894
28661
60894
28661
60894
28661
60894
28661
250001
28661
18161
28661
60894
28661
18161
28661
30605
28661
18161
28661
60894
28661
60894
28661
60894
28661
60894
28661
60894
250001
175405
28661
60894
222717
250001
250001
151303
28661
18161
250001
24328
28661
60894
250001
250001
28661
60894
28661
60894
28661
60894
222717
250001
28661
60894
28661
60894
28661
60894
222717
60894
28661
60894
28661
60894
28661
60894
28661
60894
28661
250001
28661
18161
28661
60894
28661
18161
28661
30605
28661
18161
28661
60894
28661
60894
28661
60894
28661
60894
28661
60894
222717
175405
28661
60894
250001
250001
222717
151303
28661
18161
222717
24328
28661
60894
222717
250001
28661
60894
28661
60894
28661
60894
221893
205094
250001
148187
49053
148187
28661
148187
221893
96924
221893
148187
221893
61447
221893
60920
221893
60894
221893
18161
221893
60920
221893
18161
70290
30605
221893
18161
221893
148187
221893
96924
70290
148187
70290
148187
221893
205094
28661
60894
221893
96924
28661
60894
28661
60894
49053
18161
28661
24328
221893
205094
28661
60894
221893
148187
221893
205094
28661
60894
28661
60894
28661
60894
250001
60894
28661
60894
28661
60894
28661
60894
28661
60894
28661
250001
28661
18161
28661
60894
28661
18161
28661
30605
28661
18161
28661
60894
28661
60894
28661
60894
28661
60894
28661
60894
250001
175405
28661
60894
222717
250001
250001
151303
28661
18161
250001
24328
28661
60894
250001
250001
28661
60894
28661
60894
221893
148187
49053
148187
28661
148187
222717
96924
250001
148187
250001
61447
250001
60920
222717
60894
250001
18161
250001
60920
250001
18161
70290
30605
250001
18161
250001
148187
250001
96924
70290
148187
70290
148187
250001
250001
28661
60894
250001
96924
28661
60894
28661
60894
49053
18161
28661
24328
250001
242692
28661
60894
250001
148187
250001
250001
49053
176457
28661
176457
221893
96924
221893
151835
221893
61447
221893
60920
221893
60894
221893
18161
221893
60920
221893
18161
70290
30605
221893
18161
221893
176457
221893
96924
70290
176457
70290
176457
221893
148187
28661
60894
221893
96924
28661
60894
28661
60894
49053
18161
28661
24328
221893
148187
28661
60894
221893
176457
221893
148187
28661
206911
49053
96924
49053
151835
49053
61447
49053
60920
49053
60894
49053
18161
49053
60920
49053
18161
49053
30605
49053
18161
49053
206779
49053
96924
49053
206779
49053
208568
49053
148187
28661
60894
49053
96924
28661
60894
28661
60894
250001
18161
28661
24328
49053
148187
28661
60894
49053
208568
49053
148187
28661
96924
28661
151835
28661
61447
28661
60920
28661
60894
28661
18161
28661
60920
28661
18161
28661
30605
28661
18161
28661
206779
28661
96924
28661
206779
28661
206911
28661
148187
250001
60894
28661
96924
222717
60894
250001
60894
28661
18161
250001
24328
28661
148187
250001
60894
28661
206911
28661
148187
222717
96924
222717
61447
222717
60920
250001
60894
222717
18161
222717
60920
222717
18161
70290
30605
222717
18161
222717
96924
222717
250001
70290
96924
70290
96924
222717
96924
28661
60894
222717
250001
28661
60894
28661
60894
49053
18161
28661
24328
222717
96924
28661
60894
222717
96924
222717
96924
250001
61447
250001
60920
222717
60894
250001
18161
250001
60920
250001
18161
70290
30605
250001
18161
250001
151835
250001
96924
70290
151835
70290
151835
250001
148187
28661
60894
250001
96924
28661
60894
28661
60894
49053
18161
28661
24328
250001
148187
28661
60894
250001
151835
250001
148187
250001
60920
222717
60894
250001
18161
250001
60920
250001
18161
70290
30605
250001
18161
250001
61447
250001
61447
70290
61447
70290
61447
250001
61447
28661
60894
250001
61447
28661
60894
28661
60894
49053
18161
28661
24328
250001
61447
28661
60894
250001
61447
250001
61447
222717
60894
250001
18161
250001
116471
250001
18161
70290
30605
250001
18161
250001
60920
250001
60920
70290
60920
70290
60920
250001
60920
28661
60894
250001
60920
28661
60894
28661
60894
49053
18161
28661
24328
250001
60920
28661
60894
250001
60920
250001
60920
222717
18161
222717
60894
222717
18161
70290
30605
222717
18161
222717
60894
222717
60894
70290
60894
70290
60894
222717
60894
28661
175405
222717
60894
28661
250001
28661
151303
49053
18161
28661
24328
222717
60894
28661
250001
222717
60894
222717
60894
250001
18161
250001
38283
70290
18161
250001
38283
250001
18161
250001
18161
70290
18161
70290
18161
250001
18161
28661
18161
250001
18161
28661
18161
28661
18161
49053
24328
28661
18161
250001
18161
28661
18161
250001
18161
250001
18161
250001
18161
70290
30605
250001
18161
250001
60920
250001
60920
70290
60920
70290
60920
250001
60920
28661
60894
250001
60920
28661
60894
28661
60894
49053
18161
28661
24328
250001
60920
28661
60894
250001
60920
250001
60920
70290
18161
250001
229437
250001
18161
250001
18161
70290
18161
70290
18161
250001
18161
28661
18161
250001
18161
28661
18161
28661
18161
49053
24328
28661
18161
250001
18161
28661
18161
250001
18161
250001
18161
70290
18161
70290
30605
70290
30605
250001
30605
250001
30605
70290
30605
28661
30605
70290
30605
28661
30605
28661
30605
49053
18161
28661
24328
70290
30605
28661
30605
70290
30605
70290
30605
250001
18161
250001
18161
70290
18161
70290
18161
250001
18161
28661
18161
250001
18161
28661
18161
28661
18161
49053
24328
28661
18161
250001
18161
28661
18161
250001
18161
250001
18161
250001
96924
70290
250001
70290
206779
250001
148187
28661
60894
250001
96924
28661
60894
28661
60894
49053
18161
28661
24328
250001
148187
28661
60894
250001
206779
250001
148187
70290
96924
70290
96924
250001
96924
28661
60894
250001
250001
28661
60894
28661
60894
49053
18161
28661
24328
250001
96924
28661
60894
250001
96924
250001
96924
250001
206779
70290
148187
28661
60894
70290
96924
28661
60894
28661
60894
49053
18161
28661
24328
70290
148187
28661
60894
70290
206779
70290
148187
70290
148187
28661
60894
70290
96924
28661
60894
28661
60894
49053
18161
28661
24328
70290
148187
28661
60894
70290
224375
70290
148187
28661
60894
250001
96924
28661
60894
28661
60894
49053
18161
28661
24328
250001
242692
28661
60894
250001
148187
250001
250001
28661
60894
222717
175405
250001
151303
28661
18161
250001
24328
28661
60894
250001
175405
28661
60894
28661
60894
28661
60894
28661
60894
49053
18161
28661
24328
250001
96924
28661
60894
250001
96924
250001
96924
222717
151303
28661
18161
222717
24328
28661
60894
222717
250001
28661
60894
28661
60894
28661
18161
250001
24328
28661
60894
250001
151303
28661
60894
28661
60894
28661
18161
49053
18161
28661
18161
49053
18161
49053
18161
28661
24328
250001
24328
28661
24328
28661
24328
28661
60894
250001
148187
250001
242692
28661
60894
28661
60894
250001
148187
