37003
250001
16583
32274
136889
250001
183765
100880
250001
87138
68973
24913
250001
88345
53741
85588
237231
250001
62062
100880
250001
100880
250001
32274
250001
53714
250001
250001
136889
32274
244769
32274
250001
55782
62062
250001
250001
88345
68973
100880
16583
32274
250001
100880
62062
250001
250001
108380
250001
108380
146506
24913
250001
87138
62062
250001
37003
24913
250001
53714
250001
250001
53741
250001
16583
32274
37003
250001
37003
100880
37003
87138
37003
24913
37003
88345
37003
85588
37003
250001
37003
100880
37003
100880
37003
32274
37003
53714
37003
250001
37003
32274
37003
32274
37003
55782
37003
250001
37003
88345
37003
100880
16583
32274
37003
100880
37003
250001
37003
108380
37003
108380
37003
24913
37003
87138
37003
250001
62062
24913
37003
53714
37003
250001
37003
250001
16583
32274
16583
32274
16583
32274
16583
24913
16583
32274
16583
32274
16583
32274
16583
32274
16583
32274
16583
73764
16583
32274
16583
32274
16583
132365
16583
132365
16583
32274
16583
32274
16583
32274
16583
32274
80689
55782
16583
32274
16583
32274
16583
32274
16583
32274
16583
24913
16583
32274
16583
32274
16583
24913
16583
32274
16583
32274
16583
32274
136889
100880
136889
87138
68973
24913
136889
88345
53741
85588
136889
250001
62062
100880
136889
100880
136889
32274
136889
53714
136889
250001
137790
32274
136889
32274
136889
55782
62062
250001
136889
88345
68973
100880
16583
32274
136889
100880
62062
250001
136889
108380
136889
108380
136889
24913
136889
87138
62062
250001
37003
24913
136889
53714
136889
250001
53741
250001
183765
87138
68973
24913
183765
88345
53741
85588
183765
100880
62062
132365
183765
106643
183765
32274
183765
53714
183765
100880
136889
32274
183765
32274
183765
55782
62062
100880
183765
88345
68973
106643
16583
32274
183765
106643
62062
100880
183765
100880
183765
100880
146506
24913
183765
87138
62062
100880
37003
24913
183765
53714
183765
100880
53741
100880
68973
24913
250001
87138
53741
85588
237231
87138
62062
87138
250001
87138
250001
32274
250001
53714
250001
87138
136889
32274
244769
32274
250001
55782
62062
87138
250001
87138
68973
87138
16583
32274
250001
87138
62062
87138
250001
87138
250001
87138
146506
24913
250001
123873
62062
87138
37003
24913
250001
53714
250001
87138
53741
87138
68973
24913
53741
24913
68973
24913
62062
24913
68973
24913
68973
24913
68973
24913
68973
24913
68973
24913
68973
24913
68973
24913
62062
24913
68973
24913
69031
24913
16583
24913
68973
24913
62062
24913
68973
24913
68973
24913
68973
55782
68973
24913
62062
24913
37003
146620
68973
24913
68973
24913
53741
24913
53741
85588
237231
88345
62062
88345
250001
88345
250001
32274
250001
53714
250001
88345
136889
32274
244769
32274
250001
55782
62062
88345
250001
106643
68973
88345
16583
32274
250001
88345
62062
88345
250001
88345
250001
88345
146506
24913
250001
87138
62062
88345
37003
24913
250001
53714
250001
88345
53741
88345
53741
85588
53741
85588
53741
85588
53741
32274
53741
53714
53741
85588
53741
32274
53741
32274
53741
55782
53741
85588
53741
85588
53741
85588
16583
32274
53741
85588
53741
85588
53741
85588
53741
85588
53741
24913
53741
85588
53741
85588
37003
24913
53741
53714
53741
85588
69680
85588
62062
100880
237231
100880
237231
32274
237231
53714
237231
250001
136889
32274
237231
32274
237231
55782
62062
250001
237231
88345
68973
100880
16583
32274
237231
100880
62062
250001
237231
108380
237231
108380
146506
24913
237231
87138
62062
250001
37003
24913
237231
53714
237231
250001
53741
250001
62062
106643
62062
32274
62062
53714
62062
100880
62062
32274
62062
32274
62062
55782
183765
100880
62062
88345
62062
106643
16583
32274
62062
106643
109254
100880
62062
100880
62062
100880
62062
24913
62062
87138
109254
100880
37003
24913
62062
53714
62062
100880
53741
100880
250001
32274
250001
53714
250001
100880
136889
32274
244769
32274
250001
55782
62062
100880
250001
88345
68973
206161
16583
32274
250001
156256
62062
100880
250001
100880
250001
100880
146506
24913
250001
87138
62062
100880
37003
24913
250001
53714
250001
100880
53741
100880
250001
32274
250001
32274
136889
73764
244769
73764
250001
32274
62062
32274
250001
32274
68973
32274
16583
55782
250001
32274
62062
32274
250001
32274
250001
32274
146506
24913
250001
32274
62062
32274
37003
24913
250001
32274
250001
32274
53741
32274
250001
53714
136889
32274
244769
32274
250001
53714
62062
53714
250001
53714
68973
53714
16583
32274
250001
53714
62062
53714
250001
53714
250001
53714
146506
24913
250001
53714
62062
53714
37003
24913
250001
250001
250001
53714
53741
53714
136889
32274
244769
32274
250001
55782
62062
250001
250001
88345
68973
100880
16583
32274
250001
100880
62062
250001
250001
108380
250001
108380
146506
24913
250001
87138
62062
250001
37003
24913
250001
53714
250001
250001
53741
250001
136889
250001
136889
32274
62062
32274
136889
32274
68973
32274
16583
55782
136889
32274
62062
32274
136889
32274
136889
32274
136889
24913
136889
32274
62062
32274
37003
24913
136889
32274
136889
32274
53741
32274
244769
32274
62062
32274
244769
32274
68973
32274
16583
55782
244769
32274
62062
32274
244769
32274
244769
32274
146506
24913
244769
32274
62062
32274
37003
24913
244769
32274
244769
32274
53741
32274
62062
55782
250001
55782
68973
55782
16583
32274
250001
55782
62062
55782
250001
55782
250001
55782
146506
24913
250001
55782
62062
55782
37003
24913
250001
53714
250001
55782
53741
55782
62062
88345
62062
100880
16583
32274
62062
100880
109254
250001
62062
108380
62062
108380
62062
24913
62062
87138
109254
250001
37003
24913
62062
53714
62062
250001
53741
250001
68973
88345
16583
32274
250001
88345
62062
88345
250001
88345
250001
88345
146506
24913
250001
87138
62062
88345
37003
24913
250001
53714
250001
88345
53741
88345
16583
32274
68973
156256
62062
100880
68973
100880
68973
100880
68973
24913
68973
87138
62062
100880
37003
24913
68973
53714
68973
100880
53741
100880
16583
32274
16583
32274
16583
32274
16583
32274
16583
24913
16583
32274
16583
32274
16583
24913
16583
32274
16583
32274
16583
32274
62062
100880
250001
100880
250001
100880
146506
24913
250001
87138
62062
100880
37003
24913
250001
53714
250001
100880
53741
100880
62062
108380
62062
108380
62062
24913
62062
87138
250001
250001
37003
24913
62062
53714
62062
250001
53741
250001
250001
250001
146506
24913
250001
87138
62062
108380
37003
24913
250001
53714
250001
108380
53741
108380
146506
24913
250001
87138
62062
108380
37003
24913
250001
53714
250001
108380
53741
108380
146506
24913
62062
24913
37003
55782
146506
24913
146506
24913
53741
24913
62062
87138
37003
24913
250001
53714
250001
87138
53741
87138
37003
24913
62062
53714
62062
250001
53741
250001
37003
24913
37003
24913
37003
24913
250001
53714
53741
53714
53741
250001
