25071
28606
25071
28606
25071
28606
25071
23118
25071
28606
25071
28606
25071
28606
25071
28606
25071
28606
25071
28606
25071
23118
25071
28606
15287
28606
25071
28606
25071
28606
25071
28606
25071
23118
25071
28606
250001
28606
25071
28606
25071
28606
25071
28606
15287
28606
25071
28606
25071
28606
25071
28606
25071
28606
25071
28606
25071
28606
25071
28606
25071
23118
25071
28606
25071
23118
25071
28606
25071
28606
36033
182857
32782
182857
32782
23118
32782
90913
32782
38766
32782
140035
250001
29967
32782
140035
36033
112618
32782
23118
32782
182857
15287
112618
32782
108460
32782
55547
32782
182857
32782
23118
32782
215926
25071
55547
32782
140035
32782
55547
36033
111733
15287
55547
32782
56277
32782
206807
224805
81744
32782
83489
32782
206807
32782
114476
32782
140035
36033
23118
32782
140035
32782
23118
32782
57980
32782
182857
32782
215933
32782
23118
32782
90913
32782
38766
32782
140035
36033
29967
32782
140035
36206
112618
32782
23118
32782
206807
15287
112618
32782
108460
32782
55547
32782
199182
32782
23118
32782
182857
25071
55547
32782
140035
32782
55547
36206
111733
15287
55547
32782
56277
32782
182857
36033
81744
32782
83489
32782
182857
32782
114476
32782
140035
36206
23118
32782
140035
32782
23118
32782
57980
32782
206807
36206
23118
223810
90913
224805
38766
116516
140035
32782
29967
116516
140035
32782
112618
223810
23118
223810
206807
15287
112618
223810
108460
224805
55547
224805
199182
223810
23118
223810
182857
25071
55547
116516
140035
224805
55547
32782
111733
15287
55547
223810
56277
224805
182857
32782
81744
223810
83489
223810
182857
223810
114476
116516
140035
32782
23118
116516
140035
224805
23118
213100
57980
250001
206807
36206
23118
36206
23118
36206
23118
32782
23118
36206
23118
32782
23118
36206
28039
36206
23118
15287
23118
36206
23118
36206
23118
36206
23118
36206
28039
36206
23118
25071
23118
36206
23118
36206
23118
32782
23118
15287
23118
36206
23118
36206
23118
32782
23118
36206
23118
36206
23118
36206
23118
36206
23118
32782
28039
36206
23118
36206
46527
36206
23118
36206
23118
223810
38766
116516
90913
32782
29967
116516
90913
32782
90913
250001
23118
224805
90913
15287
90913
250001
90913
223810
55547
223810
90913
250001
23118
250001
90913
25071
55547
116516
90913
223810
55547
32782
90913
15287
55547
236212
56277
223810
90913
32782
81744
250001
83489
224805
90913
250001
90913
116516
90913
32782
23118
116516
90913
223810
23118
213100
57980
223810
90913
116516
38766
32782
29967
116516
38766
32782
38766
223810
23118
223810
38766
15287
38766
223810
38766
248729
38766
248729
38766
223810
23118
223810
38766
25071
38766
116516
38766
248729
38766
32782
38766
15287
38766
223810
38766
248729
38766
32782
38766
223810
38766
223810
38766
223810
38766
116516
38766
32782
23118
116516
38766
236212
23118
213100
38766
224805
38766
32782
29967
250001
203565
32782
112618
116516
23118
116516
140035
15287
112618
116516
108460
116516
55547
116516
140035
116516
23118
116516
140035
25071
55547
224805
147403
116516
55547
32782
111733
15287
55547
116516
56277
116516
140035
32782
81744
116516
83489
116516
140035
116516
114476
224805
206745
32782
23118
224805
218658
116516
23118
116516
57980
116516
140035
32782
29967
36033
29967
32782
23118
32782
29967
15287
29967
32782
29967
32782
29967
32782
29967
32782
23118
32782
29967
25071
29967
32782
29967
32782
29967
36033
29967
15287
29967
32782
29967
32782
29967
224805
29967
32782
29967
32782
29967
32782
29967
32782
29967
36033
23118
32782
29967
32782
23118
32782
29967
32782
29967
32782
112618
116516
23118
116516
140035
15287
112618
116516
108460
116516
55547
116516
140035
116516
23118
116516
140035
25071
55547
224805
147403
116516
55547
32782
111733
15287
55547
116516
56277
116516
140035
32782
81744
116516
83489
116516
140035
116516
114476
224805
203565
32782
23118
224805
203565
116516
23118
116516
57980
116516
140035
32782
23118
32782
112618
15287
114476
32782
108460
32782
55547
32782
112618
32782
23118
32782
112618
25071
55547
32782
112618
32782
55547
250001
111733
15287
55547
32782
56277
32782
112618
36033
81744
32782
83489
32782
112618
32782
112618
32782
112618
248729
23118
32782
112618
32782
23118
32782
57980
32782
112618
224805
23118
15287
23118
250001
23118
223810
23118
223810
23118
250001
81744
250001
23118
25071
23118
116516
23118
223810
23118
32782
23118
15287
23118
236212
23118
223810
23118
32782
23118
250001
23118
224805
23118
250001
23118
116516
23118
32782
28606
116516
23118
223810
28039
213100
23118
223810
23118
15287
112618
224805
108460
223810
55547
223810
199182
224805
23118
224805
182857
25071
55547
116516
140035
223810
55547
32782
111733
15287
55547
224805
56277
223810
182857
32782
81744
224805
83489
250001
182857
224805
114476
116516
140035
32782
23118
116516
140035
223810
23118
213100
57980
223810
232875
15287
108460
15287
55547
15287
112618
15287
23118
15287
112618
15287
55547
15287
112618
15287
55547
15287
111733
36243
55547
15287
56277
15287
112618
15287
81744
15287
83489
15287
112618
15287
112618
15287
112618
15287
23118
15287
112618
15287
23118
15287
57980
15287
112618
223810
55547
223810
108460
250001
23118
250001
108460
25071
55547
116516
108460
223810
55547
32782
108460
15287
55547
236212
56277
223810
108460
32782
81744
250001
83489
224805
108460
250001
108460
116516
108460
32782
23118
116516
108460
223810
23118
213100
57980
223810
108460
250001
55547
223810
23118
223810
55547
25071
81744
116516
55547
250001
81744
32782
55547
15287
81744
223810
55547
250001
55547
32782
55547
223810
55547
223810
55547
223810
55547
116516
55547
32782
23118
116516
55547
236212
23118
213100
55547
224805
55547
223810
23118
223810
182857
25071
55547
116516
140035
250001
55547
32782
111733
15287
55547
223810
56277
250001
182857
32782
81744
223810
83489
223810
182857
223810
114476
116516
140035
32782
23118
116516
140035
236212
23118
213100
57980
224805
199182
250001
23118
25071
23118
116516
23118
223810
23118
32782
23118
15287
23118
236212
23118
223810
23118
32782
23118
250001
23118
224805
23118
250001
23118
116516
23118
32782
28606
116516
23118
223810
28039
213100
23118
223810
23118
25071
55547
116516
140035
223810
55547
32782
111733
15287
55547
236212
56277
223810
206807
32782
81744
250001
83489
224805
206807
250001
114476
116516
140035
32782
23118
116516
140035
223810
23118
213100
57980
223810
182857
25071
55547
25071
126577
25071
55547
15287
83489
25071
55547
25071
55547
25071
55547
25071
55547
25071
55547
25071
55547
25071
55547
25071
23118
25071
55547
25071
23118
25071
55547
25071
55547
116516
55547
32782
111733
15287
55547
116516
56277
116516
140035
32782
81744
116516
83489
116516
140035
116516
114476
250001
147403
32782
23118
250001
147403
116516
23118
116516
57980
116516
140035
32782
55547
15287
83489
223810
55547
250001
55547
32782
55547
223810
55547
223810
55547
223810
55547
116516
55547
32782
23118
116516
55547
236212
23118
213100
55547
224805
55547
15287
55547
32782
56277
32782
111733
36033
81744
32782
83489
32782
111733
32782
111733
32782
111733
248729
23118
32782
111733
32782
23118
32782
57980
32782
111733
15287
55547
15287
55547
15287
55547
15287
55547
15287
55547
15287
55547
15287
55547
15287
23118
15287
55547
15287
23118
15287
55547
15287
55547
223810
56277
32782
56277
236212
56277
224805
56277
236212
56277
116516
56277
32782
23118
116516
56277
223810
23118
213100
56277
223810
56277
32782
81744
223810
83489
223810
250001
223810
114476
116516
140035
32782
23118
116516
140035
236212
23118
213100
57980
224805
182857
32782
81744
32782
81744
32782
81744
32782
81744
36033
23118
32782
81744
32782
23118
32782
57980
32782
81744
224805
83489
250001
83489
116516
83489
32782
23118
116516
83489
223810
23118
213100
57980
223810
83489
224805
114476
116516
140035
32782
23118
116516
140035
223810
23118
213100
57980
223810
182857
116516
114476
32782
23118
116516
114476
223810
23118
213100
57980
223810
114476
32782
23118
250001
206745
116516
23118
116516
57980
116516
140035
32782
23118
32782
28039
32782
23118
32782
23118
116516
23118
116516
57980
116516
140035
213100
23118
224805
23118
213100
57980
