41566
50786
40661
14696
250001
50786
41566
50786
250001
50786
17115
50786
41566
55601
40661
50786
41566
50786
41566
50786
9767
3982
40661
50786
41566
50786
41566
50786
9767
151307
41566
50786
41566
50786
41566
50786
41566
50786
112871
50786
41566
50786
250001
50786
41566
55601
41566
50786
41566
50786
250001
50786
41566
50786
40661
50786
41566
50786
41566
50786
41566
55601
41566
50786
250001
50786
41566
50786
41566
3982
40661
14696
41566
128858
62989
128858
41566
128858
17115
74421
112871
50786
40661
128858
134457
51182
112871
51182
9767
3982
40661
128858
112871
128858
112871
128858
9767
50786
112871
51182
112871
51181
112871
51182
112871
128858
41566
128858
112871
71646
41566
141776
112871
50786
112871
51182
112871
128858
41566
128858
112871
127502
40661
128858
112871
51182
112871
128858
112871
50786
112871
128858
41566
51181
112871
128858
112871
3982
40661
14696
40661
14696
40661
14696
17115
14696
40661
14696
41566
14696
40661
14696
40661
14696
9767
3982
41566
14696
40661
14696
40661
14696
9767
14696
40661
14696
40661
14696
40661
14696
40661
14696
40661
14696
40661
14696
40661
14696
40661
14696
40661
14696
40661
14696
40661
14696
40661
14696
41566
14696
40661
14696
40661
14696
40661
14696
40661
14696
40661
14696
40661
14696
40661
3982
41566
201983
250001
250001
17115
74421
41566
50786
40661
250001
41566
51182
41566
51182
9767
3982
40661
250001
41566
151676
41566
139023
9767
50786
41566
51182
41566
51181
41566
51182
41566
250001
112871
250001
41566
71646
250001
128858
41566
50786
41566
51182
41566
248059
250001
250001
41566
127502
40661
250001
41566
51182
41566
250001
41566
50786
41566
250001
250001
51181
41566
141776
41566
3982
41566
201983
17115
74421
62989
50786
40661
201983
62989
51182
62989
51182
9767
3982
40661
201983
62989
151676
62989
139023
9767
50786
62989
51182
62989
51181
62989
51182
62989
201983
41566
201983
62989
71646
41566
128858
62989
50786
62989
51182
62989
201983
41566
201983
62989
127502
40661
201983
62989
51182
62989
201983
62989
50786
62989
201983
41566
51181
62989
141776
62989
3982
17115
74421
41566
50786
40661
250001
41566
51182
41566
51182
9767
3982
40661
250001
41566
151676
41566
139023
9767
50786
41566
51182
41566
51181
41566
51182
41566
250001
112871
250001
41566
71646
250001
128858
41566
50786
41566
51182
41566
248059
250001
250001
41566
127502
40661
250001
41566
51182
41566
250001
41566
50786
41566
250001
250001
51181
41566
141776
41566
3982
17115
50786
17115
74421
17115
51182
17115
51182
9767
3982
17115
74421
17115
74421
17115
74421
9767
50786
17115
51182
17115
51181
17115
51182
17115
74421
17115
74421
17115
71646
17115
74421
17115
50786
17115
51182
17115
74421
17115
74421
17115
74421
17115
74421
17115
51182
17115
74421
17115
50786
17115
74421
17115
51181
17115
74421
17115
3982
40661
50786
112871
50786
250001
50786
9767
3982
40661
50786
125978
50786
250001
50786
9767
55601
250001
50786
250001
50786
250001
50786
125978
50786
41566
50786
219380
50786
41566
50786
250001
97020
250001
50786
250001
50786
41566
50786
180732
50786
40661
50786
250001
50786
222528
50786
250001
81337
219380
50786
41566
50786
125978
50786
250001
3982
40661
51182
40661
51182
9767
3982
218662
250001
40661
151676
40661
139023
9767
50786
40661
51182
40661
51181
40661
51182
40661
250001
40661
250001
40661
71646
40661
128858
40661
50786
40661
51182
40661
248059
40661
250001
40661
127502
216960
250001
40661
51182
40661
250001
40661
50786
40661
250001
40661
51181
40661
141776
40661
3982
112871
134810
9767
3982
40661
51182
112871
51182
112871
51182
9767
50786
112871
131013
112871
51181
112871
52503
112871
51182
41566
51182
112871
51182
41566
51182
112871
50786
112871
78487
112871
51182
41566
51182
112871
51182
40661
51182
112871
130478
112871
51182
112871
50786
112871
51182
41566
51181
112871
51182
112871
3982
9767
3982
40661
51182
125978
51182
250001
51182
9767
50786
250001
131013
250001
51181
250001
52503
125978
51182
41566
51182
219380
51182
41566
51182
250001
50786
250001
78487
250001
51182
41566
51182
180732
51182
40661
51182
250001
130478
222528
51182
250001
50786
219380
51182
41566
51181
125978
51182
250001
3982
9767
3982
9767
3982
9767
3982
17115
3982
9767
3982
9767
3982
9767
3982
9767
3982
9767
3982
9767
3982
9767
3982
9767
3982
9767
3982
9767
3982
9767
3982
9767
3982
9767
3982
9767
3982
9767
3982
9767
3982
9767
3982
9767
3982
9767
3982
9767
14696
40661
151676
40661
139023
9767
50786
40661
51182
40661
51181
40661
51182
40661
250001
40661
250001
40661
71646
40661
128858
40661
50786
40661
51182
40661
248059
40661
250001
40661
127502
216960
250001
40661
51182
40661
250001
40661
50786
40661
250001
40661
51181
40661
141776
40661
3982
125978
139023
9767
50786
125978
51182
125978
51181
125978
51182
250001
151676
41566
151676
125978
71646
41566
128858
125978
50786
125978
51182
125978
151676
41566
151676
125978
127502
40661
151676
125978
51182
125978
151676
125978
50786
125978
151676
41566
51181
250001
141776
125978
3982
9767
50786
250001
51182
250001
51181
250001
51182
125978
139023
41566
139023
219380
71646
41566
128858
250001
50786
250001
51182
250001
139023
41566
139023
180732
127502
40661
139023
250001
51182
222528
139023
250001
50786
219380
139023
41566
51181
125978
139023
250001
3982
9767
50786
9767
50786
9767
50786
9767
50786
9767
50786
9767
50786
9767
50786
9767
55601
9767
50786
9767
50786
9767
50786
9767
50786
9767
50786
9767
50786
9767
50786
9767
55601
9767
50786
9767
50786
9767
50786
9767
3982
250001
51181
250001
52503
125978
51182
41566
51182
219380
51182
41566
51182
250001
50786
250001
78487
250001
51182
41566
51182
180732
51182
40661
51182
250001
130478
222528
51182
250001
50786
219380
51182
41566
51181
125978
51182
250001
3982
250001
51181
125978
51181
41566
51181
219380
51181
41566
51181
250001
50786
250001
51181
250001
51181
41566
51181
180732
51181
40661
51181
250001
51181
222528
51181
250001
50786
219380
51181
41566
72484
125978
51181
250001
3982
125978
51182
41566
51182
219380
51182
41566
51182
250001
50786
250001
52503
250001
51182
41566
51182
180732
51182
40661
51182
250001
52503
222528
51182
250001
50786
219380
51182
41566
51181
125978
51182
250001
3982
41566
250001
125978
71646
41566
128858
125978
50786
125978
51182
125978
248059
41566
250001
125978
127502
40661
250001
125978
51182
125978
250001
125978
50786
125978
250001
41566
51181
250001
141776
125978
3982
41566
71646
112871
128858
41566
50786
41566
51182
41566
248059
112871
250001
41566
127502
40661
250001
41566
51182
41566
250001
41566
50786
41566
250001
112871
51181
41566
141776
41566
3982
41566
71646
219380
50786
219380
51182
219380
71646
41566
71646
180732
71646
40661
71646
219380
51182
219380
71646
219380
50786
223251
71646
41566
51181
125978
71646
219380
3982
41566
50786
41566
51182
41566
128858
250001
128858
41566
127502
40661
128858
41566
51182
41566
128858
41566
50786
41566
128858
250001
51181
41566
128858
41566
3982
250001
50786
250001
50786
41566
50786
180732
50786
40661
50786
250001
50786
222528
50786
250001
81337
219380
50786
41566
50786
125978
50786
250001
3982
250001
51182
41566
51182
180732
51182
40661
51182
250001
78487
222528
51182
250001
50786
219380
51182
41566
51181
125978
51182
250001
3982
41566
248059
180732
127502
40661
248059
250001
51182
222528
248059
250001
50786
219380
248059
41566
51181
125978
141776
250001
3982
41566
127502
40661
250001
41566
51182
41566
250001
41566
50786
41566
250001
250001
51181
41566
141776
41566
3982
40661
127502
180732
51182
180732
127502
180732
50786
180732
127502
41566
51181
125978
127502
180732
3982
40661
51182
40661
250001
40661
50786
40661
250001
40661
51181
40661
141776
40661
3982
222528
51182
250001
50786
219380
51182
41566
51181
125978
51182
250001
3982
222528
50786
219380
250001
41566
51181
125978
141776
222528
3982
219380
50786
41566
50786
125978
50786
250001
3982
41566
51181
125978
141776
219380
3982
41566
51181
41566
3982
125978
3982
