117856
53602
139606
9580
164506
111209
117856
111209
250001
166338
250001
4514
250001
111209
117856
39059
174974
4514
174974
111209
117675
151219
137552
163817
250001
250001
131658
79175
114402
152815
250001
38483
250001
38483
7998
38801
192108
79175
7998
38801
250001
53602
131658
111209
8097
10183
174974
111209
166228
111209
8097
111209
131658
79175
115607
111209
250001
220824
89534
111209
114402
9580
250001
111209
9078
54334
164506
103902
250001
111209
250001
78978
250001
111209
250001
111209
117856
9580
117856
53602
250001
53602
117856
53602
117856
4514
117856
53602
246528
39059
117856
4514
117856
53602
117675
53602
117856
53602
117856
53602
117856
53602
114402
53602
117856
38483
117856
38483
7998
38801
117856
53602
7998
38801
117856
210609
117856
53602
8097
10183
117856
53602
117856
53602
8097
53602
117856
53602
115607
53602
117856
53602
89534
53602
114402
9580
117856
53602
9078
53602
117856
53602
117856
53602
117856
53602
117856
53602
117856
53602
139606
9580
117856
9580
139606
9580
139606
4514
139606
9580
117856
9580
139606
4514
139606
9580
117675
9580
137552
9580
139606
9580
131658
9580
114402
9580
139606
9580
139606
9580
7998
9580
139606
9580
7998
9580
139606
9580
131658
9580
8097
9580
139606
9580
139606
9580
8097
9580
131658
9580
115607
9580
139606
9580
89534
9580
114402
10183
139606
9580
9078
9580
139606
9580
139606
9580
139606
9580
139606
9580
139606
9580
117856
166407
164506
111209
164506
4514
164506
250001
117856
39059
164506
4514
164506
152993
117675
111209
137552
111209
164506
111209
131658
79175
114402
111209
164506
38483
164506
38483
7998
38801
164506
79175
7998
38801
164506
53602
131658
140219
8097
10183
164506
228904
164506
152815
8097
163757
131658
79175
115607
151219
164506
111209
89534
228904
114402
9580
164506
114734
9078
54334
174974
103902
164506
164276
164506
78978
164506
250001
164506
250001
117856
111209
117856
4514
117856
166407
246528
39059
117856
4514
117856
152993
117675
111209
117856
111209
117856
111209
117856
79175
114402
111209
117856
38483
117856
38483
7998
38801
117856
79175
7998
38801
117856
53602
117856
140219
8097
10183
117856
166407
117856
152815
8097
163757
117856
79175
115607
151219
117856
111209
89534
166407
114402
9580
117856
114734
9078
54334
117856
103902
117856
164276
117856
78978
117856
166407
117856
166407
250001
4514
250001
111209
117856
39059
174974
4514
174974
111209
117675
151219
137552
163817
250001
166338
131658
79175
114402
152815
250001
38483
250001
38483
7998
38801
192108
79175
7998
38801
250001
53602
131658
111209
8097
10183
174974
111209
166228
111209
8097
111209
131658
79175
115607
111209
250001
166338
89534
111209
114402
9580
250001
111209
9078
54334
164506
103902
250001
111209
250001
78978
250001
111209
250001
111209
250001
4514
117856
4514
174974
214906
174974
4514
117675
4514
137552
4514
250001
4514
131658
4514
114402
4514
250001
4514
250001
4514
7998
4514
192108
4514
7998
4514
250001
4514
131658
4514
8097
4514
174974
4514
166228
4514
8097
4514
131658
4514
115607
4514
250001
4514
89534
4514
114402
4514
250001
4514
9078
4514
164506
4514
250001
4514
250001
4514
250001
4514
250001
4514
117856
39059
174974
4514
174974
152993
117675
111209
137552
111209
250001
111209
131658
79175
114402
111209
250001
38483
250001
38483
7998
38801
192108
79175
7998
38801
250001
53602
131658
140219
8097
10183
174974
228904
166228
152815
8097
163757
131658
79175
115607
151219
250001
111209
89534
228904
114402
9580
250001
114734
9078
54334
164506
103902
250001
164276
250001
78978
250001
250001
250001
250001
117856
4514
117856
39059
117675
39059
117856
39059
117856
39059
117856
39059
114402
39059
117856
38483
117856
38483
7998
38801
117856
39059
7998
38801
117856
39059
117856
39059
8097
10183
117856
39059
117856
39059
8097
39059
117856
39059
115607
39059
117856
39059
89534
39059
114402
9580
117856
39059
9078
39059
117856
39059
117856
39059
117856
39059
117856
39059
117856
39059
250001
4514
117675
4514
137552
4514
174974
4514
131658
4514
114402
4514
174974
4514
174974
4514
7998
4514
174974
4514
7998
4514
174974
4514
131658
4514
8097
4514
250001
4514
166228
4514
8097
4514
131658
4514
115607
4514
174974
4514
89534
4514
114402
4514
174974
4514
9078
4514
164506
4514
174974
4514
174974
4514
174974
4514
174974
4514
117675
111209
137552
111209
174974
111209
131658
79175
114402
111209
174974
38483
174974
38483
7998
38801
174974
79175
7998
38801
174974
53602
131658
140219
8097
10183
250001
152993
166228
152815
8097
152993
131658
79175
115607
151219
174974
111209
89534
152993
114402
9580
174974
114734
9078
54334
164506
103902
174974
152993
174974
78978
174974
152993
174974
152993
117675
151219
117675
151219
117675
79175
114402
151219
117675
38483
117675
38483
7998
38801
117675
79175
7998
38801
117675
53602
117675
111209
8097
10183
117675
111209
117675
111209
8097
111209
117675
79175
115607
111209
117675
151219
89534
111209
114402
9580
117675
111209
9078
54334
117675
103902
117675
111209
117675
78978
117675
111209
117675
111209
137552
163817
131658
79175
114402
152815
137552
38483
137552
38483
7998
38801
137552
79175
7998
38801
137552
53602
131658
111209
8097
10183
137552
111209
137552
111209
8097
111209
131658
79175
115607
111209
137552
163817
89534
111209
114402
9580
137552
111209
9078
54334
137552
103902
137552
111209
137552
78978
137552
111209
137552
111209
131658
79175
114402
152815
250001
38483
250001
38483
7998
38801
192108
79175
7998
38801
250001
53602
131658
111209
8097
10183
174974
111209
166228
111209
8097
111209
131658
79175
115607
111209
250001
220824
89534
111209
114402
9580
250001
111209
9078
54334
164506
103902
250001
111209
250001
78978
250001
111209
250001
111209
114402
79175
131658
38483
131658
38483
7998
38801
131658
83144
7998
38801
131658
53602
139324
79175
8097
10183
131658
79175
131658
79175
8097
79175
250001
111209
115607
79175
131658
79175
89534
79175
114402
9580
131658
79175
9078
54334
131658
79175
131658
79175
131658
78978
131658
79175
131658
79175
114402
38483
114402
38483
7998
38801
114402
79175
7998
38801
114402
53602
114402
111209
8097
10183
114402
111209
114402
111209
8097
111209
114402
79175
114402
111209
114402
152815
89534
111209
115607
9580
114402
111209
9078
54334
114402
103902
114402
111209
114402
78978
114402
111209
114402
111209
250001
222023
7998
38483
192108
38483
7998
38483
250001
38483
131658
38483
8097
10183
174974
38483
166228
38483
8097
38483
131658
38483
115607
38483
250001
38483
89534
38483
114402
9580
250001
38483
9078
38483
164506
38483
250001
38483
250001
38483
250001
38483
250001
38483
7998
38483
192108
38483
7998
38483
250001
38483
131658
38483
8097
10183
174974
38483
166228
38483
8097
38483
131658
38483
115607
38483
250001
38483
89534
38483
114402
9580
250001
38483
9078
38483
164506
38483
250001
38483
250001
38483
250001
38483
250001
38483
7998
38801
132352
151219
7998
38801
7998
38801
7998
10183
7998
38801
7998
38801
7998
38801
7998
38801
7998
38801
7998
38801
7998
38801
7998
9580
7998
38801
7998
38801
7998
38801
7998
38801
7998
38801
7998
38801
7998
38801
7998
38801
192108
53602
131658
79175
8097
10183
174974
79175
166228
79175
8097
79175
131658
83144
115607
79175
192108
79175
89534
79175
114402
9580
192108
79175
9078
54334
164506
79175
192108
79175
192108
78978
192108
79175
192108
79175
7998
38801
7998
38801
7998
10183
7998
38801
7998
38801
7998
38801
7998
38801
7998
38801
7998
38801
7998
38801
7998
9580
7998
38801
7998
38801
7998
38801
7998
38801
7998
38801
7998
38801
7998
38801
131658
53602
8097
10183
174974
53602
166228
53602
8097
53602
131658
53602
115607
53602
250001
53602
89534
53602
114402
9580
250001
53602
9078
53602
164506
53602
250001
53602
250001
53602
250001
53602
250001
53602
8097
10183
131658
140219
131658
140219
8097
140219
139324
79175
115607
140219
131658
111209
89534
140219
114402
9580
131658
114734
9078
54334
131658
103902
131658
140219
131658
78978
131658
140219
131658
140219
8097
10183
8097
10183
11014
10183
8097
10183
8097
10183
8097
10183
8097
10183
8097
9580
8097
10183
8097
10183
8097
10183
8097
10183
8097
10183
8097
10183
8097
10183
166228
152815
8097
163757
131658
79175
115607
151219
174974
111209
89534
250001
114402
9580
174974
114734
9078
54334
164506
103902
174974
164276
174974
78978
174974
228904
174974
228904
8097
152815
131658
79175
115607
151219
166228
111209
89534
152815
114402
9580
166228
114734
9078
54334
164506
103902
166228
152815
166228
78978
166228
152815
166228
152815
8097
79175
8097
151219
8097
111209
8097
163757
8097
9580
8097
114734
8097
54334
8097
103902
8097
163757
8097
78978
8097
163757
8097
163757
115607
79175
131658
79175
89534
79175
114402
9580
131658
79175
9078
54334
131658
79175
131658
79175
131658
78978
131658
79175
131658
79175
115607
111209
89534
151219
114402
9580
115607
114734
9078
54334
115607
103902
115607
151219
115607
78978
115607
151219
115607
151219
89534
111209
114402
9580
250001
111209
9078
54334
164506
103902
250001
111209
250001
78978
250001
111209
250001
111209
89534
9580
89534
114734
9078
54334
89534
103902
89534
164276
89534
78978
89534
228904
89534
228904
114402
9580
9078
9580
114402
9580
114402
9580
114402
9580
114402
9580
114402
9580
9078
54334
164506
103902
250001
114734
250001
78978
250001
114734
250001
114734
9078
54334
9078
54334
9078
54334
9078
54334
9078
54334
164506
103902
164506
78978
164506
103902
164506
103902
250001
78978
250001
164276
250001
164276
250001
78978
250001
78978
250001
250001
