68283
12700
58429
80070
30384
87861
46742
12700
57203
250001
68283
1097
149285
12700
68283
12700
58429
87861
44153
150406
149285
87861
30384
150406
25380
12700
58429
87861
58429
149157
68283
87861
68283
114519
25380
87861
57203
87861
30384
106565
149285
12700
58429
80070
68283
1097
33369
250001
68283
223372
250001
80070
68283
150406
68283
83521
68283
80070
68283
87861
68283
83521
149285
250001
30384
234435
149285
1269
68283
87861
68283
150406
58429
12700
30384
12700
46742
35374
57203
12700
132515
1097
68283
35374
132515
114799
58429
12700
44153
12700
68283
12700
30384
12700
25380
35374
58429
12700
58429
12700
132515
12700
134076
12700
25380
12700
57203
12700
30384
12700
68283
35374
58429
12700
132515
1097
33369
12700
132515
12700
68283
12700
132515
12700
132515
12700
132515
12700
132515
12700
132515
12700
68283
12700
30384
12700
68283
1269
132515
12700
132515
12700
30384
80070
46742
12700
57203
80070
58429
1097
58429
12700
58429
12700
68283
80070
44153
80070
58429
80070
30384
80070
25380
12700
68283
80070
68283
80070
58429
80070
58429
80070
25380
80070
57203
80070
30384
80070
58429
12700
68283
87774
58429
1097
33369
80070
58429
80070
58429
190186
58429
80070
58429
80070
58429
189361
58429
80070
58429
80070
58429
80070
30384
80070
58429
1269
58429
80070
58429
80070
30384
12700
30384
87861
30384
1097
30384
12700
30384
12700
30384
150406
30384
87861
30384
250001
35915
87861
25380
12700
30384
202863
30384
87861
30384
230423
30384
87861
25380
250001
30384
106565
35915
87861
30384
12700
30384
80070
30384
1097
30384
87861
30384
87861
30384
80070
30384
87861
30384
83521
30384
80070
30384
250001
30384
83521
30384
87861
35915
87861
30384
1269
30384
150406
30384
87861
46742
12700
46742
1097
46742
49155
46742
35374
46742
12700
44153
12700
46742
12700
30384
12700
25380
45466
46742
12700
46742
12700
46742
12700
46742
12700
25380
12700
46742
12700
30384
12700
46742
80070
46742
12700
46742
1097
33369
12700
46742
12700
46742
12700
46742
12700
46742
12700
46742
12700
46742
12700
46742
12700
46742
12700
30384
12700
46742
1269
46742
12700
46742
12700
57203
1097
57203
12700
57203
12700
57203
87861
44153
150406
57203
87861
30384
150406
25380
12700
57203
87861
57203
149157
57203
87861
57203
114519
25380
87861
188094
87861
30384
106565
57203
12700
57203
80070
57203
1097
33369
250001
57203
223372
57203
80070
57203
150406
57203
83521
57203
80070
57203
87861
57203
83521
57203
250001
30384
234435
57203
1269
57203
87861
57203
150406
68283
1097
179725
1097
58429
1097
44153
1097
68283
1097
30384
1097
25380
1097
58429
1097
58429
1097
180039
1097
132515
1097
25380
1097
57203
1097
30384
1097
68283
1097
58429
1097
196696
80070
33369
1097
179725
1097
68283
1097
179725
1097
179725
1097
179725
1097
196696
1097
179725
1097
68283
1097
30384
1097
68283
1097
179725
1097
179725
1097
68283
35374
58429
12700
44153
12700
179725
12700
30384
12700
25380
45466
58429
12700
58429
12700
68283
12700
68283
12700
25380
12700
57203
12700
30384
12700
179725
49155
58429
12700
68283
1097
33369
12700
68283
12700
149285
12700
68283
12700
68283
12700
68283
12700
68283
12700
68283
12700
156345
12700
30384
12700
179725
1269
68283
12700
68283
12700
58429
12700
44153
12700
68283
12700
30384
12700
25380
35374
58429
12700
58429
12700
179725
12700
132515
12700
25380
12700
57203
12700
30384
12700
68283
35374
58429
12700
179725
1097
33369
12700
250001
12700
68283
12700
228333
12700
213763
12700
250001
12700
179725
12700
213763
12700
68283
12700
30384
12700
68283
1269
250001
12700
250001
12700
44153
87861
58429
150406
30384
87861
25380
12700
172891
150406
68537
87861
58429
150406
58429
87861
25380
150406
57203
106565
30384
87861
58429
12700
68537
80070
58429
1097
33369
87861
58429
87861
58429
80070
58429
87861
58429
83521
58429
80070
58429
150406
58429
83521
58429
87861
30384
87861
58429
1269
58429
202863
58429
87861
44153
87861
30384
157044
25380
12700
44153
87861
44153
149157
44153
87861
44153
114519
25380
87861
44153
87861
30384
106565
44153
12700
44153
80070
44153
1097
33369
150406
44153
150406
44153
80070
44153
234711
44153
83521
44153
80070
44153
87861
44153
83521
44153
150406
30384
150406
44153
1269
44153
87861
44153
250001
30384
87861
25380
12700
58429
202863
58429
87861
68283
230423
68283
87861
25380
250001
57203
106565
30384
87861
250001
12700
58429
80070
68283
1097
33369
87861
68283
87861
149285
80070
68283
87861
68283
83521
68283
80070
68283
250001
68283
83521
156345
87861
30384
87861
250001
1269
68283
150406
68283
87861
25380
12700
30384
87861
30384
149157
30384
87861
30384
114519
25380
87861
30384
87861
99627
106565
30384
12700
30384
80070
30384
1097
30384
150406
30384
150406
30384
80070
30384
157044
30384
83521
30384
80070
30384
87861
30384
83521
30384
150406
53229
150406
30384
1269
30384
87861
30384
157044
25380
12700
25380
12700
25380
12700
25380
12700
44153
12700
25380
12700
25380
12700
25380
45466
25380
12700
25380
1097
25380
12700
25380
12700
25380
12700
25380
12700
25380
12700
25380
12700
25380
12700
25380
12700
25380
12700
25380
12700
25380
1269
25380
12700
25380
12700
68537
87861
58429
202863
58429
87861
25380
202863
57203
106565
30384
87861
58429
12700
68537
80070
58429
1097
33369
87861
58429
87861
58429
80070
58429
87861
58429
83521
58429
80070
58429
202863
58429
83521
58429
87861
30384
87861
58429
1269
58429
150406
58429
87861
58429
87861
58429
114519
25380
87861
57203
87861
30384
106565
58429
12700
136852
80070
58429
1097
33369
149157
58429
149157
58429
80070
58429
149157
58429
83521
58429
80070
58429
87861
58429
83521
58429
149157
30384
149157
58429
1269
58429
87861
58429
149157
132515
87861
25380
230423
57203
106565
30384
87861
68283
12700
58429
80070
180039
1097
33369
87861
179725
87861
68283
80070
179725
87861
179725
83521
179725
80070
180039
230423
179725
83521
68283
87861
30384
87861
68283
1269
179725
150406
179725
87861
25380
87861
57203
87861
30384
106565
68283
12700
58429
80070
132515
1097
33369
114519
132515
114519
68283
80070
132515
114519
132515
83521
132515
80070
132515
87861
132515
83521
68283
114519
30384
114519
68283
1269
132515
87861
132515
114519
25380
106565
25380
87861
25380
12700
25380
80070
25380
1097
25380
87861
25380
87861
25380
80070
25380
87861
25380
83521
25380
80070
25380
250001
25380
83521
25380
87861
25380
87861
25380
1269
25380
150406
25380
87861
30384
87861
57203
12700
57203
80070
57203
1097
33369
87861
57203
87861
57203
80070
57203
87861
57203
83521
57203
80070
57203
106565
57203
83521
57203
87861
30384
87861
57203
1269
57203
106565
57203
87861
30384
12700
30384
80070
30384
1097
30384
106565
30384
106565
30384
80070
30384
106565
30384
83521
30384
80070
30384
87861
30384
83521
30384
106565
53229
106565
30384
1269
30384
87861
30384
106565
58429
12700
68283
1097
33369
12700
68283
12700
149285
12700
68283
12700
68283
12700
68283
12700
68283
12700
68283
12700
156345
12700
30384
12700
250001
1269
68283
12700
68283
12700
58429
1097
33369
80070
58429
80070
58429
87774
58429
80070
58429
80070
58429
87774
58429
80070
58429
80070
58429
80070
30384
80070
58429
1269
58429
80070
58429
80070
33369
1097
179725
1097
68283
1097
179725
1097
179725
1097
179725
1097
213763
1097
179725
1097
68283
1097
30384
1097
68283
1097
179725
1097
179725
1097
33369
223372
33369
80070
33369
150406
33369
83521
33369
80070
33369
87861
33369
83521
33369
250001
30384
234435
33369
1269
33369
87861
33369
150406
68283
80070
228333
150406
213763
83521
250001
80070
179725
87861
213763
83521
68283
223372
30384
223372
68283
1269
250001
87861
250001
150406
68283
80070
68283
80070
68283
189361
68283
80070
68283
80070
149285
80070
30384
80070
149285
1269
68283
80070
68283
80070
213763
83521
228333
80070
179725
87861
213763
83521
68283
150406
30384
150406
68283
1269
228333
87861
228333
234711
213763
80070
179725
83521
250001
87861
68283
83521
30384
83521
68283
1269
213763
83521
213763
83521
179725
80070
213763
80070
68283
80070
30384
80070
68283
1269
250001
80070
250001
80070
179725
83521
68283
87861
30384
87861
68283
1269
179725
150406
179725
87861
68283
83521
30384
83521
68283
1269
213763
83521
213763
83521
30384
234435
156345
1269
68283
87861
68283
150406
30384
1269
30384
87861
30384
150406
68283
1269
68283
1269
250001
87861
