13747
3870
21692
3870
14794
3870
15473
3870
15473
3870
21692
3870
21692
3870
21692
3870
15473
3870
21692
3870
21692
3870
21692
3870
21692
3870
14794
3870
14794
3870
21692
3870
21692
3870
14794
3870
21692
3870
13747
3870
21692
3870
38602
38247
21692
3870
21692
3870
21692
3870
13747
3870
21692
3870
15473
3870
21692
3870
15473
3870
15473
3870
15473
3870
21692
3870
21692
3870
21692
3870
14767
3870
21692
3870
13747
75412
13747
75412
13747
56112
13747
75412
13747
24569
13747
24569
13747
75412
13747
75412
13747
75412
13747
14832
13747
75412
13747
58697
13747
75412
13747
75412
13747
57964
13747
60276
13747
75412
13747
24569
14767
24569
13747
75412
13747
3870
13747
24569
13747
14832
13747
75412
14767
24569
13747
233379
13747
56834
13747
24569
13747
75412
13747
56112
13747
47699
13747
24569
13747
75412
13747
14832
13747
56112
13747
14832
14794
96285
15473
56112
15473
214095
55700
24569
56027
24569
56027
184639
15473
142809
56116
184639
45537
14832
56027
184760
56395
58697
14794
225010
14794
92301
56395
57964
45537
60276
14794
98848
45537
24569
13747
24569
48295
153051
21692
3870
45537
24569
45537
14832
56027
184760
13747
24569
76640
75412
15473
56834
48295
24569
15473
111462
15473
56112
15473
47699
38752
24569
56359
174111
45537
14832
14767
56112
45537
14832
14794
56112
14794
96285
14794
24569
14794
24569
14794
96285
14794
96285
14794
96285
14794
14832
14794
96285
14794
58697
45537
96285
39049
92301
14794
57964
14794
60276
39049
96285
14794
24569
13747
24569
14794
96285
14794
3870
14794
24569
14794
14832
14794
96285
13747
24569
14794
75412
14794
56834
14794
24569
14794
96285
14794
56112
14794
47699
14794
24569
14794
96285
14794
14832
14767
56112
14794
14832
40884
56112
15473
24569
15473
24569
15473
56112
16394
56112
15473
56112
15473
14832
15473
56112
15473
56112
14794
56112
14794
56112
15473
56112
15473
56112
14794
56112
15473
24569
13747
24569
15473
56112
15473
3870
15473
24569
15473
14832
15473
56112
13747
24569
15473
56112
16379
56112
15473
24569
40884
56112
40884
108966
16379
47699
15473
24569
15473
56112
15473
14832
14767
152583
15473
14832
15473
24569
15473
24569
15473
184639
16394
142809
15473
184639
15473
14832
15473
184760
15473
58697
14794
214095
14794
92301
15473
57964
15473
60276
14794
98848
15473
24569
13747
24569
15473
153051
15473
3870
15473
24569
15473
14832
15473
184760
13747
24569
15473
75412
16379
56834
15473
24569
48295
111462
56116
56112
16379
47699
15473
24569
15473
174111
15473
14832
14767
56112
15473
14832
55700
38051
55700
24569
15473
24569
55700
24569
45537
14832
55700
24569
55700
24569
14794
24569
14794
24569
55700
24569
45537
24569
14794
24569
45537
94748
13747
94748
48295
24569
21692
3870
45537
47699
45537
14832
55700
24569
13747
30123
55700
24569
15473
24569
48295
30123
15473
24569
15473
24569
15473
24569
38752
55951
55700
24569
45537
14832
14767
24569
45537
14832
56395
24569
15473
24569
56027
24569
45537
14832
56395
24569
56027
24569
14794
24569
14794
24569
56027
24569
45537
24569
14794
24569
45537
38051
13747
38051
48295
24569
21692
3870
45537
38051
45537
14832
56940
24569
13747
30123
56027
24569
15473
24569
48295
30123
15473
24569
15473
24569
15473
24569
38752
38051
56027
24569
45537
14832
14767
24569
45537
14832
15473
142809
56027
199301
45537
14832
62027
184639
56027
58697
14794
184639
14794
92301
56027
57964
45537
60276
14794
98848
45537
24569
13747
24569
48295
153051
21692
3870
45537
24569
45537
14832
56395
184639
13747
24569
56027
75412
15473
56834
48295
24569
15473
111462
15473
56112
15473
47699
38752
24569
56027
174111
45537
14832
14767
56112
45537
14832
15473
142809
15473
14832
15473
142809
15473
58697
14794
142809
14794
92301
15473
57964
15473
60276
14794
98848
15473
24569
13747
24569
15473
142809
15473
3870
15473
24569
15473
14832
15473
142809
13747
24569
15473
75412
16379
56834
15473
24569
16394
111462
16394
56112
16379
47699
15473
24569
15473
142809
15473
14832
14767
56112
15473
14832
45537
14832
56027
184639
56116
58697
14794
184639
14794
92301
56116
57964
45537
60276
14794
98848
45537
24569
13747
24569
48295
153051
21692
3870
45537
24569
45537
14832
56027
184639
13747
24569
56116
75412
15473
56834
48295
24569
15473
111462
15473
56112
15473
47699
38752
24569
56116
174111
45537
14832
14767
56112
45537
14832
45537
14832
45537
14832
14794
14832
14794
14832
45537
14832
50726
14832
14794
14832
48295
14832
13747
14832
45537
14832
21692
3870
50726
14832
50726
72152
45537
14832
13747
14832
45537
14832
15473
14832
45537
14832
15473
14832
15473
14832
15473
14832
38752
14832
45537
14832
50726
146941
14767
14832
55700
138004
56027
58697
14794
184760
14794
92301
56027
57964
45537
60276
14794
98848
45537
24569
13747
24569
48295
153051
21692
3870
45537
24569
45537
14832
56395
195878
13747
24569
56027
75412
15473
56834
48295
24569
15473
111462
15473
56112
15473
47699
38752
24569
56027
174111
45537
14832
14767
56112
45537
14832
14794
58697
14794
58697
56940
57964
45537
58697
14794
58697
45537
24569
13747
24569
48295
58697
21692
3870
45537
24569
45537
14832
56027
58697
13747
24569
56395
58697
15473
56834
48295
24569
15473
58697
15473
56112
15473
47699
38752
24569
56359
58697
45537
14832
14767
56112
45537
14832
39049
92301
14794
57964
14794
60276
39049
98848
14794
24569
13747
24569
14794
153051
14794
3870
14794
24569
14794
14832
14794
184760
13747
24569
14794
75412
14794
56834
14794
24569
14794
111462
14794
56112
14794
47699
14794
24569
14794
174111
14794
14832
14767
56112
14794
14832
14794
57964
14794
60276
56027
92301
14794
24569
13747
24569
14794
92301
14794
3870
14794
24569
14794
14832
14794
92301
13747
24569
14794
75412
14794
56834
14794
24569
14794
92301
14794
56112
14794
47699
14794
24569
14794
92301
14794
14832
14767
56112
14794
14832
45537
57964
14794
57964
45537
24569
13747
24569
48295
57964
21692
3870
45537
24569
45537
14832
56027
57964
13747
24569
56395
57964
15473
56834
48295
24569
15473
57964
15473
56112
15473
47699
38752
24569
56359
57964
45537
14832
14767
56112
45537
14832
14794
60276
48295
24569
13747
24569
45537
60276
21692
3870
55700
24569
55700
14832
45537
60276
13747
24569
45537
60276
15473
56834
45537
24569
15473
60276
15473
56112
15473
47699
38752
24569
45537
60276
56116
14832
14767
56112
50726
14832
14794
24569
13747
24569
14794
98848
14794
3870
14794
24569
14794
14832
14794
98848
13747
24569
14794
75412
14794
56834
14794
24569
14794
98848
14794
56112
14794
47699
14794
24569
14794
98848
14794
14832
14767
56112
14794
14832
13747
122584
45537
24569
21692
3870
48295
47699
48295
14832
45537
24569
13747
30123
45537
24569
15473
24569
45537
30123
15473
24569
15473
24569
15473
24569
38752
55951
45537
24569
48295
14832
14767
24569
48295
14832
13747
24569
13747
3870
13747
47699
13747
14832
13747
24569
15473
30123
13747
24569
13747
24569
13747
30123
13747
24569
13747
24569
13747
24569
13747
55951
13747
24569
13747
14832
13747
24569
13747
14832
21692
3870
45537
24569
45537
14832
48295
153051
13747
24569
48295
75412
15473
56834
56116
24569
15473
111462
15473
56112
15473
47699
38752
24569
48295
153051
45537
14832
14767
56112
45537
14832
21692
3870
21692
3870
21692
3870
13747
3870
21692
3870
15473
3870
21692
3870
15473
3870
15473
3870
15473
3870
21692
3870
21692
3870
21692
3870
14767
3870
21692
3870
56027
14832
45537
24569
13747
30123
45537
24569
15473
24569
45537
30123
15473
24569
15473
24569
15473
24569
38752
47699
45537
24569
55700
14832
14767
24569
50726
14832
45537
14832
13747
14832
45537
14832
15473
14832
45537
14832
15473
14832
15473
14832
15473
14832
38752
14832
45537
14832
55700
72152
14767
14832
50726
72152
13747
24569
56027
75412
15473
56834
48295
24569
15473
111462
15473
56112
15473
47699
38752
24569
56027
174111
45537
14832
14767
56112
45537
14832
13747
24569
13747
24569
13747
38051
13747
24569
13747
24569
13747
24569
13747
30123
13747
24569
13747
14832
13747
24569
13747
14832
15473
56834
48295
24569
15473
75412
15473
56112
15473
47699
38752
24569
56359
75412
45537
14832
14767
56112
45537
14832
15473
24569
16379
56834
16379
56112
17170
47699
15473
24569
15473
56834
15473
14832
14767
56112
15473
14832
15473
24569
15473
24569
15473
24569
38752
30123
48295
24569
45537
14832
14767
24569
45537
14832
48295
56112
16379
47699
15473
24569
15473
111462
15473
14832
14767
56112
15473
14832
16379
47699
15473
24569
15473
56112
15473
14832
14767
108966
15473
14832
15473
24569
15473
47699
15473
14832
14767
47699
15473
14832
38752
24569
38752
14832
14767
24569
38752
14832
45537
14832
14767
56112
45537
14832
14767
14832
50726
138004
14767
14832
