22013
26387
22013
4690
19625
53047
22013
4690
22013
4690
4002
4690
22013
4690
22013
4690
22013
4690
22013
4690
22013
4690
22013
4690
22013
4690
170527
4690
22013
4690
22013
4690
22013
4690
22013
4690
22013
4690
22013
4690
25859
4690
22013
4690
22013
4690
19625
4690
22013
4690
22013
4690
22013
4690
19625
4690
22013
4690
22013
4690
22013
4690
22013
4690
4002
4690
22013
4690
22013
4690
25859
4690
19625
26387
53415
4690
53415
4690
4002
4690
53415
4690
176377
4690
129222
4690
53415
4690
53415
4690
53415
4690
53415
4690
22013
4690
53415
4690
53415
4690
53415
4690
53415
4690
53415
4690
73395
4690
22013
4690
53415
4690
53415
4690
19625
4690
53415
4690
53415
4690
53415
4690
19625
4690
53415
4690
53415
4690
53415
4690
53415
4690
4002
4690
53415
4690
53415
4690
19625
4690
25859
215296
25859
9734
4002
239990
25859
9734
25859
62593
25859
250001
25859
62593
25859
215296
25859
62593
25859
33388
22013
250001
25859
9734
25859
250001
25859
62593
25859
9734
25859
231442
25859
10361
22013
9734
25859
250001
25859
88935
19625
62593
25859
250001
25859
250001
25859
250001
19625
250001
25859
214207
25859
9734
25859
236886
25859
250001
4002
10361
25859
250001
25859
250001
19625
4690
19625
4690
4002
4690
19625
4690
19625
4690
19625
4690
19625
4690
19625
4690
19625
4690
19625
4690
19625
4690
19625
4690
19625
4690
19625
4690
19625
4690
19625
4690
19625
4690
19625
4690
19625
4690
19625
4690
81350
4690
19625
4690
19625
4690
19625
4690
23445
4690
19625
4690
19625
4690
19625
4690
19625
4690
4002
4690
19625
4690
19625
4690
213033
9734
4002
215296
213033
9734
53415
62593
53415
215296
73395
62593
250001
228024
213033
62593
213033
33388
22013
215296
196975
9734
73395
215296
129222
62593
250001
9734
250001
215296
53415
10361
22013
9734
150849
215296
72873
88935
19625
62593
204999
215296
73395
215296
247121
215296
19625
215296
204999
214207
213033
9734
213033
215296
213033
215296
4002
10361
65034
215296
69025
215296
4002
9734
250001
62593
53415
9734
53415
9734
73395
9734
213033
9734
250001
9734
250001
9734
22013
9734
196975
62593
73395
9734
129222
9734
213033
11995
213033
9734
53415
9734
22013
62593
150849
9734
72873
9734
19625
9734
204999
9734
73395
9734
213033
9734
19625
9734
204999
9734
250001
62593
250001
9734
250001
9734
4002
9734
65034
9734
69025
9734
4002
9734
4002
62593
4002
239990
4002
62593
4002
215296
4002
62593
4002
33388
4002
239990
4002
9734
4002
239990
4002
62593
4002
9734
4002
231442
4002
10361
4002
9734
4002
239990
4002
88935
4002
62593
4002
239990
4002
239990
4002
239990
4002
239990
4002
214207
4002
9734
4002
236886
4002
239990
22013
10361
4002
239990
4002
239990
53415
9734
53415
9734
73395
9734
213033
9734
250001
9734
250001
9734
22013
9734
196975
198691
73395
9734
129222
9734
213033
11995
213033
9734
53415
9734
22013
198691
150849
9734
72873
9734
19625
9734
204999
9734
73395
9734
213033
9734
19625
9734
204999
9734
250001
108437
250001
9734
250001
9734
4002
9734
65034
9734
69025
9734
129222
62593
53415
157837
53415
62593
53415
174832
53415
33388
22013
62593
53415
9734
53415
62593
53415
157837
53415
9734
53415
62593
73395
10361
22013
9734
53415
62593
53415
62593
19625
153792
53415
62593
53415
62593
53415
62593
19625
62593
53415
62593
53415
9734
53415
62593
53415
62593
4002
10361
53415
62593
53415
62593
53415
62593
53415
215296
53415
62593
53415
33388
22013
250001
53415
9734
53415
250001
53415
62593
53415
9734
53415
231442
73395
10361
22013
9734
53415
250001
53415
88935
19625
62593
53415
250001
53415
250001
53415
250001
19625
250001
53415
214207
53415
9734
53415
236886
53415
250001
4002
10361
53415
250001
53415
250001
73395
62593
73395
157837
73395
33388
22013
62593
73395
9734
129222
62593
73395
214600
73395
9734
73395
62593
53415
10361
22013
9734
73395
62593
72873
62593
19625
153792
73395
62593
129222
62593
73395
62593
19625
62593
73395
62593
73395
9734
73395
62593
73395
62593
4002
10361
65034
62593
69025
62593
213033
62593
213033
33388
22013
215296
196975
9734
73395
215296
129222
62593
250001
9734
250001
215296
53415
10361
22013
9734
150849
215296
72873
88935
19625
62593
204999
215296
73395
215296
247121
215296
19625
215296
204999
214207
213033
9734
213033
215296
213033
215296
4002
10361
65034
215296
69025
215296
250001
33388
22013
62593
196975
9734
73395
62593
129222
157837
213033
9734
213033
62593
53415
10361
22013
9734
150849
62593
72873
62593
19625
153792
204999
62593
73395
62593
213033
62593
19625
62593
204999
62593
250001
9734
250001
62593
250001
62593
4002
10361
65034
62593
69025
62593
22013
33388
196975
9734
73395
33388
129222
33388
213033
9734
213033
33388
53415
10361
22013
9734
150849
33388
72873
33388
19625
33388
204999
33388
73395
33388
213033
33388
19625
33388
204999
33388
250001
9734
250001
33388
250001
33388
4002
10361
65034
33388
69025
33388
22013
9734
22013
250001
22013
62593
22013
9734
22013
231442
22013
10361
25859
9734
22013
250001
22013
88935
19625
62593
22013
250001
22013
250001
22013
250001
19625
250001
22013
214207
22013
9734
22013
236886
22013
250001
4002
10361
22013
250001
22013
250001
73395
9734
129222
9734
196975
11995
196975
9734
53415
9734
22013
214052
150849
9734
72873
9734
19625
9734
196975
9734
73395
9734
196975
9734
19625
9734
196975
9734
196975
108437
196975
9734
196975
9734
4002
9734
65034
9734
69025
9734
73395
62593
73395
9734
73395
231442
53415
10361
22013
9734
73395
250001
72873
88935
19625
62593
73395
250001
196975
250001
73395
250001
19625
250001
73395
214207
73395
9734
73395
236886
73395
250001
4002
10361
65034
250001
69025
250001
129222
9734
129222
62593
53415
10361
22013
9734
129222
62593
72873
62593
19625
153792
129222
62593
73395
62593
129222
62593
19625
62593
129222
62593
129222
9734
129222
62593
129222
62593
4002
10361
65034
62593
69025
62593
250001
9734
53415
9734
22013
11995
150849
9734
72873
9734
19625
9734
204999
9734
73395
9734
247121
9734
19625
9734
204999
9734
213033
11995
213033
9734
213033
9734
4002
9734
65034
9734
69025
9734
53415
10361
22013
9734
150849
231442
72873
88935
19625
62593
204999
231442
73395
231442
247121
231442
19625
231442
204999
214207
213033
9734
213033
231442
213033
231442
4002
10361
65034
231442
69025
231442
22013
9734
53415
10361
53415
10361
19625
10361
53415
10361
53415
10361
53415
10361
19625
10361
53415
10361
53415
9734
53415
10361
53415
10361
4002
56215
53415
10361
53415
10361
22013
9734
22013
9734
19625
9734
22013
9734
22013
9734
22013
9734
19625
9734
22013
9734
22013
108437
22013
9734
22013
9734
4002
9734
22013
9734
22013
9734
72873
88935
19625
62593
150849
250001
73395
250001
150849
250001
19625
250001
150849
214207
150849
9734
150849
236886
150849
250001
4002
10361
65034
250001
69025
250001
19625
62593
72873
88935
72873
88935
72873
88935
19625
88935
72873
88935
72873
9734
72873
88935
72873
88935
4002
10361
65034
88935
69025
88935
19625
62593
19625
62593
19625
62593
23445
62593
19625
62593
19625
9734
19625
62593
19625
62593
4002
10361
19625
62593
19625
62593
73395
250001
204999
250001
73395
250001
19625
250001
19625
250001
211707
214207
73395
214207
204999
9734
73395
9734
204999
236886
73395
236886
204999
250001
73395
250001
4002
10361
4002
10361
65034
250001
65034
250001
69025
250001
69025
250001
19625
250001
204999
214207
213033
9734
213033
236886
213033
250001
4002
10361
65034
250001
69025
250001
19625
214207
19625
9734
19625
236886
19625
250001
4002
10361
19625
250001
19625
250001
204999
9734
204999
214207
204999
214207
4002
10361
65034
214207
69025
214207
250001
9734
250001
9734
4002
9734
65034
9734
69025
9734
250001
236886
4002
10361
65034
236886
69025
236886
4002
10361
65034
250001
69025
250001
4002
10361
4002
10361
65034
250001
