84435
42840
84435
36985
26234
33731
93712
42840
93712
20105
36572
42840
26234
16715
84435
42840
36572
42840
84435
33731
93712
33731
93712
42840
49652
33731
93712
20105
18221
42840
74537
42840
93712
33731
18221
42840
84435
30060
93712
42840
93712
42840
93712
42840
84435
42840
84435
42840
84435
42840
84435
42840
54305
33731
84435
33731
74537
33731
93712
42840
84435
33731
74537
30060
84435
42840
84435
16715
84435
42840
38279
16715
149750
36985
26234
33731
84435
43709
84435
20105
36572
43709
26234
16715
108333
56472
36572
53227
149750
33731
84435
33731
84435
123629
49652
33731
84435
20105
18221
110745
74537
56472
84435
33731
18221
56472
95414
30060
84435
56472
84435
43709
84435
43709
91758
123629
149750
56157
93076
43709
91758
43709
54305
33731
108333
33731
74537
33731
84435
43709
108333
33731
74537
30060
108333
56472
108333
16715
93244
43709
38279
16715
26234
33731
84435
36985
84435
20105
36572
36985
26234
16715
108333
36985
36572
36985
229985
33731
84435
33731
84435
36985
49652
33731
84435
20105
18221
36985
74537
36985
84435
33731
18221
36985
95414
30060
84435
36985
84435
36985
84435
36985
91758
36985
229985
36985
93076
36985
91758
36985
54305
33731
108333
33731
74537
33731
84435
36985
108333
33731
74537
30060
108333
36985
108333
16715
93244
36985
38279
16715
26234
33731
26234
20105
26234
33731
39776
16715
26234
33731
26234
33731
26234
43709
26234
44967
26234
33731
26234
36985
26234
20105
18221
33731
26234
33731
26234
43709
18221
33731
26234
30060
26234
33731
26234
33731
26234
33731
26234
33731
26234
33731
26234
33731
26234
33731
26234
47849
26234
43709
26234
42840
26234
33731
26234
43709
26234
30060
26234
33731
26234
16715
26234
33731
26234
16715
115197
20105
36572
108666
26234
16715
84435
43709
36572
43709
84435
33731
108333
33731
120850
43709
49652
33731
108333
20105
18221
43709
74537
43709
108333
33731
18221
43709
84435
30060
115197
43709
108333
250001
108333
44967
84435
43709
84435
43709
84435
67216
84435
47849
54305
33731
84435
33731
74537
33731
95414
250001
84435
33731
74537
30060
84435
43709
84435
16715
84435
250001
38279
16715
36572
20105
26234
16715
84435
20105
36572
20105
84435
20105
108333
20105
115197
20105
49652
20105
108333
33731
18221
20105
74537
20105
108333
20105
18221
20105
84435
20105
201763
20105
108333
20105
108333
20105
84435
20105
84435
20105
84435
20105
84435
20105
54305
20105
84435
20105
74537
20105
95414
20105
84435
20105
74537
20105
84435
20105
84435
16715
84435
20105
38279
16715
26234
16715
36572
43709
84435
43709
36572
33731
36572
33731
36572
43709
36572
33731
36572
20105
18221
43709
36572
43709
36572
33731
18221
43709
36572
30060
36572
43709
36572
108666
36572
44967
36572
43709
36572
43709
36572
67216
36572
47849
36572
33731
36572
33731
36572
33731
36572
108666
36572
33731
36572
30060
36572
43709
36572
16715
36572
108666
36572
16715
26234
16715
26234
16715
26234
16715
26234
16715
26234
16715
26234
16715
26234
16715
18221
16715
26234
16715
26234
16715
18221
16715
26234
16715
26234
16715
26234
16715
26234
16715
26234
16715
26234
16715
26234
16715
26234
16715
26234
16715
26234
16715
26234
16715
26234
16715
26234
16715
26234
16715
26234
16715
26234
43709
26234
16715
26234
43709
36572
53227
108333
33731
84435
33731
84435
56472
49652
33731
84435
20105
18221
56472
74537
148051
84435
33731
18221
57040
95414
30060
84435
57040
84435
43709
84435
43709
91758
56472
108333
56157
93076
43709
91758
43709
54305
33731
250001
33731
74537
33731
84435
43709
168563
33731
74537
30060
250001
148051
115197
16715
93244
43709
38279
16715
36572
33731
36572
33731
36572
53227
36572
33731
36572
20105
18221
53227
36572
53227
36572
33731
18221
53227
36572
30060
36572
53227
36572
43709
36572
43709
36572
53227
36572
53227
36572
43709
36572
43709
36572
33731
36572
33731
36572
33731
36572
43709
36572
33731
36572
30060
36572
53227
36572
16715
36572
43709
36572
16715
84435
43709
84435
33731
49652
36985
84435
20105
18221
33731
74537
33731
84435
250001
18221
33731
95414
30060
84435
33731
84435
33731
84435
33731
91758
33731
250001
33731
93076
33731
91758
33731
54305
43709
108333
56157
74537
42840
84435
33731
108333
56157
74537
30060
108333
33731
108333
16715
93244
33731
38279
16715
108333
33731
49652
36985
250001
20105
18221
33731
74537
33731
147655
43709
18221
33731
84435
30060
108333
33731
201085
33731
173043
33731
84435
33731
84435
33731
84435
33731
84435
33731
54305
44967
84435
43709
74537
42840
95414
33731
84435
43709
74537
30060
84435
33731
84435
16715
84435
33731
38279
16715
49652
33731
108333
20105
18221
110745
74537
56472
108333
33731
18221
56472
84435
30060
115197
56472
108333
43709
108333
43709
84435
154400
84435
56157
84435
43709
84435
43709
54305
33731
84435
33731
74537
33731
95414
43709
84435
33731
74537
30060
84435
56472
84435
16715
84435
43709
38279
16715
49652
20105
18221
33731
49652
33731
49652
36985
18221
33731
49652
30060
49652
33731
49652
33731
49652
33731
49652
33731
49652
33731
49652
33731
49652
33731
49652
36985
49652
36985
49652
36985
49652
33731
49652
36985
49652
30060
49652
33731
49652
16715
49652
33731
38279
16715
18221
20105
74537
20105
147655
20105
18221
20105
84435
20105
108333
20105
201085
20105
173043
20105
84435
20105
84435
20105
84435
20105
84435
20105
54305
20105
84435
20105
74537
20105
95414
20105
84435
20105
74537
20105
84435
20105
84435
16715
84435
20105
38279
16715
18221
56472
18221
33731
36572
56472
18221
30060
18221
56472
18221
43709
18221
43709
18221
110745
18221
56157
18221
43709
18221
43709
18221
33731
18221
33731
18221
33731
18221
43709
18221
33731
18221
30060
18221
56472
18221
16715
18221
43709
18221
16715
74537
33731
18221
57040
74537
30060
74537
57040
74537
43709
74537
43709
74537
56472
74537
56157
74537
43709
74537
43709
54305
33731
74537
33731
84435
33731
74537
43709
74537
33731
93244
30060
74537
250001
74537
16715
74537
43709
38279
16715
18221
33731
84435
30060
108333
33731
147655
33731
147655
33731
84435
33731
84435
33731
84435
33731
84435
33731
54305
43709
84435
56157
74537
42840
95414
33731
84435
56157
74537
30060
84435
33731
84435
16715
84435
33731
38279
16715
18221
30060
18221
79985
18221
43709
18221
43709
18221
56472
18221
56157
18221
43709
18221
43709
18221
33731
18221
33731
18221
33731
18221
43709
18221
33731
18221
30060
18221
57040
18221
16715
18221
43709
18221
16715
84435
30060
84435
30060
84435
30060
91758
30060
95414
30060
93076
30060
91758
30060
54305
30060
95414
30060
74537
30060
84435
30060
95414
30060
74537
33731
95414
30060
95414
16715
93244
30060
38279
16715
108333
43709
108333
43709
84435
56472
84435
56157
84435
43709
84435
43709
54305
33731
84435
33731
74537
33731
95414
43709
84435
33731
74537
30060
84435
57040
84435
16715
84435
43709
38279
16715
173043
44967
84435
43709
84435
43709
84435
67216
84435
47849
54305
33731
84435
33731
74537
33731
95414
250001
84435
33731
74537
30060
84435
43709
84435
16715
84435
250001
38279
16715
84435
43709
84435
43709
84435
44967
84435
44967
54305
33731
84435
33731
74537
33731
95414
44967
84435
33731
74537
30060
84435
43709
84435
16715
84435
44967
38279
16715
91758
56157
91758
43709
159576
43709
54305
33731
91758
33731
74537
33731
84435
43709
91758
33731
74537
30060
91758
56472
91758
16715
91758
43709
38279
16715
93076
43709
91758
43709
54305
33731
108333
33731
74537
33731
84435
43709
108333
33731
74537
30060
108333
56157
108333
16715
93244
43709
38279
16715
91758
47849
54305
33731
93076
33731
74537
33731
84435
67216
93076
33731
74537
30060
93076
43709
93076
16715
93076
67216
38279
16715
54305
33731
91758
33731
74537
33731
84435
47849
91758
33731
74537
30060
91758
43709
91758
16715
91758
47849
38279
16715
54305
43709
54305
42840
54305
33731
54305
43709
54305
30060
54305
33731
54305
16715
54305
33731
38279
16715
74537
42840
84435
33731
168563
56472
74537
30060
250001
33731
115197
16715
93244
33731
38279
16715
74537
33731
74537
42840
84435
30060
74537
33731
74537
16715
74537
33731
38279
16715
84435
33731
74537
30060
84435
43709
84435
16715
84435
250001
38279
16715
74537
30060
168563
33731
115197
16715
93244
33731
38279
16715
74537
30060
74537
16715
74537
30060
38279
16715
115197
16715
93244
43709
38279
16715
93244
16715
38279
53227
38279
16715
