119962
128377
60046
158456
250001
165543
250001
170308
60046
165543
173143
165543
19857
158456
189233
165543
19857
165543
250001
165543
250001
165543
19857
165543
250001
165543
134018
165543
173143
165543
19857
165543
250001
165543
209048
93602
212566
165543
173143
165543
250001
165543
141523
165543
19857
170308
212566
34234
19857
165543
173143
91029
250001
165543
103403
165543
19857
165543
19857
158456
250001
165543
250001
66079
19857
165543
250001
165543
250001
165543
19857
34234
250001
165543
134018
34234
60046
128377
119962
128377
119962
128377
60046
128377
119962
128377
19857
128377
119962
128377
19857
128377
119962
128377
119962
128377
19857
128377
119962
128377
119962
128377
119962
128377
19857
128377
119962
128377
119962
93602
119962
128377
119962
128377
119962
128377
119962
128377
19857
128377
119962
34234
19857
128377
119962
91029
119962
128377
103403
128377
19857
128377
19857
128377
119962
128377
119962
66079
19857
128377
119962
128377
119962
128377
19857
34234
119962
128377
119962
34234
60046
158456
60046
158456
104297
158456
60046
158456
19857
160408
60046
158456
19857
158456
60046
158456
60046
158456
19857
158456
60046
158456
60046
158456
60046
158456
19857
158456
60046
158456
60046
93602
60046
158456
60046
158456
60046
158456
60046
158456
19857
158456
60046
34234
19857
158456
60046
91029
60046
158456
60046
158456
19857
158456
19857
160408
60046
158456
60046
66079
19857
158456
60046
158456
60046
158456
19857
34234
60046
158456
60046
34234
250001
165543
60046
250001
173143
250001
19857
158456
189233
250001
19857
250001
250001
170308
250001
250001
19857
250001
250001
250001
134018
227329
173143
250001
19857
250001
250001
250001
209048
93602
212566
250001
173143
250001
250001
250001
141523
227198
19857
165543
212566
34234
19857
250001
173143
91029
250001
250001
103403
170308
19857
227329
19857
158456
250001
250001
250001
66079
19857
250001
250001
170308
250001
250001
19857
34234
250001
250001
134018
34234
60046
165543
173143
165543
19857
158456
189233
165543
19857
165543
250001
165543
250001
165543
19857
165543
250001
165543
134018
165543
173143
165543
19857
165543
250001
165543
209048
93602
212566
165543
173143
165543
250001
165543
141523
165543
19857
250001
212566
34234
19857
165543
173143
91029
250001
165543
103403
165543
19857
165543
19857
158456
250001
165543
250001
66079
19857
165543
250001
165543
250001
165543
19857
34234
250001
165543
134018
34234
60046
250001
19857
158456
60046
250001
19857
250001
60046
170308
60046
250001
19857
250001
60046
250001
60046
227329
60046
250001
19857
250001
60046
250001
60046
93602
60046
250001
60046
250001
60046
250001
60046
227198
19857
165543
60046
34234
19857
250001
60046
91029
60046
250001
60046
170308
19857
227329
19857
158456
60046
250001
60046
66079
19857
250001
60046
170308
60046
250001
19857
34234
60046
250001
60046
34234
19857
158456
173143
250001
19857
250001
173143
170308
173143
250001
19857
250001
173143
250001
134018
227329
243614
250001
19857
250001
173143
250001
173143
93602
173143
250001
212566
250001
173143
250001
141523
227198
19857
165543
173143
34234
19857
250001
229591
91029
173143
250001
103403
170308
19857
227329
19857
158456
173143
250001
173143
66079
19857
250001
173143
170308
173143
250001
19857
34234
173143
250001
134018
34234
19857
158456
212566
158456
19857
158456
19857
158456
134018
158456
19857
158456
19857
158456
19857
158456
119962
158456
19857
158456
19857
93602
19857
158456
19857
158456
19857
158456
19857
158456
95253
158456
19857
34234
229591
158456
19857
91029
19857
158456
19857
158456
228031
158456
167730
250001
19857
158456
19857
66079
229591
158456
19857
158456
19857
158456
119962
34234
19857
158456
19857
34234
19857
250001
189233
170308
189233
250001
19857
250001
189233
250001
134018
227329
173143
250001
19857
250001
189233
250001
189233
93602
189233
250001
173143
250001
189233
250001
141523
227198
19857
165543
189233
34234
19857
250001
173143
91029
189233
250001
103403
170308
19857
227329
19857
158456
189233
250001
189233
66079
19857
250001
189233
170308
189233
250001
19857
34234
189233
250001
134018
34234
19857
170308
19857
250001
134018
250001
19857
250001
19857
227329
19857
250001
119962
250001
19857
250001
19857
93602
19857
250001
19857
250001
19857
250001
19857
227198
95253
165543
19857
34234
212566
250001
19857
91029
19857
250001
19857
170308
212566
227329
167730
158456
19857
250001
19857
66079
212566
250001
19857
170308
19857
250001
119962
34234
19857
250001
19857
34234
250001
170308
19857
170308
250001
170308
134018
170308
173143
170308
19857
170308
250001
170308
209048
93602
212566
170308
173143
170308
250001
170308
141523
170308
19857
165543
212566
34234
19857
170308
173143
91029
250001
170308
103403
250001
19857
170308
19857
158456
250001
170308
250001
66079
19857
170308
250001
250001
250001
170308
19857
34234
250001
170308
134018
34234
19857
250001
250001
250001
134018
227329
173143
250001
19857
250001
250001
250001
209048
93602
212566
250001
173143
250001
250001
250001
141523
227198
19857
165543
212566
34234
19857
250001
173143
91029
250001
250001
103403
170308
19857
227329
19857
158456
250001
250001
250001
66079
19857
250001
250001
170308
250001
250001
19857
34234
250001
250001
134018
34234
19857
250001
19857
227329
19857
250001
119962
250001
19857
250001
19857
93602
19857
250001
19857
250001
19857
250001
19857
227198
95253
165543
19857
34234
134018
250001
19857
91029
19857
250001
19857
170308
134018
227329
134018
158456
19857
250001
19857
66079
134018
250001
19857
170308
19857
250001
119962
34234
19857
250001
19857
34234
134018
227329
173143
250001
19857
250001
250001
250001
209048
93602
212566
250001
173143
250001
250001
250001
141523
227198
19857
165543
212566
34234
19857
250001
173143
91029
250001
250001
103403
170308
19857
227329
19857
158456
250001
250001
250001
66079
19857
250001
250001
170308
250001
250001
19857
34234
250001
250001
134018
34234
134018
227329
19857
227329
134018
227329
134018
93602
134018
227329
134018
227329
134018
227329
134018
227198
19857
165543
134018
34234
19857
227329
134018
91029
134018
227329
103403
170308
19857
250001
19857
158456
134018
227329
134018
66079
19857
227329
134018
170308
134018
227329
19857
34234
134018
227329
173143
34234
19857
250001
173143
250001
173143
93602
173143
250001
212566
250001
173143
250001
141523
227198
19857
165543
173143
34234
19857
250001
229591
91029
173143
250001
103403
170308
19857
227329
19857
158456
173143
250001
173143
66079
19857
250001
173143
170308
173143
250001
19857
34234
173143
250001
134018
34234
19857
250001
19857
93602
19857
250001
19857
250001
19857
250001
19857
227198
95253
165543
19857
34234
119962
250001
19857
91029
19857
250001
19857
170308
119962
227329
119962
158456
19857
250001
19857
66079
119962
250001
19857
170308
19857
250001
127823
34234
19857
250001
19857
34234
209048
93602
212566
250001
173143
250001
250001
250001
141523
227198
19857
165543
212566
34234
19857
250001
173143
91029
250001
250001
103403
170308
19857
227329
19857
158456
250001
250001
250001
66079
19857
250001
250001
170308
250001
250001
19857
34234
250001
250001
134018
34234
209048
93602
173143
93602
209048
93602
141523
93602
19857
93602
209048
34234
19857
93602
173143
91029
209048
93602
103403
93602
19857
93602
19857
93602
209048
93602
209048
66079
19857
93602
209048
93602
209048
93602
19857
34234
209048
93602
134018
34234
173143
250001
212566
250001
141523
227198
19857
165543
213147
34234
19857
250001
173143
91029
212566
250001
103403
170308
19857
227329
19857
158456
212566
250001
212566
66079
19857
250001
212566
170308
212566
250001
19857
34234
212566
250001
134018
34234
173143
250001
141523
227198
19857
165543
173143
34234
19857
250001
212566
91029
173143
250001
103403
170308
19857
227329
19857
158456
173143
250001
173143
66079
19857
250001
173143
170308
173143
250001
19857
34234
173143
250001
134018
34234
141523
227198
19857
165543
212566
34234
19857
250001
173143
91029
250001
250001
103403
170308
19857
227329
19857
158456
250001
250001
250001
66079
19857
250001
250001
170308
250001
250001
19857
34234
250001
250001
134018
34234
19857
165543
141523
34234
19857
227198
141523
91029
141523
227198
103403
170308
19857
227198
19857
158456
141523
227198
141523
66079
19857
227198
141523
170308
141523
227198
19857
34234
141523
227198
134018
34234
19857
34234
95253
165543
19857
91029
19857
165543
19857
165543
95253
165543
95253
158456
19857
165543
19857
66079
95253
165543
19857
165543
19857
165543
95253
34234
19857
165543
19857
34234
19857
34234
173143
34234
212566
34234
103403
34234
19857
34234
19857
34234
212566
34234
212566
34234
19857
34234
212566
34234
212566
34234
19857
66079
212566
34234
134018
146397
19857
91029
19857
250001
19857
170308
228031
227329
167730
158456
19857
250001
19857
66079
250001
250001
19857
170308
19857
250001
119962
34234
19857
250001
19857
34234
173143
91029
103403
91029
19857
91029
19857
91029
173143
91029
173143
66079
19857
91029
173143
91029
173143
91029
19857
34234
173143
91029
134018
34234
103403
170308
19857
227329
19857
158456
250001
250001
250001
66079
19857
250001
250001
170308
250001
250001
19857
34234
250001
250001
134018
34234
19857
170308
19857
158456
103403
170308
103403
66079
19857
170308
103403
250001
103403
170308
19857
34234
103403
170308
103403
34234
167730
158456
19857
227329
19857
66079
228031
227329
19857
170308
19857
227329
119962
34234
19857
227329
19857
34234
19857
158456
19857
66079
167730
158456
19857
158456
19857
158456
119962
34234
19857
158456
19857
34234
250001
66079
19857
250001
250001
170308
250001
250001
19857
34234
250001
250001
134018
34234
19857
66079
250001
66079
250001
66079
19857
34234
250001
66079
134018
34234
19857
170308
19857
250001
119962
34234
19857
250001
19857
34234
250001
170308
19857
34234
250001
170308
134018
34234
19857
34234
250001
250001
134018
34234
19857
34234
19857
66079
134018
34234
