180380
250001
84510
250001
217148
103672
217148
213345
91597
250001
180380
103672
81231
250001
132005
250001
83425
250001
85039
250001
120033
91032
84971
213345
217148
110582
180380
91032
217148
250001
129005
250001
65811
250001
85039
250001
83425
250001
217148
250001
65811
250001
217148
250001
217148
215316
84971
250001
180380
110582
201411
250001
217148
215316
217148
115197
85039
115197
83425
131710
217148
250001
160409
250001
180380
250001
217148
250001
180380
250001
147046
250001
180380
250001
84510
250001
180380
103672
180380
213345
91597
250001
250001
103672
81231
250001
132005
250001
83425
250001
85039
250001
120033
91032
84971
213345
180380
110582
250001
91032
180380
250001
129005
250001
65811
250001
85039
250001
83425
250001
180380
250001
65811
250001
180380
250001
180380
215316
84971
250001
250001
110582
180380
250001
180380
215316
180380
115197
85039
115197
83425
131710
180380
250001
160409
250001
250001
250001
180380
250001
250001
250001
147046
250001
250001
250001
84510
103672
84510
213345
84510
250001
84510
103672
81231
250001
84510
250001
83425
250001
84510
250001
84510
91032
84510
213345
84510
110582
84510
91032
84510
250001
84510
250001
65811
250001
84510
250001
83425
250001
84510
250001
65811
250001
84510
250001
84510
215316
84510
250001
84510
110582
84510
250001
84510
215316
84510
115197
84510
115197
83425
131710
84510
250001
84510
250001
84510
250001
84510
250001
84510
250001
84510
250001
84510
250001
250001
103672
91597
103672
180380
238905
81231
103672
132005
103672
83425
103672
85039
103672
120033
91032
84971
103672
250001
103672
180380
91032
250001
103672
129005
103672
65811
103672
85039
103672
83425
103672
250001
103672
65811
103672
250001
103672
227174
103672
84971
103672
180380
103672
201411
103672
219357
103672
219357
103672
85039
103672
83425
103672
219357
103672
160409
103672
180380
103672
250001
103672
180380
103672
147046
103672
180380
103672
91597
213345
180380
103672
81231
213345
132005
213345
83425
213345
85039
213345
120033
91032
84971
250001
250001
110582
180380
91032
250001
213345
129005
213345
65811
213345
85039
213345
83425
213345
250001
213345
65811
213345
250001
213345
227174
213345
84971
213345
180380
110582
201411
213345
219357
213345
219357
115197
85039
115197
83425
131710
219357
213345
160409
213345
180380
213345
250001
213345
180380
213345
147046
213345
180380
213345
91597
103672
81231
250001
91597
250001
83425
250001
85039
250001
91597
91032
84971
213345
91597
110582
91597
91032
91597
250001
91597
250001
65811
250001
85039
250001
83425
250001
91597
250001
65811
250001
91597
250001
91597
215316
84971
250001
91597
110582
91597
250001
91597
215316
91597
115197
85039
115197
83425
131710
91597
250001
91597
250001
91597
250001
91597
250001
91597
250001
91597
250001
91597
250001
81231
103672
132005
103672
83425
103672
85039
103672
120033
91032
84971
103672
180380
103672
250001
91032
180380
103672
129005
103672
65811
103672
85039
103672
83425
103672
180380
103672
65811
103672
180380
103672
180380
103672
84971
103672
250001
103672
180380
103672
180380
103672
180380
103672
85039
103672
83425
103672
180380
103672
160409
103672
250001
103672
180380
103672
250001
103672
147046
103672
250001
103672
81231
250001
81231
250001
81231
250001
81231
91032
81231
213345
81231
110582
81231
91032
81231
250001
81231
250001
65811
250001
81231
250001
81231
250001
81231
250001
65811
250001
81231
250001
81231
215316
81231
250001
81231
110582
81231
250001
81231
215316
81231
115197
81231
115197
81231
131710
81231
250001
81231
250001
81231
250001
81231
250001
81231
250001
81231
250001
81231
250001
83425
250001
85039
250001
120033
91032
84971
213345
132005
110582
132005
91032
132005
250001
129005
250001
65811
250001
85039
250001
83425
250001
132005
250001
65811
250001
132005
250001
132005
215316
84971
250001
132005
110582
132005
250001
132005
215316
132005
115197
85039
115197
83425
131710
132005
250001
132005
250001
132005
250001
132005
250001
132005
250001
132005
250001
132005
250001
83425
250001
83425
91032
83425
213345
83425
110582
83425
91032
83425
250001
83425
250001
65811
250001
83425
250001
180380
250001
83425
250001
65811
250001
83425
250001
83425
215316
83425
250001
83425
110582
83425
250001
83425
215316
83425
115197
83425
115197
250001
131710
83425
250001
83425
250001
83425
250001
83425
250001
83425
250001
83425
250001
83425
250001
85039
91032
84971
213345
85039
110582
85039
91032
85039
250001
85039
250001
65811
250001
130032
250001
83425
250001
85039
250001
65811
250001
85039
250001
85039
215316
84971
250001
85039
110582
85039
250001
85039
215316
85039
115197
175856
115197
83425
131710
85039
250001
85039
250001
85039
250001
85039
250001
85039
250001
85039
250001
85039
250001
84971
91032
120033
91032
120033
238905
120033
91032
120033
91032
65811
91032
85039
91032
83425
91032
120033
91032
65811
91032
120033
91032
120033
91032
84971
91032
120033
91032
120033
91032
120033
91032
120033
91032
85039
91032
83425
91032
120033
91032
120033
91032
120033
91032
120033
91032
120033
91032
120033
91032
120033
91032
84971
110582
84971
91032
84971
213345
84971
213345
65811
213345
84971
213345
83425
213345
84971
213345
65811
213345
84971
213345
84971
213345
250001
213345
84971
110582
84971
213345
84971
213345
84971
115197
84971
115197
83425
131710
84971
213345
84971
213345
84971
213345
84971
213345
84971
213345
84971
213345
84971
213345
180380
91032
250001
110582
129005
110582
65811
110582
85039
110582
83425
110582
250001
110582
65811
110582
250001
110582
227174
110582
84971
110582
180380
143337
201411
110582
219357
110582
219357
110582
85039
110582
83425
110582
219357
110582
160409
110582
180380
110582
250001
110582
180380
110582
147046
110582
180380
110582
180380
91032
129005
91032
65811
91032
85039
91032
83425
91032
180380
91032
65811
91032
180380
91032
180380
91032
84971
91032
250001
91032
180380
91032
180380
91032
180380
91032
85039
91032
83425
91032
180380
91032
160409
91032
250001
91032
180380
91032
250001
91032
147046
91032
250001
91032
129005
250001
65811
250001
85039
250001
83425
250001
250001
250001
65811
250001
250001
250001
227174
215316
84971
250001
180380
110582
201411
250001
219357
215316
219357
115197
85039
115197
83425
131710
219357
250001
160409
250001
180380
250001
250001
250001
180380
250001
147046
250001
180380
250001
65811
250001
85039
250001
83425
250001
129005
250001
65811
250001
129005
250001
129005
215316
84971
250001
129005
110582
129005
250001
129005
215316
129005
115197
85039
115197
83425
131710
129005
250001
129005
250001
129005
250001
129005
250001
129005
250001
129005
250001
129005
250001
65811
250001
65811
250001
65811
250001
84971
250001
65811
250001
65811
215316
65811
250001
65811
110582
65811
250001
65811
215316
65811
115197
65811
115197
65811
131710
65811
250001
65811
250001
65811
250001
65811
250001
65811
250001
65811
250001
65811
250001
83425
250001
85039
250001
65811
250001
85039
250001
85039
215316
84971
250001
85039
110582
85039
250001
85039
215316
85039
115197
130032
115197
83425
131710
85039
250001
85039
250001
85039
250001
85039
250001
85039
250001
85039
250001
85039
250001
83425
250001
65811
250001
83425
250001
83425
215316
83425
250001
83425
110582
83425
250001
83425
215316
83425
115197
83425
115197
180380
131710
83425
250001
83425
250001
83425
250001
83425
250001
83425
250001
83425
250001
83425
250001
65811
250001
250001
250001
227174
215316
84971
250001
180380
110582
201411
250001
219357
215316
219357
115197
85039
115197
83425
131710
219357
250001
160409
250001
180380
250001
250001
250001
180380
250001
147046
250001
180380
250001
65811
250001
65811
215316
65811
250001
65811
110582
65811
250001
65811
215316
65811
115197
65811
115197
65811
131710
65811
250001
65811
250001
65811
250001
65811
250001
65811
250001
65811
250001
65811
250001
227174
215316
84971
250001
180380
110582
201411
250001
219357
215316
219357
115197
85039
115197
83425
131710
219357
250001
160409
250001
180380
250001
250001
250001
180380
250001
147046
250001
180380
250001
84971
215316
180380
110582
201411
215316
219357
215835
219357
115197
85039
115197
83425
131710
219357
215316
160409
215316
180380
215316
227174
215316
180380
215316
147046
215316
180380
215316
84971
110582
84971
250001
84971
215316
84971
115197
84971
115197
83425
131710
84971
250001
84971
250001
84971
250001
84971
250001
84971
250001
84971
250001
84971
250001
180380
110582
180380
110582
180380
110582
85039
110582
83425
110582
180380
110582
160409
110582
250001
110582
180380
110582
250001
110582
147046
110582
250001
110582
201411
215316
201411
115197
85039
115197
83425
131710
201411
250001
160409
250001
180380
250001
201411
250001
180380
250001
147046
250001
180380
250001
250001
115197
85039
115197
83425
131710
250001
215316
160409
215316
180380
215316
219357
215316
180380
215316
147046
215316
180380
215316
85039
250001
83425
115197
250001
115197
160409
115197
180380
115197
219357
115197
180380
115197
147046
115197
180380
115197
83425
115197
85039
115197
85039
115197
85039
115197
85039
115197
85039
115197
85039
115197
85039
115197
83425
131710
83425
131710
83425
131710
83425
131710
83425
131710
83425
131710
83425
131710
160409
250001
180380
250001
219357
250001
180380
250001
147046
250001
180380
250001
160409
250001
160409
250001
160409
250001
147046
250001
160409
250001
180380
250001
250001
250001
147046
250001
250001
250001
180380
250001
147046
250001
180380
250001
147046
250001
250001
250001
147046
250001
