38727
137254
38727
16877
38727
16877
38727
45551
38727
137254
38727
217647
38727
16877
38727
37216
38727
52890
38727
16877
1974
14173
38727
29764
38727
137254
38727
17228
38727
16877
38727
86174
38727
16877
38727
137254
38727
16877
35353
45551
38727
29764
38727
137254
38727
67126
38727
14825
27888
44113
38727
16877
38727
14173
38727
16877
38727
137254
38727
14825
38727
137254
38727
94566
38727
137254
38727
137254
38727
137254
38727
137254
38727
16877
38727
16877
38727
137254
38727
16877
46195
156907
38727
137254
38727
137254
38727
7306
38727
29764
38727
11426
38727
137254
38727
137254
38727
16877
38727
15858
38727
39681
38727
14173
38727
16877
38727
140853
38727
137254
38727
137254
38727
137254
38727
137254
38727
15858
38727
250001
38727
136799
46195
137254
38727
26545
1974
15858
38727
137254
38727
16877
38727
137254
38727
137254
38727
11426
38727
137254
38727
137254
38727
136827
38727
39681
27982
16877
38727
137254
146245
16877
148247
16877
103931
45551
113760
177505
146245
137254
97184
16877
218412
37216
66243
52890
76014
16877
1974
14173
71174
29764
50127
145631
76014
17228
159743
16877
187001
86174
113760
16877
77760
139779
88152
16877
35353
45551
97184
29764
52732
145789
50127
67126
88909
14825
27888
44113
159743
16877
250001
14173
97184
16877
146245
140853
113760
14825
250001
177505
136474
94566
113760
177505
59339
139779
206915
155207
233988
140853
120242
16877
113687
16877
206915
177505
66288
16877
38727
137254
77760
177505
218907
142567
250001
7306
107274
29764
136474
11426
92806
177505
206915
177505
136474
16877
88152
15858
250001
39681
68751
14173
159743
16877
187001
137254
113760
142567
113760
177505
187001
145631
171933
142567
103931
15858
113760
137254
46195
136799
38727
177505
218637
26545
1974
15858
113760
177505
120242
16877
206915
177505
45324
176656
206915
11426
97184
177505
187001
140853
103931
136827
61235
39681
27982
16877
218412
139779
146245
67126
103931
16877
113760
16877
159743
16877
97184
67126
146245
16877
66243
16877
76014
137254
1974
14173
71174
16877
50127
16877
76014
16877
146245
67126
146245
16877
113760
17228
77760
16877
88152
67126
35353
16877
97184
16877
52732
16877
50127
16877
88909
14825
27888
16877
146245
67126
146245
14173
97184
67126
159743
16877
113760
14825
146245
16877
136474
16877
113760
16877
59339
16877
146245
16877
146245
16877
120242
67126
113687
23112
146245
16877
66288
67126
38727
16877
77760
16877
146245
16877
146245
7306
107274
16877
136474
11426
92806
16877
146245
16877
136474
67126
88152
15858
146245
16877
68751
14173
146245
67126
146245
16877
113760
16877
113760
16877
146245
16877
146245
16877
103931
15858
113760
16877
46195
16877
38727
16877
146245
16877
1974
15858
113760
16877
120242
67126
146245
16877
45324
16877
146245
11426
97184
16877
146245
16877
103931
16877
61235
16877
27982
23112
146245
16877
103931
16877
113760
16877
146245
16877
97184
118889
148247
16877
66243
16877
76014
67126
1974
14173
71174
16877
50127
16877
76014
16877
148247
107495
148247
16877
113760
17228
77760
16877
88152
107495
35353
16877
97184
16877
52732
16877
50127
16877
88909
14825
27888
16877
148247
107495
148247
14173
97184
118889
146245
16877
113760
14825
148247
16877
136474
16877
113760
16877
59339
16877
148247
16877
148247
16877
120242
94566
113687
23112
148247
16877
66288
101920
38727
16877
77760
16877
148247
16877
148247
7306
107274
16877
136474
11426
92806
16877
148247
16877
136474
107495
88152
15858
148247
16877
68751
14173
148247
107495
148247
16877
113760
16877
113760
16877
148247
16877
148247
16877
103931
15858
113760
16877
46195
16877
38727
16877
148247
16877
1974
15858
113760
16877
120242
107495
148247
16877
45324
16877
148247
11426
97184
16877
148247
16877
103931
16877
61235
16877
27982
23112
148247
16877
103931
45551
103931
45551
97184
16877
103931
37216
66243
45551
76014
16877
1974
14173
71174
29764
50127
45551
76014
17228
103931
16877
103931
45551
103931
16877
77760
45551
88152
16877
35353
46272
97184
29764
52732
45551
50127
45551
88909
14825
27888
44113
103931
16877
103931
14173
97184
16877
103931
45551
103931
14825
103931
45551
103931
45551
103931
45551
59339
45551
103931
45551
103931
45551
103931
16877
103931
16877
103931
45551
66288
16877
38727
45551
77760
45551
103931
45551
103931
7306
103931
29764
103931
11426
92806
45551
103931
45551
103931
16877
88152
15858
103931
39681
68751
14173
103931
16877
103931
45551
103931
45551
103931
45551
103931
45551
103931
45551
113687
15858
103931
45551
46195
45551
38727
45551
103931
26545
1974
15858
103931
45551
103931
16877
103931
45551
45324
45551
103931
11426
97184
45551
103931
45551
113760
45551
61235
39681
27982
16877
103931
45551
113760
137254
97184
16877
113760
37216
66243
52890
76014
16877
1974
14173
71174
29764
50127
145631
76014
17228
113760
16877
113760
86174
250001
16877
77760
139779
88152
16877
35353
45551
97184
29764
52732
145789
50127
67126
88909
14825
27888
44113
113760
16877
113760
14173
97184
16877
113760
140853
123127
14825
113760
220736
113760
94566
250001
217647
59339
139779
113760
155207
113760
140853
113760
16877
113687
16877
113760
220736
66288
16877
38727
137254
77760
236650
113760
142567
113760
7306
107274
29764
113760
11426
92806
250001
113760
220736
113760
16877
88152
15858
113760
39681
68751
14173
113760
16877
113760
137254
159743
142567
250001
217647
113760
145631
113760
142567
103931
15858
218637
137254
46195
136799
38727
217647
113760
26545
1974
15858
218637
217647
113760
16877
113760
220736
45324
176656
113760
11426
97184
220736
113760
140853
103931
136827
61235
39681
27982
16877
113760
139779
97184
16877
146245
37216
66243
52890
76014
16877
1974
14173
71174
29764
50127
137254
76014
17228
146245
16877
146245
86174
113760
16877
77760
137254
88152
16877
35353
45551
97184
29764
52732
137254
50127
67126
88909
14825
27888
44113
146245
16877
146245
14173
97184
16877
250001
137254
113760
14825
146245
137254
136474
94566
113760
137254
59339
137254
146245
137254
146245
137254
120242
16877
113687
16877
146245
137254
66288
16877
38727
156907
77760
137254
146245
137254
146245
7306
107274
29764
136474
11426
92806
137254
146245
137254
136474
16877
88152
15858
146245
39681
68751
14173
146245
16877
146245
140853
113760
137254
113760
137254
146245
137254
146245
137254
103931
15858
113760
217647
46195
136799
38727
137254
146245
26545
1974
15858
113760
137254
120242
16877
146245
137254
45324
137254
146245
11426
97184
137254
146245
137254
103931
136827
61235
39681
27982
16877
146245
137254
97184
16877
66243
16877
76014
67126
1974
14173
71174
16877
50127
16877
76014
16877
97184
107495
97184
16877
97184
17228
77760
16877
88152
107495
35353
16877
139646
16877
52732
16877
50127
16877
88909
14825
27888
16877
97184
107495
97184
14173
132538
122274
97184
16877
97184
14825
97184
16877
97184
16877
97184
16877
59339
16877
97184
16877
97184
16877
97184
94566
97184
23112
97184
16877
66288
101920
38727
16877
77760
16877
97184
16877
97184
7306
97184
16877
97184
11426
92806
16877
97184
16877
97184
107495
88152
15858
97184
16877
68751
14173
97184
107495
97184
16877
97184
16877
97184
16877
97184
16877
97184
16877
97184
15858
97184
16877
46195
16877
38727
16877
97184
16877
1974
15858
97184
16877
97184
107495
97184
16877
45324
16877
97184
11426
189704
16877
97184
16877
97184
16877
61235
16877
27982
23112
97184
16877
66243
37216
76014
16877
1974
14173
71174
29764
50127
37216
76014
17228
159743
16877
187001
37216
113760
16877
77760
37216
88152
16877
35353
37216
97184
29764
52732
37216
50127
37216
88909
14825
27888
37216
159743
16877
218412
14173
97184
16877
146245
37216
113760
14825
218412
37216
136474
37216
113760
37216
59339
37216
206915
37216
218412
37216
120242
16877
113687
16877
206915
37216
66288
16877
38727
37216
77760
37216
218412
37216
218412
7306
107274
29764
136474
11426
92806
37216
206915
37216
136474
16877
88152
15858
218412
37216
68751
14173
159743
16877
187001
37216
113760
37216
113760
37216
187001
37216
171933
37216
103931
15858
113760
37216
46195
37216
38727
37216
218412
26545
1974
15858
113760
37216
120242
16877
206915
37216
45324
37216
206915
11426
97184
37216
187001
37216
103931
37216
61235
37216
27982
16877
219039
37216
66243
16877
1974
14173
66243
29764
50127
52890
66243
17228
66243
16877
66243
52890
66243
16877
66243
52890
66243
16877
35353
45551
66243
29764
52732
52890
50127
52890
66243
14825
27888
44113
66243
16877
66243
14173
66243
16877
66243
52890
66243
14825
66243
52890
66243
52890
66243
52890
59339
52890
66243
52890
66243
52890
66243
16877
66243
16877
66243
52890
66243
16877
38727
52890
66243
52890
66243
52890
66243
7306
66243
29764
66243
11426
66243
52890
66243
52890
66243
16877
66243
15858
66243
39681
66243
14173
66243
16877
66243
52890
66243
52890
66243
52890
66243
52890
66243
52890
66243
15858
66243
52890
46195
52890
38727
52890
66243
26545
1974
15858
66243
52890
66243
16877
66243
52890
45324
52890
66243
11426
66243
52890
66243
52890
66243
52890
61235
39681
27982
16877
66243
52890
1974
14173
71174
16877
50127
16877
96769
16877
76014
67126
76014
16877
76014
17228
76014
16877
76014
67126
35353
16877
76014
16877
52732
16877
50127
16877
76014
14825
27888
16877
76014
67126
76014
14173
76014
67126
76014
16877
76014
14825
76014
16877
76014
16877
76014
16877
59339
16877
76014
16877
76014
16877
76014
67126
76014
23112
76014
16877
66288
67126
38727
16877
76014
16877
76014
16877
76014
7306
76014
16877
76014
11426
76014
16877
76014
16877
76014
67126
76014
15858
76014
16877
68751
14173
76014
67126
76014
16877
76014
16877
