16858
38035
15257
38035
16858
38035
15257
38035
14733
33603
15257
20085
14733
33603
15257
38035
15856
8366
15856
38035
15257
8366
15856
38035
15257
38035
15257
38035
16858
38880
15856
38035
15257
38308
15068
33603
15257
38035
16858
38035
15856
8366
15257
38035
14733
38035
14733
33603
15257
38035
15257
38035
16858
38035
15257
21572
16858
38035
15856
38035
16858
38035
15257
38035
15856
38035
15257
38880
27895
48502
15257
39046
14733
33603
15257
20085
14733
33603
15257
39352
15856
8366
15856
39352
15257
8366
15856
38880
15257
38880
15257
39046
22374
38035
15856
39352
15257
38035
15068
33603
15257
39046
21860
38880
15856
8366
15257
39046
14733
38880
14733
33603
15257
39046
15257
39046
27895
39871
15257
21572
21860
38880
15856
39046
27895
48502
15257
39046
15856
38880
15257
38880
15964
38880
14733
33603
15964
20085
14733
33603
15964
38880
15257
8366
15257
38880
15964
8366
15257
39046
16146
39046
15964
38880
15257
38035
15257
38880
15964
38035
15068
33603
15856
38880
15257
41711
15257
8366
15964
38880
14733
39046
14733
33603
15964
38880
15964
38880
15257
38880
15964
21572
15257
39517
15257
38880
15257
38880
15964
38880
15257
39046
15257
39046
14733
33603
15257
20085
14733
33603
15257
39352
15856
8366
15856
39352
15257
8366
15856
38880
15257
38880
15257
39046
22374
38035
15856
39352
15257
38035
15068
33603
15257
39046
21860
38880
15856
8366
15257
39046
14733
38880
14733
33603
15257
39046
15257
39046
139408
39871
15257
21572
21860
38880
15856
39046
168232
132183
15257
39046
15856
38880
14733
33603
16858
20085
14733
33603
16858
39046
15257
8366
15257
39046
16858
8366
15257
38880
15964
38880
16858
39352
15257
38035
15257
39046
16858
38035
15068
33603
15856
39352
15257
38880
15257
8366
16858
39352
14733
38880
14733
33603
16858
39352
16858
39352
15257
39046
16858
21572
15257
38880
15257
39352
15257
39046
16858
41107
15257
38880
14733
20085
15856
250001
14733
33603
14733
8366
14733
33603
14733
8366
14733
33603
14733
33603
14733
33603
14733
33603
14733
33603
14733
33603
14733
39046
14733
33603
14733
33603
14733
8366
14733
33603
15257
33603
15257
39517
14733
33603
14733
33603
14733
33603
14733
21572
14733
33603
14733
33603
14733
33603
14733
33603
14733
33603
14733
20085
21860
20085
15257
8366
15257
20085
46541
8366
15257
20085
15964
20085
46541
20085
15257
20085
15257
20085
46541
20085
15068
20085
15856
20085
15257
20085
15257
8366
21860
20085
14733
20085
14733
20085
46541
20085
46541
20085
15257
20085
21860
20085
15257
20085
15257
20085
15257
20085
46541
20085
15257
20085
14733
33603
14733
8366
14733
33603
14733
8366
14733
33603
14733
33603
14733
33603
14733
33603
14733
33603
14733
33603
14733
39046
14733
33603
14733
33603
14733
8366
14733
33603
15257
33603
15257
39517
14733
33603
14733
33603
14733
33603
14733
21572
14733
33603
14733
33603
14733
33603
14733
33603
14733
33603
15257
8366
15257
88875
21860
8366
15257
38880
15964
38880
21860
39046
15257
38035
15257
39871
21860
38035
15068
33603
15856
39046
15257
38880
15257
8366
23293
39046
14733
38880
14733
33603
21860
39046
21860
39046
15257
39352
21878
21572
15257
38880
15257
39046
15257
39352
21860
39046
15257
38880
16146
8366
15257
20085
16146
8366
15257
8366
15257
8366
15856
8366
16146
8366
15257
8366
15068
8366
15257
8366
15856
8366
250001
20085
15257
8366
14733
8366
14733
8366
15257
8366
15257
8366
15856
8366
15257
8366
15856
8366
16858
8366
15856
8366
15257
8366
229261
8366
15257
8366
250001
38880
15257
38880
15257
39046
15856
38035
20155
39871
15257
38035
15068
33603
15257
39046
15856
38880
16146
8366
15257
39046
14733
38880
14733
33603
15257
39046
15257
39046
15856
39352
15257
21572
15856
38880
16146
39046
15856
39352
15257
39046
16146
38880
15257
8366
15964
8366
250001
8366
15257
8366
15257
8366
250001
8366
15068
8366
15856
8366
15257
8366
15257
38880
21860
8366
14733
8366
14733
8366
250001
8366
250001
8366
15257
8366
21860
8366
15257
8366
15257
8366
15257
8366
250001
8366
15257
8366
15257
39352
15257
38880
15856
38035
20155
38880
15257
38035
15068
33603
15257
38880
15856
39046
16146
8366
15257
38880
14733
39352
14733
33603
15257
38880
15257
38880
15856
38880
15257
21572
15856
39046
16146
38880
15856
38880
15257
38880
16146
41590
15964
38880
15257
38035
15257
38880
15964
38035
15068
33603
15856
38880
15257
39046
15257
8366
15964
38880
14733
39871
14733
33603
15964
38880
15964
38880
15257
38880
15964
21572
15257
39046
15257
38880
15257
38880
15964
38880
15257
39352
15257
38035
15257
39046
250001
38035
15068
33603
15856
39517
15257
38880
15257
8366
21860
47155
14733
38880
14733
33603
250001
39517
250001
39517
15257
39046
21860
21572
15257
38880
15257
39517
15257
39046
250001
39352
15257
38880
15856
38035
15257
38308
15068
33603
15257
38035
21860
38035
15856
8366
15257
38035
14733
38035
14733
33603
15257
38035
15257
38035
22374
38035
15257
21572
21860
38035
15856
38035
22374
38035
15257
38035
15856
38035
15257
38035
15068
33603
15257
39046
15856
38880
16146
8366
15257
39046
14733
38880
14733
33603
15257
39046
15257
39046
15856
39352
15257
21572
15856
38880
16146
39046
15856
39352
15257
39046
16146
38880
15068
33603
15856
38035
15257
38035
15257
8366
21860
38035
14733
38035
14733
33603
250001
38035
250001
38035
15257
38035
21860
21572
15257
38035
15257
38035
15257
38035
250001
38035
15257
38035
15068
33603
15068
33603
15068
8366
15068
33603
14733
33603
14733
39046
15068
33603
15068
33603
15068
33603
15068
21572
15068
33603
15068
33603
15068
33603
15068
33603
15068
33603
15257
38880
15257
8366
15856
39517
14733
38880
14733
33603
15856
39871
15856
132183
15257
39046
15856
21572
15257
38880
15257
72342
15257
39046
15856
39352
15257
38880
15856
8366
15257
38880
14733
39046
14733
33603
15257
38880
15257
38880
21860
38880
15257
21572
210127
39517
15856
38880
21860
38880
15257
38880
15856
39046
15257
8366
14733
8366
14733
8366
15257
8366
15257
8366
15856
8366
15257
8366
15856
8366
16858
8366
15856
8366
15257
8366
229261
8366
14733
38880
14733
33603
21860
39517
21860
39517
15257
39046
21878
21572
15257
38880
15257
39517
15257
39046
21860
39352
15257
38880
15856
33603
14733
38880
14733
38880
14733
38880
14733
21572
14733
39046
14733
38880
14733
38880
14733
38880
14733
39352
14733
33603
14733
33603
14733
33603
14733
21572
14733
33603
14733
33603
14733
33603
14733
33603
14733
33603
250001
39871
15257
39046
21860
21572
15257
38880
15257
39871
15257
39046
250001
39352
15257
38880
15257
39046
21860
21572
15257
38880
15257
72342
15257
39046
250001
39352
15257
38880
15257
21572
21860
38880
15856
39046
139408
39871
15257
39046
15856
38880
15257
21572
15257
21572
15257
21572
21860
21572
15257
21572
15856
38880
21860
38880
15257
38880
15856
39046
15856
39046
15257
39352
16858
38880
15257
39046
15856
38880
15257
38880
