73559
172145
56818
21148
73559
79696
56818
21148
56818
21148
56818
21148
56818
21148
56818
21148
42611
21148
42611
79696
73559
21148
73559
116501
56818
21148
83696
173619
56818
21148
73559
154549
56818
21148
73559
79696
73559
146974
56818
21148
42611
161019
42611
21148
73559
182903
21579
21148
73559
250001
56818
21148
73559
250001
83696
199573
21579
21148
56818
21148
42928
166075
73559
21148
41738
21148
56818
21148
160858
79696
56818
21148
56818
21148
56818
21148
56818
21148
56818
21148
42611
21148
42611
79696
160858
21148
160858
116501
56818
21148
73559
172145
56818
21148
160858
154549
56818
21148
160858
79696
160858
146974
56818
21148
42611
161019
42611
21148
160858
172145
21579
21148
160858
172145
56818
21148
160858
172145
73559
172145
21579
21148
56818
21148
42928
166075
87578
21148
41738
21148
56818
21148
250001
180637
250001
63910
161256
63910
250001
122781
58038
63910
42611
63910
42611
21148
56818
63910
56818
21148
242848
144289
56818
21148
69518
92215
56818
21148
160858
181458
56818
21148
56818
21148
250001
144289
42611
21148
42611
63910
56818
21148
21579
63910
56818
21148
160858
63910
56818
21148
56818
21148
21579
93209
69518
181458
42928
21148
56818
63910
41738
63910
56818
21148
56818
21148
56818
21148
56818
21148
56818
21148
42611
21148
42611
92215
166901
21148
250001
79696
56818
21148
73559
79696
56818
21148
169036
79696
56818
21148
250001
92215
250001
79696
56818
21148
42611
79696
42611
21148
166901
79696
21579
21148
207079
79696
56818
21148
250001
79696
73559
79696
21579
21148
56818
21148
42928
79696
87578
21148
41738
21148
250001
63910
161256
63910
250001
122781
58038
63910
42611
63910
42611
21148
56818
63910
56818
21148
242848
144289
56818
21148
69518
92215
56818
21148
160858
180637
56818
21148
56818
21148
250001
144289
42611
21148
42611
63910
56818
21148
21579
63910
56818
21148
160858
63910
56818
21148
56818
21148
21579
93209
69518
180637
42928
21148
56818
63910
41738
63910
161256
122781
250001
63910
58038
64911
42611
124330
42611
21148
56818
79696
56818
21148
242848
63910
56818
21148
69518
63910
56818
21148
160858
63910
56818
21148
56818
21148
250001
63910
42611
21148
42611
116501
56818
21148
21579
144289
56818
21148
160858
144289
56818
21148
56818
21148
21579
63910
69518
63910
42928
21148
56818
64911
41738
122781
161256
63910
58038
64911
42611
122781
42611
21148
56818
79696
56818
21148
161256
63910
56818
21148
69518
63910
56818
21148
160858
63910
56818
21148
56818
21148
161256
63910
42611
21148
42611
116501
56818
21148
21579
122781
56818
21148
160858
122781
56818
21148
56818
21148
21579
63910
69518
63910
42928
21148
56818
64911
41738
208984
58038
63910
42611
63910
42611
21148
56818
63910
56818
21148
242848
122781
56818
21148
69518
92215
56818
21148
160858
122781
56818
21148
56818
21148
250001
122781
42611
21148
42611
63910
56818
21148
21579
63910
56818
21148
160858
63910
56818
21148
56818
21148
21579
93209
69518
122781
42928
21148
56818
63910
41738
63910
42611
64911
42611
21148
56818
64911
56818
21148
58038
63910
56818
21148
58038
63910
56818
21148
58038
63910
56818
21148
56818
21148
58038
63910
42611
21148
42611
64911
56818
21148
21579
64911
56818
21148
58038
64911
56818
21148
56818
21148
21579
63910
58038
63910
42928
21148
56818
172145
41738
64911
141229
21148
42611
79696
42611
21148
42611
63910
42611
21148
42611
63910
42611
21148
42611
63910
42611
21148
42611
21148
42611
63910
160223
21148
48013
116501
42611
21148
21579
124330
42611
21148
42611
124330
42611
21148
42611
21148
21579
63910
42611
63910
42611
21148
42611
64911
41738
122781
42611
21148
42611
79696
42611
21148
42611
79696
42611
21148
42611
79696
42611
21148
42611
161019
42611
79696
42611
21148
141229
79696
48013
21148
42611
79696
21579
21148
42611
79696
42611
21148
42611
79696
42611
79696
21579
21148
42611
21148
42611
79696
42611
21148
41738
21148
166901
21148
56818
63910
73559
21148
56818
63910
166901
21148
56818
63910
166901
21148
166901
21148
56818
63910
42611
21148
42611
79696
214488
21148
21579
79696
166901
21148
56818
79696
166901
21148
73559
21148
21579
63910
56818
63910
42928
21148
87578
64911
41738
79696
56818
21148
73559
116501
56818
21148
169036
116501
56818
21148
250001
79696
250001
116501
56818
21148
42611
116501
42611
21148
166901
116501
21579
21148
207079
116501
56818
21148
250001
116501
73559
116501
21579
21148
56818
21148
42928
116501
87578
21148
41738
21148
56818
21148
69518
92215
56818
21148
160858
144289
56818
21148
56818
21148
242848
250001
42611
21148
42611
63910
56818
21148
21579
63910
56818
21148
160858
63910
56818
21148
56818
21148
21579
93209
69518
144289
42928
21148
56818
63910
41738
63910
56818
21148
73559
154549
56818
21148
73559
79696
73559
146974
56818
21148
42611
161019
42611
21148
73559
173619
21579
21148
73559
173619
56818
21148
73559
173619
130890
173619
21579
21148
56818
21148
42928
166075
73559
21148
41738
21148
56818
21148
69518
92215
56818
21148
56818
21148
69518
92215
42611
21148
42611
63910
56818
21148
21579
63910
56818
21148
69518
63910
56818
21148
56818
21148
21579
92215
83696
92215
42928
21148
56818
63910
41738
63910
56818
21148
169036
79696
169036
146974
56818
21148
42611
154549
42611
21148
166901
154549
21579
21148
169036
154549
56818
21148
169036
154549
73559
154549
21579
21148
56818
21148
42928
154549
87578
21148
41738
21148
56818
21148
56818
21148
160858
144289
42611
21148
42611
63910
56818
21148
21579
63910
56818
21148
161256
63910
56818
21148
56818
21148
21579
93209
69518
213319
42928
21148
56818
63910
41738
63910
250001
79696
56818
21148
42611
79696
42611
21148
166901
79696
21579
21148
207079
79696
56818
21148
250001
79696
73559
79696
21579
21148
56818
21148
42928
79696
87578
21148
41738
21148
56818
21148
42611
146974
42611
21148
166901
146974
21579
21148
207079
146974
56818
21148
250001
146974
73559
146974
21579
21148
56818
21148
42928
146974
87578
21148
41738
21148
42611
21148
42611
63910
56818
21148
21579
63910
56818
21148
160858
63910
56818
21148
56818
21148
21579
93209
69518
144289
42928
21148
56818
63910
41738
63910
48013
21148
42611
161019
21579
21148
42611
161019
42611
21148
42611
161019
42611
161019
21579
21148
42611
21148
42611
161019
42611
21148
41738
21148
42611
21148
21579
116501
42611
21148
42611
116501
42611
21148
42611
21148
21579
63910
42611
63910
42611
21148
42611
64911
41738
116501
21579
21148
166901
182903
56818
21148
166901
182903
73559
182903
21579
21148
56818
21148
42928
166075
87578
21148
41738
21148
21579
21148
21579
154549
21579
21148
21579
21148
41738
63910
21579
63910
21579
21148
21579
64911
21579
122781
56818
21148
207079
250001
73559
199573
21579
21148
56818
21148
42928
166075
87578
21148
41738
21148
56818
21148
56818
21148
21579
63910
69518
63910
42928
21148
56818
64911
41738
122781
73559
199573
21579
21148
56818
21148
42928
166075
87578
21148
41738
21148
21579
21148
56818
21148
42928
166075
73559
21148
41738
21148
21579
93209
21579
21148
21579
63910
21579
63910
42928
21148
56818
63910
41738
63910
42928
21148
41738
21148
41738
64911
