35994
41911
38336
41911
47731
58502
59606
98145
110231
98145
20250
33386
58406
77424
58406
201457
59606
105942
250001
4484
59606
201457
3927
58502
42271
41911
58406
58502
35994
150691
226043
98145
226043
58502
58276
51967
58794
58502
35994
58502
3927
41338
59606
98145
5223
58502
45656
51967
35994
41911
110231
58502
134451
4484
47731
58502
250001
58502
58276
58502
58276
58502
250001
58502
45687
33386
250001
58502
35994
51967
35994
41911
35994
41911
35994
41911
20250
33386
35994
41911
35994
41911
35994
41911
35994
4484
35994
41911
3927
41911
35994
98145
35994
41911
36693
41911
35994
41911
35994
41911
35994
41911
35994
41911
36693
41911
3927
41338
35994
41911
5223
41911
35994
41911
59741
77424
35994
41911
35994
4484
35994
41911
35994
41911
35994
41911
35994
41911
35994
41911
35994
33386
35994
41911
38336
41911
38336
41911
38336
41911
20250
33386
38336
41911
38336
41911
38336
41911
38336
4484
38336
41911
3927
41911
38336
51967
38336
41911
35994
41911
38336
41911
38336
41911
38336
41911
38336
41911
35994
41911
3927
41338
38336
41911
5223
41911
38336
41911
35994
51967
38336
41911
38336
4484
38336
41911
38336
41911
38336
41911
38336
41911
38336
41911
38336
33386
38336
41911
47731
58502
47731
58502
20250
33386
47731
58502
47731
58502
47731
58502
47731
4484
47731
58502
3927
98066
42271
41911
47731
102740
35994
58502
47731
58502
47731
98066
47731
51967
47731
98066
35994
98066
3927
41338
47731
58502
5223
98066
45656
51967
35994
41911
47731
98066
47731
4484
250001
98066
47731
98066
47731
98066
47731
98066
47731
82067
45687
33386
47731
98066
59606
107392
20250
33386
58406
77424
58406
98145
66508
98145
59606
4484
59741
98145
3927
58502
42271
41911
58406
58502
35994
98145
59606
105942
59606
58502
58276
51967
58794
58502
35994
58502
3927
41338
66508
105942
5223
58502
45656
51967
35994
41911
59606
58502
59606
4484
47731
58502
59606
58502
58276
58502
58276
58502
59606
58502
45687
33386
59606
58502
20250
33386
58406
77424
58406
98145
59606
98145
110231
4484
59606
98145
3927
58502
42271
41911
58406
58502
35994
98145
110231
105942
110231
58502
58276
51967
58794
58502
35994
58502
3927
41338
59606
105942
5223
58502
45656
51967
35994
41911
250001
58502
110231
4484
47731
58502
110231
58502
58276
58502
58276
58502
110231
58502
45687
33386
110231
58502
20250
33386
20250
33386
20250
33386
20250
4484
20250
33386
3927
33386
20250
33386
20250
33386
20250
33386
20250
33386
20250
33386
20250
33386
20250
33386
20250
33386
3927
33386
20250
33386
5223
33386
20250
33386
20250
33386
20250
33386
20250
4484
20250
33386
20250
33386
20250
33386
20250
33386
20250
33386
20250
58502
20250
33386
69851
77424
58406
77424
58406
4484
58406
77424
3927
58502
42271
41911
59741
58502
35994
77424
58406
77424
58406
58502
58276
51967
58406
58502
35994
58502
3927
41338
58406
77424
5223
58502
45656
51967
35994
41911
58406
58502
58406
4484
47731
58502
58406
58502
58276
58502
58276
58502
58406
58502
45687
33386
58406
58502
58406
105942
58406
4484
58406
221183
3927
58502
42271
41911
59741
58502
35994
150691
58406
98145
58406
58502
58276
51967
58406
58502
35994
58502
3927
41338
58406
98145
5223
58502
45656
51967
35994
41911
58406
58502
58406
4484
47731
58502
58406
58502
58276
58502
58276
58502
58406
58502
45687
33386
58406
58502
59606
4484
59741
105942
3927
58502
42271
41911
58406
58502
35994
105942
59606
98145
59606
58502
58276
51967
58794
58502
35994
58502
3927
41338
68972
98145
5223
58502
45656
51967
35994
41911
59606
58502
59606
4484
47731
58502
59606
58502
58276
58502
58276
58502
59606
58502
45687
33386
59606
58502
59606
4484
3927
4484
42271
4484
58406
4484
35994
4484
226043
4484
226043
4484
58276
4484
58794
4484
35994
4484
3927
4484
59606
4484
5223
4484
45656
4484
35994
4484
110231
4484
134451
41338
47731
4484
250001
4484
58276
4484
58276
4484
250001
4484
45687
4484
250001
4484
3927
58502
42271
41911
58406
58502
35994
150691
59606
98145
59606
58502
58276
51967
58794
58502
35994
58502
3927
41338
59741
98145
5223
58502
45656
51967
35994
41911
59606
58502
59606
4484
47731
58502
59606
58502
58276
58502
58276
58502
59606
58502
45687
33386
59606
58502
3927
41911
3927
98066
3927
58502
3927
58502
3927
149179
3927
51967
3927
149179
3927
102740
5223
41338
3927
58502
3927
98145
3927
51967
3927
41911
3927
149179
3927
4484
3927
149179
3927
98145
3927
149179
3927
140896
3927
82067
3927
33386
3927
98145
42271
41911
35994
41911
42271
41911
42271
41911
42271
41911
42271
41911
35994
41911
3927
41338
42271
41911
5223
41911
42271
41911
35994
77424
42271
41911
42271
4484
42271
41911
42271
41911
42271
41911
42271
41911
42271
41911
42271
33386
42271
41911
35994
58502
58406
58502
58406
98066
58276
51967
58406
98066
35994
98066
3927
41338
58406
58502
5223
98066
45656
51967
35994
41911
58406
98066
58406
4484
47731
98066
58406
98066
58276
98066
58276
98066
58406
82067
45687
33386
58406
98066
35994
98145
35994
58502
35994
51967
35994
58502
58406
58502
3927
41338
35994
98145
5223
58502
35994
51967
36693
41911
35994
58502
35994
4484
35994
58502
35994
58502
35994
58502
35994
58502
35994
58502
35994
33386
35994
58502
250001
58502
58276
51967
58794
58502
35994
58502
3927
41338
59606
150691
5223
58502
45656
51967
35994
41911
110231
58502
134451
4484
47731
58502
226043
58502
58276
58502
58276
58502
226043
58502
45687
33386
226043
58502
58276
51967
58794
221183
35994
102740
3927
41338
59606
58502
5223
98145
45656
51967
35994
41911
110231
201457
134451
4484
47731
151880
226043
98145
58276
201457
58276
140896
226043
82067
45687
33386
226043
98145
58276
51967
35994
51967
3927
41338
58276
51967
5223
51967
45656
73912
35994
41911
58276
51967
58276
4484
47731
51967
58276
51967
58794
51967
60034
51967
58276
51967
45687
33386
58276
51967
35994
102740
3927
41338
58794
58502
5223
98145
45656
51967
35994
41911
58794
201457
58794
4484
47731
151880
58794
98145
58276
201457
58276
140896
58794
82067
45687
33386
58794
98145
3927
41338
35994
58502
5223
98145
35994
51967
36693
41911
35994
102740
35994
4484
35994
102740
35994
98145
35994
102740
35994
102740
35994
82067
35994
33386
35994
98145
3927
41338
3927
41338
3927
41338
3927
41338
3927
41338
3927
4484
3927
41338
3927
41338
3927
41338
3927
41338
3927
41338
3927
33386
3927
41338
5223
58502
45656
51967
35994
41911
59606
58502
59606
4484
47731
58502
59606
58502
58276
58502
58276
58502
59606
58502
45687
33386
59606
58502
5223
51967
5223
41911
35994
41911
5223
98145
45656
51967
5223
4484
45656
4484
5223
98145
45656
51967
5223
100697
45656
51967
5223
98145
45656
51967
5223
98145
45656
51967
5223
82067
45656
51967
5223
33386
45656
33386
5223
100697
45656
51967
35994
41911
35994
4484
35994
41911
35994
41911
35994
41911
35994
41911
35994
41911
35994
33386
35994
41911
110231
4484
47731
151880
110231
98145
58276
221183
58276
140896
110231
82067
45687
33386
110231
98145
47731
4484
134451
4484
58276
4484
58276
4484
134451
4484
45687
4484
134451
4484
47731
98145
47731
151880
47731
140896
47731
82067
45687
33386
47731
98145
58276
98145
58276
98145
250001
82067
45687
33386
250001
142311
58794
140896
58276
82067
45687
33386
58276
98145
58276
82067
45687
33386
58276
98145
45687
33386
250001
82067
45687
33386
