130121
89712
250001
106912
148702
109168
35460
106912
133790
106912
86000
89712
86572
224119
86000
106912
250001
250001
250001
106912
250001
224119
130121
89712
86572
224119
225441
25398
35460
70395
86572
224119
7019
125231
250001
250001
86572
224119
35460
25398
130121
89712
250001
250001
35460
164430
148702
250001
86572
89712
130121
89712
35460
106912
148702
56843
19953
56843
130121
89712
152416
250001
35460
89712
130121
89712
19953
70395
7019
125231
133790
224119
86572
224119
35460
164430
130121
89712
130121
89712
35460
89712
130121
89712
86000
106912
86572
89712
86000
89712
130121
89712
130121
89712
130121
89712
250001
250001
86572
89712
130121
25398
35460
70395
86572
89712
7019
89712
130121
89712
86572
89712
35460
25398
149884
250001
130121
89712
35460
89712
130121
89712
86572
94464
149884
106912
35460
89712
130121
56843
19953
56843
148702
250001
130121
89712
35460
250001
250001
250001
19953
70395
7019
89712
130121
89712
86572
89712
35460
89712
148702
106912
35460
109168
133790
109168
86000
89712
86572
106912
86000
109168
250001
106912
250001
109168
250001
106912
130121
89712
86572
106912
225441
25398
35460
70395
86572
106912
7019
106912
250001
106912
86572
106912
35460
25398
130121
89712
250001
106912
35460
106912
148702
106912
86572
89712
130121
89712
35460
109168
148702
56843
19953
56843
130121
89712
152416
106912
35460
89712
130121
89712
19953
70395
7019
106912
133790
106912
86572
106912
35460
106912
35460
106912
133790
106912
86000
89712
86572
109168
86000
106912
148702
109168
148702
106912
148702
109168
130121
89712
86572
109168
148702
25398
35460
70395
86572
109168
7019
109168
148702
109168
86572
109168
35460
25398
130121
89712
148702
109168
35460
109168
224556
109168
86572
89712
130121
89712
35460
106912
149143
56843
19953
56843
130121
89712
148702
109168
35460
89712
130121
89712
19953
70395
7019
109168
133790
109168
86572
109168
35460
109168
35460
125231
35460
89712
35460
106912
35460
125231
35460
106912
35460
125231
35460
106912
35460
89712
35460
106912
35460
25398
41353
70395
35460
106912
7019
106912
35460
106912
35460
106912
86000
25398
35460
89712
35460
106912
86000
106912
35460
106912
35460
89712
35460
89712
105627
125231
35460
56843
19953
56843
35460
89712
35460
106912
105627
89712
35460
89712
19953
70395
7019
106912
35460
106912
35460
106912
60424
106912
86000
89712
86572
106912
86000
250001
133790
106912
133790
250001
133790
106912
130121
89712
86572
106912
133790
25398
35460
70395
86572
106912
7019
106912
133790
106912
86572
106912
35460
25398
130121
89712
133790
106912
35460
106912
133790
106912
86572
89712
130121
89712
35460
224119
133790
56843
19953
56843
130121
89712
133790
106912
35460
89712
130121
89712
19953
70395
7019
106912
135682
106912
86572
106912
35460
106912
86000
89712
132168
89712
86000
89712
86000
89712
86000
89712
86000
106912
86000
89712
86000
25398
35460
70395
86000
89712
7019
89712
86000
89712
86000
89712
35460
25398
86000
106912
86000
89712
35460
89712
86000
89712
86000
94464
86000
250001
35460
89712
86000
56843
19953
56843
86000
106912
86000
89712
35460
106912
86000
106912
19953
70395
7019
89712
86000
89712
86000
89712
35460
89712
86000
106912
86572
224119
86572
106912
86572
250001
86572
89712
250001
250001
86572
25398
35460
70395
148702
250001
7019
125231
86572
224119
168813
250001
35460
25398
86572
89712
86572
224119
35460
164430
86572
224119
250001
89712
86572
89712
35460
106912
86572
56843
19953
56843
86572
89712
86572
224119
35460
89712
86572
89712
19953
70395
7019
125231
86572
250001
250001
250001
35460
164430
86000
106912
86000
250001
86000
106912
86000
89712
86000
106912
86000
25398
35460
70395
86000
106912
7019
106912
86000
106912
86000
106912
35460
25398
86000
89712
86000
106912
35460
106912
86000
106912
86000
89712
86000
89712
35460
224119
86000
56843
19953
56843
86000
89712
86000
106912
35460
89712
86000
89712
19953
70395
7019
106912
86000
106912
86000
106912
35460
106912
250001
106912
250001
224119
130121
89712
86572
224119
225441
25398
35460
70395
86572
224119
7019
125231
250001
250001
86572
224119
35460
25398
130121
89712
250001
250001
35460
164430
148702
250001
86572
89712
130121
89712
35460
106912
148702
56843
19953
56843
130121
89712
152416
250001
35460
89712
130121
89712
19953
70395
7019
125231
133790
224119
86572
224119
35460
164430
250001
106912
130121
89712
86572
106912
225441
25398
35460
70395
86572
106912
7019
106912
250001
106912
86572
106912
35460
25398
130121
89712
250001
106912
35460
106912
148702
106912
86572
89712
130121
89712
35460
224119
148702
56843
19953
56843
130121
89712
152416
106912
35460
89712
130121
89712
19953
70395
7019
106912
133790
106912
86572
106912
35460
106912
130121
89712
86572
250001
225441
25398
35460
70395
86572
250001
7019
125231
250001
224119
86572
250001
35460
25398
130121
89712
250001
224119
35460
164430
148702
224119
86572
89712
130121
89712
35460
106912
148702
56843
19953
56843
130121
89712
152416
224119
35460
89712
130121
89712
19953
70395
7019
125231
133790
250001
86572
250001
35460
164430
86572
89712
130121
25398
35460
70395
86572
89712
7019
89712
130121
89712
86572
89712
35460
25398
149884
250001
130121
89712
35460
89712
130121
89712
86572
94464
149884
106912
35460
89712
130121
56843
19953
56843
148702
250001
130121
89712
35460
250001
250001
250001
19953
70395
7019
89712
130121
89712
86572
89712
35460
89712
86572
25398
35460
70395
148702
250001
7019
125231
86572
224119
168813
250001
35460
25398
86572
89712
86572
224119
35460
164430
86572
224119
250001
89712
86572
89712
35460
106912
86572
56843
19953
56843
86572
89712
86572
224119
35460
89712
86572
89712
19953
70395
7019
125231
86572
250001
250001
250001
35460
164430
35460
25398
86572
25398
7019
25398
225441
25398
86572
25398
35460
106912
130121
25398
225441
25398
35460
25398
148702
25398
86572
25398
130121
25398
35460
25398
148702
25398
19953
25398
130121
25398
152416
25398
35460
25398
130121
25398
19953
25398
7019
25398
133790
25398
86572
25398
35460
25398
35460
70395
7019
70395
35460
70395
35460
70395
41353
25398
35460
70395
35460
70395
41353
70395
35460
70395
35460
70395
35460
70395
41353
70395
35460
56843
19953
56843
35460
70395
35460
70395
41353
70395
35460
70395
19953
109168
7019
70395
35460
70395
35460
70395
41353
70395
7019
125231
86572
224119
148702
250001
35460
25398
86572
89712
86572
224119
35460
164430
86572
224119
148702
89712
86572
89712
35460
106912
86572
56843
19953
56843
86572
89712
86572
224119
35460
89712
86572
89712
19953
70395
7019
125231
86572
250001
148702
250001
35460
164430
7019
125231
7019
125231
7019
25398
7019
89712
7019
125231
7019
125231
7019
125231
7019
89712
7019
89712
7019
106912
7019
56843
7019
56843
7019
89712
7019
125231
7019
89712
7019
89712
7019
70395
233661
250001
7019
125231
7019
125231
7019
125231
86572
224119
35460
25398
130121
89712
250001
250001
35460
164430
148702
250001
86572
89712
130121
89712
35460
106912
148702
56843
19953
56843
130121
89712
152416
250001
35460
89712
130121
89712
19953
70395
7019
125231
133790
224119
86572
224119
35460
164430
35460
25398
86572
89712
86572
224119
35460
164430
86572
224119
168813
89712
86572
89712
35460
106912
86572
56843
19953
56843
86572
89712
86572
224119
35460
89712
86572
89712
19953
70395
7019
125231
86572
250001
168813
250001
35460
164430
35460
25398
35460
25398
86572
25398
35460
25398
35460
25398
35460
25398
86000
25398
35460
25398
19953
25398
35460
25398
35460
25398
86000
25398
35460
25398
19953
25398
7019
25398
35460
25398
35460
25398
60424
25398
130121
89712
35460
89712
130121
89712
86572
94464
205756
106912
35460
89712
130121
56843
19953
56843
148702
250001
130121
89712
35460
250001
149884
250001
19953
70395
7019
89712
130121
89712
86572
89712
35460
89712
35460
164430
148702
250001
86572
89712
130121
89712
35460
106912
148702
56843
19953
56843
130121
89712
152416
250001
35460
89712
130121
89712
19953
70395
7019
125231
133790
224119
86572
224119
35460
164430
35460
164430
35460
89712
35460
89712
86000
106912
35460
56843
19953
56843
35460
89712
35460
164430
86000
89712
35460
89712
19953
70395
7019
125231
35460
164430
35460
164430
60424
170954
86572
89712
130121
89712
35460
106912
149143
56843
19953
56843
130121
89712
148702
250001
35460
89712
130121
89712
19953
70395
7019
125231
133790
224119
86572
224119
35460
164430
86572
94464
35460
89712
86572
56843
19953
56843
86572
94464
86572
89712
35460
94464
86572
94464
19953
70395
7019
89712
86572
89712
250001
89712
35460
89712
35460
89712
130121
56843
19953
56843
148702
106912
130121
89712
35460
106912
149884
106912
19953
70395
7019
89712
130121
89712
86572
89712
35460
89712
35460
56843
19953
56843
35460
89712
35460
106912
133790
89712
35460
89712
19953
70395
7019
106912
35460
106912
35460
106912
60424
106912
19953
106912
130121
56843
148702
56843
35460
56843
130121
56843
19953
56843
7019
56843
133790
56843
86572
56843
35460
56843
19953
56843
19953
56843
19953
56843
19953
56843
60424
56843
7019
56843
19953
56843
19953
56843
19953
56843
130121
89712
35460
250001
148702
250001
19953
70395
7019
89712
130121
89712
86572
89712
35460
89712
35460
89712
130121
89712
19953
70395
7019
125231
133790
224119
86572
224119
35460
164430
35460
250001
19953
70395
7019
89712
35460
89712
35460
89712
60424
89712
19953
70395
7019
89712
130121
89712
86572
89712
35460
89712
7019
70395
19953
70395
19953
70395
19953
70395
7019
125231
7019
125231
7019
125231
86572
250001
35460
164430
35460
164430
