63094
142179
44000
142179
63094
142179
63094
250001
42411
142179
63094
142179
63094
142179
63094
142179
44000
142179
63094
142179
63094
142179
63094
142179
63094
142179
63094
142179
63094
14523
63094
14523
63094
24196
63094
142179
63094
250001
63094
40924
42411
142179
62208
142179
63094
142179
63094
142179
63094
142179
63094
75489
63094
142179
63094
142179
63094
142179
250001
40924
63094
24196
63094
142179
63094
142179
63094
250001
63094
142179
44000
175607
91456
175607
72539
142179
42411
175607
65051
175607
149474
250001
91456
175607
44000
250001
149474
175607
208266
250001
250001
250001
91456
175607
250001
175607
149474
14523
149474
14523
149474
24196
91456
175607
72539
142179
87195
40924
42411
250001
62208
175607
149474
175607
149474
250001
91456
147503
149474
75489
91456
175607
127715
250001
91456
175607
63094
40924
123973
24196
250001
250001
87195
175607
72539
142179
65051
175607
44000
250001
44000
142179
42411
235172
44000
221546
44000
175607
44000
250001
62208
175607
44000
250001
44000
175607
44000
175607
44000
250001
44000
203547
44000
14523
44000
14523
44000
24196
44000
235172
44000
142179
44000
40924
42411
175607
44000
250001
44000
250001
44000
175607
44000
147503
44000
75489
44000
250001
44000
175607
44000
250001
44000
40924
44000
24196
44000
175607
44000
250001
44000
142179
44000
221546
72539
142179
42411
235172
65051
221546
91456
175607
126560
250001
44000
175607
91456
250001
91456
175607
91456
175607
126560
250001
91456
203547
91456
14523
91456
14523
91456
24196
126560
235172
72539
142179
87195
40924
42411
175607
62208
250001
91456
250001
91456
175607
119273
147503
91456
75489
126560
250001
91456
175607
126560
250001
63094
40924
91456
24196
91456
175607
87195
250001
72539
142179
65051
221546
42411
142179
65051
142179
72539
142179
72539
142179
44000
142179
72539
142179
72539
142179
72539
142179
72539
142179
72539
142179
72539
14523
72539
14523
72539
24196
72539
142179
250001
250001
72539
40924
42411
142179
62208
142179
72539
142179
72539
142179
72539
142179
72539
75489
72539
142179
72539
142179
72539
142179
63094
40924
72539
24196
72539
142179
72539
142179
250001
250001
65051
142179
42411
221546
42411
175607
42411
235172
42411
175607
42411
235172
42411
175607
42411
175607
42411
235172
42411
203547
42411
14523
42411
14523
42411
24196
42411
250001
42411
142179
42411
40924
91456
175607
42411
235172
42411
235172
42411
175607
42411
147503
42411
75489
42411
235172
42411
175607
42411
235172
42411
40924
42411
24196
42411
175607
42411
235172
42411
142179
42411
221546
65051
175607
65051
221546
44000
175607
65051
221546
65051
175607
65051
175607
65051
221546
65051
203547
65051
14523
65051
14523
65051
24196
65051
221546
65051
142179
65051
40924
42411
175607
62208
221546
65051
221546
65051
175607
65051
147503
65051
75489
65051
221546
65051
175607
65051
221546
63094
40924
65051
24196
65051
175607
65051
221546
65051
142179
250001
250001
91456
175607
44000
250001
250001
175607
149474
250001
149474
250001
91456
175607
149474
175607
250001
14523
250001
14523
241284
24196
91456
175607
72539
142179
87195
40924
42411
250001
62208
175607
250001
175607
220456
250001
91456
147503
220456
75489
91456
175607
127715
250001
91456
175607
63094
40924
123973
24196
149474
250001
87195
175607
72539
142179
65051
175607
44000
175607
91456
250001
91456
175607
91456
175607
177480
250001
91456
203547
91456
14523
91456
14523
91456
24196
168174
235172
72539
142179
87195
40924
42411
175607
62208
250001
91456
250001
91456
175607
119273
147503
91456
75489
177480
250001
91456
175607
145932
250001
63094
40924
91456
24196
91456
175607
87195
250001
72539
142179
65051
221546
44000
175607
44000
250001
44000
250001
44000
175607
44000
175607
44000
14523
44000
14523
44000
24196
44000
175607
44000
142179
44000
40924
42411
250001
44000
175607
44000
175607
44000
250001
44000
147503
44000
75489
44000
175607
44000
250001
44000
175607
44000
40924
44000
24196
44000
250001
44000
175607
44000
142179
44000
175607
149474
175607
149474
175607
91456
250001
149474
203547
250001
14523
250001
14523
241284
24196
91456
235172
72539
142179
87195
40924
42411
175607
62208
250001
250001
250001
220456
175607
91456
147503
220456
75489
91456
250001
127715
175607
91456
250001
63094
40924
123973
24196
149474
175607
87195
250001
72539
142179
65051
221546
208266
250001
91456
175607
208266
175607
149474
14523
149474
14523
149474
24196
91456
175607
72539
142179
87195
40924
42411
250001
62208
175607
149474
175607
149474
250001
91456
147503
149474
75489
91456
175607
127715
250001
91456
175607
63094
40924
123973
24196
208266
250001
87195
175607
72539
142179
65051
175607
91456
175607
250001
175607
149474
14523
149474
14523
149474
24196
91456
175607
72539
142179
87195
40924
42411
250001
62208
175607
149474
175607
149474
250001
91456
147503
149474
75489
91456
175607
127715
250001
91456
175607
63094
40924
123973
24196
250001
250001
87195
175607
72539
142179
65051
175607
91456
203547
91456
14523
91456
14523
91456
24196
168174
235172
72539
142179
87195
40924
42411
175607
62208
250001
91456
250001
91456
175607
119273
147503
91456
75489
187222
250001
91456
175607
145932
250001
63094
40924
91456
24196
91456
175607
87195
250001
72539
142179
65051
221546
149474
14523
149474
14523
149474
24196
91456
203547
72539
142179
87195
40924
42411
175607
62208
203547
149474
203547
149474
175607
91456
147503
149474
75489
91456
203547
127715
175607
91456
203547
63094
40924
123973
24196
250001
175607
87195
203547
72539
142179
65051
203547
250001
250001
241284
14523
91456
14523
72539
14523
87195
14523
42411
14523
62208
14523
250001
14523
220456
14523
91456
14523
220456
14523
91456
14523
127715
14523
91456
14523
63094
14523
123973
14523
149474
14523
87195
14523
72539
14523
65051
14523
241284
14523
91456
14523
72539
14523
87195
14523
42411
14523
62208
14523
250001
14523
220456
14523
91456
14523
220456
14523
91456
14523
127715
14523
91456
14523
63094
14523
123973
14523
149474
14523
87195
14523
72539
14523
65051
14523
91456
24196
72539
24196
87195
24196
42411
24196
62208
24196
241284
24196
220456
24196
91456
24196
220456
24196
91456
24196
127715
24196
91456
24196
63094
24196
123973
75489
149474
24196
87195
24196
72539
24196
65051
24196
72539
142179
87195
40924
42411
175607
62208
235172
91456
235172
91456
175607
119273
147503
91456
75489
168174
235172
91456
175607
145932
235172
63094
40924
91456
24196
91456
175607
87195
235172
72539
142179
65051
221546
72539
40924
42411
142179
62208
142179
72539
142179
72539
142179
72539
142179
72539
75489
72539
142179
72539
142179
72539
142179
63094
40924
72539
24196
72539
142179
72539
142179
250001
250001
65051
142179
42411
40924
62208
40924
87195
40924
87195
40924
87195
40924
87195
40924
87195
40924
87195
40924
87195
40924
63094
221546
87195
24196
87195
40924
91456
40924
72539
40924
65051
40924
42411
175607
42411
175607
42411
250001
42411
147503
42411
75489
42411
175607
42411
250001
42411
175607
42411
40924
42411
24196
42411
250001
42411
175607
42411
142179
42411
175607
62208
250001
62208
175607
62208
147503
62208
75489
62208
250001
62208
175607
62208
250001
62208
40924
62208
24196
62208
175607
62208
250001
62208
142179
62208
221546
220456
175607
91456
147503
220456
75489
91456
250001
127715
175607
91456
250001
63094
40924
123973
24196
149474
175607
87195
250001
72539
142179
65051
221546
91456
147503
250001
75489
91456
175607
127715
250001
91456
175607
63094
40924
123973
24196
149474
250001
87195
175607
72539
142179
65051
175607
91456
75489
119273
147503
91456
147503
119273
147503
63094
40924
91456
24196
91456
147503
87195
147503
72539
142179
65051
147503
91456
75489
127715
75489
91456
75489
63094
40924
123973
24196
149474
75489
87195
75489
72539
75489
65051
75489
91456
175607
145932
250001
63094
40924
91456
24196
91456
175607
87195
250001
72539
142179
65051
221546
91456
175607
63094
40924
123973
24196
127715
250001
87195
175607
72539
142179
65051
175607
63094
40924
91456
24196
91456
175607
87195
250001
72539
142179
65051
221546
63094
24196
63094
40924
63094
40924
63094
40924
63094
40924
123973
24196
87195
24196
72539
24196
65051
24196
87195
175607
72539
142179
65051
175607
72539
142179
65051
221546
65051
142179
