84529
108972
84529
108972
84529
108972
84529
108972
84529
108972
84529
108972
7037
176537
84529
108972
84529
108972
84529
108972
84529
108972
84529
108972
84529
108972
7037
108972
84529
108972
84529
108972
84529
108972
84529
107398
84529
108972
84529
108972
84529
108972
84529
108972
84529
108972
84529
108972
51045
107200
84529
108972
54416
108972
84529
108972
84529
108972
84529
108972
84529
108972
84529
108972
84529
108972
51045
108972
84529
107200
106051
171851
250001
147757
106051
171851
153305
167338
104073
162176
7037
108972
106051
162176
105352
162176
107362
183202
107403
167158
104073
150932
86364
177192
7037
183202
105829
151031
250001
183202
107362
151031
105859
107398
135284
151031
105829
150932
180086
162176
130900
177192
106051
150932
168486
151031
51045
107200
180086
183202
54416
111779
250001
162176
133775
183202
103002
177192
146764
177192
250001
150932
106051
151031
51045
151031
105829
107200
106051
147757
134859
185342
106051
167338
104073
162176
7037
108972
142971
162176
105352
162176
106051
171851
106051
167158
104073
150932
86364
171851
7037
171851
105829
151031
106051
171851
106051
151031
105859
107398
106051
151031
105829
150932
106051
162176
106051
171851
127304
150932
106051
151031
51045
107200
106051
171851
54416
111779
106051
162176
106051
171851
103002
171851
106051
171851
106051
150932
142971
151031
51045
151031
105829
107200
106051
147757
153305
147757
104073
147757
7037
108972
106051
147757
105352
147757
107362
147757
107403
147757
104073
147757
86364
147757
7037
147757
105829
147757
250001
147757
107362
147757
105859
107398
135284
147757
105829
147757
180086
147757
130900
147757
106051
147757
168486
147757
51045
107200
180086
147757
54416
111779
250001
147757
133775
147757
103002
147757
146764
147757
250001
147757
106051
147757
51045
147757
105829
107200
106051
167338
104073
162176
7037
108972
134859
162176
105352
162176
106051
171851
106051
167158
104073
150932
86364
171851
7037
171851
105829
151031
106051
171851
106051
151031
105859
107398
106051
151031
105829
150932
106051
162176
106051
171851
127304
150932
106051
151031
51045
107200
106051
171851
54416
111779
106051
162176
106051
171851
103002
171851
106051
171851
106051
150932
134859
151031
51045
151031
105829
107200
104073
162176
7037
108972
106051
162176
105352
162176
107362
167338
107403
167158
104073
150932
86364
167338
7037
167338
105829
151031
153305
167338
107362
151031
105859
107398
135284
151031
105829
150932
153305
162176
130900
167338
106051
150932
153305
151031
51045
107200
153305
167338
54416
111779
153305
162176
133775
167338
103002
167338
146764
167338
153305
150932
106051
151031
51045
151031
105829
107200
7037
108972
104073
163170
104073
163170
104073
162176
104073
162176
162824
150932
86364
162176
7037
162176
104073
151031
104073
162176
104073
151031
104073
107398
104073
151031
104073
150932
104073
163170
104073
162176
104073
150932
104073
151031
51045
107200
104073
162176
54416
111779
104073
163170
104073
162176
103002
162176
104073
162176
104073
150932
104073
151031
51045
151031
104073
107200
7037
108972
7037
108972
7037
108972
7037
108972
7037
108972
7037
108972
84529
108972
7037
108972
7037
108972
7037
108972
7037
107398
7037
108972
7037
108972
7037
108972
7037
108972
7037
108972
7037
108972
7037
107200
7037
108972
7037
108972
7037
108972
7037
108972
7037
108972
7037
108972
7037
108972
7037
108972
7037
108972
7037
107200
105352
169143
106051
162176
106051
162176
104073
150932
86364
162176
7037
162176
105829
151031
106051
162176
106051
151031
105859
107398
106051
151031
105829
150932
106051
167382
106051
162176
127304
150932
106051
151031
51045
107200
106051
162176
54416
111779
106051
167158
106051
162176
103002
162176
106051
162176
106051
150932
155548
151031
51045
151031
105829
107200
105352
162176
105352
162176
104073
150932
86364
162176
7037
162176
105352
151031
105352
162176
105352
151031
105352
107398
105352
151031
105352
150932
105352
167382
105352
162176
105352
150932
105352
151031
51045
107200
105352
162176
54416
111779
105352
167158
105352
162176
103002
162176
105352
162176
105352
150932
105352
151031
51045
151031
105352
107200
107362
167158
104073
150932
86364
177192
7037
200675
105829
151031
107362
190109
134859
151031
105859
107398
107362
151031
105829
150932
107362
162176
107362
177192
106051
150932
107362
151031
51045
107200
107362
198027
54416
111779
107362
162176
107362
190109
103002
177192
107362
177192
107362
150932
106051
151031
51045
151031
105829
107200
104073
150932
86364
167158
7037
167158
105829
151031
107403
167158
107362
151031
105859
107398
107403
151031
105829
150932
107403
162176
107403
167158
106051
150932
107403
151031
51045
107200
107403
167158
54416
111779
107403
162176
107403
167158
103002
167158
107403
167158
107403
150932
106051
151031
51045
151031
105829
107200
86364
150932
7037
150932
104073
150932
104073
150932
104073
150932
104073
107398
104073
150932
104073
151378
104073
150932
104073
150932
104073
151378
104073
150932
51045
107200
104073
150932
54416
111779
104073
150932
104073
150932
103002
150932
104073
150932
104073
151378
104073
150932
51045
150932
104073
107200
7037
177192
86364
151031
86364
177192
86364
151031
86364
107398
86364
151031
86364
150932
86364
162176
86364
250001
86364
150932
86364
151031
51045
107200
86364
177192
54416
111779
86364
162176
86364
177192
86364
241755
86364
213584
86364
150932
86364
151031
51045
151031
86364
107200
7037
151031
7037
190109
7037
151031
7037
107398
7037
151031
7037
150932
7037
162176
7037
177192
7037
150932
7037
151031
7037
107200
7037
198027
7037
111779
7037
162176
7037
190109
7037
177192
7037
177192
7037
150932
7037
151031
7037
151031
7037
107200
105829
151031
105829
152278
105829
107398
105829
152278
250001
150932
105829
151031
105829
151031
105829
150932
105829
151378
51045
107200
105829
151031
54416
111779
105829
151031
105829
151031
103002
151031
105829
151031
105829
150932
105829
152278
51045
186824
250001
107200
107362
151031
105859
107398
135284
151031
105829
150932
180086
162176
130900
177192
106051
150932
168486
151031
51045
107200
180086
190109
54416
111779
250001
162176
133775
190144
103002
177192
146764
177192
250001
150932
106051
151031
51045
151031
105829
107200
105859
107398
107362
191029
105829
150932
107362
151031
107362
151031
106051
150932
107362
151378
51045
107200
107362
151031
54416
111779
107362
151031
107362
151031
103002
151031
107362
151031
107362
150932
106051
189789
51045
152278
105829
107200
105859
107398
105829
107398
105859
107398
105859
107398
105859
107398
105859
107398
51045
107200
105859
107398
54416
107398
105859
107398
105859
107398
103002
107398
105859
107398
105859
107398
105859
107398
51045
107398
105829
107200
105829
150932
135284
151031
130900
151031
106051
150932
135284
151378
51045
107200
135284
151031
54416
111779
135284
151031
133775
151031
103002
151031
135284
151031
135284
150932
106051
189789
51045
152278
105829
107200
105829
150932
105829
150932
105829
181508
105829
150932
51045
107200
105829
150932
54416
111779
105829
150932
105829
150932
103002
150932
105829
150932
105829
181508
105829
150932
51045
150932
250001
107200
130900
162176
106051
150932
168486
151031
51045
107200
250001
162176
54416
111779
180086
167158
133775
162176
103002
162176
146764
162176
180086
150932
106051
151031
51045
151031
105829
107200
106051
150932
130900
151031
51045
107200
130900
177192
54416
111779
130900
162176
130900
177192
103002
241755
130900
213584
130900
150932
106051
151031
51045
151031
105829
107200
106051
150932
51045
107200
106051
150932
54416
111779
106051
150932
106051
150932
103002
150932
106051
150932
106051
189956
127304
150932
51045
150932
105829
107200
51045
107200
168486
151031
54416
111779
168486
151031
133775
151031
103002
151031
146764
151031
168486
150932
106051
151378
51045
151378
105829
107200
51045
107200
51045
107200
51045
107200
51045
107200
51045
107200
51045
107200
51045
107200
51045
107200
105352
107200
51045
108592
54416
111779
180086
162176
133775
190109
103002
177192
146764
177192
180086
150932
106051
151031
51045
151031
105829
107200
54416
111779
54416
111779
54416
111779
54416
111779
54416
111779
54416
111779
51045
111779
54416
107200
133775
162176
103002
162176
146764
162176
250001
150932
106051
151031
51045
151031
105829
107200
103002
177192
133775
177192
133775
150932
106051
151031
51045
151031
105829
107200
103002
213584
103002
150932
103002
151031
51045
151031
103002
107200
146764
150932
106051
151031
51045
151031
105829
107200
106051
150932
51045
150932
105829
107200
51045
152278
105829
107200
51045
107200
