203784
95830
130638
6551
130638
6551
8306
6551
45450
6551
130638
6551
250001
6551
13273
6551
120849
6551
48756
6551
142155
6551
250001
33544
250001
6551
250001
6551
48756
6551
125121
6551
250001
6551
250001
6551
8306
6551
101875
6551
48756
6551
130638
6551
250001
137852
250001
6551
45450
6551
45450
6551
250001
6551
250001
6551
161590
6551
8306
6551
203784
6551
37558
6551
250001
6551
142155
6551
93705
6551
8306
6551
13273
6551
130638
6551
130638
6551
8306
6551
45450
6551
130638
6551
203784
6551
13273
6551
120849
6551
48756
6551
142155
6551
203784
33544
203784
6551
203784
6551
48756
6551
125121
6551
203784
6551
203784
6551
8306
6551
101875
6551
48756
6551
130638
6551
203784
95830
203784
6551
45450
6551
45450
6551
203784
6551
203784
6551
161590
6551
8306
6551
250001
6551
37558
6551
203784
6551
142155
6551
93705
6551
8306
6551
13273
6551
130646
53136
8306
30320
45450
53136
250001
250001
130638
53136
13273
30700
120849
53136
48756
53136
130638
37085
130638
6551
130638
53136
130638
20556
48756
53136
125121
53136
130638
53136
130638
53136
8306
20556
101875
53136
48756
34428
242556
53136
130638
6551
130638
53136
45450
53136
45450
53136
130638
53136
130638
37085
130638
53136
8306
34501
130638
53136
37558
53136
130638
53136
130638
53136
93705
53136
8306
30320
13273
53136
8306
30320
45450
143500
130646
53136
130638
250001
13273
30700
120849
95830
48756
137852
130638
37085
130638
6551
130638
67139
130638
20556
48756
93473
125121
88593
130638
239801
130638
250001
8306
20556
101875
250001
48756
34428
130646
239801
130638
6551
130638
68045
45450
139567
45450
139567
130638
192756
130638
37085
130638
137852
8306
34501
130638
250001
37558
139567
130638
81102
130638
147621
93705
227762
8306
30320
13273
68905
8306
30320
8306
30320
8306
30320
8306
30320
8306
30320
8306
30320
8306
30320
8306
6551
8306
30320
8306
20556
8306
30320
8306
30320
8306
30320
8306
30320
42720
20556
8306
30320
8306
30320
8306
30320
8306
6551
8306
30320
8306
30320
8306
30320
8306
30320
8306
30320
8306
30320
19718
30320
8306
30320
8306
30320
8306
30320
8306
30320
8306
30320
19718
32137
8306
30320
45450
53136
45450
143500
13273
30700
45450
95830
45450
137852
45450
37085
45450
6551
45450
67139
45450
20556
45450
93473
45450
88593
45450
143500
45450
143500
8306
20556
45450
143500
45450
34428
45450
143500
45450
6551
45450
68045
125976
139567
250001
139567
45450
143500
45450
37085
45450
137852
8306
34501
45450
143500
37558
139567
45450
81102
45450
143500
45450
143500
8306
30320
13273
68905
130638
53136
13273
30700
120849
53136
48756
53136
130638
37085
130638
6551
130638
53136
130638
20556
48756
53136
125121
53136
130638
53136
130638
53136
8306
20556
101875
53136
48756
34428
242556
53136
130638
6551
130638
53136
45450
53136
45450
53136
130638
53136
130638
37085
130638
53136
8306
34501
130638
53136
37558
53136
130638
53136
130638
53136
93705
53136
8306
30320
13273
53136
13273
30700
120849
95830
48756
137852
142155
37085
250001
6551
250001
67139
250001
20556
48756
93473
125121
88593
250001
239801
250001
250001
8306
20556
101875
250001
48756
34428
130638
239801
250001
6551
250001
68045
45450
139567
45450
139567
250001
192756
250001
37085
161590
137852
8306
34501
203784
250001
37558
139567
250001
81102
142155
147621
93705
227762
8306
30320
13273
68905
13273
30700
13273
30700
13273
30700
13273
6551
13273
30700
13273
20556
13273
30700
13273
30700
13273
30700
13273
30700
8306
20556
13273
30700
13273
30700
13273
30700
13273
6551
13273
30700
13273
30700
13273
30700
13273
30700
13273
30700
13273
30700
8306
30700
13273
30700
13273
30700
13273
30700
13273
30700
13273
30700
8306
30320
48756
30700
48756
95830
120849
37085
120849
6551
120849
67139
120849
20556
48756
93473
120849
88593
120849
95830
120849
95830
8306
20556
101875
95830
48756
34428
120849
95830
120849
6551
120849
68045
45450
95830
45450
95830
120849
95830
120849
37085
120849
95830
8306
34501
120849
95830
37558
95830
120849
81102
120849
95830
93705
95830
8306
30320
13273
68905
48756
37085
48756
6551
48756
67139
48756
20556
101875
93473
48756
88593
48756
137852
48756
137852
8306
20556
48756
137852
250001
34428
48756
137852
48756
6551
48756
68045
45450
137852
45450
137852
48756
137852
48756
37085
48756
163259
8306
34501
48756
137852
37558
137852
48756
81102
48756
137852
48756
137852
8306
30320
13273
68905
142155
6551
142155
37085
142155
20556
48756
37085
125121
37085
142155
37085
142155
37085
8306
20556
101875
37085
48756
34428
130638
37085
142155
6551
142155
37085
45450
37085
45450
37085
142155
37085
142155
139567
142155
37085
8306
34501
142155
37085
37558
37085
142155
37085
250001
37085
93705
37085
8306
30320
13273
37085
250001
6551
250001
6551
48756
6551
125121
6551
250001
6551
250001
6551
8306
6551
101875
6551
48756
6551
130638
6551
250001
33544
250001
6551
45450
6551
45450
6551
250001
6551
250001
6551
161590
6551
8306
6551
203784
6551
37558
6551
250001
6551
142155
6551
93705
6551
8306
6551
13273
6551
250001
20556
48756
67139
125121
67139
250001
67139
250001
67139
8306
20556
101875
67139
48756
34428
130638
67139
250001
6551
250001
67139
45450
67139
45450
67139
250001
67139
250001
37085
161590
67139
8306
34501
203784
67139
37558
67139
250001
67139
142155
67139
93705
67139
8306
30320
13273
67139
48756
20556
125121
20556
250001
20556
250001
20556
8306
30700
101875
20556
48756
20556
130638
20556
250001
6551
250001
20556
45450
20556
45450
20556
250001
20556
250001
20556
161590
20556
8306
20556
203784
20556
37558
20556
250001
20556
142155
20556
93705
20556
8306
20556
13273
20556
48756
88593
48756
93473
48756
93473
8306
20556
48756
93473
101875
34428
48756
93473
48756
6551
48756
68045
45450
93473
45450
93473
48756
93473
48756
37085
48756
93473
8306
34501
48756
93473
37558
93473
48756
81102
48756
93473
48756
93473
8306
30320
13273
68905
125121
88593
125121
88593
8306
20556
101875
88593
48756
34428
125121
88593
125121
6551
125121
68045
45450
88593
45450
88593
125121
88593
125121
37085
125121
88593
8306
34501
125121
88593
37558
88593
125121
81102
125121
88593
93705
88593
8306
30320
13273
68905
250001
239801
8306
20556
101875
239801
48756
34428
130638
241031
250001
6551
250001
68045
45450
139567
45450
139567
250001
192756
250001
37085
161590
137852
8306
34501
203784
239801
37558
139567
250001
81102
142155
147621
93705
227762
8306
30320
13273
68905
8306
20556
101875
250001
48756
34428
130638
239801
250001
6551
250001
68045
45450
139567
45450
139567
250001
192756
250001
37085
161590
137852
8306
34501
203784
250001
37558
139567
250001
81102
142155
147621
93705
227762
8306
30320
13273
68905
8306
20556
8306
20556
8306
20556
8306
6551
8306
20556
8306
20556
8306
20556
8306
20556
8306
20556
8306
20556
19718
20556
8306
20556
8306
20556
8306
20556
8306
20556
8306
20556
19718
20556
8306
20556
48756
34428
101875
239801
101875
6551
101875
68045
45450
139567
45450
139567
101875
192756
101875
37085
101875
137852
8306
34501
101875
250001
37558
139567
101875
81102
101875
147621
93705
227762
8306
30320
13273
68905
48756
34428
48756
6551
48756
34428
45450
34428
45450
34428
48756
34428
48756
34428
48756
34428
8306
34428
48756
34428
37558
34428
48756
34428
48756
34428
48756
34428
8306
30320
13273
34428
130638
6551
130638
68045
45450
139567
45450
139567
130638
192756
130638
37085
130638
137852
8306
34501
130638
239801
37558
139567
130638
81102
130638
147621
93705
227762
8306
30320
13273
68905
250001
6551
45450
6551
45450
6551
250001
6551
250001
6551
161590
6551
8306
6551
203784
6551
37558
6551
250001
6551
142155
6551
93705
6551
8306
6551
13273
6551
45450
68045
45450
68045
250001
68045
250001
37085
161590
68045
8306
34501
203784
68045
37558
68045
250001
68045
142155
68045
93705
68045
8306
30320
13273
68045
125976
143500
45450
139567
45450
37085
45450
137852
8306
34501
45450
139567
37558
143500
45450
81102
45450
139567
45450
139567
8306
30320
13273
68905
45450
139567
45450
37085
45450
137852
8306
34501
45450
139567
37558
250001
45450
81102
45450
139567
45450
139567
8306
30320
13273
68905
250001
37085
161590
137852
8306
34501
203784
192756
37558
139567
250001
81102
142155
147621
93705
192756
8306
30320
13273
68905
161590
37085
8306
34501
203784
37085
37558
37085
250001
37085
142155
37085
93705
37085
8306
30320
13273
37085
8306
34501
161590
137852
37558
137852
161590
81102
142155
137852
93705
137852
8306
30320
13273
68905
8306
34501
8306
34501
8306
34501
8306
34501
8306
34501
91153
30320
8306
34501
37558
139567
203784
81102
142155
147621
93705
227762
8306
30320
13273
68905
37558
81102
37558
139567
37558
139567
8306
30320
13273
68905
142155
81102
93705
81102
8306
30320
13273
68905
93705
147621
8306
30320
13273
68905
8306
30320
13273
68905
8306
30320
