82088
47314
118348
47314
83722
47314
118348
250001
229734
47314
61824
47314
132733
47314
231212
46723
132733
47314
61824
250001
69546
250001
132733
47314
132733
47314
124239
38278
58012
47314
61824
47314
118348
47314
231212
38278
132733
47314
118348
46723
83722
47314
231212
47191
58012
38278
124290
47314
231212
51972
231212
47314
83722
47314
132733
47314
124239
52024
231212
47314
61824
47643
132733
47314
124290
47314
124290
47314
231212
47314
69546
47314
82088
250001
82088
250001
82088
47314
82088
250001
61824
250001
82088
250001
82088
46723
82088
250001
61824
47314
69546
47314
82088
250001
82088
250001
82088
38278
58012
250001
61824
79198
82088
175983
82088
38278
82088
250001
82088
46723
82088
250001
82088
47191
58012
38278
82088
250001
82088
47314
82088
63198
82088
250001
82088
250001
82088
47314
82088
250001
61824
47314
82088
250001
82088
250001
82088
250001
82088
63198
69546
79198
83722
250001
123219
47314
118348
250001
61824
250001
118348
250001
118348
46723
118348
250001
61824
47314
69546
47314
118348
250001
118348
250001
118348
38278
58012
250001
61824
79198
123219
175983
118348
38278
118348
250001
123219
46723
83722
250001
118348
47191
58012
38278
118348
250001
118348
47314
118348
63198
83722
250001
118348
250001
118348
47314
118348
250001
61824
47314
118348
250001
118348
250001
118348
250001
118348
63198
69546
79198
83722
47314
83722
250001
61824
250001
83722
250001
83722
46723
83722
250001
61824
47314
69546
47314
83722
250001
83722
250001
83722
38278
58012
250001
61824
79198
83722
175983
83722
38278
83722
250001
83722
46723
194862
250001
83722
47191
58012
38278
83722
250001
83722
47314
83722
63198
118348
250001
83722
250001
83722
47314
83722
250001
61824
47314
83722
250001
83722
250001
83722
250001
83722
63198
69546
79198
118348
47314
61824
47314
118348
47314
118348
46723
118348
47314
61824
250001
69546
250001
118348
47314
118348
47314
118348
38278
58012
47314
61824
47314
124239
47314
118348
38278
118348
47314
124290
46723
83722
47314
118348
47191
58012
38278
118348
47314
118348
51972
118348
47314
83722
47314
118348
47314
118348
52024
118348
47314
61824
47643
118348
47314
118348
47314
118348
47314
118348
47314
69546
47314
61824
250001
132733
250001
229734
46723
132733
250001
61824
47314
69546
47314
132733
250001
132733
250001
124239
38278
58012
250001
61824
79198
118348
175983
229734
38278
132733
250001
118348
46723
83722
250001
229734
47191
58012
38278
124290
250001
229734
47314
229734
63198
83722
250001
132733
250001
124239
47314
229734
250001
61824
47314
132733
250001
124290
250001
124290
250001
229734
63198
69546
79198
61824
250001
61824
46723
61824
250001
123219
47314
61824
47314
61824
250001
61824
250001
61824
38278
58012
250001
82088
79198
61824
175983
61824
38278
61824
250001
61824
46723
61824
250001
61824
47191
58012
38278
61824
250001
61824
47314
61824
63198
61824
250001
61824
250001
61824
47314
61824
250001
123219
47314
61824
250001
61824
250001
61824
250001
61824
63198
61824
79198
132733
46723
229734
250001
61824
47314
69546
47314
250001
250001
250001
250001
124239
38278
58012
250001
61824
79198
118348
175983
132733
38278
250001
250001
118348
46723
83722
250001
132733
47191
58012
38278
124290
250001
132733
47314
132733
63198
83722
250001
250001
250001
124239
47314
132733
250001
61824
47314
250001
250001
124290
250001
124290
250001
132733
63198
69546
79198
132733
46723
61824
46723
69546
46723
132733
46723
132733
46723
124239
38278
58012
46723
61824
46723
118348
46723
234851
38278
132733
46723
118348
47643
83722
46723
250001
46723
58012
38278
124290
46723
250001
46723
234851
46723
83722
46723
132733
46723
124239
46723
234851
46723
61824
46723
132733
46723
124290
46723
124290
46723
234851
46723
69546
46723
61824
47314
69546
47314
229734
250001
229734
250001
124239
38278
58012
250001
61824
79198
118348
175983
132733
38278
229734
250001
118348
46723
83722
250001
132733
47191
58012
38278
124290
250001
132733
47314
132733
63198
83722
250001
229734
250001
124239
47314
132733
250001
61824
47314
229734
250001
124290
250001
124290
250001
132733
63198
69546
79198
61824
250001
61824
47314
61824
47314
61824
38278
58012
47314
82088
47314
61824
47314
61824
38278
61824
47314
61824
46723
61824
47314
61824
47191
58012
38278
61824
47314
61824
51972
61824
47314
61824
47314
61824
47314
61824
52024
61824
47314
124290
47643
61824
47314
61824
47314
61824
47314
61824
47314
61824
47314
69546
47314
69546
47314
69546
38278
58012
47314
61824
47314
69546
47314
69546
38278
69546
47314
69546
46723
69546
47314
69546
47191
58012
38278
69546
47314
69546
51972
69546
47314
69546
47314
69546
47314
69546
52024
69546
47314
61824
47643
69546
47314
69546
47314
69546
47314
69546
47314
85378
47314
250001
250001
124239
38278
58012
250001
61824
79198
118348
175983
132733
38278
250001
250001
118348
46723
83722
250001
132733
47191
58012
38278
124290
250001
132733
47314
132733
63198
83722
250001
250001
250001
124239
47314
132733
250001
61824
47314
250001
250001
124290
250001
124290
250001
132733
63198
69546
79198
124239
38278
58012
250001
61824
79198
118348
175983
132733
38278
250001
250001
118348
46723
83722
250001
132733
47191
58012
38278
124290
250001
132733
47314
132733
63198
83722
250001
250001
250001
124239
47314
132733
250001
61824
47314
250001
250001
124290
250001
124290
250001
132733
63198
69546
79198
58012
38278
61824
38278
118348
38278
124239
46723
124239
38278
118348
38278
83722
38278
124239
38278
58012
47314
124239
38278
124239
38278
124239
38278
83722
38278
124239
38278
231212
38278
124239
38278
61824
38278
124239
38278
124239
38278
124239
38278
124239
38278
69546
38278
58012
79198
58012
175983
58012
38278
58012
250001
58012
46723
58012
250001
58012
47191
114858
38278
58012
250001
58012
47314
58012
63198
58012
250001
58012
250001
58012
47314
58012
250001
58012
47314
58012
250001
58012
250001
58012
250001
58012
63198
58012
79198
61824
79198
61824
38278
61824
79198
61824
46723
61824
79198
61824
47191
58012
38278
61824
79198
61824
47314
61824
63198
61824
79198
61824
79198
61824
47314
61824
79198
82088
47314
61824
79198
61824
79198
61824
79198
61824
63198
61824
250001
118348
38278
118348
175983
124239
46723
83722
175983
118348
47191
58012
38278
118348
175983
118348
47314
118348
63198
83722
175983
118348
175983
118348
47314
118348
175983
61824
47314
118348
175983
118348
175983
118348
175983
118348
63198
69546
79198
132733
38278
118348
38278
83722
38278
234851
38278
58012
46723
124290
38278
234851
38278
250001
38278
83722
38278
132733
38278
124239
38278
250001
38278
61824
38278
132733
38278
124290
38278
124290
38278
250001
38278
69546
38278
118348
46723
83722
250001
132733
47191
58012
38278
124290
250001
132733
47314
132733
63198
83722
250001
250001
250001
124239
47314
132733
250001
61824
47314
250001
250001
124290
250001
124290
250001
132733
63198
69546
79198
83722
46723
118348
46723
58012
38278
118348
46723
118348
46723
118348
46723
83722
46723
118348
46723
118348
46723
118348
46723
61824
46723
118348
46723
118348
46723
118348
46723
118348
46723
69546
46723
83722
47191
58012
38278
83722
250001
83722
47314
83722
63198
118348
250001
83722
250001
83722
47314
83722
250001
61824
47314
83722
250001
83722
250001
83722
250001
83722
63198
69546
79198
58012
38278
124290
47191
250001
47191
234851
47191
83722
47191
132733
47191
124239
47191
234851
47191
61824
47191
132733
47191
124290
47191
124290
47191
234851
47191
69546
47191
58012
38278
58012
38278
58012
38278
58012
38278
58012
38278
58012
38278
58012
38278
58012
38278
58012
38278
58012
38278
58012
38278
58012
38278
58012
38278
124290
47314
124290
63198
83722
250001
124290
250001
124239
47314
124290
250001
61824
47314
124290
250001
194862
250001
194862
250001
124290
63198
69546
79198
234851
47314
83722
47314
132733
47314
124239
51972
234851
47314
61824
47643
132733
47314
124290
47314
124290
47314
234851
47314
69546
47314
83722
63198
132733
63198
124239
47314
250001
63198
61824
47314
132733
63198
124290
63198
124290
63198
250001
76852
69546
63198
83722
250001
83722
47314
83722
250001
61824
47314
83722
250001
83722
250001
83722
250001
83722
63198
69546
79198
124239
47314
132733
250001
61824
47314
250001
250001
124290
250001
124290
250001
132733
63198
69546
79198
124239
47314
61824
47643
124239
47314
124239
47314
124239
47314
124239
47314
69546
47314
61824
47314
132733
250001
124290
250001
124290
250001
250001
63198
69546
79198
61824
47314
61824
47314
61824
47314
61824
47314
61824
47314
124290
250001
124290
250001
132733
63198
69546
79198
250001
250001
124290
63198
69546
79198
124290
63198
69546
79198
69546
63198
