9110
134993
250001
250001
9110
99757
9110
99757
9110
99757
9110
63502
9110
215539
9110
215539
9110
215539
9110
99757
9110
63502
250001
64976
9110
99757
9110
63502
9110
63502
9110
87184
9110
64976
9110
64976
9110
64976
9110
215539
9110
63502
9110
99757
9110
63502
9110
63502
9110
99757
9110
215539
9110
215539
9110
215539
9110
63502
9110
64976
9110
99757
9110
63502
9110
91056
9110
134993
250001
99757
58389
99757
250001
99757
250001
63502
105226
134993
250001
134993
250001
134993
250001
99757
23897
63502
9110
64976
250001
99757
250001
63502
250001
63502
250001
87184
250001
64976
250001
64976
250001
64976
250001
134993
250001
63502
250001
99757
250001
63502
250001
63502
250001
99757
250001
134993
166252
134993
250001
134993
250001
63502
250001
64976
250001
99757
16542
63502
250001
91056
9110
99757
9110
99757
9110
99757
9110
63502
9110
215539
9110
215539
9110
215539
9110
99757
9110
63502
250001
64976
9110
99757
9110
63502
9110
63502
9110
87184
9110
64976
9110
64976
9110
64976
9110
215539
9110
63502
9110
99757
9110
63502
9110
63502
9110
99757
9110
215539
9110
215539
9110
215539
9110
63502
9110
64976
9110
99757
9110
63502
9110
91056
58389
215166
250001
223674
250001
63502
105226
99757
250001
99757
250001
99757
250001
223674
23897
63502
9110
64976
250001
150087
250001
63502
250001
63502
250001
87184
250001
64976
250001
64976
250001
64976
250001
99757
250001
63502
250001
215166
250001
63502
250001
63502
250001
188796
250001
99757
166252
99757
250001
99757
250001
63502
250001
64976
250001
215166
16542
63502
250001
91056
58389
215166
58389
63502
58389
99757
58389
99757
58389
99757
58389
215166
23897
63502
9110
64976
58389
150087
58389
63502
58389
63502
58389
87184
58389
64976
58389
64976
58389
64976
58389
99757
58389
63502
58389
250001
58389
63502
58389
63502
58389
188796
58389
99757
58389
99757
58389
99757
58389
63502
58389
64976
58389
250001
16542
63502
58389
91056
250001
63502
105226
99757
250001
99757
250001
99757
250001
250001
23897
63502
9110
64976
250001
150087
250001
63502
250001
63502
250001
87184
250001
64976
250001
64976
250001
64976
250001
99757
250001
63502
250001
215166
250001
63502
250001
63502
250001
188796
250001
99757
166252
99757
250001
99757
250001
63502
250001
64976
250001
215166
16542
63502
250001
91056
105226
63502
250001
63502
250001
63502
250001
63502
23897
65120
9110
63502
250001
63502
250001
67359
250001
91435
250001
63502
250001
63502
250001
63502
250001
63502
250001
63502
250001
65120
250001
63502
250001
65120
250001
91435
250001
63502
250001
63502
166252
63502
250001
63502
250001
67359
250001
63502
250001
63502
16542
191634
250001
63502
105226
250001
105226
223674
105226
99757
23897
63502
9110
64976
105226
99757
105226
63502
105226
63502
105226
87184
105226
64976
105226
64976
105226
64976
105226
223674
105226
63502
105226
99757
105226
63502
105226
63502
105226
99757
105226
250001
105226
232998
105226
219084
105226
63502
105226
64976
105226
99757
16542
63502
105226
91056
250001
223674
250001
99757
23897
63502
9110
64976
250001
99757
250001
63502
250001
63502
250001
87184
250001
64976
250001
64976
250001
64976
250001
223674
250001
63502
250001
99757
250001
63502
250001
63502
250001
99757
250001
250001
166252
232998
250001
219084
250001
63502
250001
64976
250001
99757
16542
63502
250001
91056
250001
99757
23897
63502
23897
63502
9110
64976
9110
64976
250001
99757
250001
150087
250001
63502
250001
63502
250001
63502
250001
63502
250001
87184
250001
87184
250001
64976
250001
64976
250001
64976
250001
64976
250001
64976
250001
64976
250001
224184
250001
99757
250001
63502
250001
63502
250001
99757
250001
215166
250001
63502
250001
63502
250001
63502
250001
63502
250001
99757
250001
188796
250001
223674
250001
99757
166252
223674
166252
99757
250001
219084
250001
99757
250001
63502
250001
63502
250001
64976
250001
64976
250001
99757
250001
215166
16542
63502
16542
63502
250001
91056
250001
91056
9110
63502
23897
63502
23897
65120
23897
65120
23897
63502
23897
63502
23897
63502
23897
63502
23897
63502
23897
233912
23897
63502
23897
189210
23897
65120
23897
63502
23897
63502
23897
63502
23897
63502
23897
65120
23897
63502
23897
63502
16542
65120
23897
63502
9110
64976
9110
63502
9110
63502
9110
64976
9110
85575
9110
65817
9110
85575
9110
64976
9110
63502
9110
64976
9110
63502
9110
63502
9110
64976
9110
64976
9110
64976
9110
64976
9110
63502
9110
85575
9110
64976
9110
63502
9110
64976
250001
63502
250001
63502
250001
87184
250001
64976
250001
64976
250001
64976
250001
99757
250001
63502
250001
150087
250001
63502
250001
63502
250001
150087
250001
99757
166252
99757
250001
99757
250001
63502
250001
64976
250001
150087
16542
63502
250001
91056
250001
67359
250001
63502
250001
63502
250001
63502
250001
63502
250001
63502
250001
65120
250001
63502
250001
65120
250001
67359
250001
63502
250001
63502
166252
63502
250001
63502
250001
205994
250001
63502
250001
63502
16542
67359
250001
63502
250001
63502
250001
63502
250001
63502
250001
63502
250001
63502
250001
65120
250001
63502
250001
65120
250001
245262
250001
63502
250001
63502
166252
63502
250001
63502
250001
67359
250001
63502
250001
63502
16542
91435
250001
63502
250001
64976
250001
64976
250001
64976
250001
87184
250001
63502
250001
87184
250001
63502
250001
63502
250001
87184
250001
87184
166252
87184
250001
87184
250001
63502
250001
64976
250001
87184
16542
63502
250001
87184
250001
65817
250001
91643
250001
64976
250001
63502
250001
64976
250001
63502
250001
63502
250001
64976
250001
64976
166252
64976
250001
64976
250001
63502
250001
91643
250001
64976
16542
63502
250001
64976
250001
65817
250001
64976
250001
63502
250001
64976
250001
63502
250001
63502
250001
64976
250001
64976
166252
64976
250001
64976
250001
63502
250001
65817
250001
64976
16542
63502
250001
64976
250001
64976
250001
63502
250001
64976
250001
63502
250001
63502
250001
64976
250001
64976
166252
64976
250001
64976
250001
63502
250001
193504
250001
64976
16542
63502
250001
64976
250001
63502
250001
99757
250001
63502
250001
63502
250001
99757
250001
223674
166252
223674
250001
219084
250001
63502
250001
64976
250001
99757
16542
63502
250001
91056
250001
63502
250001
189210
250001
65120
250001
63502
250001
63502
166252
63502
250001
63502
250001
65120
250001
63502
250001
63502
16542
65120
250001
63502
250001
63502
250001
63502
250001
188796
250001
99757
166252
99757
250001
99757
250001
63502
250001
64976
250001
250001
16542
63502
250001
91056
250001
65120
250001
63502
250001
63502
166252
63502
250001
63502
250001
65120
250001
63502
250001
63502
16542
65120
250001
63502
250001
63502
250001
63502
166252
63502
250001
63502
250001
67359
250001
63502
250001
63502
16542
91435
250001
63502
250001
99757
166252
99757
250001
99757
250001
63502
250001
64976
250001
188796
16542
63502
250001
91056
166252
232998
250001
219084
250001
63502
250001
64976
250001
99757
16542
63502
250001
91056
166252
219084
166252
63502
166252
64976
166252
99757
16542
63502
166252
91056
250001
63502
250001
64976
250001
99757
16542
63502
250001
91056
250001
63502
250001
63502
16542
67359
250001
63502
250001
64976
16542
63502
250001
64976
16542
63502
250001
91056
16542
63502
