20303
83296
209292
19401
58962
83296
20303
19401
126725
83296
7219
83296
138334
19401
58962
83296
20303
83296
58962
83296
20303
83296
20303
83296
209292
83296
20303
83296
20303
83296
7219
83296
20303
19401
220096
83296
20303
74176
20303
83296
58962
83296
138334
83296
20303
83296
20303
74176
20303
83296
20303
83296
138334
157872
58962
83296
246885
83296
208994
83296
138334
19401
20303
83296
250001
83296
20303
19401
20303
87239
239001
19401
20303
87239
7219
87239
20303
19401
20303
87239
152829
250001
20303
119300
239001
250001
179291
250001
20303
87239
152829
87239
152829
250001
7219
87239
179291
19401
20303
87239
239001
74176
56986
87239
20303
87239
20303
87239
20408
87239
220096
74176
128717
87239
126725
119300
20303
83296
20303
87239
20303
87239
20303
87239
20303
19401
152829
87239
20303
87239
58962
19401
20303
87239
126725
19401
7219
19401
138334
250001
58962
19401
20303
19401
58962
19401
20303
19401
20303
19401
250001
19401
20303
19401
20303
19401
7219
19401
20303
87239
209292
19401
20303
19401
20303
19401
58962
19401
138334
19401
20303
19401
20303
19401
20303
19401
20303
19401
138334
19401
58962
19401
209292
19401
208994
19401
138334
250001
20303
19401
209292
19401
20303
19401
58962
139495
7219
128308
58962
19401
138334
139495
20303
87239
170553
87239
20303
87239
20303
87239
58962
139495
20303
139495
20303
87239
7219
139495
20303
19401
58962
139495
20303
74176
20303
139495
138334
139495
58962
139495
20303
139495
20303
74176
20303
139495
20303
87239
58962
83296
138334
128308
58962
128308
58962
139495
58962
19401
20303
139495
58962
139495
20303
19401
7219
19401
20303
87239
20303
19401
152829
19401
20303
19401
246885
19401
179291
19401
20303
19401
152829
19401
152829
19401
7219
19401
179291
250001
20303
19401
246885
19401
56986
19401
20303
19401
20303
19401
20408
19401
220096
19401
128717
19401
126725
19401
20303
19401
20303
19401
20303
19401
20303
19401
20303
87239
152829
19401
20303
19401
7219
128308
126725
19401
58962
142105
20303
87239
58962
87239
20303
87239
20303
87239
126725
142105
20303
142105
20303
87239
7219
142105
20303
19401
126725
142105
20303
74176
20303
142105
58962
142105
126725
142105
20303
142105
20303
74176
20303
142105
20303
87239
126725
83296
58962
128308
126725
128308
126725
142105
126725
19401
20303
142105
126725
250001
7219
19401
7219
128308
7219
87239
7219
87239
7219
87239
7219
87239
7219
128308
7219
128308
7219
87239
66439
128308
7219
19401
7219
128308
7219
74176
7219
128308
7219
128308
7219
128308
7219
128308
7219
74176
7219
128308
7219
87239
7219
83296
7219
250001
7219
250001
7219
128308
7219
19401
7219
128308
7219
128308
58962
19401
20303
19401
58962
19401
20303
19401
20303
19401
138334
19401
20303
19401
20303
19401
7219
19401
20303
87239
138334
19401
20303
19401
20303
19401
58962
19401
161036
19401
20303
19401
20303
19401
20303
19401
20303
19401
171580
19401
58962
19401
138334
19401
138334
19401
161036
250001
20303
19401
138334
19401
20303
87239
138334
87239
20303
87239
20303
87239
58962
250001
20303
250001
20303
87239
7219
250001
20303
19401
58962
250001
20303
74176
20303
216611
209292
250001
58962
250001
20303
250001
20303
74176
20303
218634
20303
87239
58962
83296
220096
128308
58962
128308
58962
250001
58962
19401
20303
151583
58962
142105
20303
119300
152829
250001
152829
250001
20303
87239
171368
87239
179291
250001
7219
87239
152829
19401
20303
87239
152829
74176
56986
87239
20303
87239
20303
87239
20408
87239
152829
74176
128717
87239
126725
119300
20303
83296
20303
87239
20303
87239
20303
87239
20303
19401
171368
87239
20303
87239
20303
119300
20303
119300
58962
87239
20303
87239
20303
119300
7219
87239
20303
19401
58962
87239
20303
74176
20303
87239
138334
87239
58962
87239
20303
87239
20303
74176
20303
87239
20303
206212
58962
83296
138334
87239
58962
87239
58962
87239
58962
19401
20303
87239
58962
87239
179291
250001
20303
87239
152829
87239
152829
250001
7219
87239
179291
19401
20303
87239
250001
74176
56986
87239
20303
87239
20303
87239
20408
87239
220096
74176
128717
87239
126725
119300
20303
83296
20303
87239
20303
87239
20303
87239
20303
19401
152829
87239
20303
87239
20303
87239
152829
87239
152829
250001
7219
87239
239001
19401
20303
87239
179291
74176
56986
87239
20303
87239
20303
87239
20408
87239
179291
74176
128717
87239
126725
119300
20303
83296
20303
87239
20303
87239
20303
87239
20303
19401
152829
87239
20303
87239
20303
250001
20303
87239
7219
250001
20303
19401
209292
250001
20303
74176
20303
216611
58962
250001
138334
250001
20303
250001
20303
74176
20303
218634
20303
87239
138334
83296
58962
128308
209292
128308
208994
250001
138334
19401
20303
151583
209292
142105
171368
87239
7219
250001
152829
19401
20303
250001
152829
74176
56986
216611
20303
250001
20303
250001
20408
250001
152829
74176
128717
218634
126725
87239
20303
83296
20303
128308
20303
128308
20303
250001
20303
19401
191628
151583
20303
142105
7219
87239
152829
19401
20303
87239
152829
74176
56986
87239
20303
87239
20303
87239
20408
87239
152829
74176
128717
87239
126725
119300
20303
83296
20303
87239
20303
87239
20303
87239
20303
19401
171368
87239
20303
87239
7219
19401
7219
250001
7219
74176
7219
216611
7219
250001
7219
250001
7219
250001
7219
74176
7219
218634
7219
87239
7219
83296
7219
128308
7219
128308
7219
250001
7219
19401
7219
151583
7219
142105
20303
19401
179291
19401
56986
19401
20303
19401
20303
19401
20408
19401
179291
19401
128717
19401
126725
19401
20303
19401
20303
19401
20303
19401
20303
19401
20303
87239
152829
19401
20303
19401
20303
74176
20303
216611
58962
250001
138334
250001
20303
250001
20303
74176
20303
218634
20303
87239
138334
83296
58962
128308
220096
128308
208994
250001
138334
19401
20303
151583
220096
142105
56986
74176
20303
74176
20303
74176
20408
74176
220096
139495
128717
74176
126725
74176
20303
74176
20303
74176
20303
74176
20303
74176
20303
19401
152829
74176
20303
74176
20303
216611
20303
216611
20408
216611
56986
74176
56986
216611
56986
87239
20303
83296
20303
128308
20303
128308
20303
216611
20303
19401
56986
151583
20303
142105
58962
250001
20303
250001
20303
74176
20303
218634
20303
87239
58962
83296
209292
128308
58962
128308
58962
250001
58962
19401
20303
151583
58962
142105
20303
250001
20303
74176
20303
218634
20303
87239
161036
83296
58962
128308
138334
128308
138334
250001
209292
19401
20303
151583
138334
142105
20408
74176
20408
218634
20408
87239
20303
83296
20303
128308
20303
128308
20303
250001
20303
19401
20408
151583
20303
142105
128717
74176
126725
74176
20303
74176
20303
74176
20303
74176
20303
74176
20303
19401
152829
74176
20303
74176
126725
87239
20303
83296
20303
128308
20303
128308
20303
218634
20303
19401
128717
151583
20303
142105
20303
83296
20303
87239
20303
87239
20303
87239
20303
19401
126725
87239
20303
87239
58962
83296
138334
83296
138334
83296
161036
19401
20303
83296
138334
83296
58962
250001
58962
128308
58962
19401
20303
128308
58962
128308
208994
128308
138334
19401
20303
128308
246885
128308
138334
19401
20303
151583
208994
142105
20303
19401
138334
19401
20303
142105
