250001
136172
250001
90610
14237
90610
14237
90610
38856
90610
250001
90610
14237
85670
250001
90610
38856
90610
80485
49036
38856
90610
120436
3754
250001
90610
132907
90610
245197
90610
38856
90610
38856
136172
38856
90610
132907
90610
245197
90610
132907
90610
38856
90610
132907
3754
245743
90610
245197
90610
38856
90610
250001
90610
120436
49036
245743
90610
250001
90610
172919
90610
38856
90610
38856
90610
250001
90610
250001
90610
14237
90610
14237
90610
38856
90610
250001
90610
14237
85670
250001
90610
38856
90610
80485
49036
38856
90610
120436
3754
250001
90610
132907
90610
245197
90610
38856
90610
38856
161529
38856
90610
132907
90610
245197
90610
132907
90610
38856
90610
132907
3754
245743
90610
245197
90610
38856
90610
250001
90610
120436
49036
245743
90610
250001
90610
172919
90610
38856
90610
38856
90610
250001
90610
14237
136172
14237
136172
38856
136172
250001
234898
14237
85670
250001
101632
38856
136172
80485
49036
38856
136172
120436
3754
250001
234898
132907
136172
245197
222070
38856
136172
38856
90610
38856
136172
132907
234898
245197
234898
132907
136172
38856
136172
132907
3754
245743
234898
245197
216761
38856
136172
250001
234898
120436
49036
245743
120861
250001
234898
172919
234898
38856
136172
38856
136172
250001
234898
38856
161529
14237
161529
14237
136172
38856
85670
14237
101632
14237
161529
14237
49036
14237
161529
14237
3754
14237
136172
14237
180277
14237
136172
14237
161529
14237
90610
14237
161529
14237
136172
14237
136172
14237
161529
14237
161529
14237
3754
14237
136172
14237
136172
14237
180277
14237
136172
14237
49036
14237
120861
14237
136172
14237
136172
14237
161529
14237
161529
14237
136172
14237
180277
14237
136172
80485
85670
14237
101632
14237
180277
14237
49036
14237
180277
14237
3754
14237
136172
14237
161529
14237
136172
14237
180277
14237
90610
14237
180277
14237
136172
14237
136172
14237
180277
14237
180277
14237
3754
14237
136172
14237
136172
14237
161529
14237
136172
14237
49036
14237
120861
14237
136172
14237
136172
14237
180277
14237
180277
14237
136172
38856
136172
14237
85670
38856
101632
141488
250001
38856
49036
156489
250001
38856
3754
38856
136172
38856
161529
38856
136172
61578
184715
61578
90610
144076
219659
38856
136172
38856
136172
38856
184715
142917
250001
38856
3754
38856
136172
38856
136172
61578
161529
38856
136172
38856
49036
38856
120861
38856
136172
38856
136172
250001
250001
61578
184715
38856
136172
14237
85670
250001
101632
38856
136172
80485
49036
38856
136172
120436
3754
250001
250001
132907
136172
245197
222070
38856
136172
38856
90610
38856
136172
132907
250001
245197
250001
132907
136172
38856
136172
132907
3754
245743
250001
245197
216761
38856
136172
250001
250001
120436
49036
245743
120861
250001
250001
172919
250001
38856
136172
38856
136172
250001
250001
14237
85670
14237
85670
14237
49036
14237
85670
14237
3754
14237
85670
14237
85670
14237
85670
14237
85670
14237
85670
14237
85670
14237
85670
14237
85670
14237
85670
14237
85670
14237
3754
14237
85670
14237
85670
14237
85670
14237
85670
14237
49036
14237
85670
14237
85670
14237
85670
14237
85670
14237
85670
14237
85670
38856
101632
80485
49036
38856
101632
120436
3754
250001
101632
132907
101632
245197
101632
38856
101632
38856
90610
38856
101632
132907
101632
245197
101632
132907
101632
38856
101632
132907
3754
245743
101632
245197
101632
38856
101632
250001
101632
120436
49036
245743
101632
250001
101632
172919
101632
38856
101632
38856
101632
250001
101632
38856
49036
141488
250001
38856
3754
38856
136172
38856
161529
38856
136172
61578
184715
61578
90610
141488
219659
38856
136172
38856
136172
38856
184715
141488
250001
38856
3754
38856
136172
38856
136172
61578
161529
38856
136172
38856
49036
38856
120861
38856
136172
38856
136172
141488
250001
61578
184715
38856
136172
38856
49036
80485
3754
80485
49036
80485
49036
80485
49036
38856
49036
38856
49036
38856
49036
80485
49036
80485
49036
80485
49036
38856
49036
80485
3754
80485
49036
80485
49036
38856
49036
80485
49036
80485
90610
80485
49036
80485
49036
80485
49036
38856
49036
38856
49036
80485
49036
38856
3754
38856
136172
38856
161529
38856
136172
61578
184715
61578
90610
144076
219659
38856
136172
38856
136172
38856
184715
142917
250001
38856
3754
38856
136172
38856
136172
61578
161529
38856
136172
38856
49036
38856
120861
38856
136172
38856
136172
156489
250001
61578
184715
38856
136172
120436
3754
120436
3754
120436
3754
38856
3754
38856
3754
38856
3754
120436
3754
120436
3754
120436
3754
38856
3754
120436
85670
120436
3754
120436
3754
38856
3754
120436
3754
142104
3754
120436
3754
120436
3754
120436
3754
38856
3754
38856
3754
120436
3754
132907
136172
245197
222070
38856
136172
38856
90610
38856
136172
132907
250001
245197
250001
132907
136172
38856
136172
132907
3754
245743
250001
245197
216761
38856
136172
250001
250001
120436
49036
245743
120861
250001
250001
172919
250001
38856
136172
38856
136172
250001
250001
132907
136172
38856
161529
38856
90610
38856
161529
141488
136172
132907
136172
182658
161529
38856
161529
142104
3754
132907
136172
132907
136172
38856
183876
132907
136172
120436
49036
132907
120861
132907
136172
132907
136172
38856
161529
38856
161529
132907
136172
38856
136172
38856
90610
38856
136172
132907
222070
247501
222070
132907
136172
38856
136172
132907
3754
245197
222070
247501
216761
38856
136172
245197
222070
120436
49036
245197
120861
245197
222070
172919
222070
38856
136172
38856
136172
245197
222070
141488
90610
61578
184715
38856
136172
38856
136172
38856
250001
61578
184715
38856
3754
38856
136172
38856
136172
80485
161529
38856
136172
38856
49036
38856
120861
38856
136172
38856
136172
61578
184715
80485
250001
38856
136172
61578
90610
38856
90610
38856
90610
38856
90610
61578
90610
38856
3754
38856
90610
38856
90610
80485
90610
38856
90610
38856
49036
38856
90610
38856
90610
38856
90610
61578
90610
80485
90610
38856
90610
38856
136172
38856
136172
38856
184715
142917
219659
38856
3754
38856
136172
38856
136172
61578
161529
38856
136172
38856
49036
38856
120861
38856
136172
38856
136172
144076
219659
61578
184715
38856
136172
132907
250001
141488
136172
38856
136172
141488
3754
132907
250001
132907
216761
38856
136172
132907
250001
120436
49036
132907
120861
132907
250001
132907
250001
38856
136172
38856
136172
132907
250001
132907
136172
38856
136172
132907
3754
245197
250001
250001
216761
38856
136172
245197
250001
120436
49036
245197
120861
245197
250001
172919
250001
38856
136172
38856
136172
245197
250001
38856
184715
142104
3754
132907
136172
132907
136172
38856
161529
132907
136172
120436
49036
132907
120861
132907
136172
132907
136172
38856
184715
38856
250001
132907
136172
38856
3754
38856
136172
38856
136172
61578
161529
38856
136172
38856
49036
38856
120861
38856
136172
38856
136172
142917
250001
61578
184715
38856
136172
132907
3754
132907
3754
38856
3754
132907
3754
120436
3754
132907
3754
132907
3754
132907
3754
38856
3754
38856
3754
132907
3754
245197
216761
38856
136172
245743
250001
120436
49036
250001
120861
245743
250001
172919
250001
38856
136172
38856
136172
245743
250001
38856
136172
245197
216761
120436
49036
245197
120861
245197
216761
172919
216761
38856
136172
38856
136172
245197
216761
38856
136172
38856
49036
38856
120861
38856
136172
38856
136172
61578
161529
138385
161529
38856
136172
120436
49036
245743
120861
250001
250001
172919
250001
38856
136172
38856
136172
250001
250001
120436
49036
120436
49036
120436
49036
38856
49036
38856
49036
120436
49036
245743
120861
172919
120861
38856
120861
38856
120861
245743
120861
172919
250001
38856
136172
38856
136172
250001
250001
38856
136172
38856
136172
172919
250001
61578
184715
38856
136172
38856
136172
