12256
9113
12256
9113
51519
9148
51519
9113
51519
9148
12256
9113
51519
9113
12256
9113
51519
9113
35114
9113
12256
9113
51519
12053
12256
9113
12256
9113
51519
9148
12256
9113
38323
9148
51519
9148
12256
9113
38806
9113
51519
9148
51519
9113
12256
9113
12256
9113
12256
9113
38323
9113
38323
9148
22689
9148
23600
9148
12256
9113
22689
9113
51519
9148
12256
9113
51519
9113
12256
9113
22689
192401
12256
9113
12256
193797
12256
9113
43905
108626
12256
9568
211010
160468
12256
9568
12256
9568
250001
193797
12256
9113
250001
9148
132083
155978
12256
9113
23410
9148
12256
9113
12256
9113
23410
86305
12256
9568
12256
9113
12256
9568
90637
192401
211010
193797
38375
86305
12256
9568
12256
9113
12256
9113
12256
9113
105026
191265
12256
9568
12256
9113
250001
110324
12256
9568
250001
97217
12256
9113
12256
192401
12256
9113
22689
108626
12256
9568
22689
160468
12256
9568
12256
9568
22689
192401
12256
9113
22689
9148
22689
155978
12256
9113
22689
9148
12256
9113
12256
9113
22689
86305
12256
9568
12256
9113
12256
9568
22689
250001
22689
192401
22689
86305
12256
9568
12256
9113
12256
9113
12256
9113
22689
191265
12256
9568
12256
9113
22689
110324
12256
9568
22689
97217
73800
9113
88324
54664
12256
9113
73800
9113
12256
9113
73859
9113
35114
9113
12256
9113
71752
9148
12256
9113
12256
9113
88324
54664
12256
9113
38323
247814
88324
28174
12256
9113
38806
9113
88324
56385
88324
9113
12256
9113
12256
9113
12256
9113
38323
9113
38323
247814
22689
28174
23600
196257
12256
9113
22689
9113
88324
108626
12256
9113
88324
9113
12256
9113
73800
9113
12256
108626
126127
9568
12256
160468
73800
9568
35114
9568
12256
250001
71752
9113
12256
9148
12256
155978
73800
9113
12256
9148
38323
9113
73800
9113
12256
86305
38806
9568
73800
9113
73800
9568
12256
192401
12256
250001
12256
86305
38323
9568
38323
9113
22689
9113
23600
9113
12256
191265
22689
9568
73800
9113
12256
110324
73800
9568
12256
97217
12256
9113
73800
9113
12256
9113
73859
9113
35114
9113
12256
9113
71752
9148
12256
9113
12256
9113
105026
182481
12256
9113
38323
54664
192422
28174
12256
9113
38806
9113
213716
54664
192422
9113
12256
9113
12256
9113
12256
9113
38323
9113
38323
54664
22689
28174
23600
54664
12256
9113
22689
9113
105026
54664
12256
9113
250001
9113
12256
9113
12256
9568
43905
108626
12256
9568
12256
9568
43905
108626
12256
9113
43905
9148
43905
108626
12256
9113
23410
9148
12256
9113
12256
9113
23410
86305
12256
9568
12256
9113
12256
9568
43905
108626
43905
108626
38375
86305
12256
9568
12256
9113
12256
9113
12256
9113
43905
108626
12256
9568
12256
9113
43905
108626
12256
9568
43905
97217
12256
9568
73800
11470
35114
11470
12256
9568
71752
9113
12256
9148
12256
9568
73800
9113
12256
9148
38323
9113
73800
9113
12256
9568
38806
65462
73800
9113
73800
11470
12256
9568
12256
9568
12256
9568
38323
11470
38323
9113
22689
9113
23600
9113
12256
9568
22689
11470
73800
9113
12256
9568
73800
11470
12256
9568
12256
9568
12256
9568
211010
160468
12256
9113
211010
9148
132083
155978
12256
9113
23410
9148
12256
9113
12256
9113
23410
86305
12256
9568
12256
9113
12256
9568
90637
160468
250001
160468
38375
86305
12256
9568
12256
9113
12256
9113
12256
9113
105026
160468
12256
9568
12256
9113
211010
110324
12256
9568
211010
97217
35114
88989
12256
9568
71752
9113
12256
9148
12256
9568
73859
9113
12256
9148
38323
9113
73859
9113
12256
9568
38806
11470
73859
9113
73859
70481
12256
9568
12256
9568
12256
9568
38323
70481
38323
9113
22689
9113
23600
9113
12256
9568
22689
192737
73859
9113
12256
9568
73859
54664
12256
9568
12256
9568
35114
9113
12256
9148
12256
9568
35114
9113
12256
9148
35114
9113
35114
9113
12256
9568
35114
11470
35114
9113
35114
70481
12256
9568
12256
9568
12256
9568
35114
70481
35114
9113
22689
9113
23600
9113
12256
9568
22689
88989
35114
9113
12256
9568
35114
54664
12256
9568
12256
9113
250001
9148
132083
155978
12256
9113
23410
9148
12256
9113
12256
9113
23410
86305
12256
9568
12256
9113
12256
9568
90637
192401
211010
250001
38375
86305
12256
9568
12256
9113
12256
9113
12256
9113
105026
191265
12256
9568
12256
9113
250001
110324
12256
9568
250001
97217
12256
9113
12256
9113
71752
9148
12256
9113
38323
9148
71752
9148
12256
9113
38806
9113
71752
9148
71752
9113
12256
9113
12256
9113
12256
9113
38323
9113
38323
9148
22689
9148
23600
9148
12256
9113
22689
9113
71752
9148
12256
9113
71752
9113
12256
9113
132083
9148
12256
9113
23410
12053
12256
9113
12256
9113
23410
9148
12256
9148
12256
9113
12256
9148
90637
9148
211010
9148
38375
9148
12256
9148
12256
9113
12256
9113
12256
9113
105026
9148
12256
9148
12256
9113
250001
9148
12256
9148
250001
9148
12256
9113
23410
9148
12256
9113
12256
9113
23410
86305
12256
9568
12256
9113
12256
9568
90637
155978
132083
155978
38375
86305
12256
9568
12256
9113
12256
9113
12256
9113
105026
155978
12256
9568
12256
9113
132083
110324
12256
9568
132083
97217
12256
9113
38323
54664
105026
28174
12256
9113
38806
9113
105026
54664
105026
9113
12256
9113
12256
9113
12256
9113
38323
9113
38323
54664
22689
28174
23600
54664
12256
9113
22689
9113
192422
54664
12256
9113
105026
9113
12256
9113
12256
9113
12256
9113
121396
9148
12256
9148
12256
9113
12256
9148
23410
9148
23410
9148
23410
9148
12256
9148
12256
9113
12256
9113
12256
9113
23410
9148
12256
9148
12256
9113
23410
9148
12256
9148
23410
9148
38323
28174
12256
9113
38323
9113
38323
56385
38323
9113
12256
9113
12256
9113
12256
9113
38375
9113
38375
250001
22689
28174
23600
196257
12256
9113
22689
9113
38323
108626
12256
9113
38323
9113
12256
9113
12256
9113
38806
9113
192422
28174
250001
9113
12256
9113
12256
9113
12256
9113
38323
9113
38323
28174
22689
162440
23600
28174
12256
9113
22689
9113
105026
28174
12256
9113
192422
9113
12256
9113
12256
9568
12256
9113
12256
9568
23410
86305
23410
86305
23410
86407
12256
9568
12256
9113
12256
9113
12256
9113
23410
86305
12256
9568
12256
9113
23410
86305
12256
9568
23410
86305
38806
9113
38806
11470
12256
9568
12256
9568
12256
9568
38323
11470
38323
9113
22689
9113
23600
9113
12256
9568
22689
11470
38806
9113
12256
9568
38806
11470
12256
9568
192422
9113
12256
9113
12256
9113
12256
9113
38323
9113
38323
56385
22689
28174
23600
56385
12256
9113
22689
9113
105026
56385
12256
9113
213716
9113
12256
9113
12256
9568
12256
9568
12256
9568
38323
115070
38323
9113
22689
9113
23600
9113
12256
9568
22689
70481
105026
9113
12256
9568
192422
54664
12256
9568
90637
192401
38375
86305
12256
9568
12256
9113
12256
9113
12256
9113
90637
191265
12256
9568
12256
9113
90637
110324
12256
9568
90637
97217
38375
86305
12256
9568
12256
9113
12256
9113
12256
9113
105026
191265
12256
9568
12256
9113
211010
110324
12256
9568
211010
97217
12256
9568
12256
9113
12256
9113
12256
9113
38375
86305
12256
9568
12256
9113
38375
86305
12256
9568
38375
86305
43905
9113
22689
9113
23600
9113
12256
9568
22689
70481
38323
9113
12256
9568
38323
54664
12256
9568
22689
28174
23600
196257
12256
9113
22689
9113
38323
108626
12256
9113
38323
9113
12256
9113
22689
28174
12256
9113
38820
9113
22689
28174
12256
9113
22689
9113
12256
9113
12256
9113
22689
9113
23600
108626
12256
9113
23600
9113
12256
9113
12256
9568
12256
9113
105026
110324
12256
9568
105026
97217
22689
9113
12256
9568
22689
54664
12256
9568
12256
9113
105026
9113
12256
9113
12256
9568
250001
97217
12256
9568
