9058
105359
33124
69546
98808
20717
9058
105359
129538
51800
106154
80231
9058
81162
9058
74720
9058
105359
148249
44105
103720
105359
33124
44105
9058
81162
33124
44105
148249
32373
9058
44105
8177
20717
148249
81162
33124
32763
9058
81166
33124
80231
9058
93631
148249
245757
98808
20717
9058
105359
33124
69546
33124
70825
9058
105359
9058
93631
9058
105359
148249
81162
148249
105359
8177
51800
33124
51800
33124
80231
33124
32763
9058
44105
9058
69546
9058
20717
12439
250001
9058
51800
9058
80231
12439
81162
250001
74720
12439
163076
9058
44105
9058
200538
9058
44105
12439
81162
9058
44105
9058
32373
12439
44105
8177
20717
9058
81162
9058
32763
12439
81166
9058
80231
12439
93631
9058
105359
9058
20717
12439
250001
9058
69546
9058
70825
12439
163076
12439
93631
12439
250001
9058
81162
9058
194895
8177
51800
9058
51800
9058
80231
9058
32763
12439
44105
33124
20717
9058
69546
33124
51800
33124
69546
9058
69546
9058
69546
9058
69546
33124
44105
33124
69546
183384
44105
9058
69546
129538
44105
33124
32373
9058
44105
8177
20717
33124
69546
183384
32763
9058
69546
183384
69546
9058
69546
33124
69546
33124
20717
9058
69546
115461
243722
183384
69546
9058
69546
9058
69546
9058
69546
33124
69546
33124
69546
8177
51800
183384
51800
183384
69546
183384
32763
9058
44105
9058
20717
98808
20717
98808
20717
9058
20717
9058
20717
9058
20717
98808
20717
98808
20717
33124
20717
9058
20717
33124
20717
98808
20717
9058
20717
8177
81162
98808
20717
33124
20717
9058
20717
33124
20717
9058
20717
98808
20717
115461
81162
9058
20717
33124
20717
33124
20717
9058
20717
9058
20717
9058
20717
98808
20717
98808
20717
8177
20717
33124
20717
33124
20717
33124
20717
9058
20717
9058
51800
9058
80231
183839
81162
12439
74720
106154
163076
9058
44105
9058
200538
9058
44105
106154
81162
9058
44105
9058
32373
183839
44105
8177
20717
9058
81162
9058
32763
105377
81166
9058
80231
193009
93631
9058
105359
9058
20717
183839
250001
9058
69546
9058
70825
183839
163076
183839
93631
183839
250001
9058
81162
9058
194895
8177
51800
9058
51800
9058
80231
9058
32763
103720
44105
106154
51800
9058
51800
9058
51800
9058
51800
129538
44105
103720
51800
33124
44105
9058
51800
33124
44105
129538
32373
9058
44105
8177
20717
129538
51800
33124
32763
9058
51800
33124
51800
9058
51800
129538
51800
98808
20717
9058
51800
33124
51800
33124
51800
9058
51800
9058
51800
9058
51800
129538
51800
129538
51800
8177
80231
33124
74720
33124
51800
33124
32763
9058
44105
9058
80231
9058
74720
9058
80231
106154
44105
103720
80231
33124
44105
9058
80231
33124
44105
106154
32373
9058
44105
8177
20717
106154
80231
33124
32763
9058
80231
33124
81162
9058
80231
106154
80231
98808
20717
9058
80231
33124
69546
33124
70825
9058
80231
9058
80231
9058
80231
106154
80231
106154
80231
8177
51800
33124
51800
33124
90867
33124
32763
9058
44105
12439
74720
106154
81162
9058
44105
9058
81162
9058
44105
106154
163076
9058
44105
9058
32373
250001
44105
8177
20717
9058
105359
9058
32763
105377
81162
9058
80231
183839
81162
9058
81162
9058
20717
250001
81162
9058
69546
9058
70825
250001
81162
190030
81162
250001
81162
9058
117644
9058
81162
8177
51800
9058
51800
9058
80231
9058
32763
103720
44105
12439
74720
9058
44105
9058
74720
9058
44105
12439
74720
9058
44105
9058
32373
12439
44105
8177
20717
9058
74720
9058
32763
12439
74720
9058
74720
12439
74720
9058
74720
9058
20717
12439
74720
9058
69546
9058
70825
12439
74720
12439
74720
12439
74720
9058
74720
9058
74720
8177
51800
9058
51800
9058
74720
9058
32763
12439
44105
9058
44105
9058
163076
9058
44105
216222
81162
9058
44105
9058
32373
106154
44105
8177
20717
9058
81162
9058
32763
105377
81166
9058
80231
106154
93631
9058
105359
9058
20717
106154
163076
9058
69546
9058
70825
106154
235109
106154
93631
106154
163076
9058
81162
9058
163076
8177
51800
9058
51800
9058
80231
9058
32763
103720
44105
103720
44105
33124
80231
9058
44105
33124
80231
183354
32373
9058
163076
8177
20717
190030
44105
33124
32763
9058
44105
33124
44105
9058
44105
183384
44105
98808
20717
9058
44105
33124
44105
33124
44105
9058
44105
9058
44105
9058
44105
183384
44105
183384
44105
8177
44105
33124
44105
33124
44105
33124
32763
9058
235109
33124
44105
9058
81162
33124
44105
103720
32373
9058
44105
8177
20717
103720
81162
33124
32763
9058
81166
33124
80231
9058
93631
103720
105359
98808
20717
9058
200538
33124
69546
33124
70825
9058
163076
9058
93631
9058
200538
103720
81162
103720
194895
8177
51800
33124
51800
33124
80231
33124
32763
9058
44105
9058
44105
129538
129090
33124
32373
9058
80231
8177
20717
33124
44105
183839
32763
9058
44105
183839
44105
9058
44105
33124
44105
33124
20717
9058
44105
115461
44105
183839
44105
9058
44105
9058
44105
9058
44105
33124
44105
33124
44105
8177
44105
183839
44105
183839
44105
183839
32763
9058
80231
9058
44105
9058
32373
106154
44105
8177
20717
9058
105359
9058
32763
105377
81162
9058
80231
106154
81162
9058
81162
9058
20717
106154
81162
9058
69546
9058
70825
106154
81162
106154
81162
106154
81162
9058
117644
9058
81162
8177
51800
9058
51800
9058
80231
9058
32763
103720
44105
33124
32373
9058
80231
8177
20717
33124
44105
129538
32763
9058
44105
129538
44105
9058
44105
33124
44105
33124
20717
9058
44105
115461
44105
129538
44105
9058
44105
9058
44105
9058
44105
33124
44105
33124
44105
8177
44105
129538
44105
129538
44105
129538
32763
9058
80231
9058
32373
8177
20717
183354
32373
33124
32373
9058
32373
33124
32373
9058
32373
183354
32373
98808
20717
9058
32373
33124
32373
33124
32373
9058
32373
9058
32373
9058
32373
183354
32373
183354
32373
8177
32373
33124
32373
33124
32373
33124
32373
9058
32373
8177
20717
9058
44105
9058
32763
105377
44105
9058
44105
183839
44105
9058
44105
9058
20717
250001
44105
9058
44105
9058
44105
250001
44105
190030
44105
250001
44105
9058
44105
9058
44105
8177
44105
9058
44105
9058
44105
9058
32763
103720
163076
8177
20717
8177
20717
8177
20717
8177
20717
8177
20717
8177
20717
8177
250001
8177
20717
8177
20717
8177
20717
8177
20717
8177
20717
8177
20717
8177
20717
8177
20717
98808
20717
8177
20717
8177
20717
8177
20717
8177
20717
33124
32763
9058
81162
33124
80231
9058
81162
183384
81162
98808
20717
9058
81162
33124
69546
33124
70825
9058
81162
9058
81162
9058
81162
183384
105359
183384
81162
8177
51800
33124
51800
33124
80231
33124
32763
9058
44105
9058
32763
190030
32763
9058
32763
33124
32763
33124
20717
9058
32763
115461
32763
184552
32763
9058
32763
9058
32763
9058
32763
33124
32763
33124
32763
8177
32763
192359
32763
190030
32763
190030
70825
9058
32763
9058
80231
105377
81166
9058
81166
9058
20717
105377
81166
9058
69546
9058
70825
105377
81166
105377
81166
105377
81166
9058
81162
9058
81166
8177
51800
9058
51800
9058
80231
9058
32763
103720
44105
9058
80231
33124
80231
33124
20717
9058
80231
115461
69546
184552
70825
9058
80231
9058
80231
9058
80231
33124
80231
33124
80231
8177
51800
190030
51800
230906
81162
250001
32763
9058
44105
9058
93631
9058
20717
183839
93631
9058
69546
9058
70825
183839
93631
183839
163076
183839
93631
9058
81162
9058
93631
8177
51800
9058
51800
9058
80231
9058
32763
103720
44105
98808
20717
9058
105359
33124
69546
33124
70825
9058
105359
9058
93631
9058
105359
204338
81162
231252
105359
8177
51800
33124
51800
33124
80231
33124
32763
9058
44105
9058
20717
33124
20717
33124
20717
9058
20717
9058
20717
9058
20717
98808
20717
98808
20717
8177
20717
33124
20717
33124
20717
33124
20717
9058
20717
9058
69546
9058
70825
250001
163076
190030
93631
250001
250001
9058
81162
9058
194895
8177
51800
9058
51800
9058
80231
9058
32763
103720
44105
115461
69546
9058
69546
9058
69546
9058
69546
33124
69546
33124
69546
8177
51800
115461
51800
115461
69546
115461
32763
9058
44105
9058
70825
9058
70825
9058
70825
33124
70825
33124
70825
8177
51800
184552
51800
184552
70825
184552
32763
9058
44105
190030
93631
250001
163076
9058
81162
9058
163076
8177
51800
9058
51800
9058
80231
9058
32763
103720
44105
190030
93631
9058
81162
9058
93631
8177
51800
9058
51800
9058
80231
9058
32763
103720
44105
9058
81162
9058
194895
8177
51800
9058
51800
9058
80231
9058
32763
103720
44105
204338
81162
8177
51800
33124
51800
33124
80231
33124
32763
9058
44105
8177
51800
33124
51800
33124
80231
33124
32763
9058
44105
8177
74720
8177
51800
8177
32763
8177
44105
190030
51800
190030
32763
9058
44105
230906
32763
9058
44105
9058
32763
