9421
32236
14229
21391
41564
21391
48372
21391
146994
32236
14229
32236
40013
21391
3677
20248
48372
21391
40300
32236
104594
21391
30780
32236
123905
21391
48372
21391
146994
21391
146994
21391
3677
20248
9421
32236
146994
21391
17665
21391
104594
21391
30780
18894
67022
21391
44480
21391
151547
21391
43191
21391
44480
21391
146869
32236
106809
32236
27670
76433
146994
21391
146994
32236
151547
32236
106809
32236
99907
18894
146994
21391
17665
21391
9421
21391
9421
21391
9421
21391
9421
65784
9421
32971
9421
21391
3677
20248
9421
21391
9421
65784
9421
21391
9421
44676
9421
21391
9421
21391
9421
21391
9421
21391
3677
20248
151547
37237
9421
21391
9421
21391
9421
21391
9421
18894
9421
21391
9421
21391
9421
21391
9421
21391
9421
21391
9421
65784
9421
37237
9421
32236
9421
21391
9421
50565
9421
65784
9421
65784
9421
18894
9421
21391
9421
21391
14229
172048
14229
43174
14229
21391
44480
21391
14229
158790
3677
20248
14229
65991
14229
21391
14229
65991
14229
21391
14229
115818
14229
65991
14229
65991
14229
43174
3677
20248
9421
21391
14229
65991
14229
158790
14229
65991
14229
18894
14229
101281
14229
21770
14229
158790
14229
65991
14229
21770
14229
21391
14229
21391
14229
21391
14229
108555
14229
21391
14229
21391
14229
21391
14229
18894
14229
158790
14229
158790
41564
43174
41564
21391
14229
21391
40013
158790
3677
20248
41564
65991
40300
21391
41564
65991
30780
21391
41564
115818
41564
65991
41564
65991
41564
43174
3677
20248
9421
21391
41564
65991
17665
158790
41564
65991
30780
18894
41564
101281
41564
21770
41564
158790
41564
65991
41564
21770
41564
21391
41564
21391
27670
21391
41564
108555
41564
21391
41564
21391
41564
21391
41564
18894
41564
158790
17665
158790
48372
21391
14229
21391
40013
43174
3677
20248
48929
43174
40300
21391
48372
43174
30780
21391
48372
43174
48929
43174
48372
43174
48372
50565
3677
20248
9421
21391
48372
43174
17665
43174
48372
43174
30780
18894
48372
43174
44480
21770
48372
43174
43191
43174
44480
21770
48372
21391
48372
21391
27670
21391
48372
43174
48372
21391
48372
21391
48372
21391
48372
18894
48372
43174
17665
43174
14229
32971
40013
21391
3677
20248
48372
21391
40300
81528
104594
21391
30780
44676
123905
21391
48372
21391
164566
21391
250001
21391
3677
20248
9421
37237
250001
21391
17665
21391
104594
21391
30780
18894
67022
21391
44480
21391
146994
21391
43191
21391
44480
21391
146869
81528
106809
37237
27670
32236
183905
21391
250001
50565
146994
65991
106809
81528
99907
18894
250001
21391
17665
21391
14229
21391
3677
20248
14229
21391
14229
32971
14229
21391
14229
32971
14229
21391
14229
21391
14229
21391
14229
21391
3677
20248
9421
32971
14229
21391
14229
21391
14229
21391
14229
18894
14229
21391
14229
21391
14229
21391
14229
21391
14229
21391
14229
32971
14229
32971
14229
32236
14229
21391
14229
32971
14229
32971
14229
32971
14229
18894
14229
21391
14229
21391
3677
20248
40013
65991
40013
21391
40013
65991
30780
21391
40013
115818
40013
65991
40013
65991
40013
43174
3677
20248
9421
21391
40013
65991
17665
188694
40013
65991
30780
18894
40013
101281
40013
21770
40013
181567
40013
65991
40013
21770
40013
21391
40013
21391
27670
21391
40013
108555
40013
21391
40013
21391
40013
21391
40013
18894
40013
188694
17665
198966
3677
20248
3677
20248
3677
20248
3677
20248
3677
20248
3677
20248
3677
20248
3677
20248
21528
43174
3677
20248
3677
20248
3677
20248
3677
20248
3677
18894
3677
20248
3677
20248
3677
20248
3677
20248
3677
20248
3677
20248
3677
20248
3677
20248
3677
20248
3677
20248
3677
20248
3677
20248
3677
18894
3677
20248
3677
20248
40300
21391
48372
103171
30780
21391
48372
65991
71568
103171
48372
101878
48372
43174
3677
20248
9421
21391
48372
99929
17665
65991
48372
101878
30780
18894
48372
65991
44480
21770
48372
65991
43191
89953
44480
21770
48372
21391
48372
21391
27670
21391
48372
65991
48372
21391
48372
21391
48372
21391
48372
18894
48372
65991
17665
65991
40300
21391
30780
44676
40300
21391
40300
21391
40300
21391
40300
21391
3677
20248
9421
37237
40300
21391
17665
21391
40300
21391
30780
18894
40300
21391
40300
21391
40300
21391
40300
21391
40300
21391
40300
150568
40300
37237
27670
32236
40300
21391
40300
50565
40300
65991
40300
101281
40300
18894
40300
21391
17665
21391
30780
21391
104594
65991
48372
105732
104594
101878
104594
43174
3677
20248
9421
21391
104594
99929
17665
65991
205585
101878
30780
18894
67022
65991
44480
21770
104594
65991
43191
89953
44480
21770
104594
21391
104594
21391
27670
21391
104594
65991
104594
21391
104594
21391
104594
21391
99907
18894
104594
65991
17665
65991
30780
21391
30780
21391
30780
21391
30780
21391
3677
20248
9421
37237
30780
21391
17665
21391
30780
21391
31591
18894
30780
21391
30780
21391
30780
21391
30780
21391
30780
21391
30780
44676
30780
37237
27670
32236
30780
21391
30780
44676
30780
44676
30780
44676
30780
18894
30780
21391
17665
21391
48372
65991
123905
65991
123905
43174
3677
20248
9421
21391
123905
65991
17665
115818
104594
65991
30780
18894
67022
101281
44480
21770
123905
115818
43191
65991
44480
21770
123905
21391
106809
21391
27670
21391
123905
108555
123905
21391
123905
21391
106809
21391
99907
18894
123905
115818
17665
115818
48372
101878
48372
43174
3677
20248
9421
21391
48372
99929
17665
65991
48372
101878
30780
18894
48372
65991
44480
21770
48372
65991
43191
89953
44480
21770
48372
21391
48372
21391
27670
21391
48372
65991
48372
21391
48372
21391
48372
21391
48372
18894
48372
65991
17665
65991
164566
43174
3677
20248
9421
21391
164566
99929
17665
65991
104594
103171
30780
18894
67022
65991
44480
21770
146994
65991
43191
89953
44480
21770
146869
21391
106809
21391
27670
21391
164566
65991
164566
21391
146994
21391
106809
21391
99907
18894
164566
65991
17665
65991
3677
20248
9421
21391
250001
43174
17665
43174
104594
43174
30780
18894
67022
43174
44480
21770
146994
43174
43191
43174
44480
21770
146869
21391
106809
21391
27670
21391
183905
43174
250001
21391
146994
21391
106809
21391
99907
18894
250001
43174
17665
43174
3677
20248
3677
20248
3677
20248
3677
20248
3677
18894
3677
20248
3677
20248
3677
20248
3677
20248
3677
20248
3677
20248
3677
20248
3677
20248
3677
20248
3677
20248
3677
20248
3677
20248
3677
18894
3677
20248
3677
20248
9421
21391
9421
21391
9421
21391
9421
18894
9421
21391
9421
21391
9421
21391
9421
21391
9421
21391
9421
37237
9421
43174
9421
32236
9421
21391
9421
37237
9421
37237
9421
37237
9421
18894
9421
21391
9421
21391
17665
65991
104594
99929
30780
18894
67022
65991
44480
21770
146994
65991
43191
89953
44480
21770
146869
21391
106809
21391
27670
21391
183905
65991
250001
21391
146994
21391
106809
21391
99907
18894
250001
65991
17665
65991
17665
65991
17665
18894
17665
101281
17665
21770
17665
181567
17665
65991
17665
21770
17665
21391
17665
21391
17665
21391
17665
108555
17665
21391
17665
21391
17665
21391
17665
18894
17665
192037
18520
188694
30780
18894
67022
65991
44480
21770
104594
65991
43191
89953
44480
21770
104594
21391
104594
21391
27670
21391
104594
65991
104594
21391
104594
21391
104594
21391
99907
18894
104594
65991
17665
65991
30780
18894
30780
18894
30780
18894
30780
18894
30780
18894
30780
18894
30780
18894
27670
18894
30780
18894
30780
18894
30780
18894
30780
18894
30780
21391
30780
18894
17665
18894
44480
21770
67022
101281
43191
65991
44480
21770
67022
21391
67022
21391
27670
21391
67022
101281
67022
21391
67022
21391
67022
21391
67022
18894
67022
101281
17665
101281
44480
21770
43191
21770
146869
201383
44480
21391
44480
21391
27670
21391
44480
21770
44480
21391
44480
21391
44480
21391
44480
18894
44480
21770
17665
21770
43191
65991
44480
21770
146869
21391
106809
21391
27670
21391
146994
108555
146994
21391
189673
21391
106809
21391
99907
18894
146994
181567
17665
181567
43191
21770
43191
21391
43191
21391
27670
21391
43191
65991
43191
21391
43191
21391
43191
21391
43191
18894
43191
65991
17665
65991
44480
21391
44480
21391
27670
21391
44480
21770
44480
21391
44480
21391
44480
21391
44480
18894
44480
21770
17665
21770
106809
37237
27670
32236
146869
21391
146869
50565
146869
65991
106809
101281
99907
18894
146869
21391
17665
21391
27670
32236
106809
21391
106809
37237
106809
37237
250001
37237
99907
18894
106809
21391
17665
21391
27670
21391
27670
32236
27670
32236
27670
32236
27670
18894
27670
21391
17665
21391
183905
21391
146994
21391
106809
21391
99907
18894
183905
108555
17665
108555
146994
50565
106809
50565
99907
18894
250001
21391
17665
21391
106809
65991
99907
18894
146994
21391
17665
21391
99907
18894
106809
21391
17665
21391
99907
18894
17665
18894
17665
188694
