5117
57710
5117
57710
5117
57710
5117
48782
4213
57710
118682
45957
5117
2577
5117
57710
5117
50119
4213
48592
5117
57710
5117
57710
5117
57710
5117
50119
4375
57710
5117
49882
5117
57710
4248
2577
5117
57710
5117
57710
5117
57710
5117
50119
5117
57710
5117
57710
5117
50119
5117
57710
4248
2577
5117
45957
5117
57710
5117
57710
5117
57710
4248
2577
48280
82734
211141
74098
9408
48782
4213
82734
5117
45957
226067
2577
48280
74098
48280
50119
4213
48592
48280
215013
48280
74098
48280
215013
48280
50119
4375
74098
48280
49882
48280
74098
4248
2577
48280
82734
48280
62995
48280
79377
48280
50119
48280
79377
118682
82734
48280
50119
48280
82414
4248
2577
48280
45957
48280
215013
48280
215013
48280
62551
4248
2577
48280
74098
9408
48782
4213
132668
5117
45957
48280
2577
118682
74098
250001
50119
4213
48592
106083
82734
211141
74098
211141
82734
127970
50119
4375
74098
250001
49882
127970
74098
4248
2577
137217
82916
118682
62995
250001
79377
123905
50119
250001
79377
48280
82916
209923
50119
250001
82414
4248
2577
182971
45957
211141
82734
127970
82734
70061
62551
4248
2577
9408
48782
4213
74098
5117
45957
211141
2577
48280
74147
48280
50119
4213
48592
48280
74098
48280
74147
48280
74098
48280
50119
4375
76398
48280
49882
48280
76398
4248
2577
48280
74098
48280
62995
48280
74098
48280
50119
48280
74098
118682
74098
48280
50119
48280
74098
4248
2577
48280
45957
48280
74098
48280
74098
48280
62551
4248
2577
4213
48782
5117
45957
9408
2577
9408
48782
9408
48782
4213
48592
9408
48782
9408
48782
9408
48782
9408
48782
4375
48782
9408
48782
9408
48782
4248
2577
9408
48782
9408
48782
9408
48782
9408
48782
9408
48782
9408
48782
9408
48782
9408
48782
4248
2577
9408
45957
9408
48782
9408
48782
9408
48782
4248
2577
4213
45957
4213
2577
4213
74098
4213
50119
7606
48592
4213
82734
4213
74098
4213
82734
4213
50119
4213
74098
4213
49882
4213
74098
4213
2577
4213
82916
4213
62995
4213
79377
4213
50119
4213
79377
4213
82916
4213
50119
4213
82414
4213
2577
4213
45957
4213
82734
4213
82734
4213
62551
4213
2577
5117
2577
5117
45957
5117
45957
4213
45957
5117
45957
5117
45957
5117
45957
5117
45957
4375
45957
5117
45957
5117
45957
4248
2577
5117
45957
5117
45957
5117
45957
5117
45957
5117
45957
5117
45957
5117
45957
5117
45957
4248
2577
5117
62933
5117
45957
5117
45957
5117
45957
4248
2577
48280
2577
48280
2577
4213
2577
48280
2577
48280
2577
48280
2577
48280
2577
4375
2577
48280
2577
48280
2577
4248
50119
48280
2577
48280
2577
48280
2577
48280
2577
48280
2577
118682
2577
48280
2577
48280
2577
4248
58876
48280
2577
48280
2577
48280
2577
48280
2577
4248
62551
118682
50119
4213
48592
106083
74098
118682
82414
118682
74098
118682
50119
4375
74147
118682
49882
118682
74147
4248
2577
118682
74098
209923
62995
118682
74098
118682
50119
118682
74098
48280
74098
118682
50119
118682
74098
4248
2577
118682
45957
118682
74098
118682
74098
70061
62551
4248
2577
4213
48592
106083
50119
211141
50119
211141
50119
127970
51154
4375
50119
250001
49882
127970
50119
4248
2577
137217
50119
118682
50119
250001
50119
123905
51154
250001
50119
48280
50119
209923
51154
250001
50119
4248
2577
182971
45957
211141
50119
127970
50119
70061
50119
4248
2577
4213
48592
4213
48592
4213
48592
4213
48592
4213
48592
4213
48592
4213
48592
4213
2577
4213
48592
4213
48592
4213
48592
4213
48592
4213
48592
4213
48592
4213
48592
4213
48592
4213
2577
4213
45957
4213
48592
4213
48592
4213
48592
4213
2577
106083
74098
106083
250001
106083
50119
4375
74098
106083
49882
106083
74098
4248
2577
106083
82734
106083
62995
106083
79377
106083
50119
106083
79377
48280
82734
106083
50119
106083
82414
4248
2577
106083
45957
106083
250001
106083
250001
70061
62551
4248
2577
250001
74098
127970
50119
4375
74147
211141
49882
127970
74147
4248
2577
137217
74098
118682
62995
211141
74098
123905
50119
211141
74098
48280
74098
209923
50119
211141
74098
4248
2577
182971
45957
250001
74098
127970
74098
70061
62551
4248
2577
127970
50119
4375
74098
211141
49882
127970
74098
4248
2577
137217
82734
118682
62995
211141
79377
123905
50119
211141
79377
48280
82734
209923
50119
211141
82414
4248
2577
182971
45957
250001
250001
127970
250001
70061
62551
4248
2577
4375
50119
127970
49882
143130
50119
4248
2577
127970
50119
118682
50119
127970
50119
123905
62995
127970
50119
48280
50119
127970
60662
127970
50119
4248
2577
127970
45957
127970
50119
152796
50119
70061
50119
4248
2577
4375
49882
4375
82734
4248
2577
4375
74098
4375
62995
4375
74098
4375
50119
4375
74098
4375
74098
4375
50119
4375
74098
4248
2577
4375
45957
4375
74098
4375
74098
4375
62551
4248
2577
127970
49882
4248
2577
137217
49882
118682
49882
250001
49882
123905
49882
250001
49882
48280
49882
209923
49882
250001
49882
4248
2577
182971
45957
211141
49882
127970
49882
70061
49882
4248
2577
4248
2577
127970
74098
118682
62995
127970
74098
123905
50119
127970
74098
48280
74098
127970
50119
127970
74098
4248
2577
127970
45957
127970
74098
143130
74098
70061
62551
4248
2577
4248
2577
4248
2577
4248
2577
4248
2577
4248
2577
4248
2577
4248
2577
4248
2577
80784
50119
4248
2577
4248
2577
4248
2577
4248
2577
14391
50119
118682
62995
137217
79377
123905
50119
137217
79377
48280
83468
137217
50119
137217
82414
4248
2577
137217
45957
137217
82734
127970
82734
70061
62551
4248
2577
118682
62995
118682
50119
118682
62995
48280
62995
118682
50119
118682
62995
4248
2577
118682
45957
118682
62995
118682
62995
70061
62551
4248
2577
123905
50119
250001
250001
48280
79377
209923
50119
250001
79377
4248
2577
182971
45957
211141
79377
127970
79377
70061
62551
4248
2577
123905
50119
48280
50119
123905
60662
123905
50119
4248
2577
123905
45957
123905
50119
123905
50119
70061
50119
4248
2577
48280
79377
209923
50119
250001
79377
4248
2577
182971
45957
211141
79377
127970
79377
70061
62551
4248
2577
48280
50119
48280
82414
4248
2577
48280
45957
48280
82734
48280
82734
48280
62551
4248
2577
209923
50119
4248
2577
182971
45957
209923
50119
127970
50119
70061
50119
4248
2577
4248
2577
182971
45957
211141
82414
127970
82414
70061
62551
4248
2577
4248
2577
4248
2577
4248
2577
4248
2577
14391
58876
182971
45957
127970
45957
70061
45957
4248
2577
127970
250001
70061
62551
4248
2577
70061
62551
4248
2577
4248
2577
