155109
145739
16168
145739
168911
145739
168911
91945
168911
145739
65759
40607
168911
55773
168911
145739
168911
134060
168911
145739
168911
145739
16168
145739
168911
145739
168911
55773
168911
145739
168911
145739
65759
145739
168911
145739
168911
145739
168911
145739
158738
145739
168911
145739
16168
145739
168911
145739
168911
145739
65759
145739
168911
55773
16168
91945
158738
145739
168911
145739
155109
145739
250001
145739
168911
145739
168911
145739
168911
145739
168911
40607
16168
169882
155109
194121
155109
91945
155109
194121
65759
40607
155109
55773
155109
194121
155109
134060
155109
184575
155109
194121
16168
184575
155109
194121
155109
55773
155109
194121
155109
194121
65759
194121
155109
194121
155109
194121
155109
194121
155109
197981
155109
194121
16168
194121
155109
250001
155109
194121
65759
194121
155109
55773
16168
91945
155109
194121
155109
194121
171013
194121
155109
194121
155109
184575
155109
194121
155109
194121
155109
40607
16168
169882
16168
91945
16168
169882
16168
40607
16168
55773
16168
169882
16168
134060
16168
169882
16168
169882
192842
169882
16168
169882
16168
55773
16168
169882
16168
169882
16168
169882
16168
169882
16168
169882
16168
169882
16168
169882
16168
169882
192842
169882
16168
169882
16168
169882
16168
169882
16168
55773
168911
91945
16168
169882
16168
169882
16168
169882
16168
169882
16168
169882
16168
169882
16168
169882
16168
40607
194042
91945
194042
197339
65759
40607
190671
55773
197769
197339
194042
134060
192842
184575
197769
197339
16168
184575
194042
197339
194042
55773
191356
197339
194042
197339
65759
197339
197769
197339
194042
197339
194042
197339
158738
194121
194042
197339
16168
197339
194042
194121
193474
197339
65759
197339
193474
55773
16168
91945
158738
197339
194042
197339
155109
197339
168911
197339
175419
184575
194096
197339
194042
197339
194042
40607
213639
91945
65759
40607
190671
55773
194042
91945
210905
91945
192842
91945
194042
91945
16168
91945
198632
91945
198237
55773
191356
91945
194284
91945
65759
91945
194042
91945
213639
91945
213639
91945
158738
91945
213639
91945
16168
91945
202622
91945
193474
91945
65759
91945
193474
55773
16168
134060
158738
91945
198237
91945
155109
91945
168911
91945
175419
91945
194042
91945
213639
91945
198237
40607
65759
40607
190671
55773
194042
250001
210905
134060
192842
184575
194042
250001
16168
184575
198632
250001
198237
55773
191356
250001
194284
250001
65759
208088
194042
250001
250001
250001
250001
250001
158738
194121
250001
250001
16168
208088
202622
194121
193474
250001
65759
250001
193474
55773
16168
91945
158738
208088
198237
250001
155109
208088
168911
248515
175419
184575
194042
250001
250001
250001
198237
40607
65759
40607
65759
40607
65759
40607
65759
40607
65759
40607
16168
40607
65759
40607
65759
40607
65759
40607
65759
40607
168911
40607
65759
40607
65759
40607
65759
40607
65759
40607
65759
40607
16168
40607
65759
40607
65759
40607
183214
40607
65759
40607
16168
40607
65759
40607
65759
40607
65759
40607
65759
40607
65759
40607
65759
40607
65759
40607
65759
197339
190671
55773
190671
55773
190671
55773
190671
55773
16168
55773
190671
55773
190671
194121
190671
55773
190671
55773
65759
55773
190671
55773
190671
55773
190671
55773
158738
55773
190671
55773
16168
55773
190671
55773
190671
55773
65759
55773
190671
248515
16168
55773
158738
55773
190671
55773
155109
55773
168911
55773
175419
55773
190671
55773
190671
55773
190671
40607
194042
134060
192842
184575
250001
250001
16168
184575
194042
250001
194042
55773
191356
250001
194042
250001
65759
208088
250001
250001
194042
250001
194042
250001
158738
194121
194042
250001
16168
208088
194042
194121
193474
250001
65759
250001
193474
55773
16168
91945
158738
208088
194042
250001
155109
208088
168911
248515
175419
184575
194096
250001
194042
250001
194042
40607
192842
134060
194042
134060
16168
134060
198632
134060
198237
55773
191356
134060
194284
134060
65759
134060
194042
134060
210905
134060
210905
134060
158738
134060
210905
134060
16168
134060
202622
134060
193474
134060
65759
134060
193474
55773
16168
91945
158738
134060
198237
134060
155109
134060
168911
134060
175419
134060
194042
134060
210905
134060
198237
40607
192842
184575
16168
250001
192842
184575
192842
55773
191356
184575
192842
184575
65759
184575
192842
184575
192842
184575
192842
184575
158738
184575
192842
184575
16168
184575
192842
184575
192842
184575
65759
184575
192842
55773
16168
91945
158738
184575
192842
184575
155109
184575
168911
184575
175419
208088
192842
184575
192842
184575
192842
40607
16168
184575
194042
250001
194042
55773
191356
250001
194042
250001
65759
208088
250001
250001
194042
250001
194042
250001
158738
194121
194042
250001
16168
208088
194042
194121
193474
250001
65759
250001
193474
55773
16168
91945
158738
208088
194042
250001
155109
208088
168911
248515
175419
184575
194096
250001
194042
250001
194042
40607
16168
184575
16168
55773
16168
184575
16168
184575
16168
184575
16168
184575
16168
184575
16168
184575
16168
184575
16168
184575
205374
184575
16168
184575
16168
184575
16168
184575
16168
55773
168911
91945
16168
184575
16168
184575
16168
184575
16168
184575
16168
208088
16168
184575
16168
184575
16168
40607
198237
55773
191356
250001
194284
250001
65759
208088
194042
250001
198632
250001
198632
250001
158738
194121
198632
250001
16168
208088
198632
194121
193474
250001
65759
250001
193474
55773
16168
91945
158738
208088
198237
250001
155109
208088
168911
248515
175419
184575
194042
250001
198632
250001
198237
40607
191356
55773
194284
55773
65759
55773
194042
55773
198237
55773
198237
55773
158738
55773
198237
55773
16168
55773
198237
55773
193474
55773
65759
55773
193474
194121
16168
55773
158738
55773
202666
55773
155109
55773
168911
55773
175419
55773
194042
55773
198237
55773
250001
40607
191356
250001
65759
208088
191356
250001
191356
250001
191356
250001
158738
194121
191356
250001
16168
208088
191356
194121
191356
250001
65759
250001
191356
55773
16168
91945
158738
208088
191356
250001
155109
208088
168911
248515
175419
184575
191356
250001
191356
250001
191356
40607
65759
208088
194042
250001
194284
250001
194284
250001
158738
194121
194284
250001
16168
208088
194284
194121
193474
250001
65759
250001
193474
55773
16168
91945
158738
208088
194284
250001
155109
208088
168911
248515
175419
184575
194042
250001
194284
250001
194284
40607
65759
208088
65759
208088
65759
208088
65759
194121
65759
208088
16168
250001
65759
194121
65759
208088
168911
208088
65759
55773
16168
91945
65759
250001
65759
208088
65759
250001
65759
208088
65759
184575
65759
208088
65759
208088
65759
40607
194042
250001
194042
250001
158738
194121
194042
250001
16168
208088
194042
194121
193474
250001
65759
250001
193474
55773
16168
91945
158738
208088
194042
250001
155109
208088
168911
248515
175419
184575
194096
250001
194042
250001
194042
40607
250001
250001
158738
194121
250001
250001
16168
208088
202622
194121
193474
250001
65759
250001
193474
55773
16168
91945
158738
208088
198237
250001
155109
208088
168911
248515
175419
184575
194042
250001
250001
250001
198237
40607
158738
194121
250001
250001
16168
208088
202622
194121
193474
250001
65759
250001
193474
55773
16168
91945
158738
208088
198237
250001
155109
208088
168911
248515
175419
184575
194042
250001
250001
250001
198237
40607
158738
194121
16168
194121
158738
197981
158738
194121
65759
194121
158738
55773
16168
91945
193474
194121
158738
194121
155109
194121
158738
194121
158738
184575
158738
194121
158738
194121
158738
40607
16168
208088
202622
194121
193474
250001
65759
250001
193474
55773
16168
91945
158738
208088
198237
250001
155109
208088
168911
248515
175419
184575
194042
250001
250001
250001
198237
40607
16168
194121
16168
208088
16168
208088
16168
55773
168911
91945
16168
250001
16168
208088
16168
250001
16168
208088
16168
184575
16168
208088
16168
208088
16168
40607
193474
194121
65759
194121
193474
55773
16168
91945
158738
194121
198237
194121
155109
194121
168911
194121
175419
184575
194042
194121
202622
194121
198237
40607
65759
250001
194042
55773
16168
91945
158738
208088
193474
250001
155109
208088
168911
248515
175419
184575
193474
250001
193474
250001
193474
40607
65759
55773
16168
91945
65759
208088
65759
250001
65759
208088
65759
248515
65759
184575
65759
250001
65759
250001
65759
40607
16168
55773
158738
55773
193474
55773
155109
55773
168911
55773
175419
55773
193474
55773
193474
55773
193474
40607
16168
91945
16168
91945
16168
91945
16168
91945
16168
91945
16168
91945
16168
91945
16168
40607
158738
208088
155109
250001
158738
208088
158738
184575
158738
208088
158738
208088
158738
40607
155109
208088
168911
248515
175419
184575
194042
250001
198237
250001
202666
40607
155109
208088
155109
184575
155109
208088
155109
208088
155109
40607
168911
184575
168911
248515
168911
248515
168911
40607
175419
184575
175419
184575
175419
40607
194042
250001
194042
40607
198237
40607
