34062
48436
89642
48436
89712
48436
33515
104385
89712
48436
34510
48436
34510
28257
89642
48436
89642
48436
34040
48436
34062
48436
86561
48436
89642
48436
89642
28257
89642
48436
89642
48436
34040
48436
23916
48436
89642
48436
87223
14108
87223
14108
34062
48436
89712
48436
33515
48436
34062
48436
34062
48436
16261
48436
33362
27588
34062
48436
23916
48436
34062
48436
89642
48436
16261
48436
34062
104385
34062
104385
33515
48436
34062
104385
34062
138238
34062
28257
34062
104385
34062
87413
34040
104385
250001
104385
34062
104385
34062
104385
34062
28257
34062
115614
34062
50841
34040
104385
23916
104385
34062
138238
34062
14108
34062
14108
189697
138238
34062
104385
33515
138238
99285
138238
108240
138238
16261
104385
33362
27588
189697
138238
23916
104385
189697
138238
34062
91028
16261
104385
89642
115614
33515
48436
89642
126743
34510
104385
34510
28257
156943
115614
119917
87413
34040
115614
34062
114693
86561
126743
139607
115614
156943
28257
156943
104385
140892
50841
34040
115614
23916
115614
156943
104385
87223
14108
87223
14108
34062
104385
89642
115614
33515
104385
34062
104385
34062
104385
16261
115614
33362
27588
34062
104385
23916
115614
34062
104385
119917
91028
16261
115614
33515
48436
250001
115614
34510
104385
34510
28257
89642
152258
89642
87413
34040
152507
34062
114693
86561
115614
89642
152258
89642
28257
89642
104385
89642
50841
34040
152258
23916
152258
89642
104385
87223
14108
87223
14108
34062
104385
189774
158748
33515
104385
34062
104385
34062
104385
16261
152258
33362
27588
34062
104385
23916
152258
34062
104385
89642
91028
16261
152258
33515
48436
33515
48436
33515
28257
33515
48436
33515
48436
33515
48436
33515
48436
33515
48436
33515
48436
33515
28257
33515
48436
33515
48436
33515
48436
23916
48436
33515
48436
33515
14108
33515
14108
33515
48436
33515
48436
115197
48436
33515
48436
33515
48436
16261
48436
33362
27588
33515
48436
23916
48436
33515
48436
33515
48436
16261
48436
34510
104385
34510
28257
89642
115614
89642
87413
34040
115614
34062
114693
86561
138991
89642
115614
89642
28257
89642
104385
89642
50841
34040
115614
23916
115614
89642
104385
87223
14108
87223
14108
34062
104385
189774
115614
33515
104385
34062
104385
34062
104385
16261
115614
33362
27588
34062
104385
23916
115614
34062
104385
89642
91028
16261
115614
139607
28257
34510
104385
34510
87413
34040
104385
34062
104385
34510
104385
34510
104385
34510
28257
34510
115614
34510
50841
34040
104385
23916
104385
34510
250001
34510
14108
34510
14108
34062
250001
34510
104385
33515
158748
34062
141053
34062
198538
16261
104385
33362
27588
34062
250001
23916
104385
34062
250001
34510
91028
16261
104385
34510
28257
34510
28257
34040
28257
34062
28257
34510
28257
34510
28257
34510
134603
34510
28257
34510
28257
34040
28257
23916
28257
34510
28257
34510
14108
34510
14108
34062
28257
34510
28257
33515
28257
34062
28257
34062
28257
16261
28257
33362
27588
34062
28257
23916
28257
34062
28257
34510
28257
16261
28257
119917
87413
34040
152258
34062
114693
86561
115614
139607
161238
250001
28257
250001
104385
140892
50841
34040
161238
23916
161238
250001
104385
87223
14108
87223
14108
34062
104385
89642
152258
33515
104385
34062
104385
34062
104385
16261
161238
33362
27588
34062
104385
23916
161238
34062
104385
119917
91028
16261
250001
34040
87413
34062
87413
86561
87413
119917
87413
119917
28257
119917
87413
119917
50841
34040
87413
23916
87413
119917
87413
87223
14108
87223
14108
34062
87413
89642
87413
33515
87413
34062
87413
34062
87413
16261
87413
33362
27588
34062
87413
23916
87413
34062
87413
186871
87413
16261
87413
34040
114693
34040
115614
34040
152258
34040
28257
34040
104385
34040
50841
44661
152258
23916
152258
34040
104385
34040
14108
34040
14108
34040
104385
34040
152507
33515
104385
34040
104385
34040
104385
16261
152258
33362
27588
34040
104385
23916
152258
34040
104385
34040
91028
16261
152258
34062
114693
34062
114693
34062
28257
34062
104385
34062
50841
34040
114693
23916
114693
34062
104385
34062
14108
34062
14108
189697
104385
34062
114693
33515
104385
99285
104385
108240
104385
16261
114693
33362
27588
189697
104385
23916
114693
189697
104385
34062
91028
16261
114693
86561
115614
86561
28257
86561
104385
86561
50841
34040
115614
23916
115614
86561
104385
86561
14108
86561
14108
34062
104385
86561
115614
33515
104385
34062
104385
34062
104385
16261
115614
33362
27588
34062
104385
23916
115614
34062
104385
86561
91028
16261
115614
139607
28257
139607
104385
139607
50841
34040
250001
23916
185324
139607
104385
87223
14108
87223
14108
34062
104385
89642
152258
33515
104385
34062
104385
34062
104385
16261
250001
33362
27588
34062
104385
23916
185324
34062
104385
119917
91028
16261
161238
250001
28257
140892
28257
34040
28257
23916
28257
250001
28257
87223
14108
87223
14108
34062
28257
89642
28257
33515
28257
34062
28257
34062
28257
16261
28257
33362
27588
34062
28257
23916
28257
34062
28257
119917
28257
16261
28257
140892
50841
34040
104385
23916
104385
250001
115614
87223
14108
87223
14108
34062
115614
89642
104385
33515
115614
34062
115614
34062
115614
16261
104385
33362
27588
34062
115614
23916
104385
34062
115614
119917
91028
16261
104385
34040
50841
23916
50841
140892
50841
87223
14108
87223
14108
34062
50841
89642
50841
33515
50841
34062
50841
34062
50841
16261
50841
33362
27588
34062
50841
23916
50841
34062
50841
119917
50841
16261
50841
23916
185324
34040
104385
34040
14108
34040
14108
34040
104385
34040
152258
33515
104385
34040
104385
34040
104385
16261
250001
33362
27588
34040
104385
23916
185324
34040
104385
34040
91028
16261
161238
23916
104385
23916
14108
23916
14108
23916
104385
23916
152258
23916
104385
23916
104385
23916
104385
16261
185324
23916
27588
23916
104385
194467
250001
23916
104385
23916
91028
16261
161238
87223
14108
87223
14108
34062
250001
89642
104385
33515
158748
34062
141053
34062
198538
16261
104385
33362
27588
34062
250001
23916
104385
34062
250001
119917
91028
16261
104385
88505
114934
34062
14108
87223
14108
33515
14108
34062
14108
34062
14108
16261
14108
33362
14108
34062
14108
23916
14108
34062
14108
87223
14108
16261
14108
34062
14108
87223
14108
33515
14108
34062
14108
34062
14108
16261
14108
33362
14108
34062
14108
23916
14108
34062
14108
87223
14108
16261
14108
34062
104385
33515
158748
99285
141053
108240
198538
16261
104385
33362
27588
250001
250001
23916
104385
250001
250001
34062
91028
16261
104385
33515
104385
34062
104385
34062
104385
16261
152258
33362
27588
34062
104385
23916
152258
34062
104385
89642
91028
16261
152258
33515
141053
33515
158748
16261
104385
33362
27588
33515
158748
23916
104385
33515
158748
33515
91028
16261
104385
99285
141053
16261
104385
33362
27588
99285
141053
23916
104385
99285
141053
34062
91028
16261
104385
16261
104385
33362
27588
108240
198538
23916
104385
108240
198538
34062
91028
16261
104385
16261
27588
16261
104385
16261
185324
16261
104385
16261
91028
33362
161238
33362
27588
23916
27588
33362
27588
33362
27588
16261
27588
23916
104385
250001
250001
34062
91028
16261
104385
23916
104385
23916
91028
16261
161238
34062
91028
16261
104385
16261
91028
