20110
11800
20110
11800
20110
11800
20110
11800
165311
202278
20110
11800
165311
112436
20110
11800
166739
202278
165311
112686
20110
11800
20110
11800
165311
202278
166739
202278
166739
202278
166739
202278
165311
202278
20110
11800
20110
11800
166739
202278
20110
11800
166739
112686
165311
202278
166739
202278
20110
11800
20110
11800
20110
11800
166739
202278
166739
112436
166739
112686
103490
112686
182979
112686
20110
11800
31073
250001
31073
250001
31073
250001
20110
11800
31073
212036
20110
11800
31073
250001
20110
11800
20110
11800
31073
250001
31073
250001
20110
11800
20110
11800
20110
11800
20110
11800
20110
11800
31073
250001
31073
250001
20110
11800
31073
250001
20110
11800
20110
11800
20110
11800
31073
244323
165311
250001
31073
250001
20110
11800
20110
11800
20110
11800
20110
11800
20110
11800
31073
250001
99021
250001
99021
250001
20110
11800
165311
212036
20110
11800
99021
250001
20110
11800
20110
11800
99021
250001
99021
250001
20110
11800
20110
11800
20110
11800
20110
11800
20110
11800
99021
250001
99021
250001
20110
11800
99021
250001
20110
11800
20110
11800
20110
11800
99021
244323
31073
250001
99021
250001
20110
11800
20110
11800
20110
11800
20110
11800
20110
11800
99021
250001
103490
250001
20110
11800
99021
212036
20110
11800
103490
250001
20110
11800
20110
11800
165779
250001
103490
250001
20110
11800
20110
11800
20110
11800
20110
11800
20110
11800
103490
250001
103490
250001
20110
11800
103490
250001
20110
11800
20110
11800
20110
11800
103490
244323
31073
250001
103490
250001
20110
11800
20110
11800
20110
11800
20110
11800
20110
11800
103490
250001
20110
11800
99021
212036
20110
11800
165311
250001
20110
11800
20110
11800
103490
250001
165311
250001
20110
11800
20110
11800
20110
11800
20110
11800
20110
11800
165311
250001
165311
250001
20110
11800
165311
250001
20110
11800
20110
11800
20110
11800
165311
244323
31073
250001
165311
250001
20110
11800
20110
11800
20110
11800
20110
11800
20110
11800
165311
250001
20110
11800
176498
112436
20110
11800
165311
250001
172903
112686
20110
11800
20110
11800
172903
250001
165311
242619
165311
250001
165311
250001
172903
250001
20110
11800
20110
11800
165311
250001
20110
11800
165311
112686
172903
250001
165311
242619
20110
11800
20110
11800
20110
11800
165311
250001
165311
112436
165311
112686
103490
112686
165311
112686
20110
11800
20110
11800
99021
212036
20110
11800
20110
11800
99021
212036
99021
212036
20110
11800
20110
11800
20110
11800
20110
11800
20110
11800
99021
212036
99021
212036
20110
11800
99021
212036
20110
11800
20110
11800
20110
11800
99021
212036
31073
212036
99021
212036
20110
11800
20110
11800
20110
11800
20110
11800
20110
11800
99021
212036
20110
11800
165311
112436
172903
112436
20110
11800
20110
11800
172903
112436
165311
112436
165311
112436
165311
112436
172903
112436
20110
11800
20110
11800
165311
112436
20110
11800
165311
112436
172903
112436
165311
112436
20110
11800
20110
11800
20110
11800
165311
112436
165311
212061
165311
112436
103490
112436
165311
112436
20110
11800
20110
11800
20110
11800
103490
250001
165779
250001
20110
11800
20110
11800
20110
11800
20110
11800
20110
11800
165779
250001
250001
250001
20110
11800
250001
250001
20110
11800
20110
11800
20110
11800
250001
244323
31073
250001
203021
250001
20110
11800
20110
11800
20110
11800
20110
11800
20110
11800
165779
250001
165311
112686
20110
11800
20110
11800
165311
250001
190196
242619
190196
250001
190196
250001
165311
250001
20110
11800
20110
11800
177277
250001
20110
11800
250001
112686
165311
250001
190196
242619
20110
11800
20110
11800
20110
11800
190196
250001
190196
112436
175939
112686
103490
112686
166739
112686
20110
11800
20110
11800
20110
11800
177277
112686
165311
112686
165311
112686
165311
112686
176498
112686
20110
11800
20110
11800
165311
112686
20110
11800
165311
250001
173943
112686
165311
112686
20110
11800
20110
11800
20110
11800
165311
112686
165311
112436
165311
118271
103490
114370
165311
250001
20110
11800
103490
250001
20110
11800
20110
11800
20110
11800
20110
11800
20110
11800
103490
250001
103490
250001
20110
11800
103490
250001
20110
11800
20110
11800
20110
11800
103490
244323
31073
250001
103490
250001
20110
11800
20110
11800
20110
11800
20110
11800
20110
11800
103490
250001
20110
11800
20110
11800
20110
11800
20110
11800
20110
11800
173943
250001
165779
250001
20110
11800
165779
250001
20110
11800
20110
11800
20110
11800
165779
244323
31073
250001
165779
250001
20110
11800
20110
11800
20110
11800
20110
11800
20110
11800
172903
250001
165311
242619
165311
250001
165311
250001
176498
250001
20110
11800
20110
11800
165311
250001
20110
11800
165311
112686
173943
250001
165311
242619
20110
11800
20110
11800
20110
11800
165311
250001
165311
112436
165311
112686
103490
112686
165311
112686
20110
11800
200459
242619
250001
242619
165311
242619
20110
11800
20110
11800
177277
242619
20110
11800
190196
112686
165311
242619
200459
250001
20110
11800
20110
11800
20110
11800
200459
242619
250001
112436
175939
112686
103490
112686
166739
112686
20110
11800
200459
250001
165311
250001
20110
11800
20110
11800
177277
250001
20110
11800
190196
112686
165311
250001
250001
242619
20110
11800
20110
11800
20110
11800
250001
250001
200459
112436
175939
112686
103490
112686
166739
112686
20110
11800
165311
250001
20110
11800
20110
11800
177277
250001
20110
11800
190196
112686
165311
250001
200459
242619
20110
11800
20110
11800
20110
11800
200459
250001
250001
112436
175939
112686
103490
112686
166739
112686
20110
11800
20110
11800
20110
11800
165311
250001
20110
11800
165311
112686
173943
250001
165311
242619
20110
11800
20110
11800
20110
11800
165311
250001
165311
112436
165311
112686
103490
112686
165311
112686
20110
11800
165779
250001
20110
11800
165779
250001
20110
11800
20110
11800
20110
11800
165779
244323
31073
250001
165779
250001
20110
11800
20110
11800
20110
11800
20110
11800
20110
11800
172903
250001
20110
11800
250001
250001
20110
11800
20110
11800
20110
11800
250001
244323
31073
250001
203021
250001
20110
11800
20110
11800
20110
11800
20110
11800
20110
11800
165779
250001
20110
11800
177277
112686
165311
250001
177277
242619
20110
11800
20110
11800
20110
11800
177277
250001
177277
112436
175939
112686
103490
112686
166739
112686
20110
11800
20110
11800
20110
11800
20110
11800
250001
244323
31073
250001
203021
250001
20110
11800
20110
11800
20110
11800
20110
11800
20110
11800
165779
250001
165311
112686
190196
112686
20110
11800
20110
11800
20110
11800
190196
112686
190196
112436
175939
118271
103490
114370
166739
250001
20110
11800
165311
242619
20110
11800
20110
11800
20110
11800
165311
250001
165311
112436
165311
112686
103490
112686
165311
112686
20110
11800
20110
11800
20110
11800
20110
11800
250001
242619
200459
112436
175939
112686
103490
112686
166739
112686
20110
11800
31073
244323
203021
244323
20110
11800
20110
11800
20110
11800
20110
11800
20110
11800
165779
244323
31073
250001
20110
11800
20110
11800
20110
11800
20110
11800
20110
11800
31073
250001
20110
11800
20110
11800
20110
11800
20110
11800
20110
11800
165779
250001
200459
112436
175939
112686
103490
112686
166739
112686
20110
11800
175939
112436
103490
112436
166739
112436
20110
11800
103490
114370
166739
118271
20110
11800
103490
114370
20110
11800
20110
11800
