23098
245
90681
245
90681
37256
23098
245
23098
245
90681
37256
90681
37256
23098
245
23098
245
23098
245
250001
120873
23098
245
90681
245
23098
245
90681
245
90681
245
250001
250001
90681
37256
23098
245
90681
245
23098
245
23098
245
23098
245
90681
245
90681
245
23098
245
90681
31447
90681
37256
90681
37256
23098
245
90681
37256
90681
245
90681
37256
90681
37256
23098
245
23098
39061
23098
245
76935
250001
76935
92728
23098
245
23098
245
76935
249337
76935
250001
76935
82458
23098
245
76935
250001
23098
39061
76935
66332
23098
39061
23098
31447
23098
245
23098
245
76935
66755
23098
35446
76935
137041
76935
101600
76935
227825
23098
31447
23098
31447
76935
115214
23098
245
23098
245
23098
245
76935
249337
23098
245
23098
31447
23098
245
23098
245
76935
75428
102764
245
23098
39061
23098
39061
102764
245
102764
245
23098
39061
23098
39061
23098
39061
90681
245
23098
39061
246559
92728
23098
39061
246559
92728
246559
31447
90681
245
159019
245
23098
39061
246559
35446
23098
39061
23098
39061
23098
39061
159019
31447
246559
31447
23098
39061
134107
245
102764
245
102764
245
23098
39061
102764
245
246559
31447
102764
245
102764
245
23098
39061
23098
245
23098
245
175182
64841
159019
64841
23098
245
23098
245
23098
245
90681
37256
23098
245
102764
245
23098
245
102764
245
102764
245
90681
37256
102764
64841
23098
245
102764
245
23098
245
23098
245
23098
245
102764
245
102764
245
23098
245
102764
31447
250001
64841
175182
64841
23098
245
175182
52959
102764
245
175182
64841
250001
64841
23098
245
93744
92728
23098
245
23098
245
100680
249337
250001
250001
250001
82458
23098
245
196535
250001
23098
39061
250001
66332
23098
39061
23098
31447
23098
245
23098
245
196535
66755
23098
35446
93744
137041
250001
101600
250001
227825
23098
31447
23098
31447
155127
115214
23098
245
23098
245
23098
245
250001
249337
23098
245
23098
31447
23098
245
23098
245
100680
75428
23098
245
23098
245
93744
92728
93744
92728
93744
82458
23098
245
93744
92728
23098
39061
93744
66332
23098
39061
23098
31447
23098
245
23098
245
93744
66755
23098
35446
250001
92728
93744
92728
93744
92728
23098
31447
23098
31447
93744
92728
23098
245
23098
245
23098
245
93744
92728
23098
245
23098
31447
23098
245
23098
245
93744
75428
159019
250001
23098
245
23098
245
23098
245
90681
37256
23098
245
102764
245
23098
245
102764
245
102764
245
90681
37256
102764
227825
23098
245
102764
245
23098
245
23098
245
23098
245
102764
245
102764
245
23098
245
102764
31447
175182
250001
250001
66332
23098
245
236326
52959
102764
245
236326
115218
175182
65864
23098
245
23098
245
23098
245
23098
245
90681
37256
23098
245
102764
245
23098
245
102764
245
102764
245
90681
37256
102764
227825
23098
245
102764
245
23098
245
23098
245
23098
245
102764
245
102764
245
23098
245
102764
31447
159019
250001
159019
66332
23098
245
159019
52959
102764
245
159019
115218
159019
65864
23098
245
100680
249337
100680
82458
23098
245
100680
249337
23098
39061
100680
66332
23098
39061
23098
31447
23098
245
23098
245
100680
66755
23098
35446
93744
137041
100680
101600
100680
227825
23098
31447
23098
31447
100680
115214
23098
245
23098
245
23098
245
100680
250001
23098
245
23098
31447
23098
245
23098
245
250001
75428
250001
82458
23098
245
196535
250001
23098
39061
250001
66332
23098
39061
23098
31447
23098
245
23098
245
196535
66755
23098
35446
93744
137041
250001
101600
250001
227825
23098
31447
23098
31447
155127
115214
23098
245
23098
245
23098
245
250001
249337
23098
245
23098
31447
23098
245
23098
245
100680
75428
23098
245
196535
82458
23098
39061
250001
66332
23098
39061
23098
31447
23098
245
23098
245
196535
66755
23098
35446
93744
82458
250001
82458
250001
82458
23098
31447
23098
31447
155127
82458
23098
245
23098
245
23098
245
250001
82458
23098
245
23098
31447
23098
245
23098
245
100680
75428
23098
245
90681
245
23098
245
90681
245
90681
245
250001
120873
90681
37256
23098
245
90681
245
23098
245
23098
245
23098
245
90681
245
90681
245
23098
245
90681
31447
90681
37256
90681
37256
23098
245
90681
37256
90681
245
90681
37256
90681
37256
23098
245
23098
39061
196535
66332
23098
39061
23098
31447
23098
245
23098
245
250001
66755
23098
35446
93744
137041
196535
101600
196535
227825
23098
31447
23098
31447
155127
115214
23098
245
23098
245
23098
245
196535
249337
23098
245
23098
31447
23098
245
23098
245
100680
75428
23098
39061
250001
106741
250001
31447
90681
245
159019
245
23098
39061
250001
35446
23098
39061
23098
39061
23098
39061
159019
31447
250001
31447
23098
39061
134107
245
102764
245
102764
245
23098
39061
102764
245
250001
31447
102764
245
102764
245
23098
39061
23098
39061
23098
31447
23098
245
23098
245
196535
66332
23098
35446
93744
66332
250001
66332
250001
66332
23098
31447
23098
31447
155127
66332
23098
245
23098
245
23098
245
250001
66332
23098
245
23098
31447
23098
245
23098
245
100680
66332
250001
31447
90681
245
159019
245
23098
39061
250001
35446
23098
39061
23098
39061
23098
39061
159019
31447
250001
31447
23098
39061
134107
245
102764
245
102764
245
23098
39061
102764
245
250001
31447
102764
245
102764
245
23098
39061
90681
245
159019
245
23098
31447
250001
31447
23098
31447
23098
31447
23098
31447
159019
35446
250001
66464
23098
31447
134107
245
102764
245
102764
245
23098
31447
102764
245
250001
66464
102764
245
102764
245
23098
31447
90681
37256
23098
245
90681
245
23098
245
23098
245
23098
245
90681
245
90681
245
23098
245
90681
31447
90681
37256
90681
37256
23098
245
90681
37256
90681
245
90681
37256
90681
37256
23098
245
23098
245
159019
245
23098
245
23098
245
23098
245
245935
245
159019
245
23098
245
134107
31447
102764
227825
102764
66332
23098
245
102764
52959
159019
245
102764
115218
102764
65864
23098
245
23098
35446
93744
66755
196535
66755
196535
66755
23098
31447
23098
31447
155127
66755
23098
245
23098
245
23098
245
196535
66755
23098
245
23098
31447
23098
245
23098
245
100680
66755
23098
35446
23098
35446
23098
35446
159019
31447
250001
31447
23098
35446
134107
245
102764
245
102764
245
23098
35446
102764
245
250001
31447
102764
245
102764
245
23098
35446
93744
101600
93744
137041
23098
31447
23098
31447
93744
115214
23098
245
23098
245
23098
245
93744
137041
23098
245
23098
31447
23098
245
23098
245
93744
75428
250001
101600
23098
31447
23098
31447
155127
101600
23098
245
23098
245
23098
245
250001
101600
23098
245
23098
31447
23098
245
23098
245
100680
75428
23098
31447
23098
31447
155127
115214
23098
245
23098
245
23098
245
250001
227825
23098
245
23098
31447
23098
245
23098
245
100680
75428
159019
35446
23098
31447
134107
245
102764
245
102764
245
23098
31447
102764
245
159019
35446
102764
245
102764
245
23098
31447
23098
31447
134107
245
102764
245
102764
245
23098
31447
102764
245
250001
227825
102764
245
102764
245
23098
31447
23098
245
23098
245
23098
245
155127
115214
23098
245
23098
31447
23098
245
23098
245
100680
75428
102764
31447
102764
31447
23098
245
102764
31447
134107
245
102764
31447
102764
31447
23098
245
175182
66332
23098
245
175182
52959
102764
245
175182
115218
250001
65864
23098
245
23098
245
236326
52959
102764
245
236326
66332
175182
65864
23098
245
23098
245
23098
31447
23098
245
23098
245
100680
75428
102764
245
250001
52959
175182
52959
23098
245
102764
245
102764
245
23098
31447
175182
65864
23098
245
23098
245
