179588
22308
74293
22308
250001
22308
26900
22308
250001
2531
157097
33136
95342
2531
30693
22308
76980
18438
7262
22308
77739
22308
107827
22308
250001
22308
7262
22308
7262
2531
250001
18438
222533
22308
48678
22308
7262
22308
26900
22308
8309
22308
250001
22308
55789
37896
95342
2531
179588
22308
67034
33136
25244
22308
77739
18438
95342
2531
93403
22308
7262
22308
250001
22308
250001
22308
74293
125822
179588
29944
26900
250001
179588
2531
157097
22308
95342
2531
30693
33136
76980
18438
7262
82281
77739
250001
107827
233774
179588
250001
7262
82281
7262
2531
179588
18438
179588
35941
48678
87371
7262
33136
26900
250001
8309
250001
179588
250001
55789
22308
95342
2531
244503
250001
67034
22308
25244
250001
77739
18438
95342
2531
93403
250001
7262
207967
179588
250001
179588
250001
74293
29944
26900
125822
74293
2531
74293
22308
74293
2531
30693
33136
74293
18438
7262
82281
74293
125822
74293
125822
74293
125822
7262
82281
7262
2531
74293
18438
74293
35941
48678
87371
7262
33136
26900
125822
8309
125822
74293
125822
55789
22308
74293
2531
74293
125822
67034
22308
25244
125822
74293
18438
74293
2531
74293
125822
7262
125822
74293
125822
74293
125822
26900
29944
250001
2531
157097
22308
95342
2531
30693
29944
76980
18438
7262
29944
77739
29944
107827
29944
250001
29944
7262
29944
7262
2531
250001
18438
222533
29944
48678
29944
7262
29944
26900
29944
8309
29944
250001
29944
55789
22308
95342
2531
179588
29944
67034
22308
25244
29944
77739
18438
95342
2531
93403
29944
7262
29944
250001
29944
250001
29944
26900
2531
26900
22308
26900
2531
26900
33136
26900
18438
7262
82281
26900
250001
26900
233774
26900
250001
7262
82281
7262
2531
26900
18438
26900
35941
26900
87371
7262
33136
107827
250001
8309
250001
26900
250001
26900
22308
26900
2531
26900
250001
26900
22308
25244
250001
26900
18438
26900
2531
26900
250001
7262
207967
26900
250001
26900
250001
157097
2531
95342
16650
30693
2531
76980
2531
7262
2531
77739
2531
107827
2531
250001
2531
7262
2531
7262
2566
250001
2531
222533
2531
48678
2531
7262
2531
26900
2531
8309
2531
250001
2531
55789
2531
95342
5942
179588
2531
67034
2531
25244
2531
77739
2531
95342
5942
93403
2531
7262
2531
250001
2531
250001
2531
95342
2531
30693
22308
76980
18438
7262
22308
77739
22308
107827
22308
157097
22308
7262
22308
7262
2531
157097
18438
157097
22308
48678
22308
7262
22308
26900
22308
8309
22308
157097
22308
55789
33136
95342
2531
157097
22308
67034
250001
25244
22308
77739
18438
95342
2531
93403
22308
7262
22308
157097
22308
157097
22308
30693
2531
76980
2531
7262
2531
77739
2531
95342
2531
95342
2531
7262
2531
7262
2566
95342
2531
95342
2531
48678
2531
7262
2531
26900
2531
8309
2531
95342
2531
55789
2531
222533
5942
95342
2531
67034
2531
25244
2531
77739
2531
250001
5942
93403
2531
7262
2531
95342
2531
95342
2531
30693
18438
7262
33136
30693
33136
30693
33136
30693
33136
7262
33136
7262
2531
30693
18438
30693
33136
30693
33136
7262
45029
26900
33136
8309
33136
30693
33136
30693
22308
30693
2531
30693
33136
30693
22308
25244
33136
30693
18438
30693
2531
30693
33136
7262
33136
30693
33136
30693
33136
7262
18438
76980
18438
76980
18438
76980
18438
7262
18438
7262
2531
76980
18458
76980
18438
48678
18438
7262
18438
26900
18438
8309
18438
76980
18438
55789
18438
76980
2531
76980
18438
67034
18438
25244
18438
76980
29944
76980
2531
76980
18438
7262
18438
76980
18438
76980
18438
7262
82281
7262
82281
7262
82281
59947
250001
7615
2531
7262
18438
7262
35941
7262
82281
7615
33136
7262
82281
7262
82281
7262
82281
7262
22308
7262
2531
7262
82281
7262
22308
7262
82281
7262
18438
7262
2531
7262
82281
7615
82281
7262
82281
7262
82281
77739
233774
77739
250001
7262
82281
7262
2531
77739
18438
77739
35941
48678
87371
7262
33136
26900
250001
8309
250001
77739
250001
55789
22308
77739
2531
77739
250001
67034
22308
25244
250001
81358
18438
77739
2531
77739
250001
7262
207967
77739
250001
77739
250001
107827
233774
7262
82281
7262
2531
107827
18438
107827
35941
48678
87371
7262
33136
26900
233774
8309
233774
107827
233774
55789
22308
95342
2531
107827
233774
67034
22308
25244
233774
77739
18438
95342
2531
93403
233774
7262
207967
107827
233774
107827
233774
7262
82281
7262
2531
250001
18438
222533
35941
48678
87371
7262
33136
26900
250001
8309
250001
250001
250001
55789
22308
95342
2531
179588
250001
67034
22308
25244
250001
77739
18438
95342
2531
93403
250001
7262
207967
250001
250001
250001
250001
7615
2531
7262
18438
7262
35941
7262
82281
7615
33136
7262
82281
7262
82281
7262
82281
7262
22308
7262
2531
7262
82281
7262
22308
7262
82281
7262
18438
7262
2531
7262
82281
7615
82281
7262
82281
7262
82281
7262
2531
7262
2531
7262
2531
19452
2531
7262
2531
7262
2531
7262
2531
7262
2531
7262
2566
7262
2531
7262
2531
7262
2531
7262
2531
7262
2566
7262
2531
25244
2531
7262
2531
7262
2531
222533
18438
48678
18438
7262
18438
26900
18438
8309
18438
250001
18438
55789
18438
95342
2531
179588
18438
67034
18438
25244
18438
77739
18458
95342
2531
93403
18438
7262
18438
250001
18438
250001
18438
48678
35941
7262
33136
26900
35941
8309
35941
222533
35941
55789
22308
95342
2531
179588
35941
67034
22308
25244
35941
77739
18438
95342
2531
93403
35941
7262
35941
222533
35941
222533
35941
7262
33136
26900
87371
8309
87371
48678
87371
48678
22308
48678
2531
48678
87371
48678
22308
25244
87371
48678
18438
48678
2531
48678
87371
7262
87371
48678
87371
48678
87371
7262
33136
7262
33136
7262
33136
7262
22308
7262
2531
7262
33136
7262
22308
7262
33136
7262
18438
7262
2531
7262
33136
19452
33136
7262
33136
7262
33136
8309
250001
26900
250001
26900
22308
26900
2531
26900
250001
26900
22308
25244
250001
26900
18438
26900
2531
26900
250001
7262
207967
26900
250001
26900
250001
8309
250001
8309
22308
8309
2531
8309
250001
8309
22308
8309
250001
8309
18438
8309
2531
8309
250001
7262
207967
8309
250001
8309
250001
55789
22308
95342
2531
179588
250001
67034
22308
25244
250001
77739
18438
95342
2531
93403
250001
7262
207967
250001
250001
250001
250001
55789
2531
55789
22308
55789
33136
25244
22308
55789
18438
55789
2531
55789
22308
7262
22308
55789
22308
55789
22308
95342
2531
67034
2531
25244
2531
77739
2531
222533
29038
93403
2531
7262
2531
95342
2531
95342
2531
67034
22308
25244
250001
77739
18438
95342
2531
93403
250001
7262
207967
179588
250001
179588
250001
25244
22308
67034
18438
67034
2531
67034
22308
7262
22308
67034
22308
67034
22308
25244
18438
25244
2531
25244
250001
7262
207967
25244
250001
25244
250001
77739
2531
77739
18438
7262
18438
77739
18438
77739
18438
93403
2531
7262
2531
95342
2531
95342
2531
7262
207967
93403
250001
93403
250001
7262
207967
7262
207967
250001
250001
