8306
46886
8016
46720
9018
46720
9018
46720
7228
46720
8306
46720
14534
46720
9018
19275
7228
46720
8306
46720
9018
46720
9018
46720
9018
46720
8306
46720
9018
46720
14534
46720
9018
27160
9018
46720
16684
19275
9018
46720
16684
46720
9018
46720
9018
30404
9018
46720
9018
46720
14534
46720
8016
19275
9018
46720
8306
46720
9018
46720
9018
46720
9018
46720
9018
46720
8306
46720
9018
30404
8016
46720
8306
46720
8306
46720
7228
46720
9834
46720
8306
46720
8306
19275
7228
46720
9834
46720
8306
46720
8306
46720
8306
46720
9834
46720
8306
46720
8306
46720
8306
27160
8306
46720
8306
19275
8306
46720
8306
46720
8306
46720
8306
30404
8306
46720
8306
46720
8306
46720
8016
19275
8306
46720
9834
46720
8306
46720
8306
46720
8306
46720
8306
46720
9018
46720
8306
30404
8016
250001
8016
46886
7228
250001
8016
228585
8016
250001
8016
19275
7228
81033
8016
81033
8016
63973
8016
81033
8016
47711
8016
165290
8016
46886
8016
250001
8016
27160
8016
156413
8016
19275
8016
56342
8016
186658
8016
48947
8016
30404
8016
186658
8016
46886
8016
186658
137149
19275
8016
47711
8016
250001
8016
186658
8016
134421
8016
46886
8016
250001
8016
90538
8016
30404
250001
46886
7228
250001
8306
228585
9018
250001
9558
19275
7228
81033
8306
81033
9834
63973
250001
81033
10017
47711
8306
165290
250001
46886
9018
250001
250001
27160
250001
156413
9018
19275
12006
56342
9018
186658
250001
48947
184213
30404
10778
186658
184213
46886
9018
186658
8016
19275
80966
47711
8306
250001
14038
186658
9558
134421
250001
46886
9558
250001
8306
90538
12006
30404
7228
46886
8306
46886
9018
46886
9558
19275
7228
46886
8306
46886
9834
46886
250001
46886
10017
46886
8306
46886
250001
47192
9018
46886
250001
27160
250001
46886
9018
19275
12006
46886
9018
46886
250001
46886
184213
30404
10778
46886
184213
47192
9018
46886
8016
19275
80966
46886
8306
46886
14038
46886
9558
46886
250001
47192
9558
46886
8306
46886
12006
30404
7228
228585
7228
250001
7228
19275
8016
81033
7228
81033
7228
63973
7228
81033
7228
47711
7228
165290
7228
46886
7228
250001
7228
27160
7228
156413
7228
19275
7228
56342
7228
186658
7228
48947
7228
30404
7228
186658
7228
46886
7228
186658
7228
19275
7228
47711
7228
250001
7228
186658
7228
134421
7228
46886
7228
250001
7228
90538
7228
30404
8306
228585
8306
19275
7228
81033
37762
81033
8306
63973
8306
81033
8306
47711
14038
165290
8306
46886
8306
228585
8306
27160
8306
156413
8306
19275
8306
56342
8306
186658
8306
48947
8306
30404
8306
186658
8306
46886
8306
186658
8016
19275
8306
47711
16149
228585
8306
186658
8306
134421
8306
46886
8306
228585
9018
90538
8306
30404
9018
19275
7228
81033
8306
81033
9018
63973
9018
81033
9018
47711
8306
165290
9018
46886
137149
250001
9018
27160
9018
156413
14534
19275
9018
56342
14534
186658
9018
48947
9018
30404
9018
186658
9018
46886
137149
186658
8016
19275
9018
47711
8306
250001
9018
186658
9018
134421
9018
46886
9018
250001
8306
90538
9018
30404
7228
19275
8306
19275
9558
19275
9558
19275
9558
19275
8306
19275
9558
19275
9018
19275
9558
19275
9558
19275
9018
27160
9558
19275
9018
19275
9558
19275
9558
19275
9558
19275
9558
19275
9018
19275
8016
250001
9558
19275
8306
19275
9558
19275
15453
19275
9558
19275
14534
19275
8306
19275
9558
19275
7228
250001
7228
63973
7228
250001
7228
47711
7228
81033
7228
46886
7228
81033
7228
27160
7228
81033
7228
19275
7228
56342
7228
81033
7228
48947
7228
30404
7228
81033
7228
46886
7228
81033
7228
19275
7228
47711
7228
81033
7228
81033
7228
81033
7228
46886
7228
81033
7228
81033
7228
30404
8306
63973
8306
250001
8306
47711
14038
81033
8306
46886
8306
81033
8306
27160
8306
81033
8306
19275
8306
56342
8306
81033
8306
48947
8306
30404
8306
81033
8306
46886
8306
81033
8016
19275
8306
47711
16149
81033
8306
81033
8306
81033
8306
46886
8306
81033
9018
81033
8306
30404
9834
63973
9834
47711
8306
63973
9834
46886
9018
63973
9834
27160
9834
63973
9018
19275
9834
56342
9018
63973
9834
48947
9834
30404
9834
63973
9834
46886
9018
63973
8016
19275
9834
47711
8306
63973
9834
63973
9558
63973
9834
46886
9558
63973
8306
63973
9834
30404
10017
47711
8306
81033
250001
46886
9018
81033
250001
27160
250001
81033
9018
19275
12006
56342
9018
81033
250001
48947
184213
30404
10778
81033
184213
46886
9018
81033
8016
19275
80966
47711
8306
81033
14038
81033
9558
81033
250001
46886
9558
81033
8306
81033
12006
30404
8306
47711
10017
46886
9018
47711
10017
27160
10017
47711
9018
19275
10017
47711
9018
47711
10017
47711
10017
30404
10017
47711
10017
46886
9018
47711
8016
19275
10017
144116
8306
47711
10017
47711
9558
47711
10017
46886
9558
47711
8306
47711
10017
30404
8306
46886
8306
165290
8306
27160
8306
156413
8306
19275
8306
56342
8306
165290
8306
48947
8306
30404
8306
165290
8306
46886
8306
165290
8016
19275
8306
47711
14038
165290
8306
165290
8306
134421
8306
46886
8306
165290
9018
90538
8306
30404
9018
46886
250001
27160
250001
46886
9018
19275
12006
46886
9018
46886
250001
46886
184213
30404
10778
46886
184213
47357
9018
46886
8016
19275
80966
46886
8306
46886
14038
46886
9558
46886
250001
47357
9558
46886
8306
46886
12006
30404
9018
27160
9018
156413
14534
19275
9018
56342
14534
186658
9018
48947
9018
30404
9018
186658
9018
46886
190639
186658
8016
19275
9018
47711
8306
250001
9018
186658
9018
134421
9018
46886
9018
250001
8306
90538
9018
30404
250001
27160
9018
19275
12006
27160
9018
27160
250001
27160
184213
27160
10778
27160
184213
27160
9018
27160
8016
19275
80966
27160
8306
27160
14038
27160
9558
27160
250001
27160
9558
27160
8306
27160
12006
27160
9018
19275
12006
56342
9018
156413
250001
48947
184213
30404
10778
156413
184213
46886
9018
156413
8016
19275
80966
47711
8306
156413
14038
156413
9558
134421
250001
46886
9558
156413
8306
90538
12006
30404
9018
19275
79593
19275
9018
19275
9018
19275
9018
19275
9018
19275
14534
19275
8016
27160
9018
19275
8306
19275
9018
19275
9018
19275
9018
19275
9018
19275
8306
19275
9018
19275
9018
56342
12006
48947
12006
30404
10778
56342
12006
46886
9018
56342
8016
19275
12006
47711
8306
56342
12006
56342
9558
56342
12006
46886
9558
56342
8306
56342
149049
30404
9018
48947
9018
30404
9018
250001
9018
46886
14534
250001
8016
19275
9018
47711
8306
186658
9018
250001
9018
134421
9018
46886
9018
186658
8306
90538
9018
30404
184213
30404
10778
48947
184213
46886
9018
48947
8016
19275
80966
47711
8306
48947
14038
48947
9558
48947
250001
46886
9558
48947
8306
48947
12006
30404
10778
30404
250001
30404
9018
30404
8016
19275
80966
30404
8306
30404
14038
30404
9558
30404
184213
30404
9558
30404
8306
30404
12006
47357
10778
46886
9018
250001
8016
19275
10778
47711
8306
186658
10778
250001
9558
134421
10778
46886
9558
186658
8306
90538
10778
30404
9018
46886
8016
19275
80966
46886
8306
46886
14038
46886
9558
46886
184213
48947
9558
46886
8306
46886
12006
30404
8016
19275
9018
47711
8306
186658
9018
250001
9018
134421
9018
46886
9018
186658
8306
90538
9018
30404
8016
19275
8016
19275
8016
19275
8016
19275
8016
19275
8016
19275
8016
19275
8016
19275
8306
47711
14038
47711
9558
47711
80966
46886
9558
47711
8306
47711
12006
30404
8306
186658
8306
134421
8306
46886
8306
250001
9018
90538
8306
30404
9558
134421
14038
46886
9558
186658
8306
90538
12006
30404
9558
46886
14534
134421
8306
90538
9558
30404
9558
46886
8306
46886
12006
30404
8306
90538
9558
30404
8306
30404
