24253
65972
24253
65959
24253
57356
24253
65972
35862
75723
24253
65972
41595
65972
24253
65972
24253
65959
41595
51788
24253
65972
24253
65972
24253
65972
24253
65972
24253
65972
24253
65972
24253
65972
24253
65972
24253
65972
24253
65972
24253
65972
24253
65972
24253
65972
24253
65972
41595
51788
24253
57356
24253
65972
21814
51788
21814
65972
24253
65972
24253
65972
24253
65972
57789
65959
57789
57356
57789
75686
24253
65972
57789
73491
24253
73491
57789
73491
57789
65959
24253
51788
35862
66189
57789
73750
57789
73750
57789
73123
57789
73123
57789
73750
35862
73123
57789
73491
57789
73750
35862
69217
57789
73123
57789
73750
57789
73123
57789
73123
24253
51788
57789
57356
57789
73123
21814
51788
21814
73491
57789
73491
57789
73123
57789
66189
250001
57356
110487
65959
24253
65959
67190
65959
24253
65959
110487
65959
204103
68069
24253
51788
35862
65959
250001
65959
250001
65959
110487
65959
204103
65959
96714
65959
35862
65959
67190
65959
250001
65959
35862
65959
67190
65959
110487
65959
179435
65959
62631
65959
24253
51788
179435
57356
204103
65959
21814
51788
21814
65959
96714
65959
151520
65959
250001
65959
110487
57356
24253
57356
67190
57356
24253
57356
110487
57356
204103
57356
24253
51788
35862
57356
250001
57356
250001
57356
110487
57356
204103
57356
96714
57356
35862
57356
67190
57356
250001
57356
35862
57356
67190
57356
110487
57356
179435
57356
62631
57356
24253
51788
179435
73491
204103
57356
21814
51788
21814
57356
96714
57356
151520
57356
250001
57356
24253
65972
67190
73491
24253
73491
179435
73491
110487
65959
24253
51788
35862
66189
110487
73750
110487
73750
210449
73123
110487
73123
96714
73750
35862
73123
67190
73491
110487
73750
35862
69217
67190
73123
250001
73750
110487
73123
62631
73123
24253
51788
110487
57356
110487
73123
21814
51788
21814
73491
96714
73491
110487
73123
110487
66189
24253
65972
35862
65972
24253
65972
24253
65959
35862
51788
24253
65972
24253
65972
24253
65972
24253
65972
24253
65972
24253
65972
24253
65972
24253
65972
24253
65972
24253
65972
24253
65972
24253
65972
24253
65972
24253
65972
35862
51788
24253
57356
24253
65972
21814
51788
21814
65972
24253
65972
24253
65972
24253
65972
24253
166416
67190
75629
67190
65959
24253
51788
35862
66189
67190
73491
67190
73491
67190
73123
67190
73123
67190
73491
35862
73123
250001
75629
67190
73491
35862
69217
250001
73123
67190
73491
67190
73123
62631
73123
24253
51788
67190
57356
67190
73123
21814
51788
21814
75629
67190
166416
67190
73123
67190
66189
24253
75629
24253
65959
62631
51788
24253
66189
24253
73491
24253
73491
24253
73123
24253
73123
24253
73491
24253
73123
24253
75629
24253
73491
24253
69217
24253
73123
24253
73491
24253
73123
24253
73123
62631
51788
24253
57356
24253
73123
21814
51788
21814
75629
24253
194659
24253
73123
24253
66189
110487
65959
24253
51788
35862
66189
110487
73491
110487
73491
179435
73123
110487
73123
96714
73491
35862
73123
67190
75979
110487
73491
35862
69217
67190
73123
179435
73491
110487
73123
62631
73123
24253
51788
110487
57356
110487
73123
21814
51788
21814
75979
96714
75629
110487
73123
110487
66189
24253
51788
35862
65959
204103
65959
204103
65959
110487
65959
210449
65959
96714
65959
35862
65959
67190
65959
204103
65959
35862
65959
67190
65959
110487
65959
179435
65959
62631
65959
24253
51788
179435
57356
219168
65959
21814
51788
21814
65959
96714
65959
151520
65959
204103
65959
24253
51788
24253
51788
24253
51788
24253
51788
24253
51788
24253
51788
24253
51788
24253
51788
24253
51788
24253
51788
24253
51788
24253
51788
24253
51788
24253
51788
96714
66189
24253
51788
24253
51788
21814
65972
21814
51788
24253
51788
24253
51788
24253
51788
35862
66189
35862
66189
35862
66189
35862
66189
35862
66189
79899
66189
35862
66189
35862
66189
96714
66189
35862
66189
35862
66189
35862
66189
35862
66189
24253
51788
35862
57356
35862
66189
21814
51788
21814
66189
35862
66189
35862
66189
35862
191141
250001
155713
110487
73123
204103
73123
96714
203543
35862
73123
67190
73491
250001
203543
35862
69217
67190
73123
110487
245854
179435
73123
62631
73123
24253
51788
179435
57356
204103
73123
21814
51788
21814
73491
96714
73491
151520
73123
250001
66189
110487
73123
204103
73123
96714
155713
35862
73123
67190
73491
250001
155713
35862
69217
67190
73123
110487
155713
179435
73123
62631
73123
24253
51788
179435
57356
204103
73123
21814
51788
21814
73491
96714
73491
151520
73123
250001
66189
110487
73130
96714
73123
35862
73130
67190
73123
110487
73123
35862
69217
67190
73130
210449
73123
110487
73130
62631
73750
24253
51788
110487
57356
110487
73124
21814
51788
21814
73123
96714
73123
110487
73491
110487
66189
96714
73123
35862
73750
67190
73123
204103
73123
35862
69217
67190
166416
110487
73123
179435
203859
62631
73130
24253
51788
179435
57356
210449
73124
21814
51788
21814
73123
96714
73123
151520
73130
204103
66189
35862
73123
67190
73491
96714
250001
35862
69217
67190
73123
96714
203543
96714
73123
62631
73123
24253
51788
96714
57356
96714
73123
21814
51788
21814
73491
250001
73491
96714
73123
96714
66189
35862
73123
35862
73123
79899
69217
35862
73750
35862
73123
35862
73750
35862
73130
24253
51788
35862
57356
35862
73124
21814
51788
21814
73123
35862
73123
35862
73130
35862
66189
67190
73491
35862
69217
250001
73123
67190
73491
67190
73123
62631
73123
24253
51788
67190
57356
67190
73123
21814
51788
21814
76347
67190
75629
67190
73123
67190
66189
35862
69217
67190
73123
110487
203543
179435
73123
62631
73123
24253
51788
179435
57356
204103
73123
21814
51788
21814
73491
96714
73491
151520
73123
250001
66189
35862
69217
35862
69217
35862
69217
35862
69217
24253
51788
35862
57356
35862
69217
21814
51788
21814
69217
35862
69217
35862
69217
35862
66189
67190
73123
67190
166416
62631
73130
24253
51788
67190
57356
67190
73124
21814
51788
21814
73123
67190
73123
67190
73130
67190
66189
110487
73123
62631
73123
24253
51788
110487
57356
110487
73123
21814
51788
21814
73491
96714
73491
110487
73123
110487
66189
62631
73130
24253
51788
204103
57356
179435
73124
21814
51788
21814
73123
96714
73123
151520
73130
179435
66189
24253
51788
62631
57356
62631
73124
21814
51788
21814
73123
62631
73123
62631
73491
62631
66189
24253
51788
24253
51788
21814
65972
21814
51788
24253
51788
24253
51788
24253
51788
179435
57356
21814
51788
21814
57356
96714
57356
151520
57356
179435
57356
21814
51788
21814
73123
96714
73123
151520
73124
204103
66189
68013
51788
21814
51788
21814
51788
21814
51788
21814
75629
21814
73123
21814
66189
96714
73123
96714
66189
151520
66189
