102112
56030
250001
48561
250001
48561
195330
48561
102112
48561
244742
49541
102112
49541
144106
49541
250001
49541
250001
48876
250001
49541
30733
49541
37137
48561
19390
49541
199283
56030
145834
48561
174793
49541
250001
48561
180422
48476
145917
49541
250001
49541
102112
49541
102112
49541
250001
49541
174793
48561
250001
48561
145895
48561
102112
48561
250001
48561
168742
48476
30733
48561
19390
49541
199283
49541
250001
48561
250001
48476
102112
48561
102112
48561
102112
48561
114730
48561
102112
49541
195330
49541
102112
49541
102112
49541
102112
48876
102112
49541
30733
49541
37137
48561
19390
49541
102112
70991
102112
48561
102112
49541
102112
48561
102112
48476
102112
49541
102112
49541
145834
49541
193620
49541
102112
49541
102112
48561
102112
48561
102112
48561
250001
48561
102112
48561
102112
48476
30733
48561
19390
49541
102112
49541
102112
48561
102112
48476
250001
49541
195330
49541
102112
49541
244742
48561
102112
48561
144106
48561
250001
48561
250001
48561
250001
48561
30733
48561
37137
49541
19390
48561
199283
48561
145834
49541
174793
48561
250001
49541
180422
48476
145917
48561
250001
48561
102112
48561
102112
48561
250001
48561
174793
70991
250001
49978
145895
48876
102112
49541
250001
49541
168742
48476
30733
55718
19390
48561
199283
48561
250001
59036
250001
48476
195330
62621
102112
79450
244742
48561
102112
48561
144106
48561
250001
48561
250001
48561
250001
48561
30733
48561
37137
78658
19390
48561
199283
48561
145834
79450
174793
48561
250001
79450
180422
48476
145917
48561
250001
48561
102112
48561
102112
48561
250001
48561
174793
49541
250001
49541
145895
48876
102112
79450
250001
69548
168742
48476
30733
49541
19390
48561
199283
48561
250001
49541
250001
48476
102112
62621
195330
48561
102112
48561
144106
48561
195330
48561
195330
48561
195330
48561
30733
48561
37137
62621
19390
48561
195330
48561
145834
62621
174793
48561
195330
62621
180422
48476
145917
48561
195330
48561
102112
48561
102112
48561
195330
48561
174793
49541
195330
49541
145895
48876
102112
62621
195330
62621
168742
48476
30733
49541
19390
48561
195330
48561
195330
49541
195330
48476
102112
48561
114730
48561
102112
48561
102112
48561
102112
48561
102112
48561
30733
48561
37137
78658
19390
48561
102112
48561
102112
92777
102112
48561
102112
92777
102112
48476
102112
48561
102112
48561
114730
48561
114730
48561
102112
48561
102112
49541
102112
49541
102112
48876
114730
92777
102112
69548
102112
48476
30733
49541
19390
48561
102112
48561
102112
49541
102112
48476
102112
139387
144106
78658
244742
78658
244742
48876
244742
139387
30733
55195
37137
48561
19390
86826
199283
49541
145834
48561
174793
87709
244742
48561
180422
48476
145917
62841
244742
86826
102112
139387
102112
139387
244742
86826
174793
48561
244742
48561
145895
48561
102112
48561
244742
48561
168742
48476
30733
48561
19390
139387
199283
52258
244742
48561
244742
48476
102112
78658
102112
78658
102112
48876
102112
167274
30733
55195
37137
48561
19390
86826
102112
49541
102112
48561
102112
87709
102112
48561
102112
48476
102112
62841
102112
86826
145834
167274
193620
167274
102112
86826
102112
48561
102112
48561
102112
48561
195330
48561
102112
48561
102112
48476
30733
48561
19390
150024
102112
52258
102112
48561
102112
48476
144106
107622
144106
48876
144106
78658
30733
55195
37137
48561
19390
78658
144106
49541
144106
48561
144106
78658
144106
48561
144106
48476
144106
62841
144106
78658
102112
78658
102112
78658
144106
78658
144106
48561
144106
48561
144106
48561
102112
48561
144106
48561
144106
48476
30733
48561
19390
78658
144106
52258
144106
48561
144106
48476
250001
48876
250001
78658
30733
55195
37137
48561
19390
78658
199283
49541
145834
48561
174793
78658
250001
48561
180422
48476
145917
62841
250001
78658
102112
78658
102112
78658
250001
78658
174793
48561
250001
48561
145895
48561
102112
48561
250001
48561
168742
48476
30733
48561
19390
78658
199283
52258
250001
48561
250001
48476
250001
48876
30733
48876
37137
48561
19390
48876
199283
48876
145834
48561
174793
48876
250001
48561
180422
48476
145917
48876
250001
48876
102112
48876
102112
48876
250001
48876
174793
48561
250001
48561
145895
48561
102112
48561
250001
48561
168742
48476
30733
48561
19390
48876
199283
48876
250001
48561
250001
48476
30733
55195
37137
48561
19390
86826
199283
49541
145834
48561
174793
87709
250001
48561
180422
48476
145917
62841
250001
86826
102112
169180
102112
172061
250001
86826
174793
48561
250001
48561
145895
48561
102112
48561
250001
48561
168742
48476
30733
48561
19390
150024
199283
52258
250001
48561
250001
48476
30733
48561
19390
55195
30733
49541
30733
48561
30733
55195
30733
48561
30733
48476
30733
55195
30733
55195
30733
55195
30733
55195
30733
55195
30733
48561
30733
48561
30733
48561
30733
48561
30733
48561
30733
48476
193620
48561
19390
55195
30733
52258
30733
48561
30733
48476
19390
48561
37137
48561
37137
78658
37137
48561
37137
78658
37137
48476
37137
48561
37137
48561
37137
48561
37137
48561
37137
48561
37137
49541
37137
49541
37137
48876
37137
78658
37137
69548
37137
48476
30733
49541
19390
48561
37137
48561
37137
49541
37137
48476
19390
49541
19390
48561
19390
86826
19390
48561
19390
48476
19390
62841
19390
87401
19390
86826
19390
86826
19390
87401
19390
48561
19390
48561
19390
48561
19390
48561
19390
48561
19390
48476
19390
48561
102112
86826
19390
52258
19390
48561
19390
48476
145834
48561
174793
49541
199283
48561
180422
48476
145917
49541
199283
49541
102112
49541
102112
49541
199283
49541
174793
48561
199283
48561
145895
48561
102112
48561
199283
48561
168742
48476
30733
48561
19390
49541
204264
49541
199283
48561
199283
48476
145834
48561
145834
167322
145834
48476
145834
48561
145834
48561
102112
48561
102112
48561
145834
48561
145834
49541
145834
49541
145834
48876
102112
102684
145834
69548
145834
48476
30733
49541
19390
48561
145834
48561
145834
49541
145834
48476
174793
48561
174793
48476
145917
62841
174793
86826
102112
87709
102112
87709
174793
86826
203102
48561
174793
48561
145895
48561
102112
48561
174793
48561
168742
48476
30733
48561
19390
87709
174793
52258
174793
48561
174793
48476
180422
48476
145917
48561
250001
48561
102112
48561
102112
48561
250001
48561
174793
49541
250001
49541
145895
48876
102112
102684
250001
69548
168742
48476
30733
49541
19390
48561
199283
48561
250001
49541
250001
48476
145917
48476
180422
48476
102112
48476
102112
48476
180422
48476
174793
48476
180422
48476
145895
48476
102112
48476
180422
48476
168742
49541
30733
48476
19390
48476
180422
48476
180422
48476
180422
49978
145917
62841
102112
62841
102112
62841
145917
62841
145917
48561
145917
48561
145895
48561
102112
48561
145917
48561
145917
48476
30733
48561
19390
62841
145917
52258
145917
48561
145917
48476
102112
86826
102112
86826
250001
106096
174793
48561
250001
48561
145895
48561
102112
48561
250001
48561
168742
48476
30733
48561
19390
86826
199283
52258
250001
48561
250001
48476
145834
169180
102112
86826
102112
48561
102112
48561
102112
48561
145834
48561
102112
48561
102112
48476
30733
48561
19390
150024
102112
52258
102112
48561
102112
48476
102112
86826
102112
48561
102112
48561
102112
48561
193620
48561
102112
48561
102112
48476
30733
48561
19390
150024
102112
52258
102112
48561
102112
48476
174793
48561
250001
48561
145895
48561
102112
48561
250001
48561
168742
48476
30733
48561
19390
86826
199283
52258
250001
48561
250001
48476
174793
49978
145895
48876
102112
49541
174793
49541
168742
48476
30733
55718
19390
48561
174793
48561
174793
59036
174793
48476
145895
48876
102112
49541
250001
49541
168742
48476
30733
49978
19390
48561
199283
48561
250001
49978
250001
48476
102112
48876
145895
48876
145895
48476
30733
48876
19390
48561
145895
48561
145895
48876
145895
48476
102112
69548
102112
48476
30733
49541
19390
48561
102112
48561
102112
49541
102112
48476
168742
48476
30733
49541
19390
48561
199283
48561
250001
49541
250001
48476
30733
48476
19390
48476
168742
48476
168742
48476
168742
49541
19390
48561
30733
48561
30733
55718
30733
48476
19390
52258
19390
48561
19390
48476
199283
48561
199283
48476
250001
48476
