209850
44630
209850
31578
47372
23839
209850
23839
47372
31578
63360
23839
47372
44630
112165
23839
209850
31578
209850
250001
209850
69089
209850
31578
122657
158068
250001
69089
121430
57903
209850
67083
209850
31578
209850
56662
209850
67083
209850
209916
209850
119701
41077
23839
209850
31578
47372
23839
59253
31578
112165
31578
121430
158068
209850
23839
209850
31578
250001
31578
47372
31578
41077
23839
209850
157641
249399
31578
47372
23839
250001
23839
47372
31578
63360
23839
47372
250001
112165
23839
250001
31578
250001
44630
250001
44630
250001
31578
122657
44630
209850
44630
121430
44630
250001
44630
216720
31578
216720
44630
250001
44630
250001
44630
250001
44630
41077
23839
250001
31578
47372
23839
59253
31578
112165
31578
121430
44630
250001
23839
250001
31578
209850
31578
47372
31578
41077
23839
250001
44630
47372
23839
249399
23839
47372
56662
63360
23839
47372
31578
112165
23839
249399
60677
249399
31578
249399
31578
249399
57528
122657
31578
209850
31578
121430
31578
249399
31578
216720
56662
216720
31578
249399
31578
249399
31578
249399
31578
41077
23839
249399
67083
47372
23839
59253
67852
112165
57903
121430
31578
249399
23839
249399
56662
209850
57528
47372
56662
41077
23839
249399
31578
47372
57024
59253
23839
47372
63147
112165
23839
47372
56662
47372
23839
47372
23839
47372
23839
47372
23839
47372
23839
47372
23839
47372
23839
47372
23839
47372
23839
47372
23839
47372
23839
47372
23839
47372
23839
41077
57024
47372
23839
63688
57024
47372
23839
47372
23839
47372
23839
47372
57024
47372
23839
47372
23839
112165
23839
41077
57024
47372
23839
47372
23839
63360
57024
47372
23839
112165
56662
250001
23839
250001
23839
250001
23839
250001
23839
122657
23839
209850
23839
121430
23839
250001
23839
216720
23839
216720
23839
250001
23839
250001
23839
250001
23839
41077
57367
250001
23839
47372
57367
59253
23839
112165
23839
121430
23839
250001
57367
250001
23839
209850
23839
47372
23839
41077
67600
250001
23839
47372
23839
59253
31578
47372
23839
47372
56662
47372
31578
47372
31578
47372
56662
47372
31578
47372
31578
47372
31578
47372
31578
47372
57903
47372
31578
47372
31578
47372
31578
47372
31578
41077
23839
47372
56662
59253
23839
47372
56662
47372
56662
47372
31578
47372
23839
47372
58337
47372
56662
59253
57903
41077
23839
47372
31578
47372
23839
63360
56662
63360
23839
63360
23839
63360
23839
63360
23839
63360
23839
63360
23839
63360
23839
63360
23839
63360
23839
63360
23839
63360
23839
63360
23839
63360
23839
41077
57024
63360
23839
47372
57024
59253
23839
63360
23839
63360
23839
63360
57024
63360
23839
63360
23839
47372
23839
41077
57024
63360
23839
47372
23839
47372
31578
47372
44630
47372
44630
47372
31578
47372
44630
47372
44630
47372
44630
47372
44630
47372
31578
47372
44630
47372
44630
47372
44630
47372
44630
41077
23839
47372
31578
63688
23839
47372
31578
47372
31578
47372
44630
47372
23839
47372
31578
47372
31578
216720
31578
41077
23839
47372
44630
112165
23839
112165
23839
112165
23839
112165
23839
112165
23839
112165
23839
112165
23839
112165
23839
112165
23839
112165
23839
112165
23839
112165
23839
112165
23839
41077
56662
112165
23839
47372
56662
59253
23839
196587
23839
112165
23839
112165
56662
112165
23839
112165
23839
47372
23839
41077
56662
112165
23839
250001
31578
250001
31578
250001
57528
122657
31578
209850
31578
121430
31578
250001
31578
216720
56662
216720
31578
250001
31578
250001
31578
250001
31578
41077
23839
250001
60677
47372
23839
59253
60677
112165
57903
121430
31578
250001
23839
250001
56662
209850
57528
47372
56662
41077
23839
250001
31578
250001
69089
250001
31578
122657
158068
209850
69089
121430
57903
250001
67083
216720
31578
216720
56662
250001
67083
250001
209916
250001
119701
41077
23839
250001
31578
47372
23839
59253
31578
112165
31578
121430
158068
250001
23839
250001
31578
209850
31578
47372
31578
41077
23839
250001
157641
250001
31578
122657
69089
209850
113145
121430
57903
250001
67083
216720
31578
216720
56662
250001
67083
250001
69089
250001
69089
41077
23839
250001
31578
47372
23839
59253
31578
112165
31578
121430
69089
250001
23839
250001
31578
209850
31578
47372
31578
41077
23839
250001
69089
122657
31578
209850
31578
121430
31578
250001
31578
216720
56662
216720
31578
250001
31578
250001
31578
250001
31578
41077
23839
250001
57528
47372
23839
59253
57528
112165
57528
121430
31578
250001
23839
250001
56662
209850
69089
47372
56662
41077
23839
250001
31578
122657
69089
121430
57903
122657
67083
122657
31578
122657
56662
122657
67083
122657
158068
122657
119701
41077
23839
122657
31578
47372
23839
59253
31578
112165
31578
121430
208883
122657
23839
122657
31578
122657
31578
47372
31578
41077
23839
122657
157641
121430
57903
209850
67083
209850
31578
209850
56662
209850
67083
209850
69089
209850
69089
41077
23839
209850
31578
47372
23839
59253
31578
112165
31578
121430
69089
209850
23839
209850
31578
250001
31578
47372
31578
41077
23839
209850
69089
121430
57903
121430
31578
121430
56662
121430
57903
121430
57903
121430
57903
41077
23839
121430
31578
47372
23839
59253
31578
112165
31578
216720
57903
121430
23839
121430
31578
121430
31578
47372
31578
41077
23839
121430
57903
216720
31578
216720
56662
250001
67600
250001
67083
250001
67083
41077
23839
250001
31578
47372
23839
59253
31578
112165
31578
121430
67083
250001
23839
250001
31578
209850
31578
47372
31578
41077
23839
250001
67083
250001
31578
216720
31578
216720
31578
216720
31578
41077
23839
216720
56662
47372
23839
59253
56662
112165
56662
121430
31578
216720
23839
216720
57903
209850
56662
47372
68402
41077
23839
216720
31578
216720
56662
216720
56662
216720
56662
41077
23839
216720
31578
47372
23839
59253
31578
112165
31578
121430
56662
216720
23839
216720
31578
209850
31578
47372
31578
41077
23839
216720
56662
250001
67083
250001
67083
41077
23839
250001
31578
47372
23839
59253
31578
112165
31578
121430
67083
250001
23839
250001
31578
209850
31578
47372
31578
41077
23839
250001
67083
250001
119701
41077
23839
250001
31578
47372
23839
59253
31578
112165
31578
121430
158068
250001
23839
250001
31578
209850
31578
47372
31578
41077
23839
250001
157641
41077
23839
250001
31578
47372
23839
59253
31578
112165
31578
121430
119701
250001
23839
250001
31578
209850
31578
47372
31578
41077
23839
250001
119701
41077
23839
41077
78465
41077
23839
41077
23839
41077
23839
41077
78465
41077
23839
41077
23839
41077
23839
47372
57367
41077
23839
47372
23839
59253
67083
112165
57903
121430
31578
250001
23839
250001
56662
209850
57528
47372
56662
41077
23839
250001
31578
47372
23839
47372
23839
47372
23839
47372
157391
47372
23839
47372
23839
63688
23839
41077
57367
47372
23839
59253
57903
59253
31578
59253
23839
59253
56662
59253
57528
47372
56662
41077
23839
59253
31578
112165
31578
112165
23839
112165
56662
112165
57528
47372
56662
41077
23839
112165
31578
121430
23839
121430
31578
121430
31578
47372
31578
41077
23839
121430
157641
250001
23839
209850
23839
47372
23839
41077
57367
250001
23839
209850
56662
47372
57903
41077
23839
250001
31578
47372
56662
41077
23839
209850
31578
41077
23839
47372
31578
41077
23839
