81151
58203
81151
58203
13805
48686
81151
58203
81151
47746
122193
30230
81151
58203
81151
58203
34251
58203
13805
58203
81151
58203
81151
20322
81151
58203
81151
58203
81151
30230
81151
58203
113815
58203
81151
58203
122193
58203
81151
58203
122193
178283
122193
30230
13805
155141
122193
51794
81151
155141
122193
51794
13805
41965
122193
216798
34251
58203
13805
48686
13805
58203
122193
58203
122193
58203
81151
58203
115188
48686
122193
58203
122193
49975
13805
20322
104527
250001
13805
48686
104527
152433
104527
47746
81151
30230
104527
155141
104527
250001
34251
209669
13805
122905
104527
155141
104527
20322
104527
250001
104527
98498
104527
30230
104527
250001
81151
196070
122220
213104
81151
61882
131506
250001
81151
58203
81151
30230
13805
58203
81151
51794
104527
58203
81151
51794
13805
41965
81151
58203
34251
155141
13805
48686
13805
118836
81151
155141
81151
98498
104527
220756
81151
48686
81151
155141
81151
49975
13805
20322
13805
48686
110675
152433
110675
47746
81151
30230
110675
155141
122090
250001
34251
209669
13805
122905
110675
155141
110675
20322
110675
250001
110675
98498
110675
30230
110675
250001
81151
196070
104527
213104
81151
61882
104527
250001
81151
58203
81151
30230
13805
58203
81151
51794
110675
58203
81151
51794
13805
41965
81151
58203
34251
155141
13805
48686
13805
118836
81151
155141
81151
98498
110675
220756
81151
48686
81151
155141
81151
49975
13805
20322
13805
48686
13805
47746
13805
30230
13805
48686
13805
48686
13805
48686
81151
48686
13805
48686
13805
20322
13805
48686
13805
48686
13805
30230
13805
48686
13805
48686
13805
48686
13805
48686
13805
48686
13805
48686
13805
30230
81151
48686
13805
48686
13805
48686
13805
48686
81151
41965
13805
48686
13805
48686
115188
58203
115188
48686
13805
48686
13805
48686
13805
48686
13805
250001
13805
48686
13805
48686
81151
20322
250001
47746
81151
30230
122090
152433
110675
152433
34251
152433
13805
122905
122090
152433
122090
20322
122090
152433
113815
98498
122090
30230
113815
152433
81151
152433
104527
152433
81151
61882
104527
152433
81151
58203
81151
30230
13805
58203
81151
51794
201828
58203
81151
51794
13805
41965
81151
58203
34251
152433
13805
48686
13805
118836
81151
152433
81151
98498
250001
152433
81151
48686
81151
152433
81151
49975
13805
20322
81151
30230
122090
47746
110675
47746
34251
47746
13805
47746
122090
47746
122090
20322
122090
47746
113815
47746
122090
30230
113815
47746
81151
47746
104527
47746
81151
47746
104527
47746
81151
47746
81151
30230
13805
47746
81151
47746
201828
47746
81151
47746
13805
41965
81151
47746
34251
47746
13805
47746
13805
47746
81151
47746
81151
47746
250001
47746
81151
47746
81151
47746
81151
47746
13805
20322
81151
30230
81151
30230
34251
30230
13805
30230
81151
30230
81151
20322
81151
30230
81151
30230
81151
142845
81151
30230
113815
30230
81151
30230
149899
30230
81151
30230
124466
30230
250001
142845
13805
30230
250001
30230
81151
30230
141558
30230
13805
30230
123893
30230
34251
30230
13805
30230
13805
30230
123893
30230
149899
30230
81151
30230
115188
30230
250001
30230
192235
30230
13805
20322
110675
155141
34251
155141
13805
122905
122220
182474
122220
20322
122220
155141
113815
98498
122220
30230
113815
155141
81151
155141
104527
155141
81151
61882
104527
155141
81151
58203
81151
30230
13805
58203
81151
51794
122090
58203
81151
51794
13805
41965
81151
58203
34251
157067
13805
48686
13805
118836
81151
229990
81151
98498
122090
155141
81151
48686
81151
216798
81151
49975
13805
20322
34251
209669
13805
122905
110675
155141
110675
20322
110675
250001
110675
98498
110675
30230
110675
250001
81151
196070
104527
213104
81151
61882
104527
250001
81151
58203
81151
30230
13805
58203
81151
51794
110675
58203
81151
51794
13805
41965
81151
58203
34251
155141
13805
48686
13805
118836
81151
155141
81151
98498
110675
220756
81151
48686
81151
155141
81151
49975
13805
20322
13805
122905
34251
155141
34251
20322
34251
209669
34251
98498
34251
30230
34251
209669
34251
196070
34251
209669
34251
61882
34251
209669
34251
58203
34251
30230
13805
58203
34251
51794
34251
58203
34251
51794
13805
41965
34251
58203
81151
155141
13805
48686
13805
118836
34251
155141
34251
98498
34251
209669
34251
48686
34251
155141
34251
49975
13805
20322
13805
122905
13805
20322
13805
122905
13805
98498
13805
30230
13805
122905
13805
122905
13805
122905
13805
61882
13805
122905
13805
58203
13805
30230
204653
58203
13805
51794
13805
58203
13805
51794
104527
41965
13805
58203
13805
122905
81151
48686
81151
118836
13805
122905
13805
98498
13805
122905
13805
48686
13805
122905
13805
49975
104527
20322
123893
20322
123893
155141
113815
98498
202390
30230
113815
155141
81151
155141
104527
155141
81151
61882
104527
155141
81151
58203
81151
30230
13805
58203
81151
51794
122090
58203
81151
51794
13805
41965
81151
58203
34251
157067
13805
48686
13805
118836
81151
182474
81151
98498
122090
155141
81151
48686
81151
182474
81151
49975
13805
20322
143810
20322
113815
20322
123893
20322
113815
20322
81151
20322
104527
20322
81151
20322
104527
20322
81151
20322
81151
20322
13805
20322
81151
20322
122090
20322
81151
20322
13805
20322
81151
20322
34251
20322
13805
20322
13805
20322
81151
20322
81151
20322
122090
20322
81151
20322
81151
20322
81151
20322
13805
45161
113815
98498
123893
30230
113815
250001
81151
196070
104527
213104
81151
61882
104527
250001
81151
58203
81151
30230
13805
58203
81151
51794
122090
58203
81151
51794
13805
41965
81151
58203
34251
155141
13805
48686
13805
118836
81151
155141
81151
98498
122090
220756
81151
48686
81151
155141
81151
49975
13805
20322
113815
30230
122259
98498
81151
98498
104527
98498
81151
61882
104527
98498
81151
58203
81151
30230
13805
58203
81151
51794
113815
58203
81151
51794
13805
41965
81151
58203
34251
98498
13805
48686
13805
98498
81151
98498
81151
157067
113815
98498
81151
48686
81151
98498
81151
49975
13805
20322
113815
30230
81151
30230
104527
30230
81151
30230
104527
30230
81151
30230
81151
161247
13805
30230
81151
30230
122090
30230
81151
30230
13805
30230
81151
30230
34251
30230
13805
30230
13805
30230
81151
30230
81151
30230
122090
30230
81151
30230
81151
30230
81151
30230
13805
20322
81151
196070
104527
213104
81151
61882
104527
250001
81151
58203
81151
30230
13805
58203
81151
51794
113815
58203
81151
51794
13805
41965
81151
58203
34251
155141
13805
48686
13805
118836
81151
155141
81151
98498
113815
220756
81151
48686
81151
155141
81151
49975
13805
20322
81151
196070
113815
61882
81151
196070
113815
58203
113815
30230
13805
58203
113815
51794
81151
58203
113815
51794
13805
41965
113815
58203
34251
155141
13805
48686
13805
118836
113815
155141
113815
98498
81151
196070
113815
48686
113815
155141
113815
49975
13805
20322
81151
61882
122220
213104
81151
58203
81151
30230
13805
58203
81151
51794
104527
58203
81151
51794
13805
41965
81151
58203
34251
155141
13805
48686
13805
118836
81151
155141
81151
98498
104527
213104
81151
48686
81151
155141
81151
49975
13805
20322
81151
61882
124466
58203
149899
30230
13805
58203
149899
51794
81151
58203
141558
51794
13805
41965
123893
58203
34251
61882
13805
48686
13805
61882
123893
61882
150663
61882
81151
61882
115188
48686
149899
61882
149899
49975
13805
20322
81151
58203
81151
30230
13805
58203
81151
51794
104527
58203
81151
51794
13805
41965
81151
58203
34251
155141
13805
48686
13805
118836
81151
155141
81151
98498
104527
220756
81151
48686
81151
155141
81151
49975
13805
20322
124466
30230
13805
155141
124466
51794
81151
155141
124466
51794
13805
41965
123893
178283
34251
58203
13805
48686
13805
58203
123893
58203
124466
58203
81151
58203
115188
48686
124466
58203
124466
49975
13805
20322
13805
30230
250001
30230
81151
30230
141558
30230
13805
30230
123893
30230
34251
30230
13805
30230
13805
30230
123893
30230
149899
30230
81151
30230
115188
30230
250001
30230
192235
30230
13805
20322
13805
51794
13805
213104
13805
51794
104527
41965
13805
155141
13805
58203
81151
48686
81151
58203
13805
58203
13805
58203
13805
58203
13805
48686
13805
58203
13805
49975
104527
20322
81151
51794
141558
154649
13805
41965
123893
51794
34251
51794
13805
48686
13805
51794
123893
51794
149899
51794
81151
51794
115188
48686
250001
51794
192235
49975
13805
20322
81151
51794
13805
41965
81151
155141
34251
58203
13805
48686
13805
58203
81151
58203
81151
58203
201828
58203
81151
48686
81151
58203
81151
49975
13805
20322
13805
41965
123893
51794
34251
51794
13805
48686
13805
51794
123893
51794
141558
51794
81151
51794
115188
48686
141558
51794
141558
49975
13805
20322
13805
41965
13805
41965
81151
41965
81151
41965
13805
41965
13805
41965
13805
41965
13805
41965
13805
41965
13805
41965
115188
20322
34251
58203
13805
48686
13805
58203
158771
58203
123893
58203
81151
58203
115188
48686
123893
58203
123893
49975
13805
20322
13805
48686
13805
118836
34251
157067
34251
98498
34251
155141
34251
48686
34251
157067
34251
49975
13805
20322
122193
48686
13805
48686
13805
48686
13805
48686
13805
58203
13805
48686
13805
48686
81151
20322
13805
118836
13805
98498
13805
118836
13805
48686
13805
118836
13805
49975
81151
20322
123893
98498
81151
155141
115188
48686
123893
216798
123893
49975
13805
20322
81151
98498
115188
48686
149899
98498
149899
49975
13805
20322
81151
48686
81151
155141
81151
49975
13805
20322
115188
48686
115188
48686
13805
20322
192235
49975
13805
20322
13805
20322
