40538
90820
9007
90820
22057
90820
40217
90820
40538
17469
40538
90820
40538
17469
9007
69288
9007
104145
13656
69288
13656
90820
9007
90820
13656
90820
40538
90820
40538
48641
21896
90820
32612
61985
9007
90820
40538
90820
9007
48641
40538
17469
40538
90820
13656
69735
40538
104145
40538
69735
40538
90820
40538
90820
40538
90820
13656
90820
13656
90820
13656
69735
13656
90820
9007
105318
22057
94718
40217
110932
40739
17469
86746
108067
40886
17469
9007
69288
9007
90820
13656
69288
13656
105408
9007
105408
13656
178009
61910
104145
42521
48641
21896
110932
32612
61985
9007
104145
108255
250001
9007
48641
108255
17469
111747
229395
13656
69735
40739
90820
40739
69735
108255
104145
63098
178198
40739
96787
13656
178009
13656
189292
13656
69735
13656
178009
9007
94718
9007
105318
9007
17469
9007
105318
9007
17469
29741
69288
40739
90820
9007
69288
9007
105318
29741
105318
9007
105318
9007
104145
9007
48641
9007
105318
9007
61985
29741
104145
9007
105318
10207
48641
9007
17469
9007
105318
9007
69735
9007
90820
9007
69735
9007
104145
9007
105318
9007
96787
9007
105318
9007
105318
9007
69735
9007
105318
22057
94718
22057
17469
22057
94718
22057
17469
9007
69288
9007
90820
13656
69288
13656
94718
9007
94718
13656
94718
22057
94718
22057
48641
21896
94718
22057
61985
9007
94718
22057
94718
9007
48641
22057
17469
22057
94718
13656
69735
22057
90820
22057
69735
22057
94718
22057
94718
22057
94718
13656
94718
13656
94718
13656
69735
13656
94718
40217
17469
40217
108067
40217
17469
9007
69288
9007
90820
13656
69288
13656
105408
9007
105408
13656
110932
40217
104145
40217
48641
21896
139419
32612
61985
9007
104145
40217
110932
9007
48641
40217
17469
40217
110932
13656
69735
40217
90820
40217
69735
40217
104145
40217
110932
40217
96787
13656
110932
13656
110932
13656
69735
13656
110932
40739
17469
40739
61985
9007
17469
9007
17469
13656
17469
13656
17469
9007
17469
13656
17469
40739
17469
40739
17469
21896
17469
32612
17469
9007
17469
40739
17469
9007
17469
40739
96787
40739
17469
13656
17469
102886
17469
41899
17469
40739
17469
40739
17469
108255
17469
13656
17469
13656
17469
13656
17469
13656
17469
40886
17469
9007
69288
9007
90820
13656
69288
13656
105408
9007
105408
13656
108067
61910
104145
42521
48641
21896
108067
32612
61985
9007
104145
86746
108067
9007
48641
86746
17469
86746
108067
13656
69735
40739
90820
40739
69735
86746
104145
63098
108067
40739
96787
13656
108067
13656
108067
13656
69735
13656
108067
9007
17469
9007
17469
13656
17469
13656
17469
9007
17469
13656
17469
40886
17469
40886
17469
21896
17469
32612
17469
9007
17469
40886
17469
9007
17469
40886
61985
40886
17469
13656
17469
40739
17469
40739
17469
40886
17469
40886
17469
40739
17469
13656
17469
13656
17469
13656
17469
13656
17469
29741
69288
9007
69342
9007
69288
52381
69288
9007
69288
9007
69288
9007
48641
9007
69288
9007
61985
40739
69288
9007
69288
10207
48641
9007
17469
9007
69288
9007
69288
9007
69288
9007
69288
9007
69288
9007
69288
9007
69288
9007
69288
9007
69288
9007
69288
9007
69288
9007
69288
9007
90820
29741
90820
9007
90820
9007
90820
9007
48641
9007
90820
9007
61985
29741
90820
9007
90820
10207
48641
9007
17469
9007
90820
9007
69735
9007
147172
9007
69735
9007
90820
9007
90820
9007
90820
9007
90820
9007
90820
9007
69735
9007
90820
41005
69288
9007
69288
16515
69288
13656
69288
13656
48641
13656
69288
13656
61985
9007
69288
13656
69288
9007
48641
13656
17469
13656
69288
40739
69288
13656
69288
13656
69288
13656
69288
13656
69288
13656
69288
34010
69288
16083
69288
41899
69288
34010
69288
9007
244307
16515
105408
13656
104145
13656
48641
13656
105408
13656
61985
9007
104145
13656
105408
9007
48641
13656
17469
13656
105408
40739
69735
13656
90820
13656
69735
13656
104145
13656
105408
13656
96787
34010
105408
16083
105408
41005
69735
34010
105408
9007
105408
9007
104145
9007
48641
9007
105408
9007
61985
40739
104145
9007
105408
10207
48641
9007
17469
9007
105408
9007
69735
9007
90820
9007
69735
9007
104145
9007
105408
9007
96787
9007
105408
9007
105408
9007
69735
9007
105408
13656
104145
13656
48641
13656
110932
13656
61985
9007
104145
13656
178009
9007
48641
13656
17469
13656
178009
16515
69735
13656
90820
13656
69735
13656
104145
13656
178009
13656
96787
16515
250001
16083
178009
16515
69735
16515
250001
42521
48641
21896
104145
32612
61985
9007
117645
61910
104145
9007
48641
61910
17469
61910
104145
13656
69735
40739
90820
40739
69735
61910
105318
61910
104145
40739
96787
13656
104145
13656
104145
13656
69735
13656
104145
21896
48641
32612
48641
9007
48641
42521
48641
9007
94718
42521
17469
42521
48641
13656
48641
40739
48641
40739
48641
42521
48641
42521
48641
40739
48641
13656
48641
13656
48641
13656
48641
13656
48641
21896
61985
9007
104145
21896
110932
9007
48641
21896
17469
21896
110932
13656
69735
21896
90820
21896
69735
21896
104145
21896
110932
21896
96787
13656
110932
13656
110932
13656
69735
13656
110932
9007
61985
32612
61985
9007
48641
32612
17469
32612
61985
13656
61985
32612
61985
32612
61985
32612
61985
32612
61985
32612
61985
13656
61985
13656
61985
13656
61985
13656
61985
9007
104145
10207
48641
9007
17469
9007
104145
9007
69735
9007
90820
9007
69735
9007
105318
9007
104145
9007
96787
9007
104145
9007
104145
9007
69735
9007
104145
9007
48641
131382
17469
108255
229395
13656
69735
40739
90820
40739
69735
117965
104145
63098
178198
40739
96787
13656
178009
13656
189292
13656
69735
13656
178009
9007
17469
9007
48641
9007
48641
9007
48641
9007
48641
9007
48641
9007
48641
9007
48641
9007
48641
9007
48641
9007
48641
9007
48641
108255
17469
13656
17469
40739
17469
40739
17469
117965
17469
63098
17469
40739
17469
13656
17469
13656
17469
13656
17469
13656
17469
13656
69735
40739
90820
40739
69735
108255
104145
63098
178198
40739
96787
13656
178009
13656
189292
13656
69735
13656
178009
13656
69735
13656
250001
13656
69735
13656
69735
13656
69735
34010
69735
16083
69735
40739
104145
34010
69735
41899
69735
40739
90820
40739
90820
102886
90820
13656
90820
13656
90820
13656
69735
13656
90820
40739
69735
40739
69735
41899
69735
13656
69735
13656
69735
13656
104145
13656
69735
63098
104145
40739
96787
13656
104145
13656
104145
13656
69735
13656
104145
40739
96787
13656
178009
13656
178198
13656
69735
13656
178009
13656
96787
13656
96787
13656
69735
13656
96787
16083
178009
34010
69735
41902
250001
16083
69735
16083
178009
34010
69735
