43287
2401
43287
24396
43287
108292
43287
49020
43287
166350
32509
167432
43287
7529
43287
24396
43287
142856
43287
142856
43287
24396
43287
49020
43287
24396
43287
24396
43287
142856
43287
49370
32509
49020
43287
142856
43287
142856
43287
2401
43287
167432
43287
24396
43287
142856
43287
24396
43287
49020
43287
24396
43287
142856
43287
49020
43287
49370
43287
49020
43287
49020
43287
24396
43287
49020
43287
24396
43287
24396
197272
2401
112397
2401
57165
2401
197272
2401
32509
2401
250001
2401
250001
2401
57165
2401
57165
2401
57165
2401
57165
2401
57169
2401
57165
2401
57165
2401
250001
2401
32509
2401
57165
2401
57165
2401
45445
7529
69839
2401
57169
2401
57165
2401
57165
2401
44322
2401
57165
2401
57165
2401
57165
2401
137503
2401
141700
2401
165778
2401
57169
2401
57169
2401
137503
2401
113071
2401
112397
24396
57165
24396
250001
24396
32509
24396
197272
7529
197272
215699
57165
24396
57165
24396
57165
144598
57165
24396
57169
242229
57165
132236
57165
24396
197272
24396
32509
24396
57165
24396
57165
24396
45445
2401
69839
24396
57169
144598
57165
24396
57165
166350
44322
24396
57165
144598
57165
24396
57165
24396
137503
24396
141700
24396
165778
24396
57169
204002
57169
24396
137503
144598
113071
132236
57165
49020
112397
108292
32509
108292
112397
7529
112397
24396
57165
108292
57165
108292
57165
24396
57165
49020
57169
24396
57165
24396
57165
108292
112397
49370
32509
49020
57165
108292
57165
108292
45445
2401
69839
108292
57169
24396
57165
108292
57165
24396
44322
49020
57165
24396
57165
108292
57165
49020
112397
49370
112397
49020
112397
49020
57169
24396
57169
49020
112397
24396
112397
24396
57165
49020
32509
49020
57165
7529
57165
24396
81392
49020
81392
49020
81392
24396
69550
225681
57165
24396
81392
24396
81392
49020
57165
49020
32509
119559
81392
49020
81392
49020
45445
2401
57165
49020
57165
24396
81392
49020
81392
24396
44322
108292
81392
24396
81392
49020
81392
111293
57165
49020
57165
111293
57165
131955
57165
24396
57165
250001
57165
24396
57165
24396
32509
166350
197272
7529
197272
24396
57165
142856
57165
142856
57165
24396
57165
49020
57169
24396
57165
24396
57165
142856
197272
49370
32509
49020
57165
142856
57165
142856
45445
2401
69839
166350
57169
24396
57165
142856
57165
24396
44322
49020
57165
24396
57165
142856
57165
49020
137503
49370
141700
49020
165778
49020
57169
24396
57169
49020
137503
24396
113071
24396
32509
7529
32509
24396
32509
142856
32509
142856
32509
24396
32509
49020
32509
24396
32509
24396
32509
142856
32509
49370
43287
49020
32509
142856
32509
142856
32509
2401
32509
225681
32509
24396
32509
142856
32509
24396
32509
49020
32509
24396
32509
142856
32509
49020
32509
49370
32509
49020
32509
49020
32509
24396
32509
49020
32509
24396
32509
24396
250001
7529
57165
7529
57165
7529
57165
7529
57165
7529
57169
7529
57165
7529
57165
7529
250001
7529
32509
7529
57165
7529
57165
7529
45445
2401
69839
7529
57169
7529
57165
7529
57165
7529
44322
7529
57165
7529
57165
7529
57165
7529
137503
7529
141700
7529
165778
7529
57169
7529
57169
7529
137503
7529
113071
7529
57165
24396
57165
24396
57165
144598
57165
24396
57169
215699
57165
132236
57165
24396
250001
24396
32509
24396
57165
24396
57165
24396
45445
2401
69839
24396
57169
144598
57165
24396
57165
166350
44322
24396
57165
144598
57165
24396
57165
24396
137503
24396
141700
24396
165778
24396
57169
204002
57169
24396
137503
144598
113071
132236
157669
175036
112397
24396
69550
49020
57165
24396
112397
24396
137503
175036
57165
49370
32509
49020
137503
175036
137503
175036
45445
2401
57165
142856
57165
24396
137503
175036
112397
24396
44322
49020
112397
24396
137503
175036
112397
49020
57165
49370
57165
49020
57165
49020
57165
24396
57165
49020
57165
24396
57165
24396
112397
24396
69550
49020
57165
24396
112397
24396
137503
216747
57165
49370
32509
49020
137503
248575
137503
206654
45445
2401
57165
142856
57165
24396
137503
205882
112397
24396
44322
49020
112397
24396
137503
248575
112397
49020
57165
49370
57165
49020
57165
49020
57165
24396
57165
49020
57165
24396
57165
24396
69550
24396
57165
144598
113071
132236
112397
24396
57165
24396
32509
24396
112397
24396
112397
24396
45445
2401
57165
24396
57165
157126
112397
24396
137503
144598
44322
24396
137503
157126
112397
24396
197272
24396
57165
24396
57165
24396
57165
24396
57165
144598
57165
24396
57165
158418
57165
132236
57165
24396
69550
24396
69550
49020
57165
49020
32509
119559
69550
49020
69550
49020
45445
2401
57165
49020
57165
24396
69550
49020
69550
24396
44322
108292
69550
24396
69550
49020
69550
111293
57165
49020
57165
111293
57165
131955
57165
24396
57165
225681
57165
24396
57165
24396
57165
132236
57165
24396
57169
24396
32509
24396
57165
24396
57165
24396
45445
2401
57169
24396
121921
144598
57165
24396
57165
166350
44322
24396
57165
144598
57165
24396
57165
24396
57169
24396
57169
24396
57169
24396
121921
204002
121921
24396
57169
144598
57169
132236
112397
24396
57165
24396
32509
24396
112397
24396
112397
24396
45445
2401
57165
24396
57165
132236
112397
24396
113071
132236
44322
24396
113071
132236
112397
24396
113071
24396
57165
24396
57165
24396
57165
24396
57165
132236
57165
24396
57165
132236
57165
225682
57165
49370
32509
49020
197272
216747
175788
206654
45445
2401
57165
142856
57165
24396
250001
205882
112397
24396
44322
49020
112397
24396
250001
216747
112397
49020
57165
49370
57165
49020
57165
49020
57165
24396
57165
49020
57165
24396
57165
24396
32509
49020
57165
49370
57165
49370
45445
2401
69839
49370
57169
24396
57165
49370
57165
24396
44322
49020
57165
24396
57165
49370
57165
49020
137503
111293
141700
49020
165778
49020
57169
24396
57169
49020
137503
24396
113071
24396
32509
49020
32509
49020
32509
2401
32509
49020
32509
24396
32509
49020
32509
24396
32509
108292
32509
24396
32509
49020
32509
111293
32509
49020
32509
111293
32509
119559
32509
24396
32509
119559
32509
24396
32509
24396
175788
206654
45445
2401
57165
142856
57165
24396
197272
205882
112397
24396
44322
49020
112397
24396
197272
250001
112397
49020
57165
49370
57165
49020
57165
49020
57165
24396
57165
49020
57165
24396
57165
24396
45445
2401
57165
142856
57165
24396
175788
205882
112397
24396
44322
49020
112397
24396
175788
206654
112397
49020
57165
49370
57165
49020
57165
49020
57165
24396
57165
49020
57165
24396
57165
24396
45445
2401
45445
2401
45445
2401
45445
2401
44322
2401
45445
2401
45445
2401
45445
2401
45445
2401
45445
2401
45445
2401
45445
2401
45445
2401
45445
2401
45445
2401
57169
24396
57165
142856
57165
24396
44322
49020
57165
24396
57165
142856
57165
49020
69839
49370
69839
49020
69839
49020
57169
24396
57169
49020
69839
24396
69839
24396
57165
24396
57165
144598
44322
24396
57165
159053
57165
24396
57165
24396
57169
24396
57169
24396
57169
24396
137503
144598
137503
24396
57169
157126
57169
132236
112397
24396
44322
49020
112397
24396
250001
205882
112397
49020
57165
49370
57165
49020
57165
49020
57165
24396
57165
49020
57165
24396
57165
24396
44322
24396
192328
144598
112397
24396
137503
24396
57165
24396
57165
24396
57165
24396
57165
166350
57165
24396
57165
144598
57165
132236
44322
24396
44322
49020
44322
108292
44322
49020
44322
108292
44322
108292
44322
24396
44322
108292
44322
24396
44322
24396
112397
24396
137503
24396
57165
24396
57165
24396
57165
24396
57165
144598
57165
24396
57165
157126
57165
132236
112397
49020
57165
49370
57165
49020
57165
49020
57165
24396
57165
49020
57165
24396
57165
24396
57165
49020
57165
246208
57165
111293
57165
24396
57165
111293
57165
24396
57165
24396
137503
49020
137503
49020
57169
24396
57169
49020
197272
24396
113071
24396
141700
111293
57169
24396
57169
111293
137503
24396
113071
24396
57169
24396
57169
131955
137503
24396
113071
24396
165778
24396
57169
144598
57169
132236
57169
24396
57169
24396
113071
132236
