17631
86122
17631
250001
17631
250001
17631
250001
17631
30802
17631
250001
17631
250001
17631
86122
17631
250001
17631
16012
17631
250001
17631
37057
17631
250001
17631
47550
17631
250001
17631
47699
17631
250001
17631
126913
17631
250001
17631
33457
17206
250001
17631
250001
17631
16012
17631
86122
17631
250001
17631
250001
17631
86122
17631
85657
17631
250001
17631
30802
17631
86122
17631
33457
17206
250001
17631
66010
17631
250001
17631
250001
17631
128440
73790
86122
70817
86122
70817
86122
70817
30802
70817
86122
70817
86122
70817
109192
70817
86122
70817
16012
73790
86122
70817
37057
73790
86122
70817
47550
70817
86122
70817
47699
70817
86122
70817
86122
70817
86122
70817
33457
17206
86122
70817
86122
70817
16012
70817
109192
73790
86122
70817
86122
70817
250001
70817
85657
70817
86122
70817
30802
70817
149853
70817
33457
17206
86122
70817
66010
70817
86122
70817
86122
70817
86122
70817
250001
70817
250001
70817
30802
70817
250001
70817
250001
70817
86122
70817
250001
70817
16012
73938
250001
70817
37057
73938
250001
70817
47550
70817
250001
70817
47699
70817
250001
70817
126913
70817
250001
70817
33457
17206
250001
70817
250001
70817
16012
70817
86122
75274
250001
70817
250001
70817
86122
70817
85657
70817
250001
70817
30802
70817
86122
70817
33457
17206
250001
70817
66010
70817
250001
70817
250001
70817
128440
73938
250001
112159
30802
112159
250001
112159
250001
112159
86122
112159
250001
112159
16012
70817
250001
112159
37057
70817
250001
112159
47550
112159
250001
112159
47699
112159
250001
112159
126913
77024
250001
112159
33457
17206
250001
83308
250001
112159
16012
112159
86122
70817
250001
250001
250001
86773
86122
83308
85657
112159
250001
112159
30802
250001
86122
112159
33457
17206
250001
112159
66010
112159
250001
112159
250001
250001
128440
73938
30802
73938
250001
73938
250001
73938
86122
73938
250001
73938
16012
70817
250001
73938
37057
70817
250001
73938
47550
73938
250001
73938
47699
73938
250001
73938
126913
73938
250001
73938
33457
17206
250001
73938
250001
73938
16012
73938
86122
70817
250001
73938
250001
73938
86122
73938
85657
73938
250001
73938
30802
73938
86122
73938
33457
17206
250001
73938
66010
73938
250001
73938
250001
73938
128440
250001
30802
250001
30802
194796
30802
226573
30802
250001
16012
70817
30802
250001
30802
70817
30802
239081
30802
250001
30802
155286
30802
159654
30802
250001
30802
77024
30802
202263
30802
17206
30802
83308
30802
250001
16012
188046
30802
70817
30802
112159
30802
86773
30802
83308
30802
250001
30802
188046
47550
112159
30802
250001
30802
17206
30802
250001
30802
250001
30802
208406
30802
112159
30802
250001
250001
194796
86122
226573
250001
250001
16012
70817
250001
250001
37057
70817
250001
239081
47550
250001
250001
155286
47699
159654
250001
250001
126913
77024
250001
202263
33457
17206
250001
83308
250001
250001
16012
188046
86122
70817
250001
112159
250001
86773
86122
83308
85657
250001
250001
188046
30802
112159
86122
250001
33457
17206
250001
250001
66010
250001
250001
208406
250001
112159
128440
194796
86122
226573
250001
250001
16012
70817
250001
250001
37057
70817
250001
239081
47550
250001
250001
155286
47699
159654
250001
250001
126913
77024
250001
202263
33457
17206
250001
83308
250001
250001
16012
188046
86122
70817
250001
112159
250001
86773
86122
83308
85657
250001
250001
188046
30802
112159
86122
250001
33457
17206
250001
250001
66010
250001
250001
208406
250001
112159
128440
194796
86122
194796
16012
70817
86122
194796
37057
70817
86122
194796
47550
194796
86122
155286
47699
159654
86122
194796
86122
77024
86122
194796
33457
17206
86122
83308
86122
194796
16012
188046
129881
70817
86122
112159
86122
86773
109192
83308
85657
194796
86122
188046
30802
112159
109192
194796
33457
17206
86122
194796
66010
194796
86122
194796
86122
112159
86122
226573
16012
70817
250001
226573
37057
70817
250001
226573
47550
226573
250001
155286
47699
159654
250001
226573
126913
77024
250001
202263
33457
17206
250001
83308
250001
226573
16012
188046
86122
70817
250001
112159
250001
86773
86122
83308
85657
226573
250001
188046
30802
112159
86122
226573
33457
17206
250001
226573
66010
226573
250001
208406
250001
112159
128440
70817
16012
250001
16012
70817
16012
239081
16012
250001
16012
155286
16012
159654
16012
250001
16012
77024
16012
202263
16012
17206
16012
83308
16012
250001
30802
188046
16012
70817
16012
112159
16012
86773
16012
83308
16012
250001
16012
188046
16012
112159
16012
250001
16012
17206
16012
250001
16012
250001
16012
208406
16012
112159
16012
70817
37057
159654
250001
70817
47550
70817
250001
70817
47699
70817
250001
70817
126913
70817
250001
70817
33457
17206
250001
70817
250001
70817
16012
70817
86122
73938
250001
70817
250001
70817
86122
70817
85657
70817
250001
70817
30802
70817
86122
70817
33457
17206
250001
70817
66010
70817
250001
70817
250001
70817
128440
70817
37057
239081
37057
250001
37057
155286
37057
159654
37057
250001
37057
77024
37057
202263
33457
17206
37057
83308
37057
250001
16012
188046
37057
70817
37057
112159
37057
86773
37057
83308
37057
250001
37057
188046
30802
112159
37057
250001
33457
17206
37057
250001
37057
250001
37057
208406
37057
112159
37057
70817
47550
70817
250001
70817
47699
70817
250001
70817
126913
70817
250001
70817
33457
17206
250001
70817
250001
70817
16012
70817
86122
73938
250001
70817
250001
70817
86122
70817
85657
70817
250001
70817
30802
70817
86122
70817
33457
17206
250001
70817
66010
70817
250001
70817
250001
70817
128440
239081
47550
155286
47550
159654
47550
239081
47550
77024
47550
202263
33457
17206
47550
83308
47550
239081
16012
188046
47550
70817
47550
112159
47550
86773
47550
83308
47550
239081
47550
188046
30802
112159
47550
239081
33457
17206
47550
239081
47550
239081
47550
208406
47550
112159
47550
155286
47699
159654
250001
250001
126913
77024
250001
202263
33457
17206
250001
83308
250001
250001
16012
188046
86122
70817
250001
112159
250001
86773
86122
83308
85657
250001
250001
188046
30802
112159
86122
250001
33457
17206
250001
250001
66010
250001
250001
208406
250001
112159
128440
155286
47699
155286
47699
77024
47699
155286
33457
17206
47699
83308
47699
155286
16012
155286
47699
70817
47699
112159
47699
86773
47699
83308
47699
155286
47699
155286
30802
112159
47699
155286
33457
17206
47699
155286
47699
155286
47699
155286
47699
112159
47699
159654
126913
77024
250001
159654
33457
17206
250001
83308
250001
159654
16012
159654
86122
70817
250001
112159
250001
86773
86122
83308
85657
159654
250001
159654
30802
112159
86122
159654
33457
17206
250001
159654
66010
159654
250001
159654
250001
112159
128440
77024
126913
202263
33457
17206
126913
83308
126913
250001
16012
188046
86122
70817
126913
112159
126913
86773
86122
83308
85657
250001
126913
188046
30802
112159
86122
250001
33457
17206
126913
250001
66010
250001
126913
208406
126913
112159
126913
77024
33457
17206
250001
77024
250001
77024
16012
77024
86122
70817
250001
77024
250001
77024
86122
77024
85657
77024
250001
77024
30802
77024
86122
77024
33457
17206
250001
77024
66010
77024
250001
77024
250001
77024
128440
17206
33457
83308
33457
202263
16012
188046
33457
70817
33457
112159
33457
86773
33457
83308
33457
202263
33457
188046
30802
112159
33457
202263
53665
17206
33457
202263
33457
202263
33457
202263
33457
112159
33457
17206
250001
17206
16012
17206
86122
17206
250001
17206
250001
17206
86122
17206
85657
17206
250001
17206
30802
17206
86122
17206
33457
17631
250001
17206
66010
17206
250001
17206
250001
17206
128440
83308
16012
83308
86122
70817
250001
83308
250001
83308
86122
142708
85657
83308
250001
83308
30802
83308
86122
83308
33457
17206
250001
83308
66010
83308
250001
83308
250001
83308
128440
188046
16012
70817
16012
112159
16012
86773
16012
83308
16012
250001
16012
188046
16012
112159
16012
250001
16012
17206
16012
250001
16012
250001
16012
208406
16012
112159
16012
70817
86122
112159
86122
86773
109192
83308
85657
188046
86122
250001
30802
112159
109192
188046
33457
17206
86122
188046
66010
188046
86122
188046
86122
112159
86122
70817
250001
70817
86122
70817
85657
70817
250001
70817
30802
70817
86122
70817
33457
17206
250001
70817
66010
70817
250001
70817
250001
70817
128440
86773
86122
83308
85657
112159
250001
112159
30802
250001
86122
112159
33457
17206
250001
112159
66010
112159
250001
112159
250001
250001
128440
83308
85657
86773
86122
86773
30802
86773
149853
86773
33457
17206
86122
86773
66010
86773
86122
86773
86122
86773
86122
83308
85657
83308
30802
188046
30802
83308
85657
112159
86122
83308
33457
250001
33457
17206
85657
17206
250001
83308
66010
250001
66010
83308
85657
250001
250001
83308
85657
208406
250001
83308
85657
112159
128440
112159
30802
188046
30802
17206
30802
188046
30802
188046
30802
188046
30802
112159
30802
112159
33457
17206
86122
112159
66010
112159
86122
112159
86122
250001
86122
17206
33457
250001
33457
250001
33457
208406
33457
112159
33457
17206
66010
17206
250001
17206
250001
17206
128440
250001
66010
208406
66010
112159
66010
208406
250001
112159
128440
112159
128440
