38952
18175
18561
18175
34799
18175
38952
18175
94814
18175
70837
18175
60319
18175
98972
18175
34799
18175
36748
11806
44779
18175
7276
46009
36748
18175
2716
18175
53843
18175
36748
18175
98972
18175
60319
18175
7276
9902
86278
18175
86278
18175
60319
18175
53843
18175
98972
18175
86278
18175
86278
18175
7276
18175
60319
18175
7276
18175
60319
18175
83967
18175
7276
18175
7276
18175
98972
18175
60319
7890
38844
18175
34799
18175
38378
18175
86278
18175
87902
18175
38952
18175
38952
18175
34799
18175
86278
18175
2716
18175
86278
18175
86278
18175
13946
18175
80507
7890
38952
18175
86278
18175
98972
18175
86278
18175
7276
18175
7276
18175
7276
18175
34799
18175
70837
18175
7276
18175
27202
18175
7276
18175
7276
18175
7276
18175
86278
18175
7276
18175
98972
18175
38952
18175
13946
18175
86278
18175
38952
12448
18561
72919
34799
76066
83967
122610
38952
72919
38952
91063
38952
122610
38952
72919
34799
29382
36748
11806
38952
87621
7276
18175
36748
29382
2716
122610
38952
70835
36748
29382
38952
29269
38952
29382
7276
9902
38952
122610
38952
29382
38952
29382
38952
70835
38952
29382
38952
29382
38952
29382
7276
46009
38952
72919
7276
46009
38952
107595
38952
107595
7276
46009
7276
46009
38952
70835
38952
7890
38844
29382
34799
129250
38378
29382
38952
29382
38952
72919
87576
122610
67560
107595
34799
20558
38952
29382
2716
70835
38952
29382
38952
122610
13946
71507
38952
7890
87576
129250
38952
29382
38952
72919
38952
122610
7276
129250
7276
94413
7276
46009
34799
86543
38952
91063
7276
129250
27202
46009
7276
74039
7276
46009
7276
46009
38952
122610
7276
46009
38952
29269
87576
122610
13946
71507
38952
70835
80507
12448
18561
72919
18561
72919
18561
125418
18561
72919
18561
72919
18561
129906
18561
29382
18561
11806
18561
72919
7276
18175
18561
29382
2716
72919
18561
70835
18561
29382
18561
29269
18561
29382
7276
9902
18561
72919
18561
29382
18561
29382
18561
70835
18561
29382
18561
29382
18561
29382
7276
46009
18561
131174
7276
46009
18561
72919
18561
72919
7276
46009
7276
46009
18561
70835
18561
7890
18561
29382
18561
72919
18561
29382
18561
29382
18561
132098
18561
72919
18561
72919
18561
20558
18561
29382
2716
70835
18561
29382
18561
72919
13946
71507
18561
7890
18561
72919
18561
29382
18561
132098
18561
72919
7276
72919
7276
72919
7276
46009
18561
72919
18561
72919
7276
72919
18561
46009
7276
72919
7276
46009
7276
46009
18561
72919
7276
46009
18561
29269
18561
72919
13946
71507
18561
70835
18561
12448
34799
76066
34799
72919
34799
76066
34799
76066
34799
72919
35728
29382
34799
11806
34799
76066
7276
18175
34799
29382
2716
76066
34799
70835
34799
29382
34799
29269
34799
29382
7276
9902
34799
76066
34799
29382
34799
29382
34799
70835
34799
29382
34799
29382
34799
29382
7276
46009
34799
72919
7276
46009
34799
76066
34799
76066
7276
46009
7276
46009
34799
70835
34799
7890
34799
29382
48076
76066
34799
29382
34799
29382
34799
72919
34799
76066
34799
76066
35096
20558
34799
29382
2716
70835
34799
29382
34799
76066
13946
71507
34799
7890
34799
76066
34799
29382
34799
72919
34799
76066
7276
76066
7276
76066
7276
46009
48076
76066
34799
76066
7276
76066
27202
46009
7276
74039
7276
46009
7276
46009
34799
76066
7276
46009
34799
29269
34799
76066
13946
71507
34799
70835
34799
12448
38952
72919
38952
91063
38952
130383
38952
72919
34799
29382
36748
11806
38952
87621
7276
18175
36748
29382
2716
129962
38952
70835
36748
29382
38952
29269
38952
29382
7276
9902
38952
130383
38952
29382
38952
29382
38952
70835
38952
29382
38952
29382
38952
29382
7276
46009
38952
72919
7276
46009
38952
107595
38952
107595
7276
46009
7276
46009
38952
70835
38952
7890
38844
29382
34799
122610
38378
29382
38952
29382
38952
72919
83967
130383
67560
107595
34799
20558
38952
29382
2716
70835
38952
29382
38952
150926
13946
71507
38952
7890
83967
122610
38952
29382
38952
72919
38952
130383
7276
122610
7276
94413
7276
46009
34799
86543
38952
91063
7276
122610
27202
46009
7276
74039
7276
46009
7276
46009
38952
131174
7276
46009
38952
29269
83967
130383
13946
71507
38952
70835
80507
12448
70837
72919
60319
72919
94814
125418
34799
29382
36748
11806
44779
72919
7276
18175
36748
29382
2716
72919
53843
70835
36748
29382
94814
29269
60319
29382
7276
9902
86278
72919
86278
29382
60319
29382
53843
70835
94814
29382
86278
29382
86278
29382
7276
46009
60319
125418
7276
46009
60319
72919
83967
72919
7276
46009
7276
46009
94814
70835
60319
7890
38844
29382
34799
72919
38378
29382
86278
29382
87902
125418
38952
72919
38952
72919
34799
20558
86278
29382
2716
70835
86278
29382
86278
72919
13946
71507
80507
7890
38952
72919
86278
29382
94814
125418
86278
72919
7276
72919
7276
72919
7276
46009
34799
72919
70837
72919
7276
72919
27202
46009
7276
72919
7276
46009
7276
46009
86278
72919
7276
46009
94814
29269
38952
72919
13946
71507
86278
70835
38952
12448
60319
91063
70837
72919
34799
29382
36748
11806
44779
87621
7276
18175
36748
29382
2716
91063
53843
70835
36748
29382
70837
29269
60319
29382
7276
9902
70837
91063
70837
29382
60319
29382
53843
70835
70837
29382
70837
29382
70837
29382
7276
46009
60319
72919
7276
46009
60319
91063
70837
91063
7276
46009
7276
46009
70837
70835
60319
7890
38844
29382
34799
91063
38378
29382
70837
29382
70837
72919
38952
91063
38952
91063
34799
20558
70837
29382
2716
70835
70837
29382
70837
91063
13946
71507
70837
7890
38952
91063
70837
29382
70837
72919
70837
91063
7276
91063
7276
91063
7276
46009
34799
86543
94814
129906
7276
91063
27202
46009
7276
74039
7276
46009
7276
46009
70837
91063
7276
46009
70837
29269
38952
91063
13946
71507
70837
70835
38952
12448
60319
72919
34799
29382
36748
11806
44779
87621
7276
18175
36748
29382
2716
129962
53843
70835
36748
29382
60319
29269
95603
29382
7276
9902
60319
136398
60319
29382
83967
29382
53843
70835
60319
29382
60319
29382
60319
29382
7276
46009
86278
72919
7276
46009
100449
107595
60319
107595
7276
46009
7276
46009
60319
70835
86278
7890
38844
29382
34799
122610
38378
29382
60319
29382
60319
72919
38952
151814
38952
107595
34799
20558
60319
29382
2716
70835
60319
29382
60319
130383
13946
71507
60319
7890
38952
122610
60319
29382
60319
72919
60319
202553
7276
122610
7276
94413
7276
46009
34799
86543
60319
91063
7276
122610
27202
46009
7276
74039
7276
46009
7276
46009
60319
130383
7276
46009
60319
29269
38952
131575
13946
71507
60319
70835
38952
12448
34799
29382
36748
11806
44779
72919
7276
18175
36748
29382
2716
72919
53843
70835
36748
29382
161388
29269
60319
29382
7276
9902
86278
72919
86278
29382
60319
29382
53843
70835
175924
29382
86278
29382
86278
29382
7276
46009
60319
129906
7276
46009
60319
72919
83967
72919
7276
46009
7276
46009
198822
70835
60319
7890
38844
29382
34799
72919
38378
29382
86278
29382
87902
129906
38952
72919
38952
72919
34799
20558
86278
29382
2716
70835
86278
29382
86278
72919
13946
71507
80507
7890
38952
72919
86278
29382
198822
129906
86278
72919
7276
72919
7276
72919
7276
46009
34799
72919
70837
72919
7276
72919
27202
46009
7276
72919
7276
46009
7276
46009
86278
72919
7276
46009
161388
29269
38952
72919
13946
71507
86278
70835
38952
12448
34799
11806
34799
29382
7276
18175
34799
130921
2716
29382
34799
29382
34799
130921
34799
29269
34799
111415
7276
9902
34799
29382
34799
70648
34799
70648
34799
29382
34799
70648
34799
111415
34799
111415
7276
29382
34799
29382
7276
29382
34799
29382
34799
29382
7276
29382
7276
29382
34799
29382
34799
7890
34799
130921
35728
29382
34799
130921
34799
111415
34799
29382
34799
29382
34799
29382
35096
20558
34799
70648
2716
29382
34799
130921
34799
29382
13946
29382
34799
7890
34799
29382
34799
129753
34799
29382
34799
29382
7276
29382
7276
29382
7276
29382
35728
29382
34799
29382
7276
29382
27202
29382
7276
29382
7276
29382
7276
29382
34799
29382
7276
29382
34799
29269
34799
29382
13946
29382
34799
29382
34799
12448
36748
11806
7276
11806
38844
11806
2716
11806
36748
11806
45728
11806
36748
11806
36748
11806
7276
9902
36748
11806
36748
11806
36748
11806
36748
11806
36748
11806
36748
11806
36748
11806
7276
11806
36748
11806
7276
11806
36748
11806
36748
11806
7276
11806
7276
11806
36748
11806
36748
7890
36748
11806
34799
11806
36748
11806
36748
11806
36748
11806
36748
11806
36748
11806
34799
11806
36748
11806
2716
11806
36748
11806
36748
11806
13946
11806
36748
7890
36748
11806
36748
11806
36748
11806
36748
11806
7276
11806
7276
11806
7276
11806
34799
11806
36748
11806
7276
11806
27202
11806
7276
11806
7276
11806
7276
11806
36748
11806
7276
11806
36748
11806
36748
11806
13946
11806
36748
11806
36748
11806
7276
18175
36748
29382
2716
87621
44779
70835
36748
29382
44779
29269
44779
29382
7276
9902
44779
87621
44779
29382
44779
29382
44779
70835
44779
29382
44779
29382
44779
29382
7276
46009
44779
72919
7276
46009
44779
87621
44779
87621
7276
46009
7276
46009
44779
70835
44779
7890
38844
29382
34799
87621
38378
29382
44779
29382
44779
72919
38952
87621
38952
87621
34799
20558
44779
29382
2716
70835
44779
29382
44779
87621
13946
71507
44779
7890
38952
87621
44779
29382
44779
72919
44779
87621
7276
87621
7276
87621
7276
46009
34799
86543
44779
87621
7276
87621
27202
46009
7276
74039
7276
46009
7276
46009
44779
87621
7276
46009
44779
29269
38952
87621
13946
71507
44779
70835
38952
12448
7276
18175
2716
18175
7276
18175
7276
18175
7276
18175
7276
18175
27202
9902
7276
18175
7276
18175
7276
18175
7276
18175
7276
18175
7276
18175
7276
18175
126760
18175
7276
18175
60319
18175
7276
18175
7276
18175
60319
18175
18561
18175
7276
18175
7276
7890
7276
18175
7276
18175
7276
18175
7276
18175
7276
18175
7276
18175
7276
18175
7276
18175
7276
18175
2716
18175
7276
18175
7276
18175
7276
18175
7276
7890
7276
18175
7276
18175
7276
18175
7276
18175
38952
18175
27202
18175
60319
18175
7276
18175
7276
18175
44779
18175
7276
18175
64172
18175
110528
18175
60319
18175
7276
18175
60319
18175
7276
18175
7276
18175
7276
18175
7276
18175
7276
12448
2716
29382
36748
29382
38844
132098
36748
29269
36748
111415
7276
9902
36748
29382
36748
70648
36748
70648
36748
29382
36748
70648
36748
111415
36748
111415
7276
29382
36748
29382
7276
29382
36748
29382
36748
29382
7276
29382
7276
29382
36748
29382
36748
7890
36748
131174
34799
29382
36748
132098
36748
111415
36748
29382
36748
29382
36748
29382
34799
20558
36748
70648
2716
29382
36748
132098
36748
29382
13946
29382
36748
7890
36748
29382
36748
129753
36748
29382
36748
29382
7276
29382
7276
29382
7276
29382
34799
29382
36748
29382
7276
29382
27202
29382
7276
29382
7276
29382
7276
29382
36748
29382
7276
29382
36748
29269
36748
29382
13946
29382
36748
29382
36748
12448
2716
70835
2716
29382
2716
29269
2716
29382
2716
9902
2716
129962
2716
29382
2716
29382
2716
70835
2716
29382
2716
29382
2716
29382
2716
46009
2716
72919
2716
46009
2716
107595
2716
107595
2716
46009
2716
46009
2716
70835
2716
7890
2716
29382
2716
122610
2716
29382
2716
29382
2716
72919
2716
129962
2716
107595
2716
20558
2716
29382
35728
70835
2716
29382
2716
129962
2716
71507
2716
7890
2716
122610
2716
29382
2716
72919
2716
129962
2716
122610
2716
94413
2716
46009
2716
86543
2716
91063
2716
122610
2716
46009
2716
74039
2716
46009
2716
46009
2716
129962
2716
46009
2716
29269
2716
129962
2716
71507
2716
70835
2716
12448
36748
29382
53843
29269
53843
29382
7276
9902
53843
70835
53843
29382
53843
29382
87902
107732
53843
29382
53843
29382
53843
29382
7276
46009
53843
70835
7276
46009
53843
70835
53843
70835
7276
46009
7276
46009
53843
87621
53843
7890
38844
29382
34799
70835
38378
29382
53843
29382
53843
70835
38952
70835
38952
70835
34799
20558
53843
29382
2716
87621
53843
29382
53843
70835
13946
70835
53843
7890
38952
70835
53843
29382
53843
70835
53843
70835
7276
70835
7276
70835
7276
46009
34799
70835
53843
70835
7276
70835
27202
46009
7276
70835
7276
46009
7276
46009
53843
70835
7276
46009
53843
29269
38952
70835
13946
70835
53843
78942
38952
12448
36748
29269
36748
111415
7276
9902
36748
29382
36748
70648
36748
70648
36748
29382
36748
70648
36748
111415
36748
111415
7276
29382
36748
29382
7276
29382
36748
29382
36748
29382
7276
29382
7276
29382
36748
29382
36748
7890
36748
131174
34799
29382
36748
133996
36748
111415
36748
29382
36748
29382
36748
29382
34799
20558
36748
70648
2716
29382
36748
133996
36748
29382
13946
29382
36748
7890
36748
29382
36748
129753
36748
29382
36748
29382
7276
29382
7276
29382
7276
29382
34799
29382
36748
29382
7276
29382
27202
29382
7276
29382
7276
29382
7276
29382
36748
29382
7276
29382
36748
29269
36748
29382
13946
29382
36748
29382
36748
12448
60319
29269
7276
9902
86278
29269
86278
29269
60319
29269
53843
29269
161388
29269
86278
29269
86278
29269
7276
29269
60319
29269
7276
29269
60319
29269
83967
29269
7276
29269
7276
29269
161388
29269
60319
7890
38844
29269
34799
29269
38378
29269
86278
29269
87902
29269
38952
29269
38952
29269
34799
20558
86278
29269
2716
29269
86278
29269
86278
29269
13946
29269
80507
7890
38952
29269
86278
29269
161388
29269
86278
29269
7276
29269
7276
29269
7276
29269
34799
29269
70837
29269
7276
29269
27202
29269
7276
29269
7276
29269
7276
29269
86278
29269
7276
29269
235736
250001
38952
29269
13946
29269
86278
29269
38952
12448
7276
9902
60319
29382
60319
70648
83967
70648
53843
29382
60319
70648
60319
130921
60319
130921
7276
29382
86278
29382
7276
29382
95603
29382
60319
29382
7276
29382
7276
29382
60319
29382
86278
7890
38844
111415
34799
29382
38378
111415
60319
129371
60319
29382
38952
29382
38952
29382
34799
20558
60319
70648
2716
29382
60319
111415
60319
29382
13946
29382
60319
7890
38952
29382
60319
111415
60319
29382
60319
29382
7276
29382
7276
29382
7276
29382
34799
29382
60319
29382
7276
29382
27202
29382
7276
29382
7276
29382
7276
29382
60319
29382
7276
29382
60319
29269
38952
29382
13946
29382
60319
29382
38952
12448
7276
9902
7276
9902
7276
9902
7276
9902
7276
9902
7276
9902
7276
9902
27202
9902
7276
9902
27202
9902
7276
9902
7276
9902
27202
9902
18561
9902
7276
9902
7276
7890
7276
9902
7276
9902
7276
9902
7276
9902
7276
9902
7276
9902
7276
9902
7276
9902
7276
9902
2716
9902
7276
9902
7276
9902
7276
9902
7276
7890
7276
9902
7276
9902
7276
9902
7276
9902
27202
9902
210940
9902
27202
9902
7276
9902
7276
9902
27202
9902
7276
9902
27202
9902
27202
9902
27202
9902
7276
9902
27202
9902
7276
9902
7276
9902
7276
9902
7276
9902
7276
9902
87902
29382
60319
29382
53843
70835
86278
29382
87902
29382
87902
29382
7276
46009
60319
72919
7276
46009
60319
107595
83967
107595
7276
46009
7276
46009
86278
70835
60319
7890
38844
29382
34799
122610
38378
29382
87902
29382
86278
72919
38952
136398
38952
107595
34799
20558
87902
29382
2716
70835
87902
29382
87902
130383
13946
71507
80507
7890
38952
122610
87902
29382
86278
72919
87902
136398
7276
122610
7276
94413
7276
46009
34799
86543
70837
91063
7276
122610
27202
46009
7276
74039
7276
46009
7276
46009
87902
130383
7276
46009
86278
29269
38952
131575
13946
71507
87576
70835
38952
12448
60319
70835
53843
29382
86278
70835
111850
70648
111850
70648
7276
29382
60319
29382
7276
29382
60319
29382
83967
29382
7276
29382
7276
29382
86278
29382
60319
7890
38844
70648
34799
29382
38378
70648
88661
70648
86278
29382
38952
29382
38952
29382
34799
20558
111850
87621
2716
29382
88661
70648
95603
29382
13946
29382
80507
7890
38952
29382
111850
70648
86278
29382
95603
29382
7276
29382
7276
29382
7276
29382
34799
29382
70837
29382
7276
29382
27202
29382
7276
29382
7276
29382
7276
29382
95603
29382
7276
29382
86278
29269
38952
29382
13946
29382
87576
29382
38952
12448
53843
29382
60319
129906
60319
70648
60319
70648
7276
29382
83967
29382
7276
29382
83967
29382
60319
29382
7276
29382
7276
29382
60319
29382
83967
7890
38844
70648
34799
29382
38378
70648
60319
70648
60319
29382
38952
29382
38952
29382
34799
20558
60319
70835
2716
29382
60319
70648
60319
29382
13946
29382
60319
7890
38952
29382
60319
70648
60319
29382
60319
29382
7276
29382
7276
29382
7276
29382
34799
29382
60319
29382
7276
29382
27202
29382
7276
29382
7276
29382
7276
29382
60319
29382
7276
29382
60319
29269
38952
29382
13946
29382
60319
29382
38952
12448
53843
29382
53843
29382
53843
29382
7276
46009
53843
70835
7276
46009
53843
70835
53843
70835
7276
46009
7276
46009
53843
87621
53843
7890
38844
29382
34799
70835
38378
29382
53843
29382
53843
70835
38952
70835
38952
70835
34799
20558
53843
29382
2716
87621
53843
29382
53843
70835
13946
70835
53843
7890
38952
70835
53843
29382
53843
70835
53843
70835
7276
70835
7276
70835
7276
46009
34799
70835
53843
70835
7276
70835
27202
46009
7276
70835
7276
46009
7276
46009
53843
70835
7276
46009
53843
29269
38952
70835
13946
70835
53843
78942
38952
12448
86278
70648
86278
70648
7276
29382
60319
29382
7276
29382
60319
29382
83967
29382
7276
29382
7276
29382
175924
29382
60319
7890
38844
70648
34799
29382
38378
70648
86278
70648
87902
29382
38952
29382
38952
29382
34799
20558
86278
70835
2716
29382
86278
70648
86278
29382
13946
29382
80507
7890
38952
29382
86278
70648
175924
29382
86278
29382
7276
29382
7276
29382
7276
29382
34799
29382
70837
29382
7276
29382
27202
29382
7276
29382
7276
29382
7276
29382
86278
29382
7276
29382
161388
29269
38952
29382
13946
29382
86278
29382
38952
12448
162697
131333
7276
29382
60319
29382
7276
29382
60319
29382
83967
29382
7276
29382
7276
29382
86278
29382
60319
7890
38844
111415
34799
29382
38378
111415
88661
129371
86278
29382
38952
29382
38952
29382
34799
20558
162697
70648
2716
29382
88661
111415
95603
29382
13946
29382
80507
7890
38952
29382
128516
111415
86278
29382
95603
29382
7276
29382
7276
29382
7276
29382
34799
29382
70837
29382
7276
29382
27202
29382
7276
29382
7276
29382
7276
29382
95603
29382
7276
29382
86278
29269
38952
29382
13946
29382
87576
29382
38952
12448
7276
29382
60319
29382
7276
29382
60319
29382
83967
29382
7276
29382
7276
29382
86278
29382
60319
7890
38844
111415
34799
29382
38378
111415
88661
129371
86278
29382
38952
29382
38952
29382
34799
20558
169964
70648
2716
29382
88661
111415
95603
29382
13946
29382
80507
7890
38952
29382
128516
111415
86278
29382
95603
29382
7276
29382
7276
29382
7276
29382
34799
29382
70837
29382
7276
29382
27202
29382
7276
29382
7276
29382
7276
29382
95603
29382
7276
29382
86278
29269
38952
29382
13946
29382
87576
29382
38952
12448
7276
46009
60319
129906
7276
46009
7276
46009
60319
77835
18561
220809
7276
46009
7276
7890
7276
29382
7276
46009
7276
29382
7276
29382
7276
46009
7276
46009
7276
46009
7276
20558
7276
29382
2716
46009
7276
29382
7276
46009
7276
46009
7276
7890
7276
46009
7276
29382
7276
46009
7276
46009
38952
46009
27202
46009
60319
73138
7276
46009
7276
46009
44779
46009
7276
76145
64172
46009
110528
65683
60319
131174
7276
46009
60319
59797
7276
29269
7276
46009
7276
46009
7276
46009
7276
12448
7276
46009
86278
72919
60319
72919
7276
46009
7276
46009
60319
70835
120885
7890
38844
29382
34799
72919
38378
29382
60319
29382
60319
131174
38952
72919
38952
72919
34799
20558
60319
29382
2716
70835
60319
29382
60319
72919
13946
71507
60319
7890
38952
72919
60319
29382
60319
131174
60319
72919
7276
72919
7276
72919
7276
46009
34799
72919
60319
72919
7276
72919
27202
46009
7276
72919
7276
46009
7276
46009
60319
72919
7276
46009
60319
29269
38952
72919
13946
71507
60319
70835
38952
12448
7276
46009
7276
46009
95763
77835
18561
129906
7276
46009
7276
7890
7276
29382
7276
46009
7276
29382
7276
29382
7276
46009
7276
46009
7276
46009
7276
20558
7276
29382
2716
46009
7276
29382
7276
46009
7276
46009
7276
7890
7276
46009
7276
29382
7276
46009
7276
46009
38952
46009
27202
46009
89320
73138
7276
46009
7276
46009
44779
46009
7276
76145
60319
46009
60319
65683
106825
129906
7276
46009
87576
59797
7276
29269
7276
46009
7276
46009
7276
46009
7276
12448
60319
129906
7276
46009
7276
46009
60319
70835
86278
7890
38844
29382
34799
107595
38378
29382
60319
29382
60319
72919
38952
107595
38952
130418
34799
20558
60319
29382
2716
70835
60319
29382
60319
107595
13946
71507
60319
7890
38952
107595
60319
29382
60319
72919
60319
107595
7276
107595
7276
94413
7276
46009
34799
86543
60319
91063
7276
107595
27202
46009
7276
74039
7276
46009
7276
46009
60319
107595
7276
46009
60319
29269
38952
107595
13946
71507
60319
70835
38952
12448
7276
46009
7276
46009
83967
70835
60319
7890
38844
29382
34799
107595
38378
29382
83967
29382
83967
72919
38952
107595
38952
129906
34799
20558
83967
29382
2716
70835
83967
29382
83967
107595
13946
71507
80507
7890
38952
107595
83967
29382
83967
72919
83967
107595
7276
107595
7276
94413
7276
46009
34799
86543
70837
91063
7276
107595
27202
46009
7276
74039
7276
46009
7276
46009
83967
107595
7276
46009
83967
29269
38952
107595
13946
71507
83967
70835
38952
12448
18561
77835
7276
46009
7276
7890
7276
29382
7276
46009
7276
29382
7276
29382
7276
46009
7276
46009
7276
46009
7276
20558
7276
29382
2716
46009
7276
29382
7276
46009
7276
46009
7276
7890
7276
46009
7276
29382
7276
46009
7276
46009
38952
46009
27202
46009
89320
73138
7276
46009
7276
46009
44779
46009
7276
76145
60319
46009
60319
65683
95763
77835
7276
46009
87576
59797
7276
29269
7276
46009
7276
46009
7276
46009
7276
12448
7276
46009
7276
7890
7276
29382
7276
46009
7276
29382
7276
29382
7276
46009
7276
46009
7276
46009
7276
20558
7276
29382
2716
46009
7276
29382
7276
46009
7276
46009
7276
7890
7276
46009
7276
29382
7276
46009
7276
46009
18561
46009
18561
46009
18561
73138
7276
46009
7276
46009
18561
46009
7276
76145
18561
46009
18561
65683
18561
131174
7276
46009
18561
59797
7276
29269
7276
46009
7276
46009
7276
46009
7276
12448
60319
7890
38844
29382
34799
70835
38378
29382
86278
29382
87902
70835
38952
70835
38952
70835
34799
20558
86278
29382
2716
124798
86278
29382
86278
70835
13946
70835
80507
7890
38952
70835
86278
29382
219787
70835
86278
70835
7276
70835
7276
70835
7276
46009
34799
70835
70837
70835
7276
70835
27202
46009
7276
70835
7276
46009
7276
46009
86278
70835
7276
46009
161388
29269
38952
70835
13946
70835
86278
78942
38952
12448
38844
7890
34799
7890
38378
7890
60319
7890
60319
7890
38952
7890
38952
7890
34799
7890
60319
7890
2716
7890
60319
7890
60319
7890
13946
7890
60319
183739
38952
7890
60319
7890
60319
7890
60319
7890
7276
7890
7276
7890
7276
7890
34799
7890
60319
7890
7276
7890
27202
7890
7276
7890
7276
7890
7276
7890
60319
7890
7276
7890
60319
7890
38952
7890
13946
7890
60319
7890
38952
7890
34799
29382
38378
131174
38844
111415
38844
29382
38844
29382
38844
29382
34799
20558
38844
70648
2716
29382
38844
131174
38844
29382
13946
29382
38844
7890
38844
29382
38844
129753
38844
29382
38844
29382
7276
29382
7276
29382
7276
29382
34799
29382
38844
29382
7276
29382
27202
29382
7276
29382
7276
29382
7276
29382
38844
29382
7276
29382
38844
29269
38844
29382
13946
29382
38844
29382
38844
12448
34799
29382
34799
29382
34799
72919
34799
122610
34799
107595
35096
20558
34799
29382
2716
70835
34799
29382
34799
122610
13946
71507
34799
7890
34799
129906
34799
29382
34799
72919
34799
122610
7276
130418
7276
94413
7276
46009
66508
86543
34799
91063
7276
129906
27202
46009
7276
74039
7276
46009
7276
46009
34799
122610
7276
46009
34799
29269
34799
122610
13946
71507
34799
70835
34799
12448
38378
111415
38378
29382
38378
29382
38378
29382
34799
20558
38378
70648
2716
29382
38378
137825
38378
29382
13946
29382
38378
7890
38378
29382
38378
129753
38378
29382
38378
29382
7276
29382
7276
29382
7276
29382
34799
29382
38378
29382
7276
29382
27202
29382
7276
29382
7276
29382
7276
29382
38378
29382
7276
29382
38378
29269
38378
29382
13946
29382
38378
29382
38378
12448
86278
29382
38952
29382
38952
29382
34799
20558
88661
70648
2716
29382
89320
111415
88661
29382
13946
29382
80507
7890
38952
29382
88661
111415
86278
29382
88661
29382
7276
29382
7276
29382
7276
29382
34799
29382
70837
29382
7276
29382
27202
29382
7276
29382
7276
29382
7276
29382
88661
29382
7276
29382
86278
29269
38952
29382
13946
29382
87576
29382
38952
12448
38952
72919
38952
72919
34799
20558
86278
29382
2716
70835
86278
29382
86278
72919
13946
71507
80507
7890
38952
72919
86278
29382
87902
151725
86278
72919
7276
72919
7276
72919
7276
46009
34799
72919
70837
72919
7276
72919
27202
46009
7276
72919
7276
46009
7276
46009
86278
72919
7276
46009
87902
29269
38952
72919
13946
71507
86278
70835
38952
12448
67560
107595
34799
20558
38952
29382
2716
70835
38952
29382
38952
130383
13946
71507
38952
7890
136782
122610
38952
29382
38952
72919
38952
151814
7276
122610
7276
94413
7276
46009
34799
86543
38952
91063
7276
122610
27202
46009
7276
74039
7276
46009
7276
46009
38952
130383
7276
46009
38952
29269
91432
131575
13946
71507
38952
70835
80507
12448
34799
20558
38952
29382
2716
70835
38952
29382
38952
107595
13946
71507
38952
7890
67560
107595
38952
29382
38952
72919
38952
107595
7276
107595
7276
94413
7276
46009
34799
86543
38952
91063
7276
107595
27202
46009
7276
74039
7276
46009
7276
46009
38952
107595
7276
46009
38952
29269
67560
107595
13946
71507
38952
70835
67560
12448
34799
20558
2716
20558
34799
20558
34799
20558
13946
20558
34799
7890
34799
20558
34799
20558
34799
20558
34799
20558
7276
20558
7276
20558
7276
20558
35096
20558
34799
20558
7276
20558
27202
20558
7276
20558
7276
20558
7276
20558
34799
20558
7276
20558
34799
20558
34799
20558
13946
20558
34799
20558
34799
12448
2716
29382
88661
70648
95603
29382
13946
29382
80507
7890
38952
29382
128516
70648
86278
29382
95603
29382
7276
29382
7276
29382
7276
29382
34799
29382
70837
29382
7276
29382
27202
29382
7276
29382
7276
29382
7276
29382
95603
29382
7276
29382
86278
29269
38952
29382
13946
29382
87576
29382
38952
12448
2716
29382
2716
70835
2716
70835
2716
7890
2716
70835
2716
29382
2716
70835
2716
70835
2716
70835
2716
70835
2716
46009
2716
70835
2716
70835
2716
70835
2716
46009
2716
70835
2716
46009
2716
46009
2716
70835
2716
46009
2716
29269
2716
70835
2716
70835
2716
78942
2716
12448
88661
29382
13946
29382
80507
7890
38952
29382
88661
129753
86278
29382
88661
29382
7276
29382
7276
29382
7276
29382
34799
29382
70837
29382
7276
29382
27202
29382
7276
29382
7276
29382
7276
29382
88661
29382
7276
29382
86278
29269
38952
29382
13946
29382
87576
29382
38952
12448
13946
71507
80507
7890
38952
122610
95603
29382
86278
72919
102036
130383
7276
122610
7276
94413
7276
46009
34799
86543
70837
91063
7276
122610
27202
46009
7276
74039
7276
46009
7276
46009
100449
131174
7276
46009
86278
29269
38952
130383
13946
71507
87576
70835
38952
12448
13946
7890
13946
71507
13946
29382
13946
71507
13946
71507
7276
71507
7276
71507
7276
46009
13946
71507
13946
71507
7276
71507
13946
46009
7276
71507
7276
46009
7276
46009
13946
71507
7276
46009
13946
29269
13946
71507
88661
130383
13946
70835
13946
12448
38952
7890
80507
7890
80507
7890
80507
7890
7276
7890
7276
7890
7276
7890
34799
7890
70837
7890
7276
7890
27202
7890
7276
7890
7276
7890
7276
7890
80507
7890
7276
7890
80507
7890
38952
7890
13946
7890
80507
7890
38952
7890
38952
29382
38952
72919
38952
122610
7276
129906
7276
94413
7276
46009
34799
86543
38952
91063
7276
130999
27202
46009
7276
74039
7276
46009
7276
46009
38952
122610
7276
46009
38952
29269
91432
122610
13946
71507
38952
70835
80507
12448
86278
29382
95603
29382
7276
29382
7276
29382
7276
29382
34799
29382
70837
29382
7276
29382
27202
29382
7276
29382
7276
29382
7276
29382
95603
29382
7276
29382
86278
29269
38952
29382
13946
29382
87576
29382
38952
12448
86278
72919
7276
72919
7276
72919
7276
46009
34799
72919
70837
72919
7276
72919
27202
46009
7276
72919
7276
46009
7276
46009
86278
72919
7276
46009
161388
29269
38952
72919
13946
71507
86278
70835
38952
12448
7276
122610
7276
94413
7276
46009
34799
86543
70837
91063
7276
122610
27202
46009
7276
74039
7276
46009
7276
46009
100449
130383
7276
46009
86278
29269
38952
131575
13946
71507
87576
70835
38952
12448
27202
94413
38952
46009
7276
86543
7276
91063
38952
129906
7276
46009
38952
74039
38952
46009
38952
46009
7276
122610
38952
46009
7276
29269
7276
122610
7276
71507
7276
70835
7276
12448
27202
46009
7276
86543
7276
91063
27202
94413
7276
46009
27202
74039
27202
46009
27202
46009
7276
94413
27202
46009
7276
29269
7276
94413
7276
71507
7276
70835
7276
12448
7276
46009
7276
46009
44779
46009
7276
73138
60319
46009
60319
65683
89320
73138
7276
46009
87576
59797
7276
29269
7276
46009
7276
46009
7276
46009
7276
12448
34799
86543
7276
86543
27202
46009
7276
74039
7276
46009
7276
46009
34799
86543
7276
46009
34799
29269
34799
86543
13946
71507
34799
70835
34799
12448
7276
91063
27202
46009
7276
74039
7276
46009
7276
46009
70837
91063
7276
46009
70837
29269
38952
91063
13946
71507
70837
70835
38952
12448
7276
46009
44779
74039
44779
46009
44779
46009
7276
122610
44779
46009
7276
29269
7276
122610
7276
71507
7276
70835
7276
12448
7276
46009
7276
65683
7276
76145
27202
46009
7276
59797
27202
29269
27202
46009
13946
46009
27202
46009
27202
12448
64172
46009
60319
46009
7276
74039
60319
46009
7276
29269
7276
74039
7276
71507
7276
70835
7276
12448
60319
65683
7276
46009
60319
59797
7276
29269
7276
46009
7276
46009
7276
46009
7276
12448
7276
46009
87576
59797
7276
29269
7276
46009
7276
46009
7276
46009
7276
12448
7276
46009
86278
29269
38952
130383
13946
71507
87576
70835
38952
12448
7276
29269
7276
46009
7276
46009
7276
46009
7276
12448
38952
29269
13946
29269
86278
29269
38952
12448
13946
71507
38952
70835
80507
12448
13946
70835
13946
12448
38952
12448
