67612
57759
87731
92525
67612
57759
250001
92525
60351
92525
67612
92525
67612
92525
67612
57759
67612
92525
250001
92440
250001
75703
67612
92525
67612
92525
87731
92525
67612
92525
67612
92525
67612
92525
67612
92525
87731
92525
67612
57759
60351
91213
67612
92525
67612
92525
67612
92525
67612
92525
87731
92525
67612
92525
67612
57759
67612
57759
87731
92525
125226
158295
67612
92525
250001
158295
189771
158295
87731
92525
189771
158295
67612
92525
67612
57759
86942
61610
67612
57759
60351
57759
86942
57759
83280
57759
86942
230635
86942
57759
67612
57759
67612
57759
86942
57759
86942
57759
67612
57759
86942
57759
86942
57759
86942
57759
83280
57759
67612
57759
250001
61610
60351
57759
86942
57759
86942
57759
86942
57759
86942
57759
67612
57759
86942
57759
86942
61610
83280
61610
67612
57759
67612
57759
86942
57759
67612
57759
67612
57759
67612
57759
67612
57759
86942
57759
67612
57759
87731
113041
60351
104386
67612
113198
67612
98528
67612
57759
67612
113198
87731
92440
87731
75703
67612
98528
67612
98528
189771
113041
67612
98528
67612
98528
67612
98528
67612
98528
250001
113198
67612
57759
60351
91213
67612
98528
67612
98528
67612
98528
67612
98528
151365
113041
67612
98528
67612
57759
67612
57759
151365
96937
87731
92525
67612
98528
87731
92525
87731
92525
250001
100805
87731
92525
67612
98528
67612
57759
60351
57759
140035
57759
83280
57759
140035
61610
140035
57759
67612
57759
67612
57759
140035
57759
140035
57759
67612
57759
140035
57759
140035
57759
140035
57759
83280
57759
67612
57759
86942
75703
60351
57759
140035
57759
140035
57759
140035
57759
140035
57759
67612
57759
140035
57759
140035
75703
83280
75703
67612
57759
67612
57759
125226
57759
67612
57759
67612
57759
67612
57759
67612
57759
140035
57759
60351
104386
67612
113041
67612
98528
67612
57759
67612
113041
250001
92440
250001
75703
67612
98528
67612
98528
87731
113925
67612
98528
67612
98528
67612
98528
67612
98528
87731
113041
67612
57759
60351
91213
67612
98528
67612
98528
67612
98528
67612
98528
87731
113925
67612
98528
67612
57759
67612
57759
87731
96937
125226
92525
67612
98528
250001
92525
189771
92525
87731
100805
189771
92525
67612
98528
60351
104386
60351
98528
60351
57759
60351
104386
60351
92440
60351
75703
60351
98528
60351
98528
60351
104386
60351
98528
60351
98528
60351
98528
60351
98528
60351
104386
60351
57759
67612
91213
60351
98528
60351
98528
60351
98528
60351
98528
60351
104386
60351
98528
60351
57759
60351
57759
60351
96937
60351
92525
60351
98528
60351
92525
60351
92525
60351
100805
60351
92525
60351
98528
83280
98528
151365
57759
151365
132243
67612
92440
67612
75703
151365
98528
151365
98528
67612
113041
151365
98528
151365
98528
151365
98528
83280
98528
67612
156729
86942
57759
60351
91213
151365
98528
151365
98528
151365
98528
151365
98528
67612
113041
151365
98528
151365
57759
83280
57759
67612
96937
67612
92525
125226
98528
67612
92525
67612
92525
67612
100805
67612
92525
151365
98528
83280
57759
83280
98528
67612
92440
67612
75703
83280
125801
83280
125801
67612
98528
83280
250001
83280
113925
83280
230635
250001
113925
67612
98528
83280
57759
60351
91213
83280
113925
83280
250001
83280
113925
83280
209387
67612
98528
83280
230635
83280
57759
125226
57759
67612
96937
67612
92525
83280
168201
67612
92525
67612
92525
67612
98528
67612
92525
83280
230635
250001
57759
67612
57759
67612
57759
178607
57759
189771
57759
67612
57759
189771
57759
250001
57759
189771
57759
83280
57759
67612
57759
86942
61610
60351
57759
189771
57759
193589
57759
189771
57759
250001
57759
67612
57759
189771
57759
250001
61610
83280
61610
67612
57759
67612
57759
125226
57759
67612
57759
67612
57759
67612
57759
67612
57759
250001
57759
67612
92440
67612
75703
178607
98528
189771
98528
67612
113041
189771
98528
250001
98528
189771
98528
83280
98528
67612
132243
86942
57759
60351
91213
189771
98528
193589
98528
189771
98528
250001
98528
67612
113041
189771
98528
250001
57759
83280
57759
67612
96937
67612
92525
125226
98528
67612
92525
67612
92525
67612
100805
67612
92525
250001
98528
250001
75703
67612
92440
67612
92440
87731
92440
67612
92440
67612
92440
67612
92440
67612
92440
87731
92440
67612
57759
60351
91213
67612
92440
67612
92440
67612
92440
67612
92440
87731
92440
67612
92440
67612
57759
67612
57759
87731
92440
125226
92440
67612
92440
250001
92440
189771
92440
87731
92440
189771
92440
67612
92440
67612
75703
67612
75703
87731
75703
67612
75703
67612
75703
67612
75703
67612
75703
87731
75703
67612
57759
60351
75703
67612
75703
67612
75703
67612
75703
67612
75703
87731
75703
67612
75703
67612
57759
67612
57759
87731
75703
125226
75703
67612
75703
250001
75703
189771
75703
87731
75703
189771
75703
67612
75703
178607
156758
67612
98528
178607
125801
178607
113925
178607
125801
83280
113925
67612
98528
86942
57759
60351
91213
178607
113925
178607
125801
178607
113925
178607
125801
67612
98528
178607
125801
178607
57759
83280
57759
67612
96937
67612
92525
125226
125801
67612
92525
67612
92525
67612
98528
67612
92525
178607
125801
67612
98528
250001
125801
189771
113925
250001
125801
83280
113925
67612
98528
86942
57759
60351
91213
250001
113925
189771
125801
250001
113925
189771
125801
67612
98528
244051
125801
189771
57759
83280
57759
67612
96937
67612
92525
125226
125801
67612
92525
67612
92525
67612
98528
67612
92525
189771
125801
67612
98528
67612
98528
67612
98528
67612
98528
189771
113041
67612
57759
60351
91213
67612
98528
67612
98528
67612
98528
67612
98528
151365
158295
67612
98528
67612
57759
67612
57759
151365
96937
87731
92525
67612
98528
87731
92525
87731
92525
189771
100805
87731
92525
67612
98528
189771
113925
250001
230635
83280
113925
67612
98528
86942
57759
60351
91213
250001
113925
189771
250001
250001
113925
189771
209387
67612
98528
244051
230635
189771
57759
83280
57759
67612
96937
67612
92525
125226
168201
67612
92525
67612
92525
67612
98528
67612
92525
189771
230635
189771
113925
83280
172456
67612
98528
86942
57759
60351
91213
189771
115624
193589
113925
189771
172456
250001
113925
67612
98528
189771
113925
250001
57759
83280
57759
67612
96937
67612
92525
125226
113925
67612
92525
67612
92525
67612
98528
67612
92525
250001
113925
83280
113925
67612
98528
86942
57759
60351
91213
250001
113925
189771
230635
250001
113925
189771
209387
67612
98528
244051
250001
189771
57759
83280
57759
67612
96937
67612
92525
125226
168201
67612
92525
67612
92525
67612
98528
67612
92525
189771
250001
67612
98528
83280
57759
60351
91213
83280
115624
83280
113925
83280
250001
83280
113925
67612
98528
83280
113925
83280
57759
125226
57759
67612
96937
67612
92525
83280
113925
67612
92525
67612
92525
67612
98528
67612
92525
83280
113925
67612
57759
60351
91213
67612
98528
67612
98528
67612
98528
67612
98528
151365
113041
67612
98528
67612
57759
67612
57759
151365
96937
87731
92525
67612
98528
87731
92525
87731
92525
250001
100805
87731
92525
67612
98528
60351
57759
86942
57759
86942
57759
86942
57759
86942
57759
67612
57759
86942
57759
86942
98528
83280
168201
67612
57759
67612
57759
86942
57759
67612
57759
67612
57759
67612
57759
67612
57759
86942
57759
60351
91213
60351
91213
60351
91213
60351
91213
60351
91213
60351
91213
60351
57759
60351
57759
60351
91213
60351
91213
60351
91213
60351
91213
60351
91213
60351
91213
60351
91213
60351
91213
189771
113925
250001
115624
189771
113925
67612
98528
244051
113925
189771
57759
83280
57759
67612
96937
67612
92525
125226
113925
67612
92525
67612
92525
67612
98528
67612
92525
189771
113925
189771
113925
193589
209387
67612
98528
189771
230635
193589
57759
83280
57759
67612
96937
67612
92525
125226
168201
67612
92525
67612
92525
67612
98528
67612
92525
193589
230635
189771
113925
67612
98528
244051
113925
189771
57759
83280
57759
67612
96937
67612
92525
125226
113925
67612
92525
67612
92525
67612
98528
67612
92525
189771
113925
67612
98528
189771
209387
250001
57759
83280
57759
67612
96937
67612
92525
125226
168201
67612
92525
67612
92525
67612
98528
67612
92525
250001
209387
67612
98528
67612
57759
67612
57759
178607
96937
87731
92525
67612
98528
87731
92525
87731
92525
151365
100805
87731
92525
67612
98528
189771
57759
83280
57759
67612
96937
67612
92525
125226
168201
67612
92525
67612
92525
67612
98528
67612
92525
189771
250001
83280
98528
67612
57759
67612
57759
125226
57759
67612
57759
67612
57759
67612
57759
67612
57759
250001
57759
67612
57759
67612
57759
83280
57759
67612
57759
67612
57759
67612
57759
67612
57759
83280
57759
87731
92525
67612
96937
87731
92525
87731
92525
151365
96937
87731
92525
67612
96937
67612
92525
125226
250001
125226
158585
87731
92525
125226
250001
67612
92525
67612
92525
67612
92525
67612
98528
67612
92525
125226
168201
189771
158585
87731
92525
189771
250001
67612
92525
87731
92525
250001
158585
67612
92525
87731
92525
67612
98528
67612
92525
