28005
9513
12957
9513
49344
9513
37983
9513
12957
9513
12957
9513
49344
9513
12957
9513
12957
9513
28005
9513
25319
9513
12957
9513
11729
9513
35012
71229
12957
9513
49344
9513
169567
71229
12957
9513
747
9513
13264
9513
2470
9513
12957
9513
12957
9513
49344
9513
12957
9513
49344
9513
12957
9513
12957
9513
12957
9513
49344
9513
12957
9513
747
9513
12957
9513
49344
9513
12957
9513
49344
9513
12957
9513
12957
37224
28005
72723
28005
74158
12957
37224
12957
37224
28005
24908
12957
29621
12957
32701
35584
26150
25319
37224
12957
76783
11729
72723
28005
9513
12957
74158
28005
37224
28005
9513
12957
29621
747
37686
13264
76783
2470
37224
12957
44790
12957
46345
28005
37224
12957
61969
28005
116861
12957
72723
12957
74158
12957
72912
28005
57448
12957
74158
747
53892
12957
44790
28005
37224
12957
29621
28005
60428
12957
74158
12957
37224
12957
37224
25319
71241
35012
70469
12957
24908
111262
29621
21456
32701
12957
26150
12957
73244
15948
37224
11729
37224
12957
9513
28005
37224
12957
71241
12957
9513
111262
29621
747
37224
12957
37224
2470
71241
47130
37224
15948
37224
12957
56389
18242
37224
12957
37224
111262
37224
15948
37224
15948
37224
12957
37224
15948
37224
747
37224
111262
37224
12957
73244
15948
29621
12957
37224
25319
37224
37983
72723
12957
37224
12957
37224
74505
24908
12957
29621
12957
32701
28005
26150
25319
37224
12957
72723
11729
72912
35012
9513
12957
72723
74505
37224
49344
9513
12957
29621
747
37686
13264
72723
2470
37224
12957
44790
12957
46345
74505
37224
12957
61969
73224
72723
12957
72912
12957
72723
12957
72723
74505
57448
12957
72723
747
53892
12957
44790
74505
37224
12957
29621
74505
60428
12957
72723
12957
37224
12957
37224
37983
24908
12957
29621
12957
32701
28005
26150
25319
37224
12957
74158
11729
72723
35012
9513
12957
89249
37983
37224
37983
9513
12957
29621
747
37686
13264
74158
2470
37224
12957
44790
12957
46345
37983
37224
12957
61969
37983
74158
12957
72723
12957
89249
12957
72912
37983
57448
12957
89249
747
53892
12957
44790
37983
37224
12957
29621
37983
60428
12957
89249
25319
70469
12957
24908
25319
29621
21456
32701
12957
26150
12957
71241
15948
37224
11729
37224
12957
9513
25319
37224
12957
72912
12957
9513
25319
29621
747
37224
12957
37224
2470
72912
25319
37224
15948
37224
12957
56389
18242
37224
12957
37224
25319
37224
15948
37224
15948
37224
12957
37224
15948
37224
747
37224
25319
37224
12957
71241
15948
29621
12957
37224
35012
37224
12957
24908
35012
29621
21456
32701
12957
26150
12957
70469
15948
37224
11729
37224
12957
9513
28005
37224
12957
70469
12957
9513
35012
29621
747
37224
12957
37224
2470
70469
35012
37224
15948
37224
12957
56389
18242
37224
12957
37224
35012
37224
15948
37224
15948
37224
12957
37224
15948
37224
747
37224
35012
37224
12957
70469
15948
29621
12957
37224
25319
37224
12957
24908
12957
24908
28005
24908
25319
24908
12957
24908
11729
24908
35012
9513
12957
24908
111262
24908
49344
9513
12957
24908
747
24908
13264
24908
2470
24908
12957
24908
12957
24908
137027
24908
12957
24908
73224
24908
12957
24908
12957
24908
12957
24908
75854
24908
12957
24908
747
24908
12957
24908
148534
24908
12957
24908
138136
24908
12957
24908
21456
29621
12957
26150
12957
29621
15948
29621
11729
29621
12957
9513
28005
29621
12957
29621
12957
9513
138136
30094
747
29621
12957
29621
2470
29621
47130
29621
15948
29621
12957
29621
18242
29621
12957
29621
138136
29621
15948
29621
15948
29621
12957
29621
15948
29621
747
29621
138136
29621
12957
29621
15948
30094
12957
29621
25319
29621
12957
26150
12957
32701
15948
32701
11729
32701
12957
9513
21456
32701
12957
32701
12957
9513
21456
29621
747
32701
12957
32701
2470
32701
21456
32701
15948
32701
12957
32701
18242
32701
12957
32701
21456
32701
15948
32701
15948
32701
12957
32701
15948
32701
747
32701
21456
32701
12957
32701
15948
29621
12957
32701
21456
32701
25319
26150
12957
26150
11729
26150
28005
9513
12957
26150
28005
26150
28005
9513
12957
26150
747
26150
13264
26150
2470
26150
12957
26150
12957
26150
28005
26150
12957
26150
28005
26150
12957
26150
12957
26150
12957
26150
28005
26150
12957
26150
747
26150
12957
26150
28005
26150
12957
26150
28005
26150
12957
26150
12957
37224
11729
37224
25319
9513
12957
37224
25319
71241
25319
9513
12957
29621
747
37224
13264
37224
2470
71241
12957
37224
12957
37224
25319
56389
12957
37224
25319
37224
12957
37224
12957
37224
12957
37224
25319
37224
12957
37224
747
37224
12957
37224
25319
84506
12957
29621
25319
37224
12957
37224
11729
72723
12957
9513
15948
74158
12957
37224
12957
9513
15948
29621
747
37686
12957
98688
2470
37224
15948
44790
73224
46345
12957
37224
15948
61969
12957
76783
15948
72723
159303
74158
27932
72912
12957
57448
26283
74158
747
53892
15948
44790
12957
37224
148095
29621
12957
60428
15948
74158
11729
9513
11729
72723
11729
37224
11729
9513
11729
29621
747
37686
11729
72723
2470
37224
11729
44790
11729
46345
11729
37224
11729
61969
11729
72723
11729
84506
11729
72723
11729
72723
11729
57448
11729
72723
747
53892
11729
44790
11729
37224
11729
29621
11729
60428
11729
72723
12957
9513
35012
9513
35012
73244
12957
9513
747
9513
13264
9513
2470
9513
12957
9513
12957
9513
35012
9513
12957
9513
35012
9513
12957
9513
12957
9513
12957
9513
35012
9513
12957
9513
747
9513
12957
9513
35012
9513
12957
9513
35012
9513
12957
9513
12957
37224
12957
9513
28005
29621
747
37686
12957
74158
2470
37224
28005
44790
15948
46345
12957
37224
18242
61969
12957
74158
28005
72723
15948
90271
15948
72912
12957
57448
15948
111779
747
53892
28005
44790
12957
37224
15948
29621
12957
60428
25319
90271
49344
9513
12957
29621
747
37224
13264
37224
2470
73244
12957
37224
12957
37224
111262
56389
12957
37224
73224
37224
12957
37224
12957
37224
12957
37224
75854
37224
12957
37224
747
37224
12957
37224
111262
71241
12957
29621
111262
37224
12957
37224
12957
9513
747
9513
13264
9513
2470
9513
12957
9513
12957
9513
49344
9513
12957
9513
49344
9513
12957
9513
12957
9513
12957
9513
49344
9513
12957
9513
747
9513
12957
9513
49344
9513
12957
9513
49344
9513
12957
9513
747
29621
12957
29621
2470
29621
47130
29621
15948
29621
12957
29621
18242
29621
12957
29621
167819
29621
15948
29621
15948
29621
12957
29621
15948
29621
747
29621
235098
29621
12957
29621
15948
42386
12957
29621
25319
29621
747
37686
747
37224
747
37686
747
37686
747
37224
747
37686
747
37686
747
37686
747
37686
747
37686
747
37686
747
37686
20214
37686
747
37686
747
37224
747
29621
747
37686
747
37686
2470
37224
12957
44790
12957
46345
13264
37224
12957
61969
13264
76783
12957
72723
12957
74158
12957
72912
13264
57448
12957
74158
747
53892
12957
44790
13264
37224
12957
29621
13264
60428
12957
74158
2470
37224
2470
37224
2470
56389
2470
37224
2470
37224
2470
37224
2470
37224
2470
37224
2470
37224
2470
37224
747
37224
2470
37224
2470
71241
2470
29621
2470
37224
2470
37224
15948
44790
12957
37224
18242
44790
12957
44790
47130
44790
15948
44790
15948
44790
12957
44790
15948
44790
747
44790
47130
71241
12957
37224
15948
29621
12957
44790
25319
44790
12957
37224
15948
46345
12957
46345
15948
46345
73224
46345
27932
46345
12957
46345
26283
46345
747
46345
15948
44790
12957
37224
73224
29621
12957
46345
15948
46345
12957
37224
73224
37224
12957
37224
12957
37224
12957
37224
75854
37224
12957
37224
747
37224
12957
37224
137027
56389
12957
29621
137027
37224
12957
37224
12957
61969
18242
61969
15948
61969
15948
61969
12957
57448
15948
61969
747
53892
18242
44790
12957
37224
15948
29621
12957
60428
18242
61969
12957
72723
12957
74158
12957
72912
73224
57448
12957
74158
747
53892
12957
44790
73224
37224
12957
29621
73224
60428
12957
74158
15948
72723
15948
72723
12957
57448
15948
72723
747
53892
167819
44790
12957
37224
15948
29621
12957
60428
25319
72723
27932
72912
12957
57448
26283
90271
747
53892
15948
44790
12957
37224
148095
29621
12957
60428
15948
164919
12957
57448
26283
72912
747
53892
15948
44790
12957
37224
27932
29621
12957
60428
15948
72912
12957
57448
747
53892
12957
44790
75854
37224
12957
29621
75854
57448
12957
57448
747
53892
15948
44790
12957
37224
26283
29621
12957
60428
15948
90271
747
44790
747
37224
747
29621
747
53892
747
53892
12957
37224
15948
29621
12957
44790
25319
44790
12957
29621
138136
37224
12957
37224
12957
29621
15948
29621
12957
60428
