103202
2232
103202
2232
101753
250001
103202
19493
103202
2232
103202
28291
103202
2232
89531
52186
101753
175248
101753
19493
89531
52186
103202
250001
89531
28291
250001
190197
103202
2232
103202
52186
101753
52186
214314
190197
103202
2232
103202
19493
89531
52186
101753
250001
103202
19493
103202
52186
89531
52186
103202
2232
158738
28291
103202
52186
250001
250001
134981
193581
101753
250001
101753
52186
214314
250001
89531
52186
250001
156882
101753
2232
217627
2232
250001
131250
228571
2232
250001
239830
89531
2232
101753
2232
101753
2232
89531
2232
191780
2232
89531
2232
103202
2232
196216
156882
250001
2232
101753
2232
103202
2232
228571
72878
250001
2232
89531
2232
101753
2232
191780
2232
250001
2232
89531
2232
250001
156882
103202
2232
250001
2232
103202
2232
103202
2232
101753
2232
101753
2232
103202
2232
89531
2232
101753
2232
217627
2232
250001
131250
228571
2232
250001
156882
89531
2232
101753
2232
101753
2232
89531
2232
191780
2232
89531
2232
103202
2232
196216
205046
250001
2232
101753
2232
103202
2232
228571
72878
250001
2232
89531
2232
101753
2232
191780
2232
250001
2232
89531
2232
250001
250001
103202
2232
250001
2232
103202
2232
103202
2232
101753
2232
101753
2232
103202
2232
89531
2232
101753
19493
101753
2232
101753
28291
101753
2232
89531
52186
103202
175248
112099
19493
89531
52186
101753
250001
89531
28291
101753
190197
101753
2232
101753
52186
112099
52186
101753
190197
101753
2232
101753
19493
89531
52186
112099
250001
101753
19493
101753
52186
89531
52186
101753
2232
101753
28291
101753
52186
101753
250001
101753
193581
112099
250001
103202
52186
101753
250001
89531
52186
217627
2232
217627
19493
217627
2232
89531
19493
101753
19493
101753
52186
89531
19493
191780
19493
89531
19493
103202
19493
196216
2232
217627
19493
101753
19493
103202
19493
217627
2232
217627
250001
89531
19493
101753
19493
191780
157259
217627
19493
89531
19493
217627
2232
103202
19493
217627
19493
103202
19493
103202
19493
101753
19493
101753
19493
103202
19493
89531
19493
228571
2232
250001
131250
89531
2232
101753
2232
101753
2232
89531
2232
191780
2232
89531
2232
103202
2232
196216
131250
250001
2232
101753
2232
103202
2232
228571
72878
250001
2232
89531
2232
101753
2232
191780
2232
250001
2232
89531
2232
250001
131250
103202
2232
250001
2232
103202
2232
103202
2232
101753
2232
101753
2232
103202
2232
89531
2232
228571
2232
89531
28291
101753
28291
101753
19493
89531
28291
191780
28291
89531
65252
103202
28291
196216
2232
228571
28291
101753
28291
103202
28291
250001
2232
228571
19493
89531
28291
101753
28291
191780
19493
228571
28291
89531
28291
228571
2232
103202
65252
228571
28291
103202
28291
103202
28291
101753
28291
101753
28291
103202
28291
89531
28291
89531
2232
101753
2232
101753
2232
89531
2232
191780
2232
89531
2232
103202
2232
196216
156882
250001
2232
101753
2232
103202
2232
228571
72878
250001
2232
89531
2232
101753
2232
191780
2232
250001
2232
89531
2232
250001
156882
103202
2232
250001
2232
103202
2232
103202
2232
101753
2232
101753
2232
103202
2232
89531
2232
89531
52186
89531
19493
101753
175248
89531
52186
101753
28291
89531
52186
89531
2232
89531
250001
89531
193581
89531
52186
89531
2232
89531
19493
196216
175248
89531
52186
89531
19493
89531
250001
189492
250001
89531
2232
89531
28291
89531
250001
89531
52186
89531
52186
89531
52186
89531
250001
89531
52186
250001
250001
103202
19493
89531
52186
101753
175248
89531
28291
101753
175248
101753
2232
101753
52186
103202
52186
101753
175248
101753
2232
101753
19493
89531
52186
103202
175248
101753
19493
101753
52186
89531
52186
101753
2232
101753
28291
101753
52186
101753
175248
101753
175248
103202
175248
110394
52186
101753
175248
89531
52186
89531
19493
101753
19493
89531
19493
101753
19493
101753
2232
101753
19493
158738
19493
101753
19493
101753
2232
101753
52186
89531
19493
158738
19493
101753
52186
101753
19493
89531
19493
101753
2232
101753
19493
101753
19493
101753
19493
101753
19493
227059
19493
103202
19493
101753
19493
89531
19493
89531
52186
191780
28291
89531
52186
89531
2232
89531
175248
89531
175248
89531
52186
89531
2232
89531
19493
101753
250001
89531
52186
89531
19493
89531
175248
101753
175248
89531
2232
89531
28291
89531
175248
89531
52186
89531
52186
89531
52186
89531
175248
89531
52186
101753
175248
89531
28291
103202
190197
191780
2232
191780
52186
101753
52186
103202
190197
191780
2232
191780
19493
89531
52186
101753
250001
250001
19493
191780
52186
89531
52186
191780
2232
103202
28291
191780
52186
103202
250001
103202
193581
101753
250001
101753
52186
103202
250001
89531
52186
89531
28291
89531
2232
89531
28291
89531
28291
89531
28291
89531
2232
89531
19493
101753
28291
89531
28291
89531
19493
89531
28291
101753
28291
89531
2232
89531
195203
89531
28291
89531
28291
89531
28291
89531
28291
89531
28291
89531
28291
101753
28291
103202
2232
103202
52186
101753
52186
214314
250001
103202
2232
103202
19493
89531
52186
101753
190197
103202
19493
103202
52186
89531
52186
103202
2232
158738
28291
103202
52186
250001
190197
134981
190197
101753
190197
101753
52186
214314
190197
89531
52186
196216
2232
101753
2232
103202
2232
196216
72878
196216
2232
89531
2232
101753
2232
191780
2232
196216
2232
89531
2232
196216
205046
103202
2232
196216
2232
103202
2232
103202
2232
101753
2232
101753
2232
103202
2232
89531
2232
101753
193581
103202
52186
228571
2232
250001
19493
89531
175248
101753
52186
191780
19493
250001
250001
89531
250001
250001
2232
103202
28291
250001
250001
103202
52186
103202
52186
101753
52186
101753
250001
103202
52186
89531
250001
101753
52186
101753
2232
101753
19493
89531
175248
214314
52186
101753
19493
101753
193581
89531
193581
101753
2232
101753
28291
101753
193581
101753
52186
101753
52186
158738
52186
103202
193581
101753
52186
89531
193581
103202
2232
103202
19493
89531
52186
101753
190197
103202
19493
103202
52186
89531
52186
103202
2232
158738
28291
103202
52186
214314
190197
134981
190197
101753
190197
101753
52186
250001
190197
89531
52186
228571
2232
89531
2232
101753
2232
191780
2232
228571
2232
89531
2232
228571
72878
103202
2232
228571
2232
103202
2232
103202
2232
101753
2232
101753
2232
103202
2232
89531
2232
89531
19493
101753
19493
191780
157259
250001
19493
89531
19493
250001
2232
103202
19493
250001
19493
103202
19493
103202
19493
101753
19493
101753
19493
103202
19493
89531
19493
89531
52186
89531
19493
89531
175248
189492
175248
89531
2232
89531
28291
89531
175248
89531
52186
89531
52186
89531
52186
89531
175248
89531
52186
196216
175248
101753
19493
101753
52186
89531
52186
101753
2232
101753
28291
101753
52186
101753
250001
101753
193581
158738
250001
103202
52186
101753
250001
89531
52186
191780
19493
89531
19493
191780
2232
103202
19493
191780
19493
103202
19493
103202
19493
101753
19493
101753
19493
103202
19493
89531
19493
89531
250001
250001
2232
103202
28291
250001
250001
103202
52186
103202
52186
101753
52186
101753
250001
103202
52186
89531
250001
89531
2232
89531
28291
89531
250001
89531
52186
89531
52186
89531
52186
89531
250001
89531
52186
189492
250001
103202
2232
250001
2232
103202
2232
103202
2232
101753
2232
101753
2232
103202
2232
89531
2232
103202
28291
158738
28291
134981
28291
101753
28291
101753
28291
158738
28291
89531
28291
103202
52186
103202
52186
101753
52186
101753
250001
103202
52186
89531
250001
134981
193581
101753
250001
101753
52186
214314
250001
89531
52186
101753
193581
101753
52186
134981
193581
89531
52186
103202
52186
101753
250001
89531
52186
101753
52186
89531
250001
89531
52186
