47027
250001
47027
250001
1814
769
20455
8031
47027
769
44149
102723
1814
250001
1814
250001
47027
128046
3637
128046
1814
8031
46929
128046
47027
8031
47027
250001
20455
128046
3637
128046
1814
226566
160569
128046
47027
128046
47027
128046
47027
102723
47027
250001
47027
128046
20455
250001
47027
8031
47027
128046
1814
250001
47027
250001
1814
128046
20455
221834
1814
769
20455
8031
1814
250001
47027
128046
47027
102723
160569
250001
1814
769
20455
8031
220503
769
44149
102723
1814
250001
1814
250001
155500
128046
3637
128046
1814
8031
46929
128046
47308
8031
160569
250001
20455
128046
3637
128046
1814
226566
47027
128046
250001
128046
177013
128046
177013
102723
47102
250001
47308
128046
20455
250001
47308
8031
155500
128046
1814
250001
250001
250001
1814
128046
20455
221834
1814
769
20455
8031
1814
250001
250001
128046
250001
102723
1814
769
20455
8031
160569
769
44149
102723
1814
250001
1814
250001
155500
128046
3637
128046
1814
8031
46929
128046
47308
8031
250001
250001
20455
128046
3637
128046
1814
226566
47027
128046
160569
128046
160569
128046
160569
102723
47102
250001
47308
128046
20455
250001
47308
8031
155500
128046
1814
250001
160569
250001
1814
128046
20455
221834
1814
769
20455
8031
1814
250001
160569
128046
160569
102723
1814
769
1814
250001
1814
769
5642
769
47102
769
1814
769
1814
769
47027
769
1814
769
1814
769
1814
769
1814
769
1814
769
5642
769
1814
769
1814
769
1814
769
1814
769
1814
769
1814
769
1814
769
1814
769
1814
769
5642
769
1814
769
5642
769
1814
769
47102
250001
1814
769
13869
769
1814
769
1814
769
20455
769
20455
8031
1814
8031
1814
8031
20455
8031
3637
8031
1814
250001
20455
8031
20455
250001
20455
8031
35267
8031
3637
8031
1814
8031
20455
8031
20455
8031
20455
8031
20455
8031
20455
8031
20455
8031
35267
8031
20455
250001
20455
8031
1814
8031
20455
8031
1814
8031
35267
8031
1814
769
35267
250001
1814
8031
20455
8031
20455
8031
44149
769
1814
769
1814
769
155500
769
3637
769
1814
769
46929
769
47308
769
160569
769
20455
769
3637
769
1814
769
47027
769
220503
769
177013
769
177013
769
47102
769
47308
769
20455
769
47308
769
155500
769
1814
769
220503
769
1814
769
20455
769
1814
250001
20455
769
1814
769
220503
769
220503
769
1814
102723
1814
102723
44149
102723
3637
102723
1814
8031
44149
102723
44149
8031
44149
102723
20455
102723
3637
102723
1814
102723
44149
102723
44149
102723
44149
102723
44149
132071
44149
102723
44149
102723
20455
102723
44149
8031
44149
102723
1814
102723
44149
102723
1814
102723
20455
102723
1814
769
20455
8031
1814
102723
44149
102723
44149
153109
5642
250001
1814
128046
1814
128046
5642
8031
1814
128046
1814
8031
1814
250001
1814
128046
1814
128046
47308
226566
1814
128046
1814
128046
1814
128046
1814
102723
1814
250001
1814
128046
1814
250001
1814
8031
1814
128046
47308
250001
1814
250001
9472
128046
1814
221834
5642
769
1814
8031
5642
250001
1814
128046
1814
102723
1814
128046
1814
128046
47027
8031
1814
128046
1814
8031
1814
250001
1814
128046
1814
128046
5642
226566
1814
128046
1814
128046
1814
128046
1814
102723
1814
250001
1814
128046
1814
250001
1814
8031
1814
128046
5642
250001
1814
250001
5642
128046
1814
221834
47752
769
1814
8031
13869
250001
1814
128046
1814
102723
3637
153563
1814
8031
46929
250001
47308
8031
155500
128046
20455
250001
3637
250001
1814
128046
47027
250001
155500
250001
155500
250001
155500
102723
47102
128046
47308
250001
20455
128046
47308
8031
220503
250001
1814
128046
155500
128046
1814
250001
20455
128046
1814
769
20455
8031
1814
128046
155500
250001
155500
102723
1814
8031
3637
153563
3637
8031
3637
128046
3637
153563
35601
153563
1814
128046
3637
153563
3637
153563
3637
153563
3637
102723
3637
128046
3637
153563
3637
128046
3637
8031
3637
153563
1814
128046
3637
128046
1814
153563
3637
128046
1814
769
3637
8031
1814
128046
3637
153563
3637
102723
1814
8031
1814
250001
1814
8031
1814
8031
1814
8031
5642
8031
1814
8031
1814
8031
1814
8031
1814
8031
1814
8031
1814
8031
1814
8031
1814
250001
1814
8031
5642
8031
1814
8031
5642
8031
1814
8031
47027
769
1814
250001
13869
8031
1814
8031
1814
8031
46929
8031
46929
128046
20455
250001
3637
250001
1814
128046
46929
250001
46929
250001
46929
250001
46929
102723
46929
128046
46929
250001
20455
128046
46929
8031
46929
250001
1814
128046
46929
128046
1814
250001
20455
128046
1814
769
20455
8031
1814
128046
46929
250001
46929
102723
47308
8031
20455
8031
3637
8031
1814
8031
47027
8031
47308
8031
47308
8031
47308
8031
47102
8031
250001
8031
20455
8031
223188
250001
47308
8031
1814
8031
47308
8031
1814
8031
20455
8031
1814
769
20455
250001
1814
8031
47308
8031
47308
8031
20455
128046
3637
128046
1814
226566
47027
128046
160569
128046
160569
128046
160569
102723
47102
250001
47308
128046
20455
250001
47308
8031
155500
128046
1814
250001
160569
250001
1814
128046
20455
221834
1814
769
20455
8031
1814
250001
160569
128046
160569
102723
3637
250001
1814
128046
20455
250001
20455
250001
20455
250001
20455
102723
20455
128046
20455
250001
45263
128046
20455
8031
20455
250001
1814
128046
20455
128046
1814
250001
45263
128046
1814
769
45263
8031
1814
128046
20455
250001
20455
102723
1814
128046
3637
250001
3637
250001
3637
250001
3637
102723
3637
128046
3637
250001
3637
128046
3637
8031
3637
250001
1814
128046
3637
128046
1814
250001
3637
128046
1814
769
3637
8031
1814
128046
3637
250001
3637
102723
1814
128046
1814
128046
1814
128046
1814
102723
1814
226566
1814
128046
1814
226566
1814
8031
1814
128046
157935
226566
1814
226566
9472
128046
1814
221834
5642
769
1814
8031
5642
226566
1814
128046
1814
102723
47027
250001
47027
250001
47027
102723
47027
128046
47027
250001
20455
128046
47027
8031
47027
250001
1814
128046
47027
128046
1814
250001
20455
128046
1814
769
20455
8031
1814
128046
47027
250001
47027
102723
177013
250001
177013
102723
47102
128046
47308
250001
20455
128046
47308
8031
155500
250001
1814
128046
250001
128046
1814
250001
20455
128046
1814
769
20455
8031
1814
128046
250001
250001
250001
102723
250001
102723
47102
128046
47308
250001
20455
128046
47308
8031
155500
250001
1814
128046
177013
128046
1814
250001
20455
128046
1814
769
20455
8031
1814
128046
177013
250001
177013
102723
47102
102723
47308
102723
20455
102723
47308
8031
155500
102723
1814
102723
177013
102723
1814
102723
20455
102723
1814
769
20455
8031
1814
102723
177013
102723
177013
132071
47102
128046
20455
250001
47102
8031
47102
128046
1814
250001
47102
250001
1814
128046
20455
221834
1814
769
20455
8031
1814
250001
47102
128046
47102
102723
20455
128046
223188
8031
47308
250001
1814
128046
47308
128046
1814
250001
20455
128046
1814
769
20455
8031
1814
128046
47308
250001
47308
102723
20455
8031
20455
128046
1814
250001
20455
250001
1814
128046
91126
221834
1814
769
47027
8031
1814
250001
20455
128046
20455
102723
47308
8031
1814
8031
47308
8031
1814
8031
20455
8031
1814
769
20455
250001
1814
8031
47308
8031
47308
8031
1814
128046
155500
128046
1814
250001
20455
128046
1814
769
20455
8031
1814
128046
155500
250001
155500
102723
1814
250001
9472
128046
1814
221834
5642
769
1814
8031
5642
250001
1814
128046
1814
102723
1814
128046
20455
221834
1814
769
20455
8031
1814
250001
250001
128046
250001
102723
1814
128046
5642
769
1814
8031
5642
128046
1814
250001
1814
102723
1814
769
47027
8031
1814
221834
20455
128046
20455
102723
1814
769
13869
769
1814
769
1814
769
1814
8031
20455
8031
20455
8031
1814
128046
1814
102723
250001
102723
