71330
6589
50865
6589
59289
6589
46094
6589
46094
6589
46094
6589
71330
6589
50865
6589
71330
6589
71330
6589
71330
6589
46094
6589
88882
135514
71330
6589
71330
6589
46094
6589
71330
6589
71330
6589
71330
6589
71330
6589
46094
6589
50865
6589
71330
6589
71330
6589
71330
6589
71330
6589
71330
250001
46094
6589
71330
6589
71330
6589
71330
6589
71330
6589
71330
6589
50865
179804
59289
147034
46094
135514
46094
135514
46094
179804
88882
178137
50865
179804
88882
135514
88882
135514
88882
179804
46094
179804
71330
6589
179652
179804
88882
179804
46094
119752
88882
119752
88882
135514
88882
179804
88882
179804
46094
179804
50865
179804
88882
153475
88882
135514
88882
119752
88882
179804
88882
6589
46094
179804
88882
119752
88882
179804
88882
250001
88882
179804
88882
179804
50865
147034
46094
135514
46094
135514
46094
234488
50865
178137
88895
234488
50865
135514
50865
135514
50865
234488
46094
234488
50865
6589
50865
234488
50865
234488
46094
119752
50865
119752
50865
135514
50865
234488
50865
188481
46094
234488
88895
227172
50865
153475
50865
135514
50865
119752
50865
234488
50865
6589
46094
216620
50865
119752
50865
234488
50865
179804
50865
234488
50865
234488
46094
135514
46094
135514
46094
147034
59289
147034
50865
147034
59289
135514
59289
135514
59289
147034
46094
147034
59289
6589
59289
147034
59289
147034
46094
119752
59289
119752
59289
135514
59289
147034
59289
147034
46094
147034
50865
147034
59289
147034
59289
135514
59289
119752
59289
147034
59289
6589
46094
147034
59289
119752
59289
147034
59289
147034
59289
147034
59289
147034
59289
146949
250001
135514
46094
135514
46094
135514
46094
250001
46094
216620
46094
135514
250001
135514
46094
6589
46094
135514
46094
135514
250001
119752
46094
119752
46094
216620
46094
135514
46094
135514
250001
135514
46094
135514
46094
135514
46094
171613
46094
119752
46094
135514
46094
6589
179652
135514
46094
119752
46094
135514
46094
135514
46094
135514
46094
135514
59289
135514
46094
135514
46094
135514
46094
146949
46094
146949
46094
135514
59289
135514
46094
6589
46094
135514
46094
135514
59289
119752
46094
119752
46094
146949
46094
135514
46094
135514
59289
135514
46094
135514
46094
135514
46094
146949
46094
119752
46094
135514
46094
6589
59289
135514
46094
119752
46094
135514
46094
135514
46094
135514
46094
135514
46094
178137
46094
248646
46094
135514
46094
135514
46094
248646
250001
248646
46094
6589
46094
248646
46094
248646
250001
119752
46094
119752
46094
135514
46094
248646
46094
188481
250001
248646
46094
227172
46094
153475
46094
135514
46094
119752
46094
248646
46094
6589
179652
216620
46094
119752
46094
248646
46094
179804
46094
248646
46094
248646
50865
178137
250001
135514
250001
135514
250001
178137
46094
178137
71330
6589
88882
178137
250001
178137
46094
119752
219451
119752
250001
135514
179733
178137
106492
178137
46094
178137
50865
178137
179652
153475
173709
135514
250001
119752
250001
178137
250001
6589
46094
178137
132352
119752
250001
178137
250001
178137
250001
178137
179652
178137
50865
135514
50865
135514
50865
250001
46094
250001
50865
6589
50865
250001
50865
250001
46094
119752
50865
119752
50865
135514
50865
250001
50865
188481
46094
250001
250001
227172
50865
153475
50865
135514
50865
119752
50865
250001
50865
6589
46094
216620
50865
119752
50865
250001
50865
179804
50865
250001
50865
250001
250001
216620
250001
135514
46094
135514
71330
6589
88882
135514
250001
135514
46094
119752
219451
119752
250001
216620
179733
135514
106492
135514
46094
135514
50865
135514
179652
135514
173709
171613
250001
119752
250001
135514
250001
6589
46094
135514
132352
119752
250001
135514
250001
135514
250001
135514
179652
135514
250001
135514
46094
135514
71330
6589
88882
135514
250001
135514
46094
119752
219451
119752
250001
250001
179733
135514
106492
135514
46094
135514
50865
135514
179652
135514
173709
171613
250001
119752
250001
135514
250001
6589
46094
135514
132352
119752
250001
135514
250001
135514
250001
135514
179652
135514
46094
250001
71330
6589
88882
250001
250001
250001
46094
119752
219451
119752
250001
135514
179733
250001
106492
188481
46094
250001
50865
227172
179652
153475
173709
135514
250001
119752
250001
250001
250001
6589
46094
216620
132352
119752
250001
250001
250001
179804
250001
250001
179652
250001
46094
6589
46094
250001
46094
250001
250001
119752
46094
119752
46094
135514
46094
250001
46094
188481
250001
250001
46094
227172
46094
153475
46094
135514
46094
119752
46094
250001
46094
6589
179652
216620
46094
119752
46094
250001
46094
179804
46094
250001
46094
250001
71330
6589
71330
6589
46094
6589
71330
6589
71330
6589
71330
6589
71330
6589
46094
6589
50865
6589
71330
6589
71330
6589
71330
6589
71330
6589
71330
135514
46094
6589
71330
6589
71330
6589
71330
6589
71330
6589
71330
6589
88882
250001
46094
119752
88882
119752
88882
135514
88882
250001
88882
188481
46094
250001
50865
227172
88882
153475
88882
135514
88882
119752
88882
250001
88882
6589
46094
216620
88882
119752
88882
250001
88882
179804
88882
250001
88882
250001
46094
119752
219451
119752
250001
135514
179733
250001
106492
188481
46094
250001
50865
227172
179652
153475
173709
135514
250001
119752
250001
250001
250001
6589
46094
216620
132352
119752
250001
250001
250001
179804
250001
250001
179652
250001
46094
155509
46094
119752
46094
119752
46094
119752
250001
119752
46094
119752
46094
119752
46094
119752
46094
244325
46094
119752
46094
6589
179652
119752
46094
212074
46094
119752
46094
119752
46094
119752
46094
119752
219451
119752
179733
119752
106492
119752
46094
119752
50865
119752
179652
119752
173709
119752
219451
155509
219451
119752
219451
6589
46094
119752
132352
155509
219451
119752
219451
119752
219451
119752
179652
119752
179733
135514
106492
135514
46094
135514
50865
135514
179652
135514
173709
171613
250001
119752
250001
135514
250001
6589
46094
135514
132352
119752
250001
135514
250001
135514
250001
135514
179652
135514
106492
188481
46094
250001
50865
227172
179652
153475
173709
135514
179733
119752
179733
250001
179733
6589
46094
216620
132352
119752
179733
250001
179733
179804
179733
250001
179652
250001
46094
188481
50865
188481
106492
153475
106492
135514
106492
119752
106492
188481
106492
6589
46094
188481
106492
119752
106492
188481
106492
179804
106492
188481
106492
188481
46094
227172
46094
153475
46094
135514
46094
119752
46094
250001
46094
6589
179652
216620
46094
119752
46094
250001
46094
179804
46094
250001
46094
250001
50865
153475
50865
135514
50865
119752
50865
227172
50865
6589
46094
216620
50865
119752
50865
227172
50865
179804
50865
227172
50865
227172
173709
135514
179652
119752
179652
153475
179652
6589
46094
153475
132352
119752
179652
153475
179652
153475
179652
153475
179794
153475
173709
119752
173709
135514
173709
6589
46094
135514
132352
119752
173709
135514
173709
135514
173709
135514
173709
135514
250001
119752
250001
6589
46094
119752
132352
212074
250001
119752
250001
119752
250001
119752
179652
119752
250001
6589
46094
216620
132352
119752
250001
250001
250001
179804
250001
250001
179652
250001
46094
6589
132352
6589
250001
6589
250001
6589
250001
6589
179652
6589
46094
119752
46094
216620
46094
179804
46094
216620
46094
216620
132352
119752
132352
119752
132352
119752
132352
119752
250001
179804
250001
250001
179652
250001
250001
179804
179652
179804
179652
250001
