20346
71215
20346
109390
20346
53068
20346
109390
20346
42012
20346
109390
20346
109390
20346
109390
20346
109390
20346
109390
20346
109390
17505
71215
20346
109390
20346
71215
20346
109390
20346
109390
20346
109390
9748
42012
20346
109390
20346
109390
20346
109390
20346
109390
20346
71215
17505
3615
9748
3615
20346
109390
20346
109390
20346
3615
20346
109390
17505
109390
210611
128082
20346
3615
32333
71215
87758
53068
99488
71215
99488
42012
32333
71215
42020
71215
99488
71215
99488
71215
99488
71215
99488
71215
17505
72349
99488
71215
99488
158105
95047
71215
42020
71215
99488
71215
9748
42012
99488
71215
87758
71215
42020
71215
99488
71215
99488
72349
17505
3615
9748
3615
42020
71215
99488
71215
99488
3615
99488
71215
17505
71215
20346
71215
42020
3615
32333
53068
32333
136293
32333
42012
42020
136293
32333
120932
32333
136293
32333
136293
32333
136293
32333
136293
17505
71215
32333
120932
32333
71215
32333
112951
32333
198633
32333
136293
9748
42012
32333
136293
32333
136293
32333
120932
32333
112951
32333
71215
17505
3615
9748
3615
32333
120932
32333
136293
32333
3615
32333
112951
17505
136293
20346
109390
32333
3615
87758
53068
87758
42012
32333
53068
42020
53068
87758
53068
87758
53068
87758
53068
87758
53068
17505
53068
87758
53068
87758
53068
87758
53068
42020
53068
87758
53068
9748
42012
87758
53068
90113
53068
42020
53068
87758
53068
87758
53068
17505
3615
9748
3615
42020
53068
87758
53068
87758
3615
87758
53068
17505
53068
20346
53068
42020
3615
133818
42012
32333
172899
42020
120932
134092
198633
99996
216749
211362
158105
208126
198633
17505
71215
99996
120932
165284
71215
95047
112951
42020
136293
143546
165875
9748
42012
237501
198633
87758
215507
42020
120932
226666
112951
226666
71215
17505
3615
9748
3615
42020
120932
246678
216749
143546
3615
99996
112951
17505
172899
20346
109390
42020
3615
32333
42012
42020
42012
133818
42012
99996
42012
133818
42012
133818
42012
17505
42012
99996
42012
133818
42012
95047
42012
42020
42012
133818
42012
9748
77932
133818
42012
87758
42012
42020
42012
133818
42012
133818
42012
17505
3615
9748
3615
42020
42012
133818
42012
133818
3615
99996
42012
17505
42012
20346
42012
42020
3615
32333
120932
32333
172899
32333
172899
32333
158105
32333
172899
17505
71215
32333
120932
32333
71215
32333
112951
32333
136293
32333
165875
9748
42012
32333
172899
32333
172899
32333
120932
32333
112951
32333
71215
17505
3615
9748
3615
32333
120932
32333
172899
32333
3615
32333
112951
17505
198633
20346
109390
32333
3615
42020
120932
42020
120932
42020
120932
42020
120932
17505
71215
42020
128082
42020
71215
42020
112951
54412
120932
42020
120932
9748
42012
42020
120932
42020
120932
99488
158105
42020
112951
42020
71215
17505
3615
9748
3615
99488
158105
42020
120932
42020
3615
42020
112951
17505
120932
20346
109390
99488
3615
99996
198633
134092
158105
134092
216749
17505
71215
99996
120932
134092
71215
95047
112951
42020
136293
134092
165875
9748
42012
134092
216749
87758
198633
42020
120932
134092
112951
134092
71215
17505
3615
9748
3615
42020
120932
134092
198633
134092
3615
99996
112951
17505
172899
20346
109390
42020
3615
99996
158105
99996
198633
17505
71215
119780
120932
99996
71215
95047
112951
42020
136293
99996
165875
9748
42012
99996
198633
87758
215507
42020
120932
99996
112951
99996
71215
17505
3615
9748
3615
42020
120932
99996
250001
99996
3615
119780
112951
17505
172899
20346
109390
42020
3615
208126
158105
17505
71215
99996
120932
165284
71215
95047
112951
42020
136293
143546
158105
9748
42012
211362
158105
87758
158105
42020
120932
211362
112951
211362
71215
17505
3615
9748
3615
42020
120932
211362
158105
143546
3615
99996
112951
17505
158105
20346
109390
42020
3615
17505
71215
99996
120932
165284
71215
95047
112951
42020
136293
143546
165875
9748
42012
208126
250001
87758
198633
42020
120932
208126
112951
208126
71215
17505
3615
9748
3615
42020
120932
208126
198633
143546
3615
99996
112951
17505
172899
20346
109390
42020
3615
17505
71215
17505
72349
17505
71215
17505
71215
17505
71215
9748
42012
17505
71215
17505
71215
17505
71215
17505
71215
17505
77932
20346
3615
9748
3615
17505
71215
17505
71215
17505
3615
17505
71215
20346
71215
17505
71215
17505
3615
99996
71215
95047
112951
42020
120932
99996
120932
9748
42012
99996
120932
87758
120932
42020
128082
99996
112951
99996
71215
17505
3615
9748
3615
42020
128082
99996
120932
99996
3615
135927
112951
17505
120932
20346
109390
42020
3615
95047
71215
42020
71215
143546
71215
9748
42012
165284
71215
87758
71215
42020
71215
165284
71215
165284
72349
17505
3615
9748
3615
42020
71215
165284
71215
143546
3615
99996
71215
17505
71215
20346
71215
42020
3615
42020
112951
95047
112951
9748
42012
95047
112951
87758
112951
42020
112951
95047
120932
95047
71215
17505
3615
9748
3615
42020
112951
95047
112951
95047
3615
95047
120932
17505
112951
20346
109390
42020
3615
42020
136293
9748
42012
42020
136293
42020
136293
54412
120932
42020
112951
42020
71215
17505
3615
9748
3615
54412
120932
42020
136293
42020
3615
42020
112951
17505
136293
20346
109390
54412
3615
9748
42012
143546
165875
87758
165875
42020
120932
143546
112951
143546
71215
17505
3615
9748
3615
42020
120932
143546
165875
167218
3615
99996
112951
17505
165875
20346
109390
42020
3615
9748
42012
9748
42012
9748
42012
9748
42012
9748
42012
9748
3615
98862
3615
9748
42012
9748
42012
9748
3615
9748
42012
9748
42012
9748
42012
9748
3615
87758
198633
42020
120932
226666
112951
226666
71215
17505
3615
9748
3615
42020
120932
237501
198633
143546
3615
99996
112951
17505
172899
20346
109390
42020
3615
42020
120932
87758
112951
87758
71215
17505
3615
9748
3615
42020
120932
87758
215507
87758
3615
87758
112951
17505
172899
20346
109390
42020
3615
42020
112951
42020
71215
17505
3615
9748
3615
126787
200606
42020
120932
42020
3615
42020
112951
17505
120932
20346
109390
126787
3615
246678
71215
17505
3615
9748
3615
42020
112951
226666
112951
143546
3615
99996
128082
17505
112951
20346
109390
42020
3615
17505
3615
9748
3615
42020
71215
226666
71215
143546
3615
99996
71215
17505
71215
20346
71215
42020
3615
9748
71215
17505
3615
17505
3615
17505
53068
17505
3615
250001
3615
17505
3615
17505
120932
9748
3615
9748
3615
9748
53068
9748
3615
9748
3615
9748
3615
9748
71215
42020
120932
42020
3615
42020
112951
17505
120932
20346
109390
250001
3615
143546
3615
99996
112951
17505
172899
20346
109390
42020
3615
99996
3615
17505
3615
20346
3615
42020
53068
17505
112951
20346
109390
42020
3615
17505
109390
17505
3615
20346
3615
