58049
95890
58049
95890
40395
89723
250001
95890
58049
95890
112879
250001
58049
95890
250001
250001
58049
95890
58064
95890
128464
95890
166041
95890
58064
95890
99958
95890
58049
95890
58049
95890
112879
95890
58049
95890
40395
89723
58049
95890
27848
89723
26903
95890
99958
95890
58049
95890
58049
59756
122912
89723
166041
95890
166041
89723
166041
95890
58049
59756
58064
95890
26903
89723
166041
95890
166041
95890
250001
160025
40395
89723
58049
142534
221577
157869
58049
95890
250001
156625
58049
95890
75154
142534
58049
142534
58049
142534
58049
142534
58049
142534
58049
142534
128464
250001
250001
250001
58049
142534
250001
154672
40395
89723
250001
161264
27848
89723
26903
142534
58049
142534
153685
250001
75154
59756
58049
89723
58049
142534
58049
89723
58049
142534
75154
59756
58049
142534
26903
89723
58049
142534
58049
142534
40395
89723
58049
142534
221577
157869
58049
95890
250001
156625
58049
95890
75154
142534
58049
142534
58049
142534
58049
142534
58049
142534
58049
142534
128464
160025
250001
160025
58049
142534
250001
154672
40395
89723
250001
160025
27848
89723
26903
142534
58049
142534
153685
160025
75154
59756
58049
89723
58049
142534
58049
89723
58049
142534
75154
59756
58049
142534
26903
89723
58049
142534
58049
142534
40395
89723
40395
89723
40395
89723
40395
89723
40395
89723
40395
89723
40395
89723
40395
89723
40395
89723
40395
89723
40395
89723
40395
89723
40395
89723
40395
89723
40395
89723
99958
250001
40395
89723
27848
226157
26903
89723
40395
89723
40395
89723
40395
59756
40395
250001
40395
89723
40395
217921
40395
89723
40395
59756
40395
89723
26903
161264
40395
89723
40395
89723
58049
142534
112879
95890
58049
142534
250001
95890
58049
213947
58064
152352
128464
213947
166041
152352
58064
152352
99958
152352
58049
142534
58049
142534
112879
164846
58049
142534
40395
89723
58049
142534
27848
89723
26903
154672
99958
160294
58049
142534
58049
59756
122912
89723
166041
152352
166041
89723
166041
197646
58049
59756
58064
197646
26903
89723
166041
213947
166041
197646
58049
95890
221577
156625
58049
95890
75154
142534
58049
142534
58049
142534
58049
142534
58049
142534
58049
142534
128464
157869
221577
157869
58049
142534
221577
154672
40395
89723
221577
157869
27848
89723
26903
142534
58049
142534
153685
157869
75154
59756
58049
89723
58049
142534
58049
89723
58049
142534
75154
59756
58049
142534
26903
89723
58049
142534
58049
142534
58049
95890
112879
250001
58049
95890
58064
95890
112879
95890
112879
95890
58064
95890
99958
95890
58049
95890
58049
95890
128464
95890
58049
95890
40395
89723
58049
95890
27848
89723
26903
95890
99958
95890
58049
95890
58049
59756
112879
89723
112879
95890
112879
89723
112879
95890
58049
59756
58064
95890
26903
89723
112879
95890
112879
95890
58049
95890
75154
142534
58049
142534
58049
142534
58049
142534
58049
142534
58049
142534
128464
156625
250001
156625
58049
142534
250001
154672
40395
89723
250001
156625
27848
89723
26903
142534
58049
142534
153685
156625
75154
59756
58049
89723
58049
142534
58049
89723
58049
142534
75154
59756
58049
142534
26903
89723
58049
142534
58049
142534
58049
95890
58064
95890
128464
95890
166041
95890
58064
95890
99958
95890
58049
95890
58049
95890
112879
95890
58049
95890
40395
89723
58049
95890
27848
89723
26903
95890
99958
95890
58049
95890
58049
59756
122912
89723
166041
95890
166041
89723
166041
95890
58049
59756
58064
95890
26903
89723
166041
95890
166041
95890
58049
152352
58049
250001
58049
152352
58049
152352
58049
152352
75154
142534
75154
142534
58049
164846
75154
142534
40395
89723
75154
142534
27848
89723
26903
154672
58049
160294
75154
142534
250001
59756
58049
89723
58049
152352
58049
89723
58049
197646
250001
59756
58049
197646
26903
89723
58049
250001
58049
197646
58064
152352
58064
250001
128464
160363
58064
250001
58049
142534
58049
142534
58064
152352
58049
142534
40395
89723
58049
142534
27848
89723
26903
152352
58064
152352
58049
142534
58049
59756
58064
89723
58064
250001
58064
89723
58064
152352
58049
59756
112879
152352
26903
89723
58064
152352
58064
152352
128464
152352
58064
152352
99958
152352
58049
142534
58049
142534
112879
164846
58049
142534
40395
89723
58049
142534
27848
89723
26903
154672
99958
160294
58049
142534
58049
59756
122912
89723
128464
152352
128464
89723
128464
197646
58049
59756
58064
197646
26903
89723
128464
250001
128464
197646
58064
160363
99958
250001
58049
142534
58049
142534
112879
152352
58049
142534
40395
89723
58049
142534
27848
89723
26903
152352
99958
152352
58049
142534
58049
59756
122912
89723
174222
250001
175205
89723
175205
152352
58049
59756
58064
152352
26903
89723
241410
152352
175205
152352
58064
160363
58049
142534
58049
142534
58064
152352
58049
142534
40395
89723
58049
142534
27848
89723
26903
152352
58064
152352
58049
142534
58049
59756
58064
89723
58064
160363
58064
89723
58064
152352
58049
59756
112879
152352
26903
89723
58064
152352
58064
152352
58049
142534
58049
142534
99958
152352
58049
142534
40395
89723
58049
142534
27848
89723
26903
152352
108716
152352
58049
142534
58049
59756
99958
89723
99958
250001
99958
89723
99958
152352
58049
59756
58064
152352
26903
89723
99958
152352
99958
152352
128464
250001
58049
142534
128464
154672
40395
89723
128464
161264
27848
89723
26903
142534
58049
142534
128464
250001
75154
59756
58049
89723
58049
142534
58049
89723
58049
142534
75154
59756
58049
142534
26903
89723
58049
142534
58049
142534
58049
142534
250001
154672
40395
89723
250001
161264
27848
89723
26903
142534
58049
142534
153685
250001
75154
59756
58049
89723
58049
142534
58049
89723
58049
142534
75154
59756
58049
142534
26903
89723
58049
142534
58049
142534
58049
142534
40395
89723
58049
142534
27848
89723
26903
154672
99958
160294
58049
142534
58049
59756
112879
89723
112879
152352
112879
89723
112879
164846
58049
59756
58064
164846
26903
89723
112879
164846
112879
164846
40395
89723
250001
154672
27848
89723
26903
142534
58049
142534
153685
154672
75154
59756
58049
89723
58049
142534
58049
89723
58049
142534
75154
59756
58049
142534
26903
89723
58049
142534
58049
142534
40395
89723
27848
226157
26903
89723
40395
89723
40395
89723
40395
59756
40395
250001
40395
89723
40395
217921
40395
89723
40395
59756
40395
89723
26903
161264
40395
89723
40395
89723
27848
89723
26903
142534
58049
142534
153685
161264
75154
59756
58049
89723
58049
142534
58049
89723
58049
142534
75154
59756
58049
142534
26903
89723
58049
142534
58049
142534
26903
89723
27848
89723
27848
89723
27848
59756
27848
226157
27848
89723
27848
217921
27848
89723
27848
59756
27848
89723
26903
161264
27848
89723
27848
89723
26903
154672
26903
142534
26903
59756
26903
89723
26903
152352
26903
89723
26903
154672
26903
59756
26903
154672
27848
89723
26903
154672
26903
154672
58049
142534
58049
59756
99958
89723
99958
152352
99958
89723
99958
160294
58049
59756
58064
160294
26903
89723
99958
160294
99958
160294
75154
59756
58049
89723
58049
142534
58049
89723
58049
142534
75154
59756
58049
142534
26903
89723
58049
142534
58049
142534
58049
59756
58049
59756
58049
59756
58049
59756
250001
250001
58049
59756
26903
59756
58049
59756
58049
59756
122912
89723
122912
217921
122912
89723
58049
59756
58064
89723
26903
161264
122912
89723
122912
89723
174222
89723
174222
152352
58049
59756
58064
152352
26903
89723
174222
152352
174222
152352
250001
89723
58049
59756
58064
89723
26903
161264
175205
89723
250001
89723
58049
59756
58064
228364
26903
89723
175205
197646
250001
228364
58049
59756
26903
59756
58049
59756
58049
59756
26903
89723
58064
197646
58064
250001
26903
89723
26903
89723
175205
197646
