75045
47904
88034
59634
88034
47904
88034
59634
134042
47904
88034
47904
88034
47904
101025
103844
88034
59634
87636
47904
88034
250001
88034
47904
87636
59634
88034
47904
39870
250001
88034
59634
87441
47904
88034
103844
39870
250001
87636
47904
87441
47904
250001
250001
87441
47904
88034
218849
88034
47904
88034
47904
88034
47904
87636
150604
64895
103844
88034
51969
88034
47904
88034
47904
134042
178959
75045
51458
88034
51969
88034
47904
88034
53576
75045
47904
75045
94927
75045
47904
75045
94927
75045
94927
75045
94927
75045
47904
75045
47904
75045
52066
75045
47904
75045
72396
75045
47904
75045
94927
39870
47904
75045
47904
75045
52066
75045
47904
39870
47904
75045
93228
75045
94927
75045
47904
75045
92257
75045
47904
75045
52066
75045
52066
75045
93743
75045
47904
64895
47904
75045
47904
75045
94927
75045
72396
75045
47904
87636
47904
75045
47904
75045
94927
75045
47904
100426
47904
100426
74753
88034
47904
100426
47904
100426
47904
88034
59634
100426
125552
87636
47904
100426
59634
100426
47904
87636
74753
100426
47904
39870
59634
100426
64200
87441
47904
100426
59634
39870
59634
87636
47904
87441
47904
88034
59634
87441
47904
100426
59634
250001
47904
100426
47904
100426
47904
87636
59634
64895
59634
100426
51969
100426
47904
100426
47904
88034
59634
75045
51458
100426
51969
100426
47904
100426
53576
250001
47904
88034
120100
250001
150842
250001
103291
88034
47904
166325
47904
87636
52066
250001
47904
250001
72396
87636
47904
250001
103204
39870
47904
250001
47904
87441
52066
250001
47904
39870
47904
87636
93228
87441
103204
88034
47904
87441
92257
250001
47904
100426
52066
250001
52066
250001
93743
87636
47904
64895
47904
250001
47904
250001
103291
250001
72396
88034
47904
75045
47904
250001
47904
250001
150842
250001
47904
88034
47904
250001
47904
250001
47904
88034
59634
166325
74753
87636
47904
250001
59634
250001
47904
87636
250001
250001
47904
39870
59634
250001
64200
87441
47904
250001
59634
39870
59634
87636
47904
87441
47904
88034
59634
87441
47904
250001
59634
100426
47904
250001
47904
250001
47904
87636
59634
64895
59634
250001
51969
250001
47904
250001
47904
88034
59634
75045
51458
250001
51969
250001
47904
250001
53576
88034
120100
88034
103291
101025
47904
88034
47904
87636
52066
88034
47904
88034
72396
87636
47904
88034
103204
39870
47904
88034
47904
87441
52066
88034
47904
39870
47904
87636
93228
87441
103204
134042
47904
87441
92257
88034
47904
88034
52066
88034
52066
88034
93743
87636
47904
64895
47904
88034
47904
88034
103291
88034
72396
250001
47904
75045
47904
88034
47904
88034
120100
88034
47904
250001
103291
88034
47904
166325
47904
87636
52066
250001
47904
250001
72396
87636
47904
250001
103204
39870
47904
250001
47904
87441
52066
250001
47904
39870
47904
87636
93228
87441
103204
88034
47904
87441
92257
250001
47904
100426
52066
250001
52066
250001
93743
87636
47904
64895
47904
250001
47904
250001
103291
250001
72396
88034
47904
75045
47904
250001
47904
250001
215730
250001
47904
88034
47904
166325
47904
87636
52066
250001
47904
250001
72396
87636
47904
250001
103204
39870
47904
250001
47904
87441
52066
250001
47904
39870
47904
87636
93228
87441
103204
88034
47904
87441
92257
250001
47904
100426
52066
250001
52066
250001
93743
87636
47904
64895
47904
250001
47904
250001
181100
250001
72396
88034
47904
75045
47904
250001
47904
250001
103291
250001
47904
88034
59634
87636
47904
88034
103844
88034
47904
87636
59634
88034
47904
39870
103844
88034
59634
87441
47904
88034
108131
39870
103844
87636
47904
87441
47904
101025
103844
87441
47904
88034
103844
88034
47904
88034
47904
88034
47904
87636
103844
64895
108096
88034
51969
88034
47904
88034
47904
101025
103844
75045
51458
88034
51969
88034
47904
88034
53576
87636
47904
166325
59634
166325
47904
87636
74753
166325
47904
39870
59634
166325
64200
87441
47904
166325
59634
39870
59634
87636
47904
87441
47904
88034
59634
87441
47904
166325
59634
100426
47904
166325
47904
166325
47904
87636
59634
64895
59634
166325
51969
166325
47904
166325
47904
88034
59634
75045
51458
166325
51969
166325
47904
166325
53576
87636
47904
87636
52066
88034
47904
87636
52066
39870
47904
87636
47904
87441
60511
87636
47904
39870
47904
100426
52066
87441
52066
87636
47904
87441
52066
87636
47904
87636
81501
87636
234453
87636
52066
166325
47904
64895
47904
87636
47904
87636
52066
87636
52066
87636
47904
75045
47904
87636
47904
87636
52066
87636
47904
250001
47904
87636
59634
250001
47904
39870
250001
250001
59634
87441
47904
250001
103844
39870
250001
87636
47904
87441
47904
88034
250001
87441
47904
250001
218849
100426
47904
250001
47904
250001
47904
87636
150604
64895
103844
250001
51969
250001
47904
250001
47904
88034
178959
75045
51458
250001
51969
250001
47904
250001
53576
87636
47904
250001
72396
39870
47904
250001
47904
87441
52066
250001
47904
39870
47904
87636
72396
87441
72396
88034
47904
87441
72396
250001
47904
100426
52066
250001
52066
250001
72396
87636
47904
64895
47904
250001
47904
250001
72396
250001
103291
88034
47904
75045
47904
250001
47904
250001
72396
250001
47904
87636
47904
39870
59634
87636
64200
87441
47904
87636
59634
39870
59634
88034
47904
87441
47904
87636
59634
87441
47904
87636
59634
87636
47904
87636
47904
87636
47904
88034
59634
64895
59634
87636
51969
87636
47904
87636
47904
87636
59634
75045
51458
87636
51969
87636
47904
87636
53576
39870
47904
250001
47904
87441
52066
250001
47904
39870
47904
87636
93228
87441
103227
88034
47904
87441
92257
250001
47904
100426
52066
250001
52066
250001
93743
87636
47904
64895
47904
250001
47904
250001
103204
250001
72396
88034
47904
75045
47904
250001
47904
250001
103204
250001
47904
39870
59634
39870
47904
39870
103844
70332
250001
39870
47904
39870
47904
39870
250001
39870
47904
39870
218849
39870
47904
39870
47904
39870
47904
39870
150604
39870
103844
39870
51969
39870
47904
39870
47904
39870
178959
39870
51458
39870
51969
39870
47904
39870
53576
87441
47904
250001
59634
39870
59634
87636
47904
87441
47904
88034
59634
87441
47904
250001
59634
100426
47904
250001
47904
250001
47904
87636
59634
64895
59634
250001
51969
250001
47904
250001
47904
88034
59634
75045
51458
250001
51969
250001
47904
250001
53576
87441
47904
39870
47904
87441
52066
87636
52066
87441
47904
88034
52066
87441
47904
87441
60511
87441
60511
87441
52066
87441
47904
64895
47904
87441
47904
87441
52066
87441
52066
87441
47904
75045
47904
87441
47904
87441
52066
87441
47904
39870
103844
87636
47904
87441
47904
88034
103844
87441
47904
250001
103844
100426
47904
250001
47904
250001
47904
87636
103844
64895
108096
250001
51969
250001
47904
250001
47904
88034
103844
75045
51458
250001
51969
250001
47904
250001
53576
39870
47904
39870
47904
39870
250001
39870
47904
39870
218849
39870
47904
39870
47904
39870
47904
39870
150604
39870
103844
39870
51969
39870
47904
39870
47904
39870
178959
39870
51458
39870
51969
39870
47904
39870
53576
87441
93228
87636
47904
87441
92257
87636
47904
87636
52066
87636
52066
87636
93228
100426
47904
64895
47904
87636
47904
87636
93228
87636
72396
87636
47904
75045
47904
87636
47904
87636
93228
87636
47904
87441
47904
87636
92257
87441
47904
87441
52066
87441
52066
87441
93743
87441
47904
64895
47904
87441
47904
87441
103204
87441
72396
87441
47904
75045
47904
87441
47904
87441
103204
87441
47904
87441
47904
88034
218849
88034
47904
88034
47904
88034
47904
87636
150604
64895
103844
88034
51969
88034
47904
88034
47904
134042
178959
75045
51458
88034
51969
88034
47904
88034
53576
87441
47904
87441
52066
87441
52066
87441
92257
87441
47904
64895
47904
87441
47904
87441
92257
87441
72396
87441
47904
75045
47904
87441
47904
87441
92257
87441
47904
100426
47904
250001
47904
250001
47904
87636
150604
64895
103844
250001
51969
250001
47904
250001
47904
88034
178959
75045
51458
250001
51969
250001
47904
250001
53576
100426
81501
100426
52066
87636
47904
64895
47904
100426
47904
100426
52066
100426
52066
88034
47904
75045
47904
100426
47904
100426
52066
100426
47904
250001
52066
87636
47904
64895
47904
250001
47904
250001
52066
250001
52066
88034
47904
75045
47904
250001
47904
250001
52066
250001
47904
87636
47904
64895
47904
250001
47904
250001
93743
250001
72396
88034
47904
75045
47904
250001
47904
250001
93743
250001
47904
64895
103844
87636
51969
87636
47904
87636
47904
87636
150604
75045
51458
87636
51969
87636
47904
87636
53576
64895
51969
64895
47904
64895
47904
64895
103844
64895
51458
64895
51969
64895
47904
64895
53576
250001
47904
250001
47904
88034
51969
75045
51458
250001
250001
250001
47904
250001
51969
250001
72396
88034
47904
75045
47904
250001
47904
250001
103291
250001
47904
88034
47904
75045
47904
250001
47904
250001
72396
250001
47904
75045
51458
88034
51969
88034
47904
88034
53576
75045
51458
75045
47904
75045
51458
250001
47904
250001
51969
250001
47904
