19434
124077
19434
124077
36070
95828
19434
124077
36070
95828
19434
124077
19434
124077
36070
95828
36336
124077
36070
95828
4219
4549
19434
124077
15137
124077
36336
124077
19434
124077
19434
78836
36070
59745
19434
124077
36070
95828
30504
95328
19434
124077
36070
95828
19434
124077
36336
124077
30504
83894
19434
124077
30504
81326
30504
124077
19434
29331
34551
95828
4219
4549
36070
95828
19434
124077
19577
124077
19434
124077
19434
124077
30504
79613
36070
95328
19434
124077
30504
95828
36070
95828
19434
59745
19434
124077
15137
124077
30504
124077
19434
79485
19434
124077
36070
29331
36070
95828
36070
81326
19434
124077
36070
95828
19434
124077
30504
83894
36070
95828
36070
124077
30504
81823
19577
124077
42105
95828
36070
95828
36070
124077
36070
95828
15137
124077
36070
85644
36070
95328
36336
81326
30504
95328
19434
124077
51566
250001
19434
95828
51566
171095
19434
95828
51566
133794
51566
162735
19434
95828
19434
125320
19434
95828
4219
4549
51566
176110
15137
184903
19434
171095
51566
171095
32443
78836
19434
59745
33106
177823
19434
95828
19434
95328
34018
137420
19434
95828
33603
150734
19434
124481
19434
83894
51566
224590
19434
81326
19434
125320
51566
29331
19434
95828
4219
4549
19434
95828
36939
250001
19434
224590
51566
150086
51566
250001
19434
79613
19434
95328
42804
250001
19434
95828
19434
95828
51566
59745
51566
188863
15137
125320
19434
171095
42804
79485
51566
150108
19434
29331
19434
95828
19434
81326
51566
250001
19434
95828
51566
171095
19434
83894
19434
95828
19434
125320
19434
81823
19434
171095
19434
95828
19434
95828
19434
124481
19434
95828
15137
147853
19434
85644
19434
95328
19434
81326
19434
95328
51566
250001
19434
95828
88127
171095
19434
95828
88127
133794
64501
162735
19434
95828
19434
125320
19434
95828
4219
4549
88127
176110
15137
184903
19434
171095
67931
171095
32443
78836
19434
59745
33106
177823
19434
95828
19434
95328
34018
137420
19434
95828
33603
150734
19434
124481
19434
83894
67931
224590
19434
81326
19434
125320
88127
29331
19434
95828
4219
4549
19434
95828
36939
250001
19434
224590
88127
150086
154550
250001
19434
79613
19434
95328
42804
250001
19434
95828
19434
95828
67931
59745
67931
188863
15137
125320
19434
171095
42804
79485
88127
150108
19434
29331
19434
95828
19434
81326
67931
250001
19434
95828
67931
171095
19434
83894
19434
95828
19434
125320
19434
81823
19434
171095
19434
95828
19434
95828
19434
124481
19434
95828
15137
147853
19434
85644
19434
95328
19434
81326
19434
95328
67931
250001
19434
95828
38377
124481
19434
95828
19434
95828
36336
145747
36070
95828
36939
124481
4219
4549
19434
95828
15137
95828
36070
95828
19434
95828
19434
78836
36939
59745
19434
95828
36939
124937
30504
95328
19434
95828
36939
124481
19434
95828
36070
95828
30504
83894
19434
95828
30504
81326
30504
95828
19434
29331
34551
145747
4219
4549
42853
124481
19434
95828
19577
95828
19434
95828
19434
95828
30504
79613
36939
95328
19434
95828
30504
124481
64518
119279
19434
59745
19434
95828
15137
95828
30504
95828
19434
79485
19434
95828
115254
29331
36939
124937
36939
81326
19434
95828
89951
95992
19434
95828
30504
83894
36939
124481
37674
95828
30504
81823
19577
95828
36070
124481
36939
124937
36939
95828
36939
177103
15137
95828
37674
85644
36939
95328
36070
81326
30504
95328
19434
95828
19434
95828
202106
133794
64501
162735
19434
95828
19434
125320
19434
95828
4219
4549
202106
171095
15137
171095
19434
194574
67931
191079
32443
78836
19434
59745
33106
171095
19434
95828
19434
95328
34018
137420
19434
95828
33603
150734
19434
124481
19434
83894
67931
171095
19434
81326
19434
125320
202106
29331
19434
95828
4219
4549
19434
95828
36939
171095
19434
171095
106770
150086
88127
171095
19434
79613
19434
95328
42804
171095
19434
95828
19434
95828
67931
59745
67931
171095
15137
125320
19434
250001
42804
79485
202106
150108
19434
29331
19434
95828
19434
81326
67931
171095
19434
95828
67931
175395
19434
83894
19434
95828
19434
125320
19434
81823
19434
185769
19434
95828
19434
95828
19434
124481
19434
95828
15137
147853
19434
85644
19434
95328
19434
81326
19434
95328
67931
171095
19434
95828
19434
95828
36336
124481
36070
95828
36939
196463
4219
4549
19434
95828
15137
95828
36070
95828
19434
95828
19434
78836
36939
59745
19434
95828
36939
124481
30504
95328
19434
95828
36939
147940
19434
95828
36070
95828
30504
83894
19434
95828
30504
81326
30504
95828
19434
29331
34551
124481
4219
4549
38377
196463
19434
95828
19577
95828
19434
95828
19434
95828
30504
79613
36939
95328
19434
95828
30504
196463
38377
119279
19434
59745
19434
95828
15137
95828
30504
95828
19434
79485
19434
95828
38377
29331
36939
124481
36939
81326
19434
95828
38377
95992
19434
95828
30504
83894
36939
173775
37674
95828
30504
81823
19577
95828
36070
196463
36939
124481
36939
95828
36939
124481
15137
95828
37674
85644
36939
95328
36070
81326
30504
95328
19434
95828
64501
133794
19434
95828
19434
125320
19434
95828
4219
4549
250001
133794
15137
133794
19434
133794
67931
133794
32443
78836
19434
59745
33106
133794
19434
95828
19434
95328
34018
133794
19434
95828
33603
133794
19434
124481
19434
83894
67931
133794
19434
81326
19434
125320
203657
29331
19434
95828
4219
4549
19434
95828
36939
133794
19434
133794
106770
133794
88127
133794
19434
79613
19434
95328
42804
133794
19434
95828
19434
95828
67931
59745
67931
133794
15137
125320
19434
133794
42804
79485
206122
133794
19434
29331
19434
95828
19434
81326
67931
133794
19434
95828
67931
133794
19434
83894
19434
95828
19434
125320
19434
81823
19434
133794
19434
95828
19434
95828
19434
124481
19434
95828
15137
133794
19434
85644
19434
95328
19434
81326
19434
95328
67931
133794
19434
95828
19434
125320
19434
95828
4219
4549
64501
162735
15137
162735
19434
162735
64501
162735
32443
78836
19434
59745
33106
162735
19434
95828
19434
95328
34018
137420
19434
95828
33603
150734
19434
124481
19434
83894
64501
162735
19434
81326
19434
125320
64501
29331
19434
95828
4219
4549
19434
95828
36939
162735
19434
162735
64501
150086
64501
162735
19434
79613
19434
95328
42804
162735
19434
95828
19434
95828
64501
59745
64501
162735
15137
125320
19434
162735
42804
79485
64501
150108
19434
29331
19434
95828
19434
81326
64501
162735
19434
95828
64501
162735
19434
83894
19434
95828
19434
125320
19434
81823
19434
162735
19434
95828
19434
95828
19434
124481
19434
95828
15137
147853
19434
85644
19434
95328
19434
81326
19434
95328
64501
162735
36070
95828
36336
124481
4219
4549
19434
95828
15137
95828
36070
95828
19434
95828
19434
78836
36336
59745
19434
95828
36336
124937
30504
95328
19434
95828
36336
124481
19434
95828
36070
95828
30504
83894
19434
95828
30504
81326
30504
95828
19434
29331
34551
148450
4219
4549
36336
124481
19434
95828
19577
95828
19434
95828
19434
95828
30504
79613
36336
95328
19434
95828
30504
124481
36336
119279
19434
59745
19434
95828
15137
95828
30504
95828
19434
79485
19434
95828
36336
29331
36336
124937
36336
81326
19434
95828
36336
95992
19434
95828
30504
83894
36336
124481
36336
95828
30504
81823
19577
95828
36070
124481
36336
124937
36336
95828
36336
145747
15137
95828
36336
85644
36336
95328
36070
81326
30504
95328
19434
95828
36070
95828
4219
4549
4219
4549
19434
125320
19434
95828
15137
125320
15137
95828
42804
125320
36070
95828
19434
125320
19434
95828
19434
78836
19434
78836
36070
59745
41213
59745
19434
125320
19434
95828
36070
95828
42804
124481
30504
95328
30504
95328
19434
125320
19434
95828
36070
95828
70441
147940
19434
125320
19434
95828
67931
124481
36070
95828
30504
83894
30504
83894
19434
125320
19434
95828
30504
81326
30504
81326
30504
147853
30504
95828
19434
29331
19434
29331
34551
95828
34551
124481
4219
4549
4219
4549
36070
95828
36939
250001
19434
125320
19434
95828
19577
125320
19577
95828
19434
125320
19434
95828
19434
125320
19434
95828
30504
79613
30504
79613
36070
95328
67931
95328
19434
125320
19434
95828
30504
95828
30504
250001
36070
95828
36939
119279
19434
59745
19434
59745
19434
125320
19434
95828
15137
250001
15137
95828
30504
125320
30504
95828
19434
79485
19434
79485
19434
125320
19434
95828
36070
29331
36939
29331
36070
95828
41923
124481
36070
81326
42804
81326
19434
125320
19434
95828
36070
95828
36939
95992
19434
125320
19434
95828
30504
83894
30504
83894
36070
95828
154909
173775
36070
148450
36939
95828
30504
81823
30504
81823
19577
125320
19577
95828
36336
95828
36070
250001
36070
95828
42804
124481
36070
124481
42804
95828
36070
95828
41213
124481
15137
125320
15137
95828
36070
85644
36939
85644
36070
95328
41213
95328
42804
81326
36070
81326
30504
95328
30504
95328
19434
125320
19434
95828
4219
4549
4219
4549
4219
4549
4219
4549
4219
4549
4219
4549
4219
4549
4219
4549
4219
4549
4219
4549
4219
4549
4219
4549
4219
4549
4219
4549
4219
4549
4219
4549
4219
4549
4219
4549
4219
4549
19434
83201
4219
4549
4219
4549
4219
4549
4219
4549
4219
4549
4219
4549
4219
4549
4219
4549
4219
4549
4219
4549
4219
4549
4219
4549
4219
4549
4219
4549
4219
4549
4219
4549
4219
4549
4219
4549
4219
4549
4219
4549
4219
4549
4219
4549
4219
4549
4219
4549
4219
4549
4219
4549
4219
4549
4219
4549
4219
4549
4219
4549
4219
4549
4219
4549
4219
4549
4219
4549
4219
4549
4219
4549
4219
4549
15137
176110
19434
171095
67931
171095
32443
78836
19434
59745
33106
176110
19434
95828
19434
95328
34018
137420
19434
95828
33603
150734
19434
124481
19434
83894
67931
176110
19434
81326
19434
125320
203657
29331
19434
95828
4219
4549
19434
95828
36939
176110
19434
176110
106770
150086
88127
176110
19434
79613
19434
95328
42804
176110
19434
95828
19434
95828
67931
59745
67931
176110
15137
125320
19434
171095
42804
79485
206122
150108
19434
29331
19434
95828
19434
81326
67931
176110
19434
95828
67931
171095
19434
83894
19434
95828
19434
125320
19434
81823
19434
171095
19434
95828
19434
95828
19434
124481
19434
95828
15137
147853
19434
85644
19434
95328
19434
81326
19434
95328
67931
176110
15137
171095
15137
171095
15137
78836
15137
59745
15137
177823
15137
95828
15137
95328
15137
137420
15137
95828
15137
150734
15137
124481
15137
83894
15137
184903
15137
81326
15137
125320
15137
29331
15137
95828
4219
4549
15137
95828
15137
184903
15137
184903
15137
150086
15137
184903
15137
79613
15137
95328
15137
184903
15137
95828
15137
95828
15137
59745
15137
184903
36939
125320
15137
171095
15137
79485
15137
150108
15137
29331
15137
95828
15137
81326
15137
184903
15137
95828
15137
171095
15137
83894
15137
95828
15137
125320
15137
81823
15137
171095
15137
95828
15137
95828
15137
124481
15137
95828
67931
147853
15137
85644
15137
95328
15137
81326
15137
95328
15137
184903
19434
191079
19434
78836
36070
59745
19434
171095
36070
95828
30504
95328
19434
137420
36070
95828
19434
150734
42804
124481
30504
83894
19434
171095
30504
81326
30504
125320
19434
29331
34551
95828
4219
4549
36070
95828
19434
171095
19577
171095
19434
150086
19434
171095
30504
79613
36070
95328
19434
171095
30504
95828
36070
95828
19434
59745
19434
171095
15137
125320
30504
194574
19434
79485
19434
150108
36070
29331
36070
95828
36070
81326
19434
171095
36070
95828
19434
175395
30504
83894
36070
95828
36070
125320
30504
81823
19577
185769
36336
95828
36070
95828
36070
124481
36070
95828
15137
147853
36070
85644
36070
95328
45289
81326
30504
95328
19434
171095
32443
78836
19434
59745
33106
171095
19434
95828
19434
95328
34018
137420
19434
95828
33603
150734
19434
124481
19434
83894
250001
171095
19434
81326
19434
125320
67931
29331
19434
95828
4219
4549
19434
95828
36939
171095
19434
171095
67931
150086
67931
171095
19434
79613
19434
95328
42804
171095
19434
95828
19434
95828
106859
59745
93531
171095
15137
125320
19434
191079
42804
79485
67931
150108
19434
29331
19434
95828
19434
81326
228213
171095
19434
95828
228213
175395
19434
83894
19434
95828
19434
125320
19434
81823
19434
185769
19434
95828
19434
95828
19434
124481
19434
95828
15137
147853
19434
85644
19434
95328
19434
81326
19434
95328
250001
171095
19434
59745
32443
78836
19434
78836
19434
78836
32443
78836
19434
78836
32443
78836
19434
78836
19434
78836
32443
78836
19434
78836
19434
78836
32443
29331
19434
78836
4219
4549
19434
78836
32443
78836
19434
78836
32443
78836
32443
78836
19434
78836
19434
78836
32443
78836
19434
78836
19434
78836
32443
59745
32443
78836
15137
78836
19434
78836
32443
78836
32443
78836
19434
29331
19434
78836
19434
78836
32443
78836
19434
78836
32443
78836
19434
78836
19434
78836
19434
78836
19434
78836
19434
78836
19434
78836
19434
78836
19434
78836
19434
78836
15137
78836
19434
78836
19434
78836
19434
78836
19434
78836
32443
78836
19434
59745
41213
59745
30504
59745
19434
59745
41213
59745
19434
59745
36070
59745
30504
59745
19434
59745
30504
59745
30504
59745
19434
29331
34551
59745
4219
4549
36939
59745
19434
59745
19577
59745
19434
59745
19434
59745
30504
59745
41213
59745
19434
59745
30504
59745
36939
59745
19434
78836
19434
59745
15137
59745
30504
59745
19434
59745
19434
59745
36939
29331
41213
59745
41213
59745
19434
59745
36939
59745
19434
59745
30504
59745
41213
59745
36939
59745
30504
59745
19577
59745
36070
59745
41213
59745
41213
59745
154550
59745
15137
59745
36939
59745
42804
59745
36070
59745
30504
59745
19434
59745
19434
95828
19434
95328
33106
137420
19434
95828
33106
150734
19434
124481
19434
83894
33106
177823
19434
81326
19434
125320
33106
29331
19434
95828
4219
4549
19434
95828
33106
177823
19434
177823
33106
150086
33106
177823
19434
79613
19434
95328
33106
177823
19434
95828
19434
95828
33106
59745
33106
177823
15137
125320
19434
171095
33106
79485
33106
150108
19434
29331
19434
95828
19434
81326
33106
177823
19434
95828
33106
171095
19434
83894
19434
95828
19434
125320
19434
81823
19434
171095
19434
95828
19434
95828
19434
124481
19434
95828
15137
147853
19434
85644
19434
95328
19434
81326
19434
95328
33106
177823
30504
95328
19434
95828
42804
124481
19434
95828
36070
95828
30504
83894
19434
95828
30504
81326
30504
95828
19434
29331
34551
124937
4219
4549
36939
124481
19434
95828
19577
95828
19434
95828
19434
95828
30504
79613
42804
95328
19434
95828
30504
124481
36939
119279
19434
59745
19434
95828
15137
95828
30504
95828
19434
79485
19434
95828
36939
29331
41923
145791
71383
81326
19434
95828
36939
95992
19434
95828
30504
83894
42804
124481
36939
95828
30504
81823
19577
95828
36070
124481
71383
145791
71383
95828
41213
124937
15137
95828
36939
85644
41213
95328
36070
81326
30504
95328
19434
95828
19434
95328
30504
95328
19434
95328
30504
95328
36336
83894
19434
95328
41453
81326
36336
95328
19434
29331
30504
95328
4219
4549
30504
95328
19434
95328
19577
95328
19434
95328
19434
95328
41923
79613
30504
130721
19434
95328
36336
95328
30504
95328
19434
59745
19434
95328
15137
95328
36336
95328
19434
79485
19434
95328
30504
29331
30504
95328
30504
81326
19434
95328
30504
95328
19434
95328
36336
83894
30504
95328
30504
95328
36070
81823
19577
95328
30504
95328
30504
95328
30504
95328
30504
95328
15137
95328
30504
85644
30504
95992
30504
81326
36336
151178
19434
95328
19434
95828
33603
137420
19434
124481
19434
83894
34018
137420
19434
81326
19434
125320
34018
29331
19434
95828
4219
4549
19434
95828
34018
137420
19434
137420
34018
137420
34018
137420
19434
79613
19434
95328
34018
137420
19434
95828
19434
95828
34018
59745
34018
137420
15137
125320
19434
137420
34018
79485
34018
137420
19434
29331
19434
95828
19434
81326
34018
137420
19434
95828
34018
137420
19434
83894
19434
95828
19434
125320
19434
81823
19434
137420
19434
95828
19434
95828
19434
124481
19434
95828
15137
137420
19434
85644
19434
95328
19434
81326
19434
95328
34018
137420
19434
95828
36070
95828
30504
83894
19434
95828
30504
81326
30504
95828
19434
29331
34551
124481
4219
4549
36939
147940
19434
95828
19577
95828
19434
95828
19434
95828
30504
79613
67931
95328
19434
95828
30504
147940
36939
119279
19434
59745
19434
95828
15137
95828
30504
95828
19434
79485
19434
95828
36939
29331
41923
124481
42804
81326
19434
95828
36939
95992
19434
95828
30504
83894
70441
147940
36939
95828
30504
81823
19577
95828
36070
147940
42804
124481
42804
95828
41213
124481
15137
95828
36939
85644
41213
95328
36070
81326
30504
95328
19434
95828
19434
124481
19434
83894
33603
150734
19434
81326
19434
125320
33603
29331
19434
95828
4219
4549
19434
95828
33603
150734
19434
150734
33603
150086
33603
150734
19434
79613
19434
95328
33603
150734
19434
95828
19434
95828
33603
59745
33603
150734
15137
125320
19434
150734
33603
79485
33603
150108
19434
29331
19434
95828
19434
81326
33603
150734
19434
95828
33603
150734
19434
83894
19434
95828
19434
125320
19434
81823
19434
150734
19434
95828
19434
95828
19434
124481
19434
95828
15137
147853
19434
85644
19434
95328
19434
81326
19434
95328
33603
150734
30504
83894
19434
124481
30504
81326
30504
124481
19434
29331
34551
95828
4219
4549
36070
95828
19434
124481
19577
124481
19434
124481
19434
124481
30504
79613
36070
95328
19434
124481
30504
95828
36070
95828
19434
59745
19434
124481
15137
124481
30504
124481
19434
79485
19434
124481
36070
29331
36070
95828
36070
81326
19434
124481
36070
95828
19434
124481
30504
83894
36070
95828
36070
124481
30504
81823
19577
124481
36336
95828
36070
95828
36070
176741
36070
95828
15137
124481
36070
85644
36070
95328
42804
81326
30504
95328
19434
124481
19434
83894
36336
81326
36939
83894
19434
29331
30504
83894
4219
4549
30504
83894
19434
83894
19577
83894
19434
83894
19434
83894
36336
79613
30504
83894
19434
83894
37674
83894
30504
83894
19434
59745
19434
83894
15137
83894
41213
83894
19434
79485
19434
83894
30504
29331
30504
83894
30504
81326
19434
83894
30504
83894
19434
83894
154440
250001
30504
83894
30504
83894
36070
81823
19577
83894
30504
83894
30504
83894
30504
83894
30504
83894
15137
83894
30504
83894
30504
83894
30504
81326
41213
83894
19434
83894
19434
81326
19434
125320
67931
29331
19434
95828
4219
4549
19434
95828
36939
224590
19434
233620
67931
150086
67931
224590
19434
79613
19434
95328
42804
224590
19434
95828
19434
95828
106859
59745
93531
188863
15137
125320
19434
171095
42804
79485
67931
150108
19434
29331
19434
95828
19434
81326
228213
224590
19434
95828
228213
171095
19434
83894
19434
95828
19434
125320
19434
81823
19434
171095
19434
95828
19434
95828
19434
124481
19434
95828
15137
147853
19434
85644
19434
95328
19434
81326
19434
95328
250001
224590
36336
81326
19434
29331
30504
81326
4219
4549
30504
81326
19434
81326
19577
81326
19434
81326
19434
81326
41453
79613
30504
81326
19434
81326
36336
81326
30504
81326
19434
59745
19434
81326
15137
81326
36336
81326
19434
79485
19434
81326
30504
29331
30504
81326
30504
124481
19434
81326
30504
81326
19434
81326
36336
81326
30504
81326
30504
81326
36070
81326
19577
81326
30504
81326
30504
81326
30504
81326
30504
81326
15137
81326
30504
81326
30504
81326
30504
85644
36336
81326
19434
81326
19434
29331
30504
95828
4219
4549
30504
95828
19434
125320
19577
125320
19434
125320
19434
125320
36336
79613
30504
95328
19434
125320
36939
95828
30504
95828
19434
59745
19434
125320
15137
147853
36939
125320
19434
79485
19434
125320
30504
29331
30504
95828
30504
81326
19434
125320
30504
95828
19434
125320
36939
83894
30504
95828
30504
147853
36070
81823
19577
125320
30504
95828
30504
95828
30504
124481
30504
95828
15137
125320
30504
85644
30504
95328
30504
81326
36939
95328
19434
125320
19434
29331
4219
4549
19434
29331
36939
29331
19434
29331
106770
29331
88127
29331
19434
29331
19434
29331
42804
29331
19434
29331
19434
29331
67931
29331
67931
29331
15137
29331
19434
29331
42804
29331
203657
29331
19434
95828
19434
29331
19434
29331
67931
29331
19434
29331
67931
29331
19434
29331
19434
29331
19434
29331
19434
29331
19434
29331
19434
29331
19434
29331
19434
29331
19434
29331
15137
29331
19434
29331
19434
29331
19434
29331
19434
29331
67931
29331
4219
4549
34551
124481
19434
95828
19577
95828
19434
95828
19434
95828
30504
79613
34551
95328
19434
95828
30504
124481
34551
119279
19434
59745
19434
95828
15137
95828
30504
95828
19434
79485
19434
95828
34551
29331
34551
124937
34551
81326
19434
95828
34551
95992
19434
95828
30504
83894
34551
124481
34551
95828
30504
81823
19577
95828
34551
124481
34551
124937
34551
95828
34551
145747
15137
95828
34551
85644
34551
95328
34551
81326
30504
95328
19434
95828
4219
4549
4219
4549
4219
4549
4219
4549
4219
4549
4219
4549
4219
4549
4219
4549
4219
4549
4219
4549
4219
4549
4219
4549
4219
4549
4219
4549
4219
4549
4219
4549
4219
4549
4219
4549
4219
4549
4219
4549
4219
4549
4219
4549
4219
4549
4219
4549
4219
4549
4219
4549
4219
4549
4219
4549
4219
4549
4219
4549
4219
4549
4219
4549
4219
4549
4219
4549
4219
4549
4219
4549
4219
4549
19434
95828
19577
95828
19434
95828
19434
95828
30504
79613
36939
95328
19434
95828
30504
250001
42853
119279
19434
59745
19434
95828
15137
95828
30504
95828
19434
79485
19434
95828
42853
29331
36939
124481
36939
81326
19434
95828
42853
95992
19434
95828
30504
83894
36939
173775
37674
95828
30504
81823
19577
95828
36070
250001
36939
124481
36939
95828
36939
124481
15137
95828
37674
85644
36939
95328
36070
81326
30504
95328
19434
95828
19434
224590
36939
150086
36939
250001
19434
79613
19434
95328
36939
250001
19434
95828
19434
95828
36939
59745
36939
188863
15137
125320
19434
171095
36939
79485
36939
150108
19434
29331
19434
95828
19434
81326
36939
250001
19434
95828
36939
171095
19434
83894
19434
95828
19434
125320
19434
81823
19434
171095
19434
95828
19434
95828
19434
124481
19434
95828
15137
147853
19434
85644
19434
95328
19434
81326
19434
95328
36939
250001
19434
150086
19434
224590
19577
79613
19577
95328
19434
224590
19577
95828
19577
95828
19434
59745
19434
188863
15137
125320
19577
171095
19434
79485
19434
150108
19577
29331
19577
95828
19577
81326
19434
224590
19577
95828
19434
171095
19577
83894
19577
95828
19577
125320
19577
81823
33106
171095
19577
95828
19577
95828
19577
124481
19577
95828
15137
147853
19577
85644
19577
95328
19577
81326
19577
95328
19434
224590
88127
150086
19434
79613
19434
95328
42804
150086
19434
95828
19434
95828
67931
59745
67931
150086
15137
125320
19434
150086
42804
79485
106770
150086
19434
29331
19434
95828
19434
81326
67931
150086
19434
95828
67931
150086
19434
83894
19434
95828
19434
125320
19434
81823
19434
150086
19434
95828
19434
95828
19434
124481
19434
95828
15137
147853
19434
85644
19434
95328
19434
81326
19434
95328
67931
150086
19434
79613
19434
95328
42804
250001
19434
95828
19434
95828
67931
59745
67931
188863
15137
125320
19434
171095
42804
79485
88127
150108
19434
29331
19434
95828
19434
81326
67931
250001
19434
95828
67931
171095
19434
83894
19434
95828
19434
125320
19434
81823
19434
171095
19434
95828
19434
95828
19434
124481
19434
95828
15137
147853
19434
85644
19434
95328
19434
81326
19434
95328
67931
250001
30504
79613
19434
79613
36336
79613
30504
79613
19434
59745
19434
79613
15137
79613
36336
79613
19434
79485
19434
79613
30504
29331
30504
79613
30504
79613
19434
79613
30504
79613
19434
79613
36336
79613
30504
79613
30504
79613
36070
79613
19577
79613
30504
79613
30504
79613
30504
79613
30504
79613
15137
79613
30504
79613
30504
79613
30504
79613
36336
79613
19434
79613
19434
95328
30504
95328
36939
95328
19434
59745
19434
95328
15137
95328
30504
95328
19434
79485
19434
95328
36939
29331
41923
95328
42804
81326
19434
95328
36939
95328
19434
95328
30504
83894
67931
95328
36939
95328
30504
81823
19577
95328
36070
95328
42804
95328
42804
95328
41213
95328
15137
95328
36939
85644
41213
95992
36070
81326
30504
130721
19434
95328
19434
95828
19434
95828
42804
59745
42804
188863
15137
125320
19434
171095
66705
79485
42804
150108
19434
29331
19434
95828
19434
81326
42804
250001
19434
95828
42804
171095
19434
83894
19434
95828
19434
125320
19434
81823
19434
171095
19434
95828
19434
95828
19434
124481
19434
95828
15137
147853
19434
85644
19434
95328
19434
81326
19434
95328
42804
250001
30504
119279
19434
59745
19434
95828
15137
95828
37674
95828
19434
79485
19434
95828
30504
29331
30504
124481
30504
81326
19434
95828
30504
95992
19434
95828
37674
83894
30504
173775
30504
95828
36070
81823
19577
95828
30504
250001
30504
124481
30504
95828
30504
124481
15137
95828
30504
85644
30504
95328
30504
81326
37674
95328
19434
95828
19434
59745
19434
95828
15137
95828
30504
95828
19434
79485
19434
95828
64518
29331
36939
119279
36939
81326
19434
95828
64518
95992
19434
95828
30504
83894
36939
119279
37674
95828
30504
81823
19577
95828
36070
119279
36939
119279
36939
95828
36939
119279
15137
95828
37674
85644
36939
95328
36070
81326
30504
95328
19434
95828
93531
59745
15137
59745
19434
59745
42804
59745
67931
59745
19434
29331
19434
59745
19434
59745
106859
59745
19434
59745
106859
59745
19434
59745
19434
59745
19434
59745
19434
59745
19434
59745
19434
59745
19434
59745
19434
59745
19434
59745
15137
59745
19434
59745
19434
59745
19434
59745
19434
59745
106859
59745
15137
125320
19434
171095
42804
79485
67931
150108
19434
29331
19434
95828
19434
81326
93531
188863
19434
95828
93531
171095
19434
83894
19434
95828
19434
125320
19434
81823
19434
171095
19434
95828
19434
95828
19434
124481
19434
95828
15137
147853
19434
85644
19434
95328
19434
81326
19434
95328
93531
188863
15137
125320
15137
79485
15137
125320
15137
29331
15137
95828
15137
81326
15137
125320
15137
95828
15137
125320
15137
83894
15137
95828
15137
148450
15137
81823
15137
125320
15137
95828
15137
95828
15137
124481
15137
95828
36939
125320
15137
85644
15137
95328
15137
81326
15137
95328
15137
125320
19434
79485
19434
150108
30504
29331
30504
95828
30504
81326
19434
171095
30504
95828
19434
175395
41213
83894
30504
95828
30504
125320
36070
81823
19577
185769
30504
95828
30504
95828
30504
124481
30504
95828
15137
147853
30504
85644
30504
95328
30504
81326
67931
95328
19434
171095
42804
79485
19434
29331
19434
79485
19434
79485
42804
79485
19434
79485
42804
79485
19434
79485
19434
79485
19434
79485
19434
79485
19434
79485
19434
79485
19434
79485
19434
79485
19434
79485
15137
79485
19434
79485
19434
79485
19434
79485
19434
79485
42804
79485
19434
29331
19434
95828
19434
81326
67931
150108
19434
95828
67931
150108
19434
83894
19434
95828
19434
125320
19434
81823
19434
150108
19434
95828
19434
95828
19434
124481
19434
95828
15137
147853
19434
85644
19434
95328
19434
81326
19434
95328
67931
150108
36939
29331
36939
29331
19434
29331
89951
29331
19434
29331
30504
29331
36939
29331
37674
29331
30504
29331
19577
29331
36070
29331
36939
29331
36939
29331
36939
29331
15137
29331
37674
29331
36939
29331
36070
29331
30504
29331
19434
29331
41923
81326
19434
95828
36939
95992
19434
95828
30504
83894
41923
124481
36939
95828
30504
81823
19577
95828
36070
124481
41923
250001
41923
95828
41213
124937
15137
95828
36939
85644
41213
95328
36070
81326
30504
95328
19434
95828
19434
81326
36939
81326
19434
81326
30504
81326
42804
81326
36939
81326
30504
81326
19577
81326
36070
81326
79890
81326
118772
81326
41213
81326
15137
81326
36939
81326
41213
81326
36070
85644
30504
81326
19434
81326
19434
95828
235460
171095
19434
83894
19434
95828
19434
125320
19434
81823
19434
171095
19434
95828
19434
95828
19434
124481
19434
95828
15137
147853
19434
85644
19434
95328
19434
81326
19434
95328
228213
250001
19434
95828
30504
83894
36939
95992
37674
95828
30504
81823
19577
95828
36070
95992
36939
95992
36939
95828
36939
95992
15137
95828
37674
85644
36939
95328
36070
81326
30504
95328
19434
95828
19434
83894
19434
95828
19434
125320
19434
81823
19434
175395
19434
95828
19434
95828
19434
124481
19434
95828
15137
147853
19434
85644
19434
95328
19434
81326
19434
95328
228213
171095
30504
83894
30504
83894
36070
81823
19577
83894
30504
83894
30504
83894
30504
83894
30504
83894
15137
83894
30504
83894
30504
83894
30504
81326
41213
83894
19434
83894
36939
95828
30504
81823
19577
95828
36070
173775
42804
124481
42804
95828
41213
124481
15137
95828
36939
85644
41213
95328
36070
81326
30504
95328
19434
95828
30504
81823
19577
125320
36070
95828
36939
95828
36939
124481
36939
95828
15137
125320
41213
85644
36939
95328
36070
81326
30504
95328
19434
125320
19577
81823
30504
81823
30504
81823
30504
81823
30504
81823
15137
81823
30504
81823
30504
81823
30504
81326
36070
81823
19434
81823
19577
95828
19577
95828
19577
124481
19577
95828
15137
147853
19577
85644
19577
95328
19577
81326
19577
95328
19434
171095
36070
124481
36070
95828
36070
124481
15137
95828
36070
85644
36070
95328
36336
81326
30504
95328
19434
95828
79890
95828
41213
124937
15137
95828
36939
85644
41213
95328
36070
81326
30504
95328
19434
95828
41213
95828
15137
124481
36939
85644
41213
95328
36070
81326
30504
95328
19434
124481
15137
95828
36939
85644
42804
95328
36070
81326
30504
95328
19434
95828
15137
85644
15137
95328
15137
81326
15137
95328
15137
147853
36939
85644
36070
81326
30504
85644
19434
85644
36070
81326
30504
95992
19434
95328
30504
81326
19434
81326
19434
95328
