14233
4712
14233
4712
14233
4712
5686
4712
14233
4712
47798
4712
14233
4712
2270
4712
95747
4101
14233
4712
5686
4712
35006
4712
47798
4712
14233
4712
14233
4712
14233
4712
14233
4712
6407
4712
14233
4712
14233
4712
14233
4712
47798
4712
14233
4712
14233
4712
14233
4101
14233
4712
14233
4712
14233
4712
2270
4712
6407
4712
223149
118456
14233
4712
14233
4712
47798
4712
38464
19547
172549
29250
5686
19547
135374
19547
14233
5957
175459
26781
2270
5957
14233
4101
135374
18580
5686
19547
14233
5957
14233
5957
44042
19547
27584
19547
44042
21695
44042
19547
6407
5957
151718
21386
44042
26781
19802
26781
14233
5957
38464
21695
175459
12472
74468
4101
33602
21695
172639
21386
113632
19547
2270
5957
6407
5957
14233
4712
19802
21695
135374
26781
14233
5957
38464
19547
5686
21386
38464
26931
14233
5957
38464
19547
2270
5957
14233
4101
38464
18580
5686
99454
14233
5957
14233
5957
38464
27262
27584
28935
38464
19547
38464
26931
6407
5957
38464
19547
38464
19547
19802
19547
14233
5957
44042
19547
38464
12472
38464
4101
33602
19547
38464
19547
38464
29250
2270
5957
6407
5957
14233
4712
19802
19547
38464
19547
14233
5957
5686
19547
135374
19547
14233
5957
172549
26781
2270
5957
14233
4101
135374
18580
5686
19547
14233
5957
14233
5957
44042
19547
27584
19547
44042
21695
44042
19547
6407
5957
151718
21386
44042
26781
19802
26781
14233
5957
38464
21695
172549
12472
74468
4101
33602
21695
172549
21386
113632
19547
2270
5957
6407
5957
14233
4712
19802
21695
135374
26781
14233
5957
5686
21386
5686
5957
5686
19547
2270
5957
5686
4101
5686
18580
133835
21386
5686
5957
5686
5957
5686
21386
5686
21386
5686
19547
5686
21386
5686
5957
5686
19547
5686
19547
5686
19547
5686
5957
5686
19547
5686
12472
5686
4101
5686
19547
5686
19547
5686
21386
2270
5957
5686
5957
5686
4712
5686
19547
5686
19547
5686
5957
14233
5957
135374
19547
2270
5957
14233
4101
151718
18580
5686
26931
14233
5957
14233
5957
44042
26931
27584
26931
44042
19547
44042
27249
6407
5957
135374
19547
44042
19547
19802
19547
14233
5957
38464
19547
135374
12472
74468
4101
33602
19547
135374
19547
113632
26931
2270
5957
6407
5957
14233
4712
19802
19547
151718
19547
14233
5957
14233
5957
2270
27513
47798
4101
14233
5957
5686
5957
35006
9183
80011
9183
14233
5957
14233
5957
14233
5957
14233
5957
6407
29250
14233
5957
14233
5957
14233
5957
74468
29250
14233
5957
14233
5957
14233
4101
14233
5957
14233
5957
14233
5957
2270
27513
6407
7257
47798
4712
14233
5957
14233
5957
133910
29250
2270
5957
14233
4101
135374
18580
5686
19547
14233
5957
14233
5957
44042
19547
27584
19547
44042
21695
44042
19547
6407
5957
151718
21386
44042
27262
19802
26931
14233
5957
38464
21695
249458
12472
74468
4101
33602
21695
172639
21386
113632
19547
2270
5957
6407
5957
14233
4712
19802
21695
135374
26931
14233
5957
2270
4101
2270
5957
2270
5957
2270
9183
2270
9183
2270
5957
2270
5957
2270
5957
2270
5957
2270
27513
2270
5957
2270
5957
2270
5957
2270
27513
2270
5957
2270
5957
2270
4101
2270
5957
2270
5957
2270
5957
8841
93472
2270
7257
2270
4712
2270
5957
2270
5957
2270
27513
14233
4101
5686
4101
35006
4101
47798
4101
14233
4101
14233
4101
14233
4101
14233
4101
6407
4101
14233
4101
14233
4101
14233
4101
47798
4101
14233
4101
14233
4101
14233
5345
14233
4101
14233
4101
14233
4101
2270
4101
6407
4101
95747
4101
14233
4101
14233
4101
47798
4101
5686
18580
14233
5957
14233
5957
44042
18580
27584
18580
44042
18580
44042
18580
6407
5957
135374
18580
44042
18580
19802
18580
14233
5957
38464
18580
135374
12472
74468
4101
33602
18580
135374
18580
113632
18580
2270
5957
6407
5957
14233
4712
19802
18580
172651
18580
14233
5957
5686
5957
5686
5957
5686
27262
5686
28935
5686
19547
5686
26931
5686
5957
5686
19547
5686
19547
5686
19547
5686
5957
5686
19547
5686
12472
5686
4101
5686
19547
5686
19547
5686
29250
2270
5957
5686
5957
5686
4712
5686
19547
5686
19547
5686
5957
35006
29250
14233
5957
14233
5957
14233
5957
14233
5957
6407
9183
14233
5957
14233
5957
14233
5957
35006
9183
14233
5957
14233
5957
14233
4101
14233
5957
14233
5957
14233
5957
2270
9183
6407
7257
35006
4712
14233
5957
14233
5957
35006
9183
14233
5957
14233
5957
14233
5957
14233
5957
6407
9183
14233
5957
14233
5957
14233
5957
74468
9183
14233
5957
14233
5957
14233
4101
14233
5957
14233
5957
14233
5957
2270
9183
6407
7257
47798
4712
14233
5957
14233
5957
80011
9183
27584
27262
135374
19547
151718
26931
6407
5957
44042
19547
151718
19547
19802
19547
14233
5957
38464
19547
44042
12472
44042
4101
33602
19547
44042
19547
44042
27262
2270
5957
6407
5957
14233
4712
19802
19547
44042
19547
14233
5957
27584
19547
27584
26931
6407
5957
27584
19547
27584
19547
19802
19547
14233
5957
27584
19547
27584
12472
27584
4101
27584
19547
27584
19547
27584
28935
2270
5957
6407
5957
14233
4712
19802
19547
27584
19547
14233
5957
135374
19547
6407
5957
44042
21386
135374
21695
19802
21695
14233
5957
38464
32243
44042
12472
44042
4101
33602
26781
44042
21386
44042
19547
2270
5957
6407
5957
14233
4712
19802
26781
44042
21695
14233
5957
6407
5957
44042
19547
172639
19547
19802
19547
14233
5957
38464
19547
44042
12472
44042
4101
33602
19547
44042
19547
44042
26931
2270
5957
6407
5957
14233
4712
19802
19547
44042
19547
14233
5957
6407
5957
6407
5957
6407
5957
6407
93763
6407
5957
6407
5957
6407
4101
6407
5957
6407
5957
6407
5957
2270
27513
98557
7257
6407
4712
6407
5957
6407
5957
6407
57968
44042
21386
19802
21386
14233
5957
38464
21386
151718
12472
74468
4101
33602
21386
151718
26781
113632
19547
2270
5957
6407
5957
14233
4712
19802
21386
135374
21386
14233
5957
19802
26931
14233
5957
38464
21695
44042
12472
44042
4101
33602
21695
44042
21386
44042
19547
2270
5957
6407
5957
14233
4712
19802
21695
44042
26931
14233
5957
14233
5957
19802
21695
19802
12472
19802
4101
19802
21695
19802
21386
19802
19547
2270
5957
6407
5957
14233
4712
28031
21695
19802
27202
14233
5957
14233
5957
14233
5957
14233
4101
14233
5957
14233
5957
14233
5957
2270
27513
6407
7257
47798
4712
14233
5957
14233
5957
74468
57968
38464
12472
38464
4101
33602
26781
38464
21386
38464
19547
2270
5957
6407
5957
14233
4712
19802
26781
38464
21695
14233
5957
74468
4101
33602
12472
172639
12472
113632
12472
2270
5957
6407
5957
14233
4712
19802
12472
135374
12472
14233
5957
33602
4101
74468
4101
74468
4101
2270
4101
6407
4101
14233
4101
19802
4101
74468
4101
14233
4101
33602
21386
33602
19547
2270
5957
6407
5957
14233
4712
19802
27082
33602
21695
14233
5957
113632
19547
2270
5957
6407
5957
14233
4712
19802
21386
135374
21386
14233
5957
2270
5957
6407
5957
14233
4712
19802
19547
113632
19547
14233
5957
2270
7257
2270
4712
2270
5957
2270
5957
2270
27513
6407
4712
6407
5957
6407
5957
6407
7257
14233
4712
14233
4712
47798
4712
19802
21695
14233
5957
14233
5957
