120279
95955
27069
18532
10582
95955
17370
18532
96036
95955
112375
95955
120688
95955
52290
95955
18555
95955
27069
18532
52290
61105
13749
18532
27069
18532
4525
18532
5960
18532
180828
66226
112375
95955
101629
95955
5960
18532
18555
18532
107612
18532
120688
18532
120688
95955
120263
95955
120688
60815
120688
95955
5960
18532
4525
18532
120263
95955
27069
18532
112375
66226
10582
95955
120688
95955
46096
95955
27069
95955
27069
18532
10582
150621
17370
18532
96036
115661
112375
250001
120279
250001
52290
250001
18555
250001
27069
18532
52290
61105
13749
18532
27069
18532
4525
18532
5960
18532
120279
66226
112375
250001
101629
165807
5960
18532
18555
18532
107612
18532
120279
18532
120279
167325
120263
250001
120279
60815
120279
177515
5960
18532
4525
18532
120263
250001
27069
18532
112375
66226
10582
250001
120279
155631
46096
250001
27069
250001
10582
18532
17370
51339
27069
18532
27069
18532
27069
18532
27069
18532
18555
18532
58535
51339
27069
18532
13749
134358
58535
134358
4525
145305
5960
23157
27069
18532
27069
18532
27069
18532
5960
83028
18555
145305
27069
23157
27069
23157
27069
18532
27069
18532
27069
18532
27069
18532
5960
83028
4525
117740
27069
18532
58535
116548
27069
18532
10582
18532
27069
18532
27069
18532
45404
18532
10582
18532
10582
115661
10582
150621
10582
150621
10582
150621
10582
150621
10582
18532
10582
61105
10582
18532
10582
18532
4525
18532
5960
18532
10582
66226
10582
150621
10582
150621
5960
18532
10582
18532
10582
18532
10582
18532
10582
150621
10582
150621
10582
60815
10582
150621
5960
18532
4525
18532
10582
150621
10582
18532
10582
66226
181834
150621
10582
150621
10582
150621
10582
150621
17370
18532
17370
18532
17370
18532
17370
18532
17370
18532
17370
250001
17370
18532
13749
51339
17370
51339
4525
51339
5960
23157
17370
18532
17370
18532
17370
18532
5960
51339
17370
51339
17370
23157
17370
23157
17370
18532
17370
18532
17370
18532
17370
18532
5960
51339
4525
51339
17370
18532
17370
51339
17370
18532
10582
18532
17370
18532
17370
18532
17370
18532
96036
115661
96036
115661
52290
115661
18555
115661
27069
18532
52290
61105
13749
18532
27069
18532
4525
18532
5960
18532
96036
66226
96036
115661
96036
115661
5960
18532
18555
18532
96036
18532
96036
18532
96036
115661
96036
115661
96036
60815
96036
115661
5960
18532
4525
18532
96036
115661
27069
18532
96036
66226
10582
115661
96036
115661
46096
115661
27069
115661
112375
250001
52290
250001
18555
250001
27069
18532
52290
61105
13749
18532
27069
18532
4525
18532
5960
18532
112375
66226
120279
250001
101629
165807
5960
18532
18555
18532
107612
18532
112375
18532
112375
167325
112375
250001
112375
60815
112375
177515
5960
18532
4525
18532
112375
250001
27069
18532
120279
66226
10582
250001
112375
155631
46096
250001
27069
250001
52290
250001
18555
250001
27069
18532
52290
61105
13749
18532
27069
18532
4525
18532
5960
18532
120688
66226
112375
250001
101629
165807
5960
18532
18555
18532
107612
18532
145186
18532
152661
167325
120263
250001
155999
60815
145186
177515
5960
18532
4525
18532
120263
250001
27069
18532
112375
66226
10582
250001
155999
155631
46096
250001
27069
250001
18555
250001
27069
18532
120263
61105
13749
18532
27069
18532
4525
18532
5960
18532
52290
66226
52290
250001
52290
165807
5960
18532
18555
18532
52290
18532
52290
18532
52290
167325
52290
250001
52290
60815
52290
177515
5960
18532
4525
18532
52290
250001
27069
18532
52290
66226
10582
250001
52290
155631
46096
250001
27069
250001
18555
18532
18555
61105
13749
18532
18555
18532
4525
18532
5960
18532
18555
66226
18555
250001
18555
165807
5960
18532
27069
18532
18555
18532
18555
18532
18555
167325
18555
250001
18555
60815
18555
177515
5960
18532
4525
18532
18555
250001
18555
18532
18555
66226
10582
250001
18555
155631
18555
250001
18555
250001
27069
18532
13749
51339
75955
51339
4525
51339
5960
23157
27069
18532
27069
18532
27069
18532
5960
51339
18555
51339
27069
23157
27069
23157
27069
18532
27069
18532
27069
18532
27069
18532
5960
51339
4525
51339
27069
18532
63709
51339
27069
18532
10582
18532
27069
18532
27069
18532
45404
18532
13749
18532
27069
18532
4525
18532
5960
18532
52290
61105
52290
61105
52290
61105
5960
18532
18555
18532
52290
18532
52290
18532
52290
61105
52290
61105
52290
60815
52290
61105
5960
18532
4525
18532
52290
61105
27069
18532
52290
61105
10582
61105
52290
61105
46096
61105
27069
61105
13749
176372
4525
134358
5960
23157
13749
18532
13749
18532
13749
18532
5960
83028
13749
134358
13749
23157
13749
23157
13749
18532
13749
18532
13749
18532
13749
18532
5960
83028
4525
117740
13749
18532
13749
116548
13749
18532
10582
18532
13749
18532
13749
18532
13749
18532
4525
134358
5960
23157
27069
18532
27069
18532
27069
18532
5960
83028
18555
134358
27069
23157
27069
23157
27069
18532
27069
18532
27069
18532
27069
18532
5960
83028
4525
117740
27069
18532
63709
116548
27069
18532
10582
18532
27069
18532
27069
18532
45404
18532
4525
23157
4525
18532
4525
18532
4525
18532
4525
83028
4525
176372
4525
23157
4525
23157
4525
18532
4525
18532
4525
18532
4525
18532
4525
83028
45693
117740
4525
18532
4525
116548
4525
18532
4525
18532
4525
18532
4525
18532
4525
18532
5960
18532
5960
18532
5960
18532
5964
23157
5960
23157
5960
38465
5960
60815
5960
18532
5960
18532
5960
18532
5960
18532
5964
23157
4525
23157
5960
18532
5960
23157
5960
18532
5960
18532
5960
18532
5960
18532
5960
18532
112375
66226
101629
66226
5960
18532
18555
18532
107612
18532
120688
18532
120688
66226
120263
66226
120688
60815
120688
66226
5960
18532
4525
18532
120263
66226
27069
18532
112375
90256
10582
66226
120688
66226
46096
66226
27069
66226
101629
165807
5960
18532
18555
18532
107612
18532
112375
18532
112375
167325
112375
250001
112375
60815
112375
177515
5960
18532
4525
18532
112375
250001
27069
18532
120688
66226
10582
250001
112375
155631
46096
250001
27069
250001
5960
18532
18555
18532
101629
18532
101629
18532
101629
165807
101629
165807
101629
60815
101629
165807
5960
18532
4525
18532
101629
165807
27069
18532
101629
66226
10582
165807
101629
155631
46096
165807
27069
165807
5960
83028
5960
23157
5960
23157
5960
18532
5960
18532
5960
18532
5960
18532
180595
117740
4525
83028
5960
18532
5960
83028
5960
18532
5960
18532
5960
18532
5960
18532
5960
18532
18555
23157
18555
23157
18555
18532
18555
18532
18555
18532
18555
18532
5960
83028
4525
117740
18555
18532
18555
116548
18555
18532
10582
18532
18555
18532
18555
18532
18555
18532
107612
38465
107612
18532
107612
18532
107612
18532
107612
18532
5960
23157
4525
23157
107612
18532
27069
23157
107612
18532
10582
18532
107612
18532
46096
18532
27069
18532
145186
18532
120263
18532
145186
18532
146398
18532
5960
23157
4525
23157
120263
18532
27069
23157
112375
18532
10582
18532
145186
18532
46096
18532
27069
18532
120263
167325
152661
60815
145186
167325
5960
18532
4525
18532
120263
167325
27069
18532
112375
66226
10582
167325
152661
155631
46096
167325
27069
167325
120263
60815
120263
177515
5960
18532
4525
18532
180595
250001
27069
18532
112375
66226
10582
250001
120263
155631
46096
250001
27069
250001
145186
60815
5960
18532
4525
18532
120263
60815
27069
18532
112375
60815
10582
60815
181292
60815
46096
60815
27069
60815
5960
18532
4525
18532
120263
177515
27069
18532
112375
66226
10582
177515
145186
155631
46096
177515
27069
177515
4525
83028
5960
18532
5960
83028
5960
18532
5960
18532
5960
18532
5960
18532
5960
18532
4525
18532
4525
116548
4525
18532
4525
18532
4525
18532
4525
18532
4525
18532
27069
18532
112375
66226
10582
250001
120263
155631
46096
250001
27069
250001
27069
18532
10582
18532
27069
18532
27069
18532
45404
18532
10582
66226
112375
66226
46096
66226
27069
66226
10582
155631
10582
250001
10582
250001
46096
155631
27069
155631
27069
250001
