156895
131615
48522
52296
29231
4916
48522
4916
48522
72833
29231
4916
36021
52296
48522
4916
48522
4916
48522
4916
31303
213728
48522
4916
36021
52296
48522
4916
79997
123608
48522
4916
173154
250001
48522
4916
36021
52296
48522
4916
250001
128716
48522
4916
48522
52296
48522
4916
48522
4916
48522
4916
48522
8295
31303
4916
36021
52296
48522
72833
48522
4916
48522
4916
48522
4916
48522
4916
29048
4916
156895
216147
48522
4916
29048
4916
48522
52296
29231
4916
48522
4916
48522
72833
29231
4916
36021
52296
48522
4916
48522
4916
48522
4916
31303
131615
48522
4916
36021
52296
48522
4916
79997
123608
48522
4916
156895
131615
48522
4916
36021
52296
48522
4916
156895
128716
48522
4916
48522
52296
48522
4916
48522
4916
48522
4916
48522
8295
31303
4916
36021
52296
48522
72833
48522
4916
48522
4916
48522
4916
48522
4916
29048
4916
250001
131615
48522
4916
29048
4916
29231
4916
79997
4916
79997
52296
29231
4916
36021
83329
79997
4916
79997
4916
79997
4916
31303
52296
79997
4916
36021
83329
79997
4916
48522
52296
79997
4916
48522
52296
79997
4916
36021
123608
79997
4916
48522
52296
79997
4916
79997
83329
79997
4916
79997
4916
79997
4916
79997
8295
31303
4916
36021
123608
79997
52296
79997
4916
79997
4916
79997
4916
79997
4916
29048
4916
48522
52296
79997
4916
29048
4916
29231
140069
29231
4916
250001
250001
29231
4916
29231
250001
29231
250001
29231
8295
29231
4916
29231
250001
29231
4916
29231
250001
29231
4916
29231
28201
29231
4916
29231
250001
29231
4916
29231
111577
29231
4916
29231
111577
29231
4916
29231
250001
29231
83329
29231
250001
29231
4916
29231
226731
29231
4916
29231
4916
29231
8295
29231
250001
29231
28201
29231
250001
29048
250001
29231
4916
29231
250001
29048
250001
140823
4916
29231
140069
36021
4916
250001
140069
250001
140069
250001
8295
31303
4916
250001
140069
36021
4916
250001
140069
48522
4916
250001
28201
48522
4916
250001
140069
36021
4916
250001
111577
48522
4916
209072
111577
124803
4916
140823
140069
250001
83329
209072
140069
124803
4916
31303
140069
36021
4916
140823
4916
250001
8295
250001
140069
250001
28201
250001
140069
29048
140069
48522
4916
250001
140069
29048
140069
29231
4916
36021
52296
140823
4916
140823
4916
140823
4916
31303
72833
140823
4916
36021
52296
140823
4916
48522
72833
140823
4916
48522
72833
140823
4916
36021
52296
140823
4916
48522
72833
140823
4916
124803
52296
250001
4916
140823
4916
140823
4916
124803
8295
31303
4916
36021
52296
245400
202894
140823
4916
140823
4916
140823
4916
140823
4916
29048
4916
48522
72833
140823
4916
29048
4916
29231
4916
29231
250001
29231
250001
29231
8295
29231
4916
29231
250001
29231
4916
29231
250001
29231
4916
29231
28201
29231
4916
29231
250001
29231
4916
29231
111577
29231
4916
29231
111577
29231
4916
29231
250001
29231
83329
29231
250001
29231
4916
29231
226731
29231
4916
29231
4916
29231
8295
29231
250001
29231
28201
29231
250001
29048
250001
29231
4916
29231
250001
29048
250001
36021
4916
36021
4916
36021
4916
31303
52296
36021
4916
118316
250001
36021
4916
36021
52296
36021
4916
36021
52296
36021
4916
118316
83329
36021
4916
36021
52296
36021
4916
36021
250001
36021
4916
36021
4916
36021
4916
36021
8295
31303
4916
118316
83329
36021
52296
36021
4916
36021
4916
36021
4916
36021
4916
29048
4916
36021
52296
36021
4916
29048
4916
250001
250001
250001
8295
31303
4916
250001
250001
36021
4916
250001
250001
48522
4916
250001
28201
48522
4916
250001
250001
36021
4916
250001
111577
48522
4916
209072
111577
124803
4916
140823
250001
250001
83329
209072
250001
124803
4916
31303
226731
36021
4916
140823
4916
250001
8295
250001
250001
250001
28201
250001
250001
29048
250001
48522
4916
250001
250001
29048
250001
250001
8295
31303
4916
250001
250001
36021
4916
250001
250001
48522
4916
250001
28201
48522
4916
250001
250001
36021
4916
250001
111577
48522
4916
209072
111577
124803
4916
140823
250001
250001
83329
209072
250001
124803
4916
31303
226731
36021
4916
140823
4916
250001
8295
250001
250001
250001
28201
250001
250001
29048
250001
48522
4916
250001
250001
29048
250001
31303
4916
250001
8295
36021
4916
250001
8295
48522
4916
250001
8295
48522
4916
250001
8295
36021
4916
250001
8295
48522
4916
209072
8295
124803
4916
140823
8295
250001
8295
209072
8295
124803
4916
31303
8295
36021
4916
140823
4916
250001
111577
250001
8295
250001
8295
250001
8295
29048
8295
48522
4916
250001
8295
29048
8295
31303
4916
31303
52296
31303
4916
31303
123608
31303
4916
31303
213728
31303
4916
31303
52296
31303
4916
31303
128716
31303
4916
31303
52296
31303
4916
31303
4916
31303
4916
31303
8295
48522
4916
31303
52296
31303
72833
31303
4916
31303
4916
31303
4916
31303
4916
29048
4916
31303
213728
31303
4916
29048
4916
36021
4916
250001
250001
48522
4916
250001
28201
48522
4916
250001
250001
36021
4916
250001
111577
48522
4916
209072
111577
124803
4916
140823
250001
250001
83329
209072
250001
124803
4916
31303
226731
36021
4916
140823
4916
250001
8295
250001
250001
250001
28201
250001
250001
29048
250001
48522
4916
250001
250001
29048
250001
36021
4916
36021
52296
36021
4916
36021
52296
36021
4916
250001
83329
36021
4916
36021
52296
36021
4916
36021
250001
36021
4916
36021
4916
36021
4916
36021
8295
31303
4916
250001
83329
36021
52296
36021
4916
36021
4916
36021
4916
36021
4916
29048
4916
36021
52296
36021
4916
29048
4916
48522
4916
250001
28201
48522
4916
250001
250001
36021
4916
250001
111577
48522
4916
209072
111577
124803
4916
140823
250001
250001
83329
209072
250001
124803
4916
31303
226731
36021
4916
140823
4916
250001
8295
250001
250001
250001
28201
250001
250001
29048
250001
48522
4916
250001
250001
29048
250001
48522
4916
79997
123608
48522
4916
36021
52296
48522
4916
79997
123608
48522
4916
48522
52296
48522
4916
48522
4916
48522
4916
48522
8295
31303
4916
36021
52296
48522
72833
48522
4916
48522
4916
48522
4916
48522
4916
29048
4916
79997
123608
48522
4916
29048
4916
48522
4916
250001
28201
36021
4916
250001
28201
48522
4916
209072
28201
124803
4916
140823
28201
250001
28201
209072
28201
124803
4916
31303
28201
36021
4916
140823
4916
250001
8295
250001
28201
250001
228580
250001
28201
29048
28201
48522
4916
250001
28201
29048
28201
48522
4916
36021
52296
48522
4916
173154
128716
48522
4916
48522
52296
48522
4916
48522
4916
48522
4916
48522
8295
31303
4916
36021
52296
48522
72833
48522
4916
48522
4916
48522
4916
48522
4916
29048
4916
156895
216147
48522
4916
29048
4916
36021
4916
250001
111577
48522
4916
209072
111577
124803
4916
140823
250001
250001
83329
209072
250001
124803
4916
31303
226731
36021
4916
140823
4916
250001
8295
250001
250001
250001
28201
250001
250001
29048
250001
48522
4916
250001
250001
29048
250001
36021
4916
36021
52296
36021
4916
36021
83329
36021
4916
36021
4916
36021
4916
36021
8295
31303
4916
250001
250001
36021
52296
36021
4916
36021
4916
36021
4916
36021
4916
29048
4916
36021
52296
36021
4916
29048
4916
48522
4916
209072
250001
124803
4916
140823
111577
250001
83329
209072
111577
124803
4916
31303
111577
36021
4916
140823
4916
250001
8295
250001
111577
250001
28201
250001
111577
29048
111577
48522
4916
250001
111577
29048
111577
48522
4916
48522
52296
48522
4916
48522
4916
48522
4916
48522
8295
31303
4916
36021
52296
48522
72833
48522
4916
48522
4916
48522
4916
48522
4916
29048
4916
156895
128716
48522
4916
29048
4916
124803
4916
140823
111577
209072
83329
250001
111577
124803
4916
31303
111577
36021
4916
140823
4916
209072
8295
209072
111577
209072
28201
209072
111577
29048
111577
48522
4916
209072
111577
29048
111577
124803
4916
124803
4916
124803
4916
156895
8295
31303
4916
36021
83329
124803
52296
124803
4916
124803
4916
124803
4916
124803
4916
29048
4916
48522
52296
124803
4916
29048
4916
140823
83329
140823
250001
124803
4916
31303
226731
36021
4916
245400
4916
140823
8295
140823
250001
140823
28201
140823
250001
29048
250001
48522
4916
140823
250001
29048
250001
209072
83329
124803
4916
31303
83329
36021
4916
140823
4916
250001
8295
250001
83329
250001
28201
250001
83329
29048
83329
48522
4916
250001
83329
29048
83329
124803
4916
31303
226731
36021
4916
140823
4916
209072
8295
209072
250001
209072
28201
209072
250001
29048
250001
48522
4916
209072
250001
29048
250001
31303
4916
36021
8295
124803
8295
124803
4916
124803
4916
124803
4916
124803
4916
29048
4916
48522
8295
124803
4916
29048
4916
31303
4916
31303
4916
31303
8295
31303
226731
31303
28201
31303
226731
29048
226731
31303
4916
31303
226731
29048
226731
36021
52296
36021
4916
36021
4916
36021
4916
36021
4916
29048
4916
36021
52296
36021
4916
29048
4916
140823
4916
140823
4916
140823
4916
140823
4916
29048
4916
48522
72833
140823
4916
29048
4916
250001
8295
250001
8295
250001
8295
29048
8295
48522
4916
250001
8295
29048
8295
250001
28201
250001
250001
29048
250001
48522
4916
250001
250001
29048
250001
250001
28201
29048
28201
48522
4916
250001
28201
29048
28201
29048
250001
48522
4916
250001
250001
29048
250001
29048
4916
29048
250001
250001
250001
48522
4916
29048
4916
29048
250001
