15050
18261
15050
18261
15050
18261
15050
2163
15050
18261
15050
18261
15050
18261
15050
18261
15050
18261
15050
18261
15050
18261
15050
18261
15050
2163
15050
18261
15050
18261
15050
159028
250001
18261
15050
18261
15050
18261
15050
18261
15050
18261
15050
18261
15050
18261
15050
18261
15050
18261
15050
18261
15050
18261
15050
18261
15050
18261
15050
18261
15050
18261
15050
18261
15050
18261
15050
18261
15050
18261
15050
18261
15050
18261
28015
64634
32794
45122
32794
2163
32794
181062
32794
148194
32794
148194
32794
48774
28256
91711
32794
159028
23872
181062
32794
181062
32794
2163
23872
64634
32794
148194
32794
18261
15050
105855
32794
181062
32794
148194
32794
181062
32794
181062
25295
181062
32794
48774
17402
181062
32794
36163
32550
181062
17402
36163
32794
48774
32794
181062
32794
181062
32794
159028
32794
181062
32794
148194
32794
179843
28256
38709
32794
181062
32794
181062
28015
45122
28015
2163
28015
64634
28015
64634
28015
64634
28015
48774
28015
64634
28015
64634
23872
64634
28015
64634
28015
2163
23872
182863
28015
64634
28015
18261
15050
64634
28015
64634
28015
64634
28015
64634
28015
64634
25295
64634
28015
48774
17402
64634
28015
36163
28015
64634
17402
36163
28015
48774
28015
64634
28015
64634
28015
64634
28015
64634
28015
64634
28015
64634
28015
38709
28015
64634
28015
64634
39241
2163
99120
45122
250001
45122
99120
45122
250001
45122
28256
45122
99120
45122
23872
45122
41166
45122
39241
2163
23872
45122
99120
45122
33437
18261
15050
45122
99120
45122
99120
45122
99120
45122
99120
45122
25295
45122
59124
45122
17402
45122
99120
36163
32550
45122
17402
36163
39625
45122
41166
45122
99120
45122
39241
45122
41166
45122
99120
45122
39241
45122
28256
38709
39585
45122
39625
45122
39241
2163
39241
2163
39241
2163
39241
2163
28256
2163
39241
2163
23872
2163
39241
2163
250001
105855
23872
2163
39241
2163
33437
2163
15050
2163
39241
2163
39241
2163
39241
2163
39241
2163
25295
2163
39241
2163
17402
2163
39241
2163
32550
2163
17402
2163
39241
2163
39241
2163
39241
2163
196356
2163
39241
2163
39241
2163
41166
2163
28256
2163
39241
2163
39241
2163
99120
148194
112469
148194
99120
48774
28256
91711
196687
159028
23872
184524
41166
216055
39241
2163
23872
64634
197340
148194
33437
18261
15050
105855
197340
206251
168326
148194
116968
182300
182131
205915
25295
206251
59124
48774
17402
182863
197340
36163
32550
206251
17402
36163
39625
48774
41166
202106
197340
250001
39241
159028
41166
206251
197340
148194
39241
179843
28256
38709
39585
182300
39625
206251
99120
206633
250001
48774
28256
91711
99120
148194
23872
148194
41166
148194
39241
2163
23872
64634
99120
206633
33437
18261
15050
105855
99120
148194
99120
200385
99120
148194
99120
148194
25295
148194
59124
48774
17402
148194
99120
36163
32550
148194
17402
36163
39625
48774
41166
148194
99120
148194
39241
148194
41166
148194
99120
182300
39241
148194
28256
38709
39585
148194
39625
148194
99120
48774
28256
91711
112469
148194
23872
148194
41166
148194
39241
2163
23872
64634
112469
211851
33437
18261
15050
105855
112469
148194
112469
200385
112469
148194
112469
148194
25295
148194
59124
48774
17402
148194
112469
36163
32550
148194
17402
36163
39625
48774
41166
148194
112469
148194
39241
148194
41166
148194
112469
182300
39241
148194
28256
38709
39585
148194
39625
148194
28256
48774
99120
48774
23872
48774
41166
48774
39241
2163
23872
48774
99120
48774
33437
18261
15050
48774
99120
48774
99120
48774
99120
48774
99120
48774
25295
48774
59124
182300
17402
48774
99120
36163
32550
48774
17402
36163
39625
182300
41166
48774
99120
48774
39241
48774
41166
48774
99120
48774
39241
48774
28256
38709
39585
48774
39625
48774
28256
91711
23872
91711
28256
91711
28256
2163
23872
64634
28256
91711
28256
18261
15050
91711
28256
91711
28256
91711
28256
91711
28256
91711
25295
91711
28256
48774
17402
91711
28256
36163
28256
91711
17402
36163
28256
48774
28256
91711
28256
91711
28256
91711
28256
91711
28256
91711
28256
91711
99120
38709
28256
91711
28256
91711
23872
159028
41166
159028
39241
2163
23872
64634
196687
148194
33437
18261
15050
105855
196687
159028
168326
148194
116968
159028
182131
159028
25295
159028
59124
48774
17402
159028
196687
36163
32550
159028
17402
36163
39625
48774
41166
159028
196687
159028
39241
177008
41166
159028
196687
148194
39241
159028
28256
38709
39585
159028
39625
159028
23872
184524
23872
2163
24261
64634
23872
148194
23872
18261
15050
105855
23872
184524
23872
148194
23872
182300
23872
184524
23872
184524
23872
48774
17402
182863
23872
36163
23872
184524
17402
36163
23872
48774
23872
184524
23872
184524
23872
159028
23872
184524
23872
148194
23872
179843
23872
38709
23872
182300
23872
184524
39241
2163
23872
64634
41166
148194
33437
18261
15050
105855
41166
206251
41166
148194
41166
182300
41166
205915
25295
206251
41166
48774
17402
182863
41166
36163
32550
206251
17402
36163
39625
48774
43025
202106
41166
216055
39241
159028
43025
206251
41166
148194
39241
179843
28256
38709
39585
182300
39625
206251
23872
2163
39241
2163
33437
2163
15050
2163
39241
2163
39241
2163
39241
2163
39241
2163
25295
2163
39241
2163
17402
2163
39241
2163
32550
2163
17402
2163
39241
2163
39241
2163
39241
2163
196356
2163
39241
2163
39241
2163
41166
2163
28256
2163
39241
2163
39241
2163
23872
64634
23872
18261
15050
64634
23872
64634
23872
64634
23872
64634
23872
64634
23872
64634
23872
48774
17402
64634
23872
36163
23872
64634
17402
36163
23872
48774
23872
64634
23872
64634
23872
64634
23872
64634
23872
64634
23872
64634
23872
38709
23872
64634
23872
64634
33437
18261
15050
105855
250001
148194
168326
200385
116968
148194
182131
148194
25295
148194
59124
48774
17402
148194
250001
36163
32550
148194
17402
36163
39625
48774
41166
148194
217697
148194
39241
148194
41166
148194
200655
182300
39241
148194
28256
38709
39585
148194
39625
148194
15050
18261
33437
18261
33437
18261
33437
18261
33437
18261
25295
18261
33437
18261
17402
18261
33437
18261
32550
18261
17402
18261
33437
18261
33437
18261
33437
18261
33437
18261
33437
18261
33437
18261
33437
18261
28256
18261
33437
18261
33437
18261
15050
105855
15050
105855
15050
105855
15050
105855
15050
105855
15050
48774
15050
105855
15050
36163
15050
105855
15050
36163
15050
48774
15050
105855
15050
105855
15050
105855
15050
105855
15050
105855
15050
105855
15050
38709
15050
105855
15050
105855
168326
148194
116968
182300
182131
205915
25295
250001
59124
48774
17402
182863
250001
36163
32550
250001
17402
36163
39625
48774
41166
202106
217697
206251
39241
159028
41166
248246
200655
148194
39241
179843
28256
38709
39585
182300
39625
250001
116968
148194
168326
148194
25295
148194
59124
48774
17402
148194
168326
36163
32550
148194
17402
36163
39625
48774
41166
148194
168326
148194
39241
148194
41166
148194
168326
182300
39241
148194
28256
38709
39585
148194
39625
148194
116968
182300
25295
182300
59124
48774
17402
182300
116968
36163
32550
182300
17402
36163
39625
48774
41166
182300
116968
182300
39241
159028
41166
182300
116968
148194
39241
179843
28256
38709
39585
219456
39625
182300
25295
205915
59124
48774
17402
182863
182131
36163
32550
205915
17402
36163
39625
48774
41166
202106
182131
205915
39241
159028
41166
205915
182131
148194
39241
179843
28256
38709
39585
182300
39625
205915
25295
48774
17402
182863
25295
36163
25295
250001
17402
36163
25295
48774
25295
202106
25295
206251
25295
159028
25295
248246
25295
148194
25295
179843
25295
38709
25295
182300
25295
250001
17402
48774
59124
36163
32550
48774
17402
36163
39625
184524
41166
48774
59124
48774
39241
48774
41166
48774
59124
48774
39241
48774
28256
38709
39585
48774
39625
48774
17402
36163
17402
182863
18542
36163
17402
48774
17402
182863
17402
182863
17402
159028
17402
182863
17402
148194
17402
179843
17402
38709
17402
182300
17402
182863
32550
36163
17402
38709
39625
36163
41166
36163
217697
36163
39241
36163
41166
36163
200655
36163
39241
36163
28256
36163
39585
36163
39625
36163
17402
36163
32550
48774
32550
202106
32550
206251
32550
159028
32550
248246
32550
148194
32550
179843
28256
38709
32550
182300
32550
250001
17402
36163
17402
36163
17402
36163
17402
36163
17402
36163
17402
36163
17402
36163
17402
36163
17402
36163
17402
36163
39625
48774
39625
48774
39241
48774
39625
48774
39625
48774
39241
48774
28256
38709
39585
48774
43244
48774
41166
202106
39241
159028
43318
202106
41166
148194
39241
179843
28256
38709
39585
182300
39625
202106
39241
159028
41166
206251
200655
148194
39241
179843
28256
38709
39585
182300
39625
206251
39241
159028
39241
148194
41166
159028
28256
38709
39241
159028
39241
159028
41166
148194
39241
179843
28256
38709
39585
182300
39625
248246
39241
148194
28256
38709
39585
148194
39625
148194
28256
38709
39241
179843
39241
179843
28256
38709
28256
38709
39585
182300
