7587
15135
19611
5026
19611
89536
19611
104788
19611
250001
19611
104788
19611
24065
19611
104788
19611
104788
19611
89536
19611
104788
7587
15135
7587
104788
19611
89536
7587
15135
7587
15135
19611
104788
19611
89536
19611
89536
19611
104788
19611
89536
19611
104788
19611
89536
19611
24065
19611
89536
1349
15135
19611
89536
31477
104788
19611
5026
19611
104788
19611
89536
19611
15135
19611
186162
7587
15135
7587
15135
1349
15135
7587
5026
7587
15135
7587
15135
7587
15135
7587
15135
7587
15135
7587
15135
7587
15135
7587
15135
7587
15135
15135
83451
35289
15135
7587
15135
48716
83451
15135
83451
7587
15135
7587
15135
7587
15135
7587
15135
7587
15135
7587
15135
7587
15135
7587
15135
7587
15135
1349
24065
7587
15135
7587
15135
7587
5026
7587
15135
7587
15135
7587
99511
7587
15135
48716
117455
15135
83451
1349
83451
51063
5026
51063
5026
41549
5026
48716
5026
35289
5026
27482
5026
51063
5026
51063
5026
51063
5026
7587
5026
7587
5026
48716
5026
7587
5026
7587
5026
51063
5026
51063
5026
41204
5026
51063
5026
92792
5026
51063
5026
51063
5026
25971
5026
51063
5026
1349
5026
51063
5026
19611
5026
51063
24065
51063
5026
51063
5026
51063
5026
51063
5026
7587
5026
7587
5026
1349
5026
90521
89536
41549
89536
48716
89536
35289
24065
27482
89536
66305
89536
77956
149681
54894
89536
7587
15135
7587
89536
48716
116490
7587
15135
7587
15135
93050
89536
99748
179366
41204
191356
110696
89536
51063
125998
55310
89536
110696
117455
25971
24065
89234
149681
1349
15135
250001
191356
19611
89536
110696
5026
66305
89536
250001
106374
110696
15135
110696
89536
7587
15135
7587
15135
1349
15135
41549
104788
48716
250001
35289
24065
27482
250001
66305
179366
77956
89536
54894
186162
7587
15135
7587
116490
48716
89536
7587
15135
7587
15135
90521
137925
90521
89536
41204
89536
90521
250001
51063
89536
55310
180703
90521
89536
25971
24065
89234
89536
1349
15135
90521
89536
19611
116490
90521
5026
66305
208449
90521
89536
90521
15135
90521
104788
7587
15135
7587
15135
1349
15135
41549
104788
35289
24065
27482
104788
41549
104788
41549
89536
41549
104788
7587
15135
7587
104788
41549
89536
7587
15135
7587
15135
41549
104788
41549
89536
41204
89536
41549
104788
41549
89536
41549
104788
41549
89536
25971
24065
41549
89536
1349
15135
41549
89536
19611
104788
41549
5026
41549
104788
41549
89536
41549
15135
41549
186162
7587
15135
7587
15135
1349
15135
35289
24065
27482
250001
48716
179366
48716
89536
48716
186162
7587
15135
7587
116490
55310
89536
7587
15135
7587
15135
48716
137925
48716
89536
41204
89536
48716
250001
48716
89536
48716
180703
48716
89536
25971
24065
48716
89536
1349
15135
48716
89536
19611
116490
48716
5026
48716
208449
48716
89536
48716
15135
48716
104788
7587
15135
7587
15135
1349
15135
27482
24065
35289
24065
35289
24065
35289
24065
7587
15135
7587
24065
35289
24065
7587
15135
7587
15135
35289
24065
35289
24065
35289
24065
35289
24065
35289
24065
35289
24065
35289
24065
25971
89536
35289
24065
1349
15135
35289
24065
19611
24065
35289
5026
35289
24065
35289
24065
35289
15135
35289
24065
7587
15135
7587
15135
1349
15135
27482
179366
27482
89536
27482
186162
7587
15135
7587
116490
27482
89536
7587
15135
7587
15135
27482
137925
27482
89536
27482
89536
27482
250001
27482
89536
27482
180703
27482
89536
25971
24065
27482
89536
1349
15135
27482
89536
19611
116490
27482
5026
27482
208449
27482
89536
27482
15135
27482
104788
7587
15135
7587
15135
1349
15135
66305
89536
54894
179366
7587
15135
7587
116490
48716
89536
7587
15135
7587
15135
66305
137925
66305
89536
41204
89536
66305
179366
51063
89536
55310
179366
66305
89536
25971
24065
66305
89536
1349
15135
66305
89536
19611
116490
66305
5026
89431
179366
66305
89536
66305
15135
66305
104788
7587
15135
7587
15135
1349
15135
54894
89536
7587
15135
7587
89536
48716
116490
7587
15135
7587
15135
77956
89536
77956
149681
41204
149681
77956
89536
51063
125998
55310
89536
77956
117455
25971
24065
77956
240101
1349
15135
77956
149681
19611
89536
77956
5026
66305
89536
77956
106374
77956
15135
77956
89536
7587
15135
7587
15135
1349
15135
7587
15135
7587
116490
48716
89536
7587
15135
7587
15135
54894
137925
54894
89536
41204
89536
54894
186162
51063
89536
54894
180703
54894
89536
25971
24065
54894
89536
1349
15135
54894
89536
19611
116490
54894
5026
54894
186162
54894
89536
54894
15135
54894
104788
7587
15135
7587
15135
1349
15135
15135
15135
7587
15135
15135
197357
16953
197357
7587
15135
7587
15135
7587
15135
7587
15135
7587
15135
7587
15135
7587
15135
7587
15135
7587
15135
1349
24065
7587
15135
7587
15135
7587
5026
7587
15135
7587
15135
7587
83451
7587
15135
15135
83451
19611
165868
1349
116490
7587
89536
35289
15135
15135
15135
7587
116490
7587
89536
7587
89536
7587
116490
7587
89536
7587
116490
7587
89536
7587
24065
7587
89536
1349
15135
7587
89536
7587
117455
7587
5026
7587
116490
7587
89536
7587
15135
7587
104788
35289
15135
15135
15135
1349
15135
7587
15135
7587
15135
48716
89536
48716
116490
41204
116490
48716
89536
48716
116490
48716
89536
48716
116490
25971
24065
48716
116490
1349
15135
48716
116490
19611
89536
48716
5026
48716
89536
48716
106374
48716
15135
48716
89536
7587
15135
7587
15135
1349
15135
15135
239601
7587
15135
7587
15135
7587
15135
7587
15135
7587
15135
7587
15135
7587
15135
7587
15135
7587
15135
1349
24065
7587
15135
7587
15135
7587
5026
7587
15135
7587
15135
7587
83451
7587
15135
71337
83451
15135
165868
1349
116490
7587
15135
7587
15135
7587
15135
7587
15135
7587
15135
7587
15135
7587
15135
7587
15135
7587
15135
1349
24065
7587
15135
7587
15135
7587
5026
7587
15135
7587
15135
7587
83451
7587
15135
15135
83451
16953
165868
1349
116490
93050
89536
41204
89536
93050
137925
51063
89536
55310
137925
93050
89536
25971
24065
89234
89536
1349
15135
93050
89536
19611
116490
93050
5026
66305
137925
93050
89536
93050
15135
93050
104788
7587
15135
7587
15135
1349
15135
41204
179366
99748
89536
51063
125998
55310
89536
99748
117455
25971
24065
89234
149681
1349
15135
99748
179366
19611
89536
99748
5026
66305
89536
99748
106374
99748
15135
99748
89536
7587
15135
7587
15135
1349
15135
41204
89536
41204
125998
41204
89536
41204
117455
25971
24065
41204
149681
1349
15135
41204
244494
19611
89536
41204
5026
41204
89536
41204
106374
41204
15135
41204
89536
7587
15135
7587
15135
1349
15135
51063
89536
55310
180703
136890
89536
25971
24065
89234
89536
1349
15135
110696
89536
19611
116490
136890
5026
66305
208449
110696
89536
250001
15135
250001
104788
7587
15135
7587
15135
1349
15135
51063
89536
51063
117455
25971
24065
51063
125998
1349
15135
51063
125998
19611
89536
51063
5026
51063
89536
51063
106374
51063
15135
51063
89536
7587
15135
7587
15135
1349
15135
55310
89536
25971
24065
55310
89536
1349
15135
55310
89536
19611
116490
55310
5026
55310
180703
55310
89536
55310
15135
55310
104788
7587
15135
7587
15135
1349
15135
25971
24065
89234
117455
1349
15135
110696
117455
19611
89536
250001
5026
66305
89536
110696
106374
136890
15135
136890
89536
7587
15135
7587
15135
1349
15135
25971
24065
1349
15135
25971
24065
19611
24065
25971
5026
25971
24065
25971
24065
25971
15135
25971
24065
7587
15135
7587
15135
1349
15135
1349
15135
89234
149681
19611
89536
89234
5026
66305
89536
89234
106374
89234
15135
89234
89536
7587
15135
7587
15135
1349
15135
1349
15135
1349
15135
1349
5026
1349
15135
1349
15135
1349
24065
1349
15135
1349
24065
1349
24065
92075
24065
19611
89536
110696
5026
66305
89536
250001
106374
110696
15135
110696
89536
7587
15135
7587
15135
1349
15135
19611
5026
19611
116490
19611
89536
19611
15135
19611
104788
7587
15135
7587
15135
1349
15135
66305
5026
110696
5026
136890
5026
136890
5026
7587
5026
7587
5026
1349
5026
66305
89536
66305
15135
66305
104788
7587
15135
7587
15135
1349
15135
110696
15135
110696
89536
7587
15135
7587
15135
1349
15135
250001
15135
7587
99511
7587
83451
1349
83451
7587
15135
7587
15135
1349
15135
15135
83451
1349
83451
1349
116490
