250001
3826
117253
4692
10401
4692
50266
4692
250001
4692
194630
4692
250001
20293
250001
20293
110219
4692
250001
4692
122768
4692
20219
4692
250001
27412
10048
3826
250001
4065
118110
3826
68598
4692
25622
27412
250001
4692
10048
27412
20219
4692
250001
27412
249253
4692
250001
4065
26574
27412
250001
4692
250001
20293
250001
4692
250001
4692
250001
4692
250001
28094
250001
4692
10485
4692
23951
20293
250001
3826
32811
4692
117253
3826
10401
3826
50266
3826
250001
3826
194630
3826
250001
3826
250001
3826
110219
3826
250001
3826
122768
3826
20219
3826
250001
3826
10048
17364
250001
3826
118110
22811
68598
3826
25622
3826
250001
3826
10048
3826
20219
3826
250001
3826
249253
3826
250001
3826
26574
3826
250001
3826
250001
3826
250001
3826
250001
3826
250001
3826
250001
3826
250001
3826
10485
3826
23951
3826
250001
4692
32811
3826
10401
56776
50266
56776
117253
57391
117253
27412
117253
4692
117253
4692
110219
33135
117253
27412
117253
56776
20219
20293
117253
4692
10048
3826
117253
4065
117253
3826
68598
57472
25622
4692
117253
17364
10048
4692
20219
27412
117253
4692
117253
25620
117253
4065
26574
4692
117253
20293
117253
4692
117253
17528
117253
27412
117253
20293
117253
4692
117253
52262
10485
57945
23951
4692
117253
3826
32811
57391
10401
58979
10401
56776
10401
27412
10401
4692
10401
4692
10401
33135
10401
27412
10401
58979
10401
20293
10401
4692
10048
3826
10401
4065
10401
3826
10401
56776
10401
4692
10401
17364
10048
4692
10401
27412
10401
4692
10401
25620
10401
4065
10401
4692
10401
20293
10401
4692
10401
17528
10401
27412
10401
20293
10401
4692
10401
52262
10401
56776
10401
4692
10401
3826
10401
56776
50266
56776
50266
27412
50266
4692
50266
4692
50266
33135
50266
27412
50266
69189
20219
20293
50266
4692
10048
3826
50266
4065
50266
3826
50266
56776
25622
4692
50266
17364
10048
4692
20219
27412
50266
4692
50266
25620
50266
4065
26574
4692
50266
20293
50266
4692
50266
17528
50266
27412
50266
20293
50266
4692
50266
52262
10485
56776
23951
4692
50266
3826
32811
56776
194630
27412
250001
4692
250001
4692
110219
33135
250001
27412
122768
56776
20219
20293
250001
4692
10048
3826
250001
4065
118110
3826
68598
57391
25622
4692
250001
17364
10048
4692
20219
27412
250001
4692
249253
25620
250001
4065
26574
4692
250001
20293
250001
4692
250001
17528
250001
27412
250001
20293
250001
4692
250001
52262
10485
57391
23951
4692
250001
3826
32811
237267
194630
4692
194630
4692
110219
27412
194630
28094
122768
27412
20219
20293
194630
4692
10048
3826
194630
4065
118110
3826
68598
27412
25622
4692
194630
17364
10048
4692
20219
28094
194630
4692
194630
25620
194630
4065
26574
4692
194630
20293
194630
4692
194630
17528
194630
28094
194630
20293
194630
4692
194630
27412
10485
27412
23951
4692
194630
3826
32811
27412
250001
33514
110219
4692
250001
4692
122768
4692
20219
4692
250001
20293
10048
3826
250001
4065
118110
3826
68598
4692
25622
20293
250001
4692
10048
20293
20219
4692
250001
20293
249253
4692
250001
4065
26574
20293
250001
4692
250001
25620
250001
4692
250001
4692
250001
4692
250001
20293
250001
4692
10485
4692
23951
27412
250001
3826
32811
4692
110219
4692
250001
4692
122768
4692
20219
4692
250001
20293
10048
3826
250001
4065
118110
3826
68598
4692
25622
20293
250001
4692
10048
20293
20219
4692
250001
20293
249253
4692
250001
4065
26574
20293
250001
4692
250001
25620
250001
4692
250001
4692
250001
4692
250001
20293
250001
4692
10485
4692
23951
27412
250001
3826
32811
4692
110219
27412
110219
33135
20219
20293
110219
4692
10048
3826
110219
4065
110219
3826
68598
33135
25622
4692
110219
17364
10048
4692
20219
27412
110219
4692
110219
25620
110219
4065
26574
4692
110219
20293
110219
4692
110219
17528
110219
27412
110219
20293
110219
4692
110219
33135
10485
33135
23951
4692
110219
3826
32811
33135
122768
27412
20219
20293
250001
4692
10048
3826
250001
4065
118110
3826
68598
27412
25622
4692
250001
17364
10048
4692
20219
56063
250001
4692
249253
25620
250001
4065
26574
4692
250001
20293
250001
4692
250001
17528
250001
104151
250001
20293
250001
4692
250001
27412
10485
27412
23951
4692
250001
3826
32811
27412
20219
20293
122768
4692
10048
3826
122768
4065
118110
3826
68598
56776
25622
4692
122768
17364
10048
4692
20219
27412
122768
4692
122768
25620
122768
4065
26574
4692
122768
20293
122768
4692
122768
17528
122768
27412
122768
20293
122768
4692
122768
52262
10485
56776
23951
4692
122768
3826
32811
56776
20219
4692
10048
3826
20219
4065
20219
3826
20219
20293
20219
4692
20219
17364
10048
4692
25622
20293
20219
4692
20219
20293
20219
4065
20219
4692
20219
97158
20219
4692
20219
17528
20219
20293
20219
27412
20219
4692
20219
20293
10485
20293
20219
4692
20219
3826
20219
20293
10048
3826
250001
4065
118110
3826
68598
4692
25622
200881
250001
4692
10048
107802
20219
4692
250001
200881
249253
4692
250001
4065
26574
30837
250001
4692
250001
20293
250001
4692
250001
4692
250001
4692
250001
27412
250001
4692
10485
4692
23951
20293
250001
3826
32811
4692
10048
3826
10048
17364
10048
3826
10048
3826
10048
3826
10401
3826
10048
3826
10048
3826
10048
3826
10048
3826
10048
3826
10048
3826
10048
3826
10048
3826
10048
3826
10048
3826
10048
3826
10048
3826
10048
3826
10048
3826
10048
4692
10048
3826
118110
3826
68598
4065
25622
4065
250001
4065
10048
4065
20219
4065
250001
4065
249253
4065
250001
26862
26574
4065
250001
4065
250001
4065
250001
4065
250001
4065
250001
4065
250001
4065
250001
4065
10485
4065
23951
4065
250001
3826
32811
4065
68598
3826
25622
3826
118110
3826
10048
3826
20219
3826
118110
3826
118110
3826
118110
3826
26574
3826
118110
3826
118110
3826
118110
3826
118110
3826
118110
3826
118110
3826
118110
3826
10485
3826
23951
3826
118110
4692
32811
3826
25622
4692
68598
17364
10048
4692
20219
27412
68598
4692
68598
25620
68598
4065
26574
4692
68598
20293
68598
4692
68598
17528
68598
27412
68598
20293
68598
4692
68598
52262
10485
57472
23951
4692
68598
3826
32811
57391
25622
4692
10048
107802
20219
4692
25622
250001
25622
4692
25622
4065
25622
30837
25622
4692
25622
20293
25622
4692
25622
4692
25622
4692
25622
27412
25622
4692
10485
4692
23951
20293
25622
3826
25622
4692
10048
4692
20219
17364
250001
4692
249253
17364
250001
4065
26574
4692
250001
17364
250001
4692
250001
17364
250001
17364
250001
17364
250001
4692
250001
17364
10485
17364
23951
4692
250001
3826
32811
17364
10048
4692
10048
107802
10048
4692
10048
4065
10048
30837
10048
4692
10048
20293
10048
4692
10048
4692
10048
4692
10048
27412
10048
4692
10048
4692
10048
20293
10048
3826
10048
4692
20219
4692
20219
25620
20219
4065
20219
4692
20219
20293
20219
4692
20219
17528
20219
56063
20219
20293
20219
4692
20219
27412
10485
27412
20219
4692
20219
3826
20219
27412
249253
4692
250001
4065
26574
30837
250001
4692
250001
20293
250001
4692
250001
4692
250001
4692
250001
27412
250001
4692
10485
4692
23951
20293
250001
3826
32811
4692
249253
4065
26574
4692
249253
20293
249253
4692
249253
17528
249253
25620
249253
20293
249253
4692
249253
25620
10485
25620
23951
4692
249253
3826
32811
25620
26574
4065
250001
4065
250001
4065
250001
4065
250001
4065
250001
4065
250001
4065
250001
4065
10485
4065
23951
4065
250001
3826
32811
4065
26574
4692
26574
20293
26574
4692
26574
4692
26574
4692
26574
27412
26574
4692
10485
4692
23951
20293
26574
3826
26574
4692
250001
4692
250001
17528
250001
20293
250001
27412
250001
4692
250001
20293
10485
20293
23951
4692
250001
3826
32811
20293
250001
4692
250001
4692
250001
4692
250001
20293
250001
4692
10485
4692
23951
25620
250001
3826
32811
4692
250001
17528
250001
17528
250001
4692
250001
17528
10485
17528
23951
4692
250001
3826
32811
17528
250001
20293
250001
4692
250001
27412
10485
27412
23951
4692
250001
3826
32811
27412
250001
4692
250001
20293
10485
20293
23951
4692
250001
3826
32811
20293
250001
4692
10485
4692
23951
20293
250001
3826
32811
4692
10485
52262
23951
4692
250001
3826
32811
52262
10485
4692
10485
3826
10485
57391
23951
3826
23951
4692
32811
3826
