226203
49976
88440
50993
118549
99325
28047
99325
78333
50993
216058
99325
156766
99327
233861
47008
92513
99325
88440
99325
96412
34401
76233
23588
88440
99325
64556
99325
226203
97532
102555
99325
73231
26902
64556
99325
216058
99327
115314
99325
102265
99325
128822
198243
56463
23588
76233
23588
249453
23588
78333
99325
28047
99327
226203
99325
115579
172616
222625
99325
233861
34401
116945
23588
88995
49976
88440
49976
118549
49976
28047
49976
78333
49976
216058
49976
156766
49976
226203
47008
92513
49976
88440
49976
96412
34401
76233
23588
88440
49976
64556
49976
250001
49976
102555
49976
73231
26902
64556
49976
216058
49976
115314
49976
102265
49976
128822
49976
56463
23588
76233
23588
226203
23588
78333
49976
28047
49976
250001
49976
115579
49976
222625
49976
226203
34401
116945
23588
88995
99327
88440
50993
28047
50993
78333
199375
88440
50993
88440
50993
88440
47008
88440
50993
115579
50993
88440
34401
76233
23588
203707
50993
64556
50993
88440
50993
88440
50993
73231
26902
64556
50993
88440
50993
88440
50993
88440
50993
88440
50993
56463
23588
76233
23588
88440
23588
78333
50993
28047
50993
88440
50993
88440
50993
88440
50993
88440
34401
88440
23588
88440
49976
28047
222182
78333
50993
118549
222182
118549
99325
118549
47008
92513
101882
88440
99329
96412
34401
76233
23588
88440
199375
64556
124308
118549
97532
102555
101882
73231
26902
64556
99329
118549
99325
115314
222182
102265
99327
118549
99325
56463
23588
76233
23588
118549
23588
78333
222182
28047
99325
118549
220838
115579
99325
118549
199375
118549
34401
116945
23588
88995
49976
28047
50993
28047
228564
28047
99325
28047
47008
28047
101882
28047
99329
28047
34401
28047
23588
28047
199375
28047
124308
28047
97532
28047
101882
28047
26902
28047
99329
28047
99325
28047
228564
28047
99327
28047
99325
28047
23588
28047
23588
28047
23588
28047
250001
63920
99325
28047
220838
28047
99325
28047
199375
28047
34401
28047
23588
28047
49976
78333
50993
78333
50993
78333
47008
78333
50993
78333
50993
78333
34401
76233
23588
78333
50993
64556
50993
78333
50993
78333
50993
73231
26902
64556
50993
78333
50993
78333
50993
78333
50993
78333
50993
56463
23588
76233
23588
78333
23588
226203
50993
28047
50993
78333
50993
78333
50993
78333
50993
78333
34401
78333
23588
78333
49976
156766
99325
216058
47008
92513
101882
88440
99329
96412
34401
76233
23588
88440
199375
64556
124308
216058
97532
102555
101882
73231
26902
64556
99329
250001
99325
115314
250001
102265
99327
128822
99325
56463
23588
76233
23588
216058
23588
78333
228564
28047
99325
216058
220838
115579
99325
216058
199375
216058
34401
116945
23588
88995
49976
156766
47008
92513
99325
88440
99325
96412
34401
76233
23588
88440
99325
64556
99325
156766
97532
102555
99325
73231
26902
64556
99325
156766
233964
115314
99325
102265
99325
128822
99327
56463
23588
76233
23588
156766
23588
78333
99325
28047
125973
156766
99325
115579
99327
156766
99325
156766
34401
116945
23588
88995
49976
92513
47008
88440
47008
96412
34401
76233
23588
88440
47008
64556
47008
226203
47008
102555
47008
73231
26902
64556
47008
216058
47008
115314
47008
102265
47008
128822
47008
56463
23588
76233
23588
233861
23588
78333
47008
28047
47008
226203
47008
115579
47008
222625
47008
250001
34401
116945
23588
88995
47008
88440
99329
92513
34401
76233
23588
88440
101882
64556
101882
92513
97532
92513
240336
73231
26902
64556
99329
92513
99325
92513
101882
92513
99327
92513
99325
56463
23588
76233
23588
92513
23588
78333
101882
28047
99325
92513
101882
92513
99325
92513
101882
92513
34401
92513
23588
88995
49976
88440
34401
76233
23588
115579
99329
64556
99329
88440
97532
88440
99329
73231
26902
64556
172616
88440
99325
88440
99329
88440
99327
88440
99325
56463
23588
76233
23588
88440
23588
78333
99329
28047
99325
88440
99329
88440
99325
88440
99329
88440
34401
88440
23588
88440
49976
76233
23588
88440
34401
64556
34401
96412
34401
96412
34401
73231
26902
64556
34401
96412
34401
96412
34401
96412
34401
96412
34401
56463
23588
76233
23588
96412
23588
78333
34401
28047
34401
96412
34401
96412
34401
96412
34401
96412
201209
96412
23588
88995
34401
76233
23588
64556
23588
76233
23588
76233
23588
73231
23588
64556
23588
76233
23588
76233
23588
76233
23588
76233
23588
56463
106456
115314
51171
76233
25334
76233
23588
28047
23588
76233
23588
76233
23588
76233
23588
76233
23588
76233
25334
76233
23588
64556
124308
88440
97532
88440
101882
73231
26902
64556
99329
88440
99325
88440
199375
88440
99327
88440
99325
56463
23588
76233
23588
88440
23588
78333
199375
28047
99325
88440
199375
88440
99325
88440
217724
88440
34401
88440
23588
88440
49976
64556
97532
64556
101882
64556
26902
118549
99329
64556
99325
64556
124308
64556
99327
64556
99325
56463
23588
64556
23588
64556
23588
64556
124308
28047
99325
64556
124308
64556
99325
64556
124308
64556
34401
64556
23588
64556
49976
102555
97532
73231
26902
64556
97532
216058
97532
115314
97532
102265
97532
128822
97532
56463
23588
76233
23588
226203
23588
78333
97532
28047
97532
250001
97532
115579
97532
222625
97532
226203
34401
116945
23588
88995
49976
73231
26902
64556
99329
102555
99325
102555
101882
102265
99327
102555
99325
56463
23588
76233
23588
102555
23588
78333
101882
28047
99325
102555
101882
102555
99325
102555
101882
102555
34401
102555
23588
88995
49976
64556
26902
73231
26902
73231
26902
73231
26902
73231
26902
56463
23588
73231
23588
73231
23588
73231
26902
28047
26902
73231
26902
73231
26902
73231
26902
73231
26902
73231
23588
73231
26902
64556
99325
64556
99329
64556
99327
64556
99325
56463
23588
64556
23588
64556
23588
64556
99329
28047
99325
64556
99329
64556
99325
64556
99329
64556
34401
64556
23588
64556
49976
115314
99325
102265
99325
128822
99327
56463
23588
76233
23588
216058
23588
78333
99325
28047
125973
216058
99325
115579
99327
216058
99325
216058
34401
116945
23588
88995
49976
102265
99327
115314
99325
56463
23588
76233
23588
115314
23588
78333
228564
28047
99325
115314
220838
115314
99325
115314
199375
115314
34401
115314
23588
88995
49976
102265
99325
56463
23588
76233
23588
102265
23588
78333
99327
28047
99325
102265
99327
102265
99325
102265
99327
102265
34401
102265
23588
88995
49976
56463
23588
76233
23588
128822
23588
78333
99325
28047
99327
128822
99325
115579
172616
128822
99325
128822
34401
116945
23588
88995
49976
56463
51171
56463
25334
56463
23588
28047
23588
56463
23588
56463
23588
56463
23588
56463
23588
56463
25334
56463
23588
76233
25334
76233
23588
28047
23588
76233
23588
76233
23588
76233
23588
76233
23588
76233
25334
76233
23588
78333
23588
28047
23588
226203
23588
115579
23588
222625
23588
233861
23588
116945
28107
88995
23588
28047
99325
78333
220838
78333
99325
78333
199375
78333
34401
78333
23588
78333
49976
28047
99325
28047
99327
28047
99325
28047
34401
28047
23588
28047
49976
115579
99325
222625
199375
226203
34401
116945
23588
88995
49976
115579
99325
115579
34401
115579
23588
88995
49976
222625
34401
116945
23588
88995
49976
116945
23588
88995
34401
88995
23588
