38439
41563
38439
166790
38439
250001
38439
250001
38439
204937
38439
250001
38439
104204
38439
176252
38410
126793
38439
105956
38439
250001
38439
250001
38439
250001
38439
250001
38439
250001
38439
151712
38439
109567
30601
250001
38439
152169
38439
250001
38439
104204
38439
104204
38439
250001
30601
117604
38439
166790
38439
250001
38439
250001
38439
250001
37807
43932
38439
250001
38439
41563
38439
43932
38439
97580
38439
250001
43312
222018
38439
41563
38439
41563
50639
41563
39291
41563
52280
41563
112344
41563
43312
41563
122119
41563
53388
41563
38410
41563
40662
41563
40662
41563
44152
41563
52280
41563
53388
41563
44152
41563
84814
41563
122119
41563
30601
41563
105037
41563
53388
41563
50639
41563
44152
41563
122119
41563
30601
41563
52280
41563
44152
41563
40662
41563
54856
41563
37807
41563
112344
41563
40662
166790
44152
41563
122119
41563
122119
41563
38439
41563
53388
166790
62817
166790
39291
166790
50639
166790
50639
166790
43312
166790
50639
104204
50639
166790
38410
126793
40662
105956
40662
166790
44152
166790
50639
166790
50639
166790
44152
166790
50639
151712
50639
109567
30601
166790
50639
152169
50639
166790
53388
104204
44152
104204
50639
166790
30601
117604
50639
211012
44152
166790
40662
166790
50639
166790
37807
43932
50639
166790
40662
41563
44152
43932
50639
97580
50639
166790
38439
166790
50639
41563
50639
41563
39291
250001
39291
204937
39291
250001
39291
104204
39291
176252
38410
126793
39291
105956
39291
250001
39291
250001
39291
250001
39291
250001
39291
250001
39291
151712
39291
109567
30601
250001
39291
152169
39291
250001
39291
104204
39291
104204
39291
250001
30601
117604
39291
166790
39291
250001
39291
250001
39291
250001
37807
43932
39291
250001
39291
41563
39291
43932
39291
97580
39291
250001
38439
222018
39291
41563
39291
41563
52280
204937
43312
250001
52280
104204
52280
176252
38410
126793
40662
105956
40662
250001
44152
250001
61733
250001
52280
250001
44152
250001
52280
151712
52280
109567
30601
250001
52280
152169
52280
250001
50639
104204
44152
104204
52280
250001
30601
117604
54856
166790
44152
250001
40662
250001
52280
250001
37807
43932
52280
250001
40662
41563
44152
43932
52280
97580
52280
250001
38439
222018
52280
41563
52280
41563
43312
204937
112344
104204
53388
176252
38410
126793
40662
105956
40662
204937
44152
204937
52280
204937
53388
204937
44152
204937
84814
151712
112344
109567
30601
204937
105037
152169
53388
204937
50639
104204
44152
104204
112344
204937
30601
117604
52280
166790
44152
204937
40662
204937
54856
204937
37807
43932
250001
204937
40662
41563
44152
43932
112344
97580
112344
204937
38439
204937
53388
41563
62817
41563
43312
104204
43312
176252
38410
126793
40662
105956
40662
250001
43312
250001
43312
250001
43312
250001
43312
250001
43312
151712
43312
109567
30601
250001
43312
152169
43312
250001
43312
104204
43312
104204
43312
250001
30601
117604
43312
166790
43312
250001
40662
250001
43312
250001
37807
43932
43312
250001
40662
41563
43312
43932
43312
97580
43312
250001
38439
222018
43312
41563
43312
41563
53388
104204
38410
104204
40662
104204
40662
104204
44152
104204
52280
104204
53388
104204
44152
104204
84814
104204
124949
104204
30601
104204
105037
104204
53388
104204
50639
203967
44152
250001
124949
104204
30601
104204
52280
104204
44152
104204
40662
104204
54856
104204
37807
43932
112344
104204
40662
41563
44152
43932
124949
97580
124949
104204
38439
104204
53388
41563
62817
41563
38410
126793
40662
105956
40662
176252
44152
176252
52280
176252
53779
176252
44152
176252
53388
151712
53388
109567
30601
176252
53388
152169
93685
176252
50639
104204
44152
104204
53388
176252
30601
117604
52280
166790
44152
176252
40662
176252
53388
176252
37807
43932
53388
176252
40662
41563
44152
43932
53388
97580
53388
176252
38439
176252
53779
41563
53388
41563
38410
105956
38410
126793
38410
126793
38410
126793
38410
126793
38410
126793
38410
126793
38410
109567
30601
126793
38410
126793
38410
126793
38410
104204
38410
104204
38410
126793
30601
117604
38410
126793
38410
126793
38410
126793
38410
126793
37807
43932
38410
126793
38410
41563
38410
43932
38410
97580
38410
126793
38410
126793
38410
41563
38410
41563
106080
105956
40662
105956
40662
105956
40662
105956
40662
105956
40662
105956
40662
105956
30601
105956
40662
105956
40662
105956
40662
104204
40662
104204
40662
105956
30601
105956
40662
105956
40662
105956
49369
105956
40662
105956
37807
43932
40662
105956
49369
41563
40662
43932
40662
97580
40662
105956
38439
105956
40662
41563
40662
41563
40662
250001
40662
250001
40662
250001
40662
250001
40662
151712
40662
109567
30601
250001
40662
152169
40662
250001
40662
104204
40662
104204
40662
250001
30601
117604
40662
166790
40662
250001
49369
250001
40662
250001
37807
43932
40662
250001
49369
41563
40662
43932
40662
97580
40662
250001
38439
222018
40662
41563
40662
41563
44152
250001
44152
250001
52280
250001
44152
151712
44152
109567
30601
250001
44152
152169
44152
250001
44152
104204
50639
104204
44152
250001
30601
117604
44152
166790
52549
250001
40662
250001
44152
250001
37807
43932
44152
250001
40662
41563
52280
43932
44152
97580
44152
250001
38439
222018
44152
41563
44152
41563
52280
250001
44152
250001
52280
151712
52280
109567
30601
250001
52280
152169
52280
250001
50639
104204
44152
104204
52280
250001
30601
117604
54856
166790
44152
250001
40662
250001
52280
250001
37807
43932
52280
250001
40662
41563
44152
43932
52280
97580
52280
250001
38439
222018
52280
41563
52280
41563
44152
250001
53388
151712
53388
109567
30601
250001
53388
152169
53779
250001
50639
104204
44152
104204
53388
250001
30601
117604
52280
166790
44152
250001
40662
250001
53388
250001
37807
43932
53388
250001
40662
41563
44152
43932
53388
97580
53388
250001
38439
222018
61165
41563
53388
41563
44152
151712
44152
109567
30601
250001
44152
152169
44152
250001
44152
104204
50639
104204
44152
250001
30601
117604
44152
166790
52280
250001
40662
250001
44152
250001
37807
43932
44152
250001
40662
41563
53425
43932
44152
97580
44152
250001
38439
222018
44152
41563
44152
41563
84814
109567
30601
151712
84814
151712
53388
151712
50639
104204
44152
104204
84814
151712
30601
117604
52280
151712
44152
151712
40662
151712
54856
151712
37807
43932
84814
151712
40662
41563
44152
43932
84814
97580
84814
151712
38439
151712
53388
41563
62817
41563
30601
109567
105037
109567
53388
109567
50639
104204
44152
104204
250001
109567
30601
109567
52280
109567
44152
109567
40662
109567
54856
109567
37807
43932
112344
109567
40662
41563
44152
43932
196482
97580
250001
109567
38439
109567
53388
41563
62817
41563
30601
152169
30601
250001
30601
104204
30601
104204
30601
250001
37807
117604
30601
166790
30601
250001
30601
250001
30601
250001
30601
43932
30601
250001
30601
41563
30601
43932
30601
97580
30601
250001
30601
222018
30601
41563
30601
41563
53388
152169
50639
104204
44152
104204
105037
152169
30601
117604
52280
152169
44152
152169
40662
152169
54856
152169
37807
43932
105037
152169
40662
41563
44152
43932
105037
97580
105037
152169
38439
152169
53388
41563
62817
41563
50639
104204
44152
104204
53388
250001
30601
117604
52280
166790
44152
250001
40662
250001
53388
250001
37807
43932
53388
250001
40662
41563
44152
43932
53388
97580
53388
250001
38439
222018
53779
41563
53388
41563
44152
203967
50639
104204
30601
104204
50639
104204
44152
104204
40662
104204
50639
104204
37807
43932
50639
104204
40662
41563
44152
43932
50639
97580
50639
104204
38439
104204
50639
41563
50639
41563
44152
104204
30601
104204
44152
104204
50639
104204
40662
104204
44152
104204
37807
43932
44152
104204
40662
41563
50639
43932
44152
97580
44152
104204
38439
104204
44152
41563
44152
41563
30601
117604
52280
166790
44152
250001
40662
250001
54856
250001
37807
43932
112344
250001
40662
41563
44152
43932
196482
97580
250001
250001
38439
222018
53388
41563
62817
41563
30601
117604
30601
117604
30601
117604
30601
117604
30601
43932
30601
117604
30601
41563
30601
43932
30601
97580
30601
117604
30601
117604
30601
41563
30601
41563
44152
166790
40662
166790
52280
166790
37807
43932
52280
166790
40662
41563
44152
43932
52280
97580
52280
166790
38439
166790
52280
41563
52280
41563
40662
250001
44152
250001
37807
43932
44152
250001
40662
41563
52280
43932
44152
97580
44152
250001
38439
222018
44152
41563
44152
41563
40662
250001
37807
43932
40662
250001
52280
41563
40662
43932
40662
97580
40662
250001
38439
222018
40662
41563
40662
41563
37807
43932
54856
250001
40662
41563
44152
43932
54856
97580
54856
250001
38439
222018
53388
41563
54856
41563
37807
43932
37807
41563
37807
97580
37807
43932
37807
43932
37807
43932
37807
41563
37807
41563
40662
41563
44152
43932
112344
97580
112344
250001
38439
222018
53388
41563
62817
41563
40662
41563
40662
41563
40662
41563
38439
41563
40662
250001
40662
250001
44152
43932
44152
43932
38439
43932
44152
41563
44152
41563
196482
97580
38439
97580
53388
41563
62817
41563
38439
222018
53388
41563
62817
41563
38439
41563
38439
41563
53388
250001
