116153
187794
122315
162797
122315
171104
81885
22307
192462
194243
116153
217585
198513
46149
198513
22307
122315
51133
198513
118240
192466
194243
116153
117367
116153
217585
122315
162797
72742
194243
72742
22307
122315
22307
81885
194243
198513
118240
122315
187794
122315
162797
198513
220980
198513
135758
198513
22307
116153
162797
198513
57110
127964
126185
198513
164554
198513
217488
116153
217585
198513
162797
192466
118240
116153
162797
116153
171104
81885
22307
116153
187794
250001
187794
116153
46149
116153
22307
116153
51133
116153
118240
116153
187794
245998
117367
250001
187794
116153
162797
72742
187794
72742
22307
116153
22307
81885
187794
116153
118240
116153
189247
116153
162797
116153
187794
116153
135758
116153
22307
190743
162797
116153
57110
116153
126185
116153
164554
116153
187794
245998
187794
116153
162797
116153
118240
125231
162797
81885
22307
122315
162797
116153
162797
122315
46149
122315
22307
160943
51133
122315
118240
122315
162797
116153
117367
116153
162797
125231
166627
72742
162797
72742
22307
126829
22307
81885
162797
122315
118240
125231
162797
125231
166627
122315
162797
122315
135758
122315
22307
116153
166627
122315
57110
122315
126185
122315
162797
122315
162797
116153
162797
122315
166627
122315
118240
81885
22307
122315
171104
116153
171104
122315
46149
122315
22307
125231
51133
122315
118240
122315
171104
116153
117367
116153
171104
195794
162797
72742
171104
72742
22307
125231
22307
81885
171104
122315
118240
127435
171104
190743
162797
122315
171104
122315
135758
122315
22307
116153
162797
122315
57110
122315
126185
122315
164554
122315
171104
116153
171104
122315
162797
122315
118240
81885
22307
81885
22307
81885
22307
81885
32339
81885
22307
81885
22307
81885
22307
81885
22307
81885
22307
81885
22307
72742
22307
72742
23058
81885
23058
190743
22307
81885
22307
81885
22307
81885
22307
81885
22307
81885
22307
81885
32339
81885
22307
81885
22307
81885
22307
81885
22307
81885
22307
81885
22307
81885
22307
81885
22307
116153
194243
192462
46149
192462
22307
122315
51133
192462
118240
192462
217488
116153
117367
116153
194243
122315
162797
72742
217488
72742
22307
122315
22307
81885
224371
192462
118240
122315
187794
122315
162797
192462
194243
192462
135758
192462
22307
116153
162797
192462
57110
127964
126185
192462
164554
192462
194243
116153
194243
192462
162797
192462
118240
116153
46149
116153
22307
116153
51133
116153
118240
116153
194243
245998
117367
250001
222019
116153
162797
72742
194243
72742
22307
116153
22307
81885
194243
116153
118240
116153
187794
116153
162797
116153
217585
116153
135758
116153
22307
190743
162797
116153
57110
116153
126185
116153
164554
116153
217488
245998
222019
116153
162797
116153
118240
250001
22307
122315
46149
250001
46149
192466
46149
116153
46149
116153
46149
122315
46149
72742
46149
72742
22307
122315
22307
81885
46149
250001
46149
122315
46149
122315
46149
250001
46149
250001
46149
245998
22307
116153
46149
250001
46149
127964
46149
250001
46149
250001
46149
116153
46149
245998
46149
192466
46149
122315
22307
250001
22307
192466
22307
116153
22307
116153
22307
122315
22307
72742
22307
72742
23058
122315
23058
81885
22307
250001
22307
122315
22307
122315
22307
250001
22307
250001
22307
245998
32905
116153
22307
250001
22307
127964
22307
250001
22307
250001
22307
116153
22307
245998
22307
192466
22307
122315
51133
122315
51133
116153
51133
116153
51133
125231
51133
72742
51133
72742
22307
126829
22307
81885
51133
122315
51133
125231
51133
125231
51133
122315
51133
122315
51133
122315
22307
116153
51133
122315
51133
122315
51133
122315
51133
122315
51133
116153
51133
122315
51133
122315
51133
192466
118240
116153
117367
116153
118240
122315
118240
72742
118240
72742
22307
122315
22307
81885
118240
250001
118386
122315
118240
122315
118240
250001
118240
250001
118240
245998
22307
116153
118240
250001
57110
127964
118240
250001
118240
250001
118240
116153
118240
245998
118240
192466
135758
116153
117367
116153
194243
122315
162797
72742
219638
72742
22307
122315
22307
81885
217488
192466
118240
122315
187794
122315
162797
192466
194243
192466
135758
192466
22307
116153
162797
192466
57110
127964
126185
192466
164554
192466
194243
116153
194243
192466
162797
231382
118240
245998
117367
116153
117367
72742
117367
72742
22307
116153
22307
81885
117367
116153
117367
116153
117367
116153
117367
116153
117367
116153
117367
116153
22307
190743
117367
116153
57110
116153
117367
116153
117367
116153
117367
249658
117367
116153
117367
116153
117367
116153
162797
72742
194243
72742
22307
116153
22307
81885
194243
116153
118240
116153
187794
116153
162797
116153
217585
116153
135758
116153
22307
190743
162797
116153
57110
116153
126185
116153
164554
116153
217488
245998
250001
116153
162797
116153
118240
72742
162797
72742
22307
125231
22307
81885
162797
122315
118240
127435
162797
190743
180213
122315
162797
122315
135758
122315
22307
116153
250001
122315
57110
122315
126185
122315
162797
122315
162797
116153
162797
122315
250001
122315
118240
122315
22307
72742
22307
72742
217488
72742
118240
72742
187794
72742
162797
72742
194243
72742
135758
72742
22307
72742
162797
72742
57110
72742
126185
72742
164554
72742
194243
72742
194243
72742
162797
72742
118240
72742
118218
72742
22307
72742
22307
72742
22307
72742
22307
72742
22307
72742
22307
72742
23058
72742
22307
72742
22307
72742
22307
72742
22307
72742
22307
72742
22307
72742
22307
72742
22307
81885
22307
122315
22307
125231
22307
125231
22307
122315
22307
122315
22307
122315
23058
116153
22307
122315
22307
122315
22307
122315
22307
122315
22307
116153
22307
122315
22307
122315
22307
81885
118240
81885
187794
81885
162797
81885
194243
81885
135758
81885
22307
81885
162797
81885
57110
81885
126185
81885
164554
81885
194243
81885
194243
81885
162797
81885
118240
122315
118240
122315
118240
250001
118240
250001
118240
245998
22307
116153
118240
250001
57110
127964
118240
250001
118240
250001
118240
116153
118240
245998
118240
192466
118386
127435
162797
122315
187794
122315
135758
122315
22307
116153
162797
122315
57110
122315
126185
122315
164554
122315
187794
116153
187794
122315
162797
122315
118240
122315
162797
122315
135758
122315
22307
116153
180213
122315
57110
122315
126185
122315
162797
122315
162797
116153
162797
122315
180213
122315
118240
250001
135758
245998
22307
245998
22307
116153
162797
116153
135758
250001
57110
250001
57110
127964
126185
127964
126185
250001
164554
250001
135758
250001
217488
250001
135758
116153
217585
116153
135758
245998
162797
245998
135758
192466
118240
192466
118240
116153
22307
245998
22307
127964
22307
245998
22307
245998
22307
116153
22307
250001
22307
192466
22307
116153
57110
116153
126185
116153
162797
116153
162797
190743
162797
116153
250001
116153
118240
127964
57110
250001
57110
250001
57110
116153
57110
245998
57110
192466
57110
127964
126185
127964
126185
116153
126185
127964
126185
127964
118240
250001
164554
116153
164554
245998
162797
192466
118240
116153
217488
245998
162797
192466
118240
116153
162797
116153
118240
192466
118240
