55456
16
55456
16
55456
152800
27577
16
55456
16
27577
16
55456
16
55456
16
55456
41976
55456
16
71625
152800
114744
152800
70974
152800
55456
16
55456
16
55456
16
27577
16
55456
94822
250001
152800
55456
16
203314
94822
71625
94822
55456
16
71625
154733
27577
16
55456
16
55456
16
55456
16
71625
152800
250001
152800
55456
16
71625
152800
71625
154733
55456
16
27577
16
55456
16
57499
115023
57499
16
27577
250001
57499
115023
27577
250001
204184
250001
101100
250001
57499
16
82629
154733
55456
16
55456
16
55456
16
57499
115023
140903
250001
236782
196632
27577
154733
57499
16
55456
16
57499
196632
55456
16
55456
16
236782
250001
55456
16
27577
231638
57499
115023
236782
250001
236782
250001
55456
16
55456
16
236782
176091
55456
16
55456
16
139797
244928
27577
250001
75587
41976
61535
16
27577
115023
61535
196632
27577
115023
57499
115023
57499
115023
61535
16
57499
115023
55456
16
55456
16
55456
16
61535
196632
57499
115023
57499
115023
27577
115023
61535
16
55456
16
61535
115023
55456
16
55456
16
57499
115023
55456
16
27577
115023
143454
196632
57499
115023
57499
115023
55456
16
55456
16
57499
115023
55456
16
55456
16
57499
115023
27577
115023
57499
41976
27577
16
71625
16
27577
16
57499
16
57499
16
200539
41976
57499
16
55456
250001
55456
250001
55456
250001
71625
16
57499
16
57499
16
27577
16
71625
94822
55456
156330
71625
16
55456
94822
55456
94822
57499
16
55456
152800
27577
16
61535
16
57499
16
57499
16
55456
250001
55456
250001
57499
16
55456
250001
55456
152800
57499
16
27577
16
57499
16
27577
115023
75587
250001
27577
250001
27577
250001
27577
16
27577
154733
27577
16
27577
16
27577
16
27577
115023
27577
250001
27577
196632
75587
154733
27577
16
27577
16
27577
196632
27577
16
27577
16
27577
250001
27577
16
75587
231638
27577
115023
27577
250001
27577
250001
27577
16
27577
16
27577
176091
27577
16
27577
16
27577
244928
75587
250001
27577
41976
27577
115023
57499
115023
57499
115023
71625
16
57499
115023
55456
16
55456
16
55456
16
79662
250001
57499
115023
57499
115023
27577
115023
143454
16
55456
16
125865
115023
55456
16
55456
16
57499
115023
55456
16
27577
115023
61535
250001
57499
115023
57499
115023
55456
16
55456
16
57499
115023
55456
16
55456
16
57499
115023
27577
115023
57499
41976
27577
250001
27577
250001
27577
16
27577
154733
27577
16
27577
16
27577
16
27577
115023
27577
250001
27577
196632
81944
154733
27577
16
27577
16
27577
196632
27577
16
27577
16
27577
250001
27577
16
116557
231638
27577
115023
27577
250001
27577
250001
27577
16
27577
16
27577
176091
27577
16
27577
16
27577
244928
200539
250001
27577
41976
101100
250001
57499
16
82629
154733
55456
16
55456
16
55456
16
57499
115023
140903
250001
204184
196632
27577
154733
57499
16
55456
16
57499
196632
55456
16
55456
16
204184
250001
55456
16
27577
231638
57499
115023
204184
250001
204184
250001
55456
16
55456
16
204184
176091
55456
16
55456
16
139797
244928
27577
250001
75587
41976
57499
16
82629
154733
55456
16
55456
16
55456
16
57499
115023
101100
250001
101100
196632
27577
154733
57499
16
55456
16
57499
196632
55456
16
55456
16
101100
250001
55456
16
27577
231638
57499
115023
101100
250001
101100
250001
55456
16
55456
16
101100
176091
55456
16
55456
16
101100
244928
27577
250001
75587
41976
57499
16
55456
41976
55456
41976
55456
41976
71625
16
57499
16
57499
16
27577
16
71625
41976
55456
41976
71625
16
55456
41976
55456
41976
57499
16
55456
41976
27577
16
61535
16
57499
16
57499
16
55456
41976
55456
41976
57499
16
55456
41976
55456
41976
57499
16
27577
16
57499
16
55456
16
55456
16
55456
16
57499
115023
82629
154733
82629
154733
27577
235100
57499
16
55456
16
57499
154733
55456
16
55456
16
82629
154733
55456
16
27577
154733
57499
115023
82629
154733
82629
154733
55456
16
55456
16
82629
154733
55456
16
55456
16
82629
154733
27577
154733
75587
41976
71625
250001
70974
250001
55456
16
55456
16
55456
16
27577
16
55456
94822
71625
156330
55456
16
71625
94822
139797
94822
55456
16
80299
152800
27577
16
55456
16
55456
16
55456
16
139797
250001
71625
250001
55456
16
139797
250001
114744
152800
55456
16
27577
16
55456
16
70974
250001
55456
16
55456
16
55456
16
27577
16
55456
94822
114744
156330
55456
16
114744
94822
71625
94822
55456
16
71625
152800
27577
16
55456
16
55456
16
55456
16
71625
250001
114744
250001
55456
16
71625
250001
71625
152800
55456
16
27577
16
55456
16
55456
16
55456
16
55456
16
27577
16
55456
94822
70974
156330
55456
16
70974
94822
70974
94822
55456
16
70974
152800
27577
16
55456
16
55456
16
55456
16
70974
250001
70974
250001
55456
16
70974
250001
70974
152800
55456
16
27577
16
55456
16
57499
115023
57499
115023
27577
115023
79662
16
55456
16
79662
115023
55456
16
55456
16
57499
115023
55456
16
27577
115023
61535
250001
57499
115023
57499
115023
55456
16
55456
16
57499
115023
55456
16
55456
16
57499
115023
27577
115023
57499
41976
140903
196632
27577
154733
57499
16
55456
16
57499
196632
55456
16
55456
16
140903
250001
55456
16
27577
231638
57499
115023
140903
250001
140903
250001
55456
16
55456
16
140903
176091
55456
16
55456
16
139797
244928
27577
250001
75587
41976
27577
154733
57499
16
55456
16
57499
250001
55456
16
55456
16
250001
196632
55456
16
27577
196632
57499
115023
250001
196632
250001
196632
55456
16
55456
16
250001
176091
55456
16
55456
16
139797
196632
27577
196632
75587
41976
27577
16
27577
16
27577
154733
27577
16
27577
16
27577
154733
27577
16
81944
154733
27577
115023
27577
154733
27577
154733
27577
16
27577
16
27577
154733
27577
16
27577
16
27577
154733
81944
154733
27577
41976
55456
94822
125865
16
55456
152800
55456
152800
57499
16
55456
94822
27577
16
61535
16
57499
16
57499
16
55456
94822
55456
94822
57499
16
55456
94822
55456
94822
57499
16
27577
16
57499
16
55456
16
203314
94822
71625
94822
55456
16
71625
152800
27577
16
55456
16
55456
16
55456
16
71625
156330
250001
156330
55456
16
71625
156330
71625
152800
55456
16
27577
16
55456
16
55456
16
55456
16
57499
196632
55456
16
27577
196632
61535
115023
57499
196632
57499
196632
55456
16
55456
16
57499
176091
55456
16
55456
16
57499
196632
27577
196632
57499
41976
71625
154235
55456
16
71625
94822
27577
16
55456
16
55456
16
55456
16
71625
94822
203314
94822
55456
16
71625
94822
71625
94822
55456
16
27577
16
55456
16
55456
16
80299
94822
27577
16
55456
16
55456
16
55456
16
203314
94822
71625
94822
55456
16
203314
94822
114744
94822
55456
16
27577
16
55456
16
55456
16
27577
231638
57499
115023
250001
250001
250001
250001
55456
16
55456
16
250001
176091
55456
16
55456
16
139797
244928
27577
250001
75587
41976
27577
16
55456
16
55456
16
55456
16
80299
152800
71625
152800
55456
16
80299
152800
80299
173499
55456
16
27577
16
55456
16
27577
115023
27577
231638
27577
231638
27577
16
27577
16
27577
176091
27577
16
27577
16
27577
231638
116557
231638
27577
41976
57499
115023
57499
115023
55456
16
55456
16
57499
115023
55456
16
55456
16
57499
115023
27577
115023
57499
41976
250001
250001
55456
16
55456
16
250001
176091
55456
16
55456
16
139797
244928
27577
250001
75587
41976
55456
16
55456
16
250001
176091
55456
16
55456
16
139797
244928
27577
250001
75587
41976
71625
250001
55456
16
250001
250001
114744
152800
55456
16
27577
16
55456
16
55456
16
71625
250001
71625
152800
55456
16
27577
16
55456
16
55456
16
55456
16
139797
176091
27577
176091
75587
41976
114744
152800
55456
16
27577
16
55456
16
55456
16
27577
16
55456
16
27577
244928
75587
41976
27577
41976
