44411
56482
24147
75472
24147
56482
24147
127593
24147
56482
138197
127593
44411
56482
34251
75472
34251
56482
138197
127593
44411
56482
34251
57975
34251
56482
61931
127593
44411
56482
138031
74596
44411
56482
65790
125721
44411
56482
138197
127593
44411
56482
24147
127073
24147
56482
138197
127593
44411
56482
138197
127593
44411
56482
138031
56482
44411
57975
109570
55507
44411
55507
61931
80170
44411
56482
138197
124971
44411
56482
24147
124971
24147
56482
44411
82106
75681
56482
24147
74596
24147
56482
138197
74596
44411
56482
138197
80170
44411
56482
138197
127593
44411
56482
75681
74162
44411
56482
61931
127593
44411
56482
138031
49169
44411
49169
112950
49169
44411
49169
34251
57975
34251
56482
24147
75472
24147
56482
109570
123195
44411
56482
138031
114863
44411
56482
138197
127593
44411
56482
24147
56482
24147
71299
48004
75472
24147
75472
24147
81952
24147
75472
24147
57975
24147
75472
24147
74596
24147
75472
24147
75472
75240
75472
24147
75472
24147
75472
24147
56482
24147
55507
24147
75472
24147
75472
148215
75472
24147
75472
65790
74596
24147
74596
24147
75472
24147
75472
24147
74162
24147
75472
24147
49169
24147
49169
24147
57975
34251
81952
24147
75472
24147
75472
24147
75472
222186
56482
24147
131795
24147
75472
24147
129467
24147
57975
24147
152906
24147
74596
24147
125721
24147
129467
48004
127073
24147
129467
24147
154865
24147
56482
24147
55507
24147
80170
24147
124971
48004
124971
24147
82106
48004
74596
24147
74596
24147
80170
24147
153010
24147
74162
24147
135143
24147
49169
24147
49169
24147
57975
34251
75472
24147
123195
24147
114863
24147
152906
48004
56482
34251
75472
138221
129467
34251
57975
61931
131795
138031
74596
65790
125721
138221
129467
24147
127073
139024
129467
138221
131795
138031
56482
109570
55507
61931
80170
138221
124971
24147
124971
44411
82106
24147
74596
138221
74596
138221
80170
138221
131795
75681
74162
61931
131795
138031
49169
112950
49169
34251
57975
24147
75472
109570
123195
138031
114863
138221
131795
24147
56482
34251
75472
48004
57975
34251
75472
34251
74596
34251
75472
34251
75472
24147
75472
34251
75472
34251
75472
34251
56482
34251
55507
34251
75472
34251
75472
24147
75472
34251
75472
24147
74596
34251
74596
34251
75472
34251
75472
34251
74162
34251
75472
34251
49169
34251
49169
48004
57975
24147
114863
34251
75472
34251
75472
34251
75472
24147
56482
34251
57975
61931
129467
138031
74596
65790
125721
209238
131795
24147
127073
138221
132071
148215
129467
138031
56482
109570
55507
61931
80170
204927
124971
24147
124971
44411
82106
24147
74596
148215
74596
206638
80170
148215
129467
75681
74162
61931
129467
138031
49169
112950
49169
34251
57975
24147
75472
109570
123195
138031
114863
202322
129467
24147
56482
34251
57975
34251
57975
34251
57975
34251
57975
24147
57975
34251
57975
34251
57975
34251
56482
34251
55507
34251
57975
34251
57975
24147
57975
34251
57975
24147
57975
34251
57975
34251
57975
34251
57975
34251
57975
34251
57975
34251
49169
34251
49169
61931
127593
24147
57975
34251
57975
34251
57975
34251
57975
24147
56482
61931
74596
61931
125721
61931
129467
24147
127073
61931
129467
61931
152906
61931
56482
61931
55507
71170
80170
61931
124971
24147
124971
44411
82106
24147
74596
61931
74596
61931
80170
61931
152906
61931
74162
71170
135143
61931
49169
61931
49169
34251
57975
24147
75472
61931
123195
61931
114863
61931
153010
24147
56482
65790
74596
138031
74596
24147
74596
138031
74596
138031
74596
138197
56482
109570
55507
61931
74596
138031
74596
24147
74596
44411
74596
24147
75472
138031
75472
138031
74596
138031
74596
75681
74162
61931
74596
138197
49169
112950
49169
34251
57975
24147
74596
109570
74596
138197
74596
138031
74596
24147
56482
65790
125721
24147
125721
65790
125721
65790
125721
65790
56482
65790
55507
61931
80170
65790
124971
24147
124971
44411
82106
24147
74596
65790
74596
65790
80170
65790
125721
65790
74162
61931
125721
65790
49169
65790
49169
34251
57975
24147
75472
65790
123195
65790
114863
65790
125721
24147
56482
24147
127073
138221
131795
148215
129467
138031
56482
109570
55507
61931
80170
204927
124971
24147
124971
44411
82106
24147
74596
148215
74596
206638
80170
148215
129467
75681
74162
61931
129467
138031
49169
112950
49169
34251
57975
24147
75472
109570
123195
138031
114863
202322
129467
24147
56482
24147
127073
24147
127073
24147
56482
24147
55507
24147
80170
24147
124971
75240
124971
24147
82106
65790
74596
24147
74596
24147
80170
24147
127073
24147
74162
24147
127073
24147
49169
24147
49169
24147
57975
34251
75472
24147
123195
24147
114863
24147
127073
75240
56482
138221
129467
138031
56482
109570
55507
61931
80170
138221
124971
24147
124971
44411
82106
24147
74596
138221
74596
138221
80170
138221
129467
75681
74162
61931
129467
138031
49169
112950
49169
34251
57975
24147
75472
109570
123195
138031
114863
138221
129467
24147
56482
138031
56482
109570
55507
61931
80170
148215
124971
24147
124971
44411
82106
24147
74596
222186
74596
148215
80170
204927
153010
75681
74162
61931
135143
138031
49169
112950
49169
34251
57975
24147
75472
109570
123195
138031
114863
148215
152906
24147
56482
109570
55507
61931
56482
138031
56482
24147
56482
44411
56482
24147
56482
138031
56482
138031
56482
138031
56482
75681
56482
61931
56482
138506
49169
112950
49169
34251
56482
24147
56482
109570
56482
146468
56482
138031
56482
24147
57975
61931
55507
109570
55507
24147
55507
44411
55507
24147
55507
109570
55507
109570
55507
109570
55507
75681
55507
61931
55507
109570
49169
109570
49169
34251
55507
24147
55507
131189
55507
109570
55507
109570
55507
24147
55507
61931
80170
24147
80170
44411
80170
24147
74596
61931
74596
61931
144350
61931
80170
61931
74162
85601
80170
61931
49169
61931
49169
34251
57975
24147
75472
61931
80170
61931
80170
61931
80170
24147
56482
24147
126638
44411
82106
24147
74596
148215
74596
204927
80170
148215
124971
75681
74162
61931
124971
138031
49169
112950
49169
34251
57975
24147
75472
109570
123195
138031
114863
202322
124971
24147
56482
24147
82106
65790
74596
24147
74596
24147
80170
24147
124971
24147
74162
24147
124971
24147
49169
24147
49169
24147
57975
34251
75472
24147
123195
24147
114863
24147
124971
148215
56482
24147
74596
44411
74596
44411
80170
44411
82106
44411
74162
44411
82106
44411
49169
44411
49169
34251
57975
24147
75472
44411
82106
44411
82106
44411
82106
24147
56482
24147
250001
24147
74596
24147
74596
24147
74162
24147
74596
24147
49169
24147
49169
24147
57975
34251
74596
24147
74596
24147
74596
24147
74596
65790
56482
148215
74596
204927
74596
75681
74162
61931
74596
138031
49169
112950
49169
34251
57975
24147
74596
109570
74596
138031
74596
148215
74596
24147
56482
148215
80170
75681
74162
61931
80170
138031
49169
112950
49169
34251
57975
24147
75472
109570
80170
138031
80170
202322
80170
24147
56482
75681
74162
61931
135143
138031
49169
112950
49169
34251
57975
24147
75472
109570
123195
138031
114863
148215
152906
24147
56482
61931
74162
75681
49169
75681
49169
34251
57975
24147
74162
75681
74162
75681
74162
75681
74162
24147
56482
61931
49169
61931
49169
34251
57975
24147
75472
61931
123195
61931
114863
61931
135143
24147
56482
112950
55507
34251
49169
24147
49169
109570
49169
138506
49169
138031
49169
24147
49169
34251
49169
24147
49169
109570
49169
112950
49169
112950
49169
24147
49169
24147
57975
34251
57975
34251
57975
34251
57975
24147
56482
24147
75472
24147
75472
24147
75472
34251
56482
109570
114863
109570
123195
24147
56482
138031
114863
24147
56482
24147
56482
