81336
116085
61734
2695
76138
116085
81336
116085
250001
116085
81336
2695
81336
109818
64677
116085
81336
116085
81336
116085
76138
116085
81336
116085
81336
116085
81336
116085
81336
116085
12315
4249
81336
116085
76138
116085
81336
142955
81336
116085
81336
109818
76138
116085
12315
4249
52079
116085
81336
116085
81336
116085
81336
116085
81336
116085
81336
110314
80736
116085
76138
116085
76138
116085
81336
116085
81336
116085
61734
116085
61734
2695
76138
152215
102421
152215
81336
152215
102421
2695
102421
109818
64677
152215
102421
152215
102421
152215
76138
152215
102421
152215
102421
152215
96738
152215
102421
152215
12315
4249
102421
152215
76138
152215
102421
116085
102421
152215
89538
109818
76138
152215
12315
4249
52079
152215
94001
152215
102421
152215
102421
152215
102421
152215
102421
110314
80736
152215
76138
152215
76138
197330
102421
152215
102421
152215
61734
152215
61734
2695
61734
2695
61734
2695
61734
152215
61734
2695
61734
2695
61734
2695
61734
2695
61734
2695
61734
2695
61734
2695
61734
2695
61734
2695
12315
2695
61734
2695
61734
2695
61734
2695
61734
2695
61734
2695
61734
2695
12315
2695
52079
2695
61734
2695
61734
2695
61734
2695
61734
2695
61734
2695
61734
2695
61734
2695
61734
2695
61734
2695
61734
2695
104325
2695
76138
180357
76138
180357
76138
2695
76138
109818
64677
197326
76138
180357
76138
192408
76583
180357
76138
180357
76138
180357
76138
180357
76138
180357
12315
4249
76138
197326
173460
180357
76138
116085
76138
180357
76138
109818
81336
180357
12315
4249
52079
197330
76138
180357
76138
173566
76138
180357
76138
180357
76138
110314
76138
180357
84706
180357
133909
152215
76138
199298
76138
180357
61734
180357
81336
197326
153031
2695
238854
109818
64677
180357
153031
199298
153031
180357
76138
197330
141043
197326
153031
199298
96738
197326
198495
197326
12315
4249
238854
180357
76138
197330
238854
116085
173460
197326
89538
109818
76138
191154
12315
4249
52079
180357
94001
191154
102806
173566
238854
197326
102806
191154
173460
110314
80736
197326
76138
198572
76138
152215
153031
180357
153031
197326
61734
199298
81336
2695
81336
109818
64677
180357
81336
197326
81336
180357
76138
197326
81336
198572
81336
197326
81336
197330
81336
198572
12315
4249
81336
180357
76138
197326
81336
116085
81336
198572
81336
109818
76138
191154
12315
4249
52079
180357
81336
191154
81336
173566
81336
197330
81336
191154
81336
110314
80736
197330
76138
197326
76138
152215
81336
180357
81336
198572
61734
197326
153031
2695
64677
2695
216651
2695
236764
2695
76138
2695
141043
2695
250001
2695
96738
2695
153031
2695
12315
2695
153031
2695
76138
2695
153031
2695
153031
2695
89538
2695
76138
2695
12315
2695
52079
2695
94001
2695
102806
2695
153031
2695
102806
2695
153031
2695
80736
2695
76138
2695
76138
2695
250001
2695
250001
2695
61734
2695
64677
109818
153031
109818
153031
109818
76138
109818
141043
109818
153031
109818
96738
109818
198495
109818
12315
4249
250001
109818
76138
109818
250001
109818
173460
109818
89538
110314
76138
109818
12315
4249
52079
109818
94001
109818
102806
109818
250001
109818
102806
109818
173460
109818
80736
109818
76138
109818
76138
109818
153031
109818
153031
109818
61734
109818
64677
180357
64677
192408
64677
180357
64677
180357
64677
180357
64677
180357
64677
180357
12315
4249
64677
201253
64677
180357
64677
116085
64677
180357
64677
109818
64677
180357
12315
4249
52079
197326
64677
180357
64677
173566
64677
180357
64677
180357
64677
110314
64677
180357
64677
180357
64677
152215
64677
197326
64677
180357
61734
180357
216651
180357
76138
197330
141043
197326
216651
227107
96738
197326
153031
197326
12315
4249
153031
180357
76138
197330
153031
116085
153031
197326
89538
109818
76138
191154
12315
4249
52079
180357
94001
191154
102806
173566
153031
197326
102806
191154
153031
110314
80736
197326
76138
198572
76138
152215
216651
180357
216651
197326
61734
230585
76138
180357
141043
180357
236764
180357
96738
180357
153031
180357
12315
4249
153031
192408
76138
180357
153031
116085
153031
180357
89538
109818
76138
180357
12315
4249
52079
192408
94001
180357
102806
173566
153031
180357
102806
180357
153031
110314
80736
180357
76138
180357
76138
152215
236764
192408
236764
180357
61734
180357
76138
197326
76138
197330
76138
197326
76138
197326
12315
4249
76138
180357
76583
199968
76138
116085
76138
197326
76138
109818
76583
191154
12315
4249
52079
180357
76138
191154
76138
173566
76138
197326
76138
191154
76138
110314
76138
197326
76583
197330
76583
152215
76138
180357
76138
197326
61734
197330
141043
197326
96738
197330
141043
199298
12315
4249
141043
180357
76138
197326
141043
116085
141043
204179
89538
109818
76138
191154
12315
4249
52079
180357
94001
191154
102806
173566
141043
197330
102806
191154
141043
110314
80736
197330
76138
197326
76138
152215
141043
180357
141043
250001
61734
197326
96738
197326
153031
197326
12315
4249
153031
180357
76138
197330
153031
116085
153031
197326
89538
109818
76138
191154
12315
4249
52079
180357
94001
191154
102806
173566
153031
197326
102806
191154
153031
110314
80736
197326
76138
198572
76138
152215
250001
180357
250001
197326
61734
227107
96738
197330
12315
4249
96738
180357
76138
197326
96738
116085
96738
197330
89538
109818
76138
191154
12315
4249
52079
180357
94001
191154
96738
173566
96738
199298
96738
191154
96738
110314
80736
250001
76138
197326
76138
152215
96738
180357
96738
197330
61734
197326
12315
4249
198495
180357
76138
197326
198495
116085
173460
199298
89538
109818
76138
191154
12315
4249
52079
180357
94001
191154
102806
173566
198495
197330
102806
191154
173460
110314
80736
197330
76138
197326
76138
152215
153031
180357
153031
199298
61734
197326
12315
4249
12315
4249
12315
4249
12315
4249
12315
4249
12315
4249
52079
173566
12315
4249
12315
4249
12315
4249
12315
4249
12315
4249
12315
4249
12315
4249
12315
4249
12315
4249
12315
4249
12315
4249
12315
4249
76138
180357
250001
116085
173460
180357
89538
109818
76138
180357
12315
4249
52079
197326
94001
180357
102806
173566
250001
180357
102806
180357
173460
110314
80736
180357
76138
180357
76138
152215
153031
197326
153031
180357
61734
180357
76138
116085
76138
197326
76138
109818
81336
191154
12315
4249
52079
180357
76138
191154
76138
173566
76138
197326
76138
191154
76138
110314
76138
197326
84706
197330
133909
152215
76138
180357
76138
197326
61734
197330
173460
116085
89538
109818
76138
116085
12315
4249
52079
116085
94001
116085
102806
116085
250001
116085
102806
116085
173460
110314
80736
116085
76138
116085
76138
116085
153031
116085
153031
116085
61734
116085
89538
109818
76138
191154
12315
4249
52079
180357
94001
191154
102806
173566
173460
197330
102806
191154
250001
110314
80736
197330
76138
197326
76138
152215
153031
180357
153031
204179
61734
197326
76138
109818
12315
4249
52079
109818
89538
109818
89538
109818
89538
109818
89538
109818
89538
109818
80736
109818
76138
109818
76138
109818
89538
109818
89538
109818
61734
109818
12315
4249
52079
180357
76138
197330
76138
173566
76138
191154
76138
197326
76138
110314
76138
191154
81336
191154
81336
152215
76138
180357
76138
191154
61734
191154
12315
4249
12315
4249
12315
4249
12315
4249
12315
4249
12315
4249
12315
4249
12315
4249
12315
4249
12315
4249
12315
4249
12315
4249
52079
180357
52079
173566
52079
180357
52079
180357
52079
110314
52079
180357
52079
180357
52079
152215
52079
197330
52079
180357
52079
180357
94001
173566
94001
191154
94001
197326
94001
110314
80736
191154
76138
191154
76138
152215
94001
180357
94001
191154
61734
191154
102806
173566
133909
173566
102806
110314
80736
173566
76138
173566
76138
152215
102806
173566
102806
173566
61734
173566
102806
191154
173460
110314
80736
199298
76138
197326
76138
152215
153031
180357
153031
197330
61734
197326
102806
110314
80736
191154
76138
191154
76138
152215
102806
180357
102806
191154
61734
191154
80736
110314
76138
110314
76138
110314
153031
110314
153031
110314
61734
110314
76138
197326
76138
152215
80736
180357
80736
197330
61734
197326
84706
152215
76138
180357
76138
197326
61734
198572
76138
152215
76138
152215
61734
152215
250001
180357
61734
180357
61734
197326
