67012
70032
196743
70032
122896
70032
122896
70032
240360
70032
50813
70032
43352
70032
41740
70032
77562
70032
93580
70032
41740
70032
23363
70032
43352
70032
24519
70032
127883
70032
23363
70032
181269
70032
250001
70032
59123
70032
57733
33952
240360
70032
250001
49375
240360
70032
47258
70032
250001
70032
57733
70032
250001
70032
52653
70032
196743
70032
250001
70032
62079
70721
250001
70032
250001
70032
59123
70032
240360
33952
44401
70032
67012
71875
67012
97169
67012
76419
67012
76419
50813
76419
43352
76419
41740
76419
67012
76419
67012
70333
41740
71875
23363
134332
43352
76419
24519
146129
67012
76419
23363
183900
67012
71875
67012
76419
59123
76419
57733
33952
67012
183900
67012
49375
67012
174184
47258
100445
67012
76419
57733
76419
67012
76419
52653
183900
67012
70333
67012
76419
62079
70032
67012
90333
67012
76419
59123
100530
67012
33952
44401
71102
122896
71875
122896
71875
196743
71875
50813
71875
43352
71875
41740
71875
77562
71875
93580
70333
41740
100445
23363
71875
43352
71875
24519
71875
127883
71875
23363
71875
181269
100445
196743
71875
59123
71875
57733
33952
196743
71875
196743
49375
196743
71875
47258
71875
196743
71875
57733
71875
196743
71875
52653
71875
250001
70333
196743
71875
62079
70032
196743
71875
196743
71875
59123
71875
196743
33952
44401
71102
250001
76419
122896
76419
50813
76419
43352
76419
41740
76419
77562
76419
93580
70333
41740
71875
23363
97169
43352
76419
24519
97169
122896
76419
23363
97169
122896
71875
122896
76419
59123
76419
57733
33952
122896
97169
122896
49375
122896
97169
47258
97169
122896
76419
57733
76419
122896
76419
52653
97169
122896
70333
122896
76419
62079
70032
122896
90333
122896
76419
59123
97169
122896
33952
44401
71102
122896
212683
50813
250001
43352
212683
41740
182219
77562
174399
93580
70333
41740
71875
23363
76419
43352
100957
24519
76419
122896
250001
23363
76419
122896
71875
122896
229903
59123
250001
57733
33952
122896
76419
122896
49375
122896
76419
47258
76419
122896
159183
57733
250001
122896
250001
52653
76419
122896
70333
122896
82601
62079
70032
122896
76419
122896
250001
59123
76419
122896
33952
44401
71102
50813
212683
43352
247264
41740
182219
77562
174399
93580
70333
41740
71875
23363
76419
43352
100957
24519
76419
127883
212683
23363
76419
181269
71875
240360
212683
59123
212683
57733
33952
243868
76419
240360
49375
250001
76419
47258
76419
240360
159183
57733
212683
240360
212683
52653
76419
196743
70333
240360
82601
62079
70032
240360
76419
240360
212683
59123
76419
250001
33952
44401
71102
43352
212683
41740
182219
50813
174399
50813
70333
41740
71875
23363
76419
43352
100957
24519
76419
50813
250001
23363
76419
50813
71875
50813
229903
50813
250001
50813
33952
50813
76419
50813
49375
50813
76419
47258
76419
50813
159183
50813
250001
50813
250001
50813
76419
50813
70333
50813
82601
50813
70032
50813
76419
50813
250001
50813
76419
50813
33952
44401
71102
41740
182219
43352
174399
43352
70333
41740
71875
23363
76419
109878
100957
24519
76419
43352
212683
23363
76419
43352
71875
43352
212683
43352
212683
43352
33952
43352
76419
43352
49375
43352
76419
43352
76419
43352
159183
43352
212683
43352
212683
43352
76419
43352
70333
43352
82601
43352
70032
43352
76419
43352
212683
43352
76419
43352
33952
43352
71102
41740
174399
41740
70333
59123
71875
23363
76419
41740
100957
24519
76419
41740
182219
23363
76419
41740
71875
41740
182219
41740
182219
41740
33952
41740
76419
41740
49375
41740
76419
41740
76419
41740
159183
41740
182219
41740
182219
41740
76419
41740
70333
41740
82601
41740
70032
41740
76419
41740
182219
41740
76419
41740
33952
41740
71102
77562
70333
41740
71875
23363
76419
43352
100957
24519
76419
77562
174399
23363
76419
77562
71875
77562
174399
59123
174399
57733
33952
77562
76419
77562
49375
77562
76419
47258
76419
77562
159183
57733
174399
77562
174399
52653
76419
77562
70333
77562
82601
62079
70032
77562
76419
77562
174399
59123
76419
77562
33952
44401
71102
41740
70333
23363
70333
43352
70333
24519
70333
93580
70333
23363
70333
93580
70333
93580
70333
59123
70333
57733
33952
93580
70333
93580
49375
93580
70333
47258
70333
93580
70333
57733
70333
93580
70333
52653
70333
93580
70721
93580
70333
62079
70032
93580
70333
93580
70333
59123
70333
93580
33952
44401
70333
23363
71875
41740
71875
24519
71875
41740
71875
23363
71875
41740
100906
41740
71875
41740
71875
41740
33952
41740
71875
41740
49375
41740
71875
41740
71875
41740
71875
41740
71875
41740
71875
41740
71875
41740
70333
41740
71875
41740
70032
41740
71875
41740
71875
41740
71875
41740
33952
41740
71102
23363
76419
23363
134332
23363
76419
55045
134332
23363
71875
23363
76419
23363
76419
23363
33952
23363
134332
23363
49375
23363
134332
23363
100445
23363
76419
23363
76419
23363
76419
23363
134332
23363
70333
23363
76419
23363
70032
23363
90333
23363
76419
23363
100530
23363
33952
23363
71102
24519
76419
43352
100957
23363
76419
43352
71875
43352
100957
43352
100957
43352
33952
43352
76419
43352
49375
43352
76419
43352
76419
43352
100957
43352
100957
43352
100957
43352
76419
43352
70333
43352
82601
43352
70032
43352
76419
43352
100957
43352
76419
43352
33952
43352
71102
24519
76419
23363
146129
24519
71875
24519
76419
24519
76419
24519
33952
24519
146129
24519
49375
24519
146129
24519
100445
24519
76419
24519
76419
24519
76419
24519
146129
24519
70333
24519
76419
24519
70032
24519
90333
24519
76419
24519
100530
24519
33952
24519
71102
23363
76419
127883
71875
127883
229903
59123
250001
57733
33952
127883
76419
127883
49375
127883
76419
47258
76419
127883
159183
57733
250001
127883
250001
52653
76419
127883
70333
127883
82601
62079
70032
127883
76419
127883
250001
59123
76419
127883
33952
44401
71102
23363
71875
23363
76419
23363
76419
23363
33952
23363
224188
23363
49375
23363
174184
23363
100445
23363
76419
23363
76419
23363
76419
23363
224188
23363
70333
23363
76419
23363
70032
23363
90333
23363
76419
23363
100530
23363
33952
23363
71102
181269
71875
59123
71875
57733
33952
181269
71875
181269
49375
181269
71875
47258
71875
181269
71875
57733
71875
181269
71875
52653
71875
181269
70333
181269
71875
62079
70032
181269
71875
181269
71875
59123
71875
181269
33952
44401
71102
59123
229903
57733
33952
240360
76419
250001
49375
240360
76419
47258
76419
250001
159183
57733
229903
250001
229903
52653
76419
196743
70333
250001
82601
62079
70032
250001
76419
250001
229903
59123
76419
240360
33952
44401
71102
57733
33952
59123
76419
59123
49375
59123
76419
47258
76419
59123
159183
57733
250001
59123
250001
52653
76419
59123
70333
59123
82601
59123
70032
59123
76419
59123
250001
60921
76419
59123
33952
44401
71102
57733
33952
57733
33952
57733
33952
47258
33952
57733
33952
58263
33952
57733
33952
52653
33952
57733
33952
57733
33952
57733
33952
57733
33952
57733
33952
57733
33952
57733
49375
44401
33952
240360
49375
243868
174184
47258
100445
240360
76419
57733
76419
240360
76419
52653
248389
196743
70333
240360
76419
62079
70032
240360
90333
240360
76419
59123
100530
243868
33952
44401
71102
240360
49375
47258
49375
250001
49375
57733
49375
250001
49375
52653
49375
196743
49375
250001
49375
62079
49375
250001
49375
250001
49375
59123
49375
240360
33952
44401
49375
47258
100445
240360
76419
57733
76419
240360
76419
52653
174184
196743
70333
240360
76419
62079
70032
240360
90333
240360
76419
59123
100530
250001
33952
44401
71102
47258
76419
47258
76419
47258
76419
47258
100445
47258
70333
47258
76419
47258
70032
47258
90333
47258
76419
47258
100445
47258
33952
44401
71102
57733
159183
250001
159183
52653
76419
196743
70333
250001
82601
62079
70032
250001
76419
250001
159183
59123
76419
240360
33952
44401
71102
57733
250001
52653
76419
57733
70333
57733
82601
57733
70032
57733
76419
57733
250001
57733
76419
57733
33952
44401
71102
52653
76419
196743
70333
250001
82601
62079
70032
250001
76419
250001
250001
59123
76419
240360
33952
44401
71102
52653
70333
52653
76419
52653
70032
52653
90333
52653
76419
52653
100530
52653
33952
44401
71102
196743
70333
62079
70032
196743
70333
196743
70333
59123
70333
196743
33952
44401
70333
62079
70032
250001
76419
250001
82601
59123
76419
240360
33952
44401
71102
62079
70032
62079
70032
59123
70032
62079
33952
44401
70032
250001
76419
59123
90333
240360
33952
44401
71102
59123
76419
240360
33952
44401
71102
59123
33952
44401
71102
44401
33952
