6801
20988
300
20988
300
20988
300
154862
6801
20988
6801
20988
6801
20988
300
137676
6225
157305
78887
157305
6801
155570
6225
151367
6801
20988
300
20988
6801
20988
28379
155568
30153
155568
6801
20988
6801
20988
6801
20988
77119
154862
30153
155568
300
20988
24514
155568
30130
155568
6801
20988
6801
20988
300
20988
6801
20988
6801
20988
82041
155570
6801
20988
6801
20988
6801
20988
300
20988
13272
154862
300
154862
300
155892
300
20988
181098
250001
27971
137676
13272
154862
300
20988
6225
20988
6801
20988
23830
20988
6225
20988
12854
155892
300
154862
13272
155570
6801
20988
6801
20988
13272
154862
181098
137676
78887
154862
6801
20988
6801
20988
300
154862
6801
20988
6801
20988
13272
155568
181098
250001
300
155892
72638
155892
13272
155568
6801
20988
13272
155892
181098
155892
13272
155570
300
154862
6801
20988
13272
154862
28379
20988
300
154862
300
137676
300
155568
12854
20988
300
20988
300
20988
300
20988
300
20988
300
154862
171455
250001
300
154862
300
20988
300
20988
300
250001
300
137676
300
155892
300
20988
300
20988
205999
250001
300
20988
300
20988
300
154862
300
154862
83494
154862
300
154862
300
154862
300
20988
300
154862
300
154862
300
154862
105441
250001
300
20988
13272
20988
300
155892
300
137676
300
154862
12854
20988
300
20988
300
20988
300
20988
300
20988
300
207955
13272
154862
300
155570
300
20988
300
20988
300
154862
300
137676
300
154862
300
20988
300
20988
13272
154862
300
20988
300
20988
300
155568
300
155892
13272
207955
300
171050
300
155568
300
20988
300
157305
300
174347
300
155570
13272
154862
300
20988
300
20988
300
20988
300
20988
12854
137676
300
154862
300
154862
300
154862
300
151367
300
20988
28379
20988
300
20988
300
154862
300
154862
300
20988
300
20988
300
20988
300
155568
300
154862
28379
20988
300
154862
300
154862
300
20988
300
20988
28379
20988
300
20988
300
20988
300
154862
300
20988
300
20988
300
20988
28379
20988
300
155568
27971
137676
13272
154862
300
20988
6225
20988
6801
20988
23830
20988
6225
20988
12854
155892
300
154862
13272
155570
6801
20988
6801
20988
13272
154862
219694
137676
78887
154862
6801
20988
6801
20988
300
154862
6801
20988
6801
20988
13272
155568
250001
250001
300
155892
72638
155892
13272
155568
6801
20988
13272
155892
250001
155892
13272
155570
300
154862
6801
20988
13272
137676
300
20988
6225
20988
6801
20988
23830
20988
6225
20988
12854
137676
300
137676
13272
137676
6801
20988
6801
20988
13272
137676
27971
154862
27971
137676
6801
20988
6801
20988
300
137676
6801
20988
6801
20988
13272
137676
27971
137676
300
137676
27971
137676
13272
137676
6801
20988
13272
137676
27971
137676
13272
137676
300
137676
6801
20988
300
20988
6225
20988
6801
20988
13272
20988
6225
20988
12854
154862
300
155568
89430
154862
6801
20988
6801
20988
77328
155568
13272
137676
13272
155568
6801
20988
6801
20988
300
155568
6801
20988
6801
20988
195013
154862
13272
154862
300
154862
13272
154862
24794
154862
6801
20988
105441
154862
13272
154862
23830
154862
300
155568
6801
20988
300
137676
300
137676
300
137676
300
137676
300
20988
12854
20988
300
20988
300
137676
300
137676
300
20988
300
20988
300
20988
300
137676
300
137676
12854
20988
300
137676
300
137676
300
20988
300
20988
12854
20988
300
20988
300
20988
300
137676
300
20988
300
20988
300
20988
12854
20988
300
137676
6225
163597
6225
155570
6801
151367
6225
20988
300
20988
6225
20988
6225
155568
6225
155568
6225
20988
6225
20988
6225
20988
6225
154862
6225
155568
300
20988
6225
155568
6225
155568
6225
20988
6225
20988
300
20988
6225
20988
6225
20988
6225
155570
6225
20988
6225
20988
6225
20988
300
20988
6225
154862
6801
155570
6225
151367
6801
20988
300
20988
6801
20988
28379
155568
30153
155568
6801
20988
6801
20988
6801
20988
77119
154862
30153
155568
300
20988
24514
155568
30130
155568
6801
20988
6801
20988
300
20988
6801
20988
6801
20988
78887
155570
6801
20988
6801
20988
6801
20988
300
20988
13272
154862
6225
151367
12854
20988
300
20988
13272
20988
6801
155568
6801
155568
13272
20988
23830
20988
23830
20988
6801
154862
6801
155568
300
20988
6801
155568
6801
155568
13272
20988
23830
20988
300
20988
23830
20988
13272
20988
6801
157305
13272
20988
23830
20988
13272
20988
300
20988
6801
154862
6225
20988
300
20988
6225
20988
6225
151367
6225
151367
6225
20988
6225
20988
6225
20988
6225
151367
6225
151367
300
20988
6225
151367
6225
151367
6225
20988
6225
20988
300
20988
6225
20988
6225
20988
6225
151367
6225
20988
6225
20988
6225
20988
300
20988
6225
151367
300
154862
12854
155570
6801
20988
6801
20988
12854
154862
12854
137676
12854
154862
6801
20988
6801
20988
300
154862
6801
20988
6801
20988
12854
155568
12854
155892
300
233618
12854
171050
12854
155568
6801
20988
12854
157305
12854
174347
12854
155570
300
154862
6801
20988
300
154862
300
20988
300
20988
300
250001
300
137676
300
155892
300
20988
300
20988
171455
250001
300
20988
300
20988
300
154862
300
154862
83494
154862
300
154862
300
154862
300
20988
300
154862
300
154862
300
154862
105441
250001
300
20988
6801
20988
6801
20988
77328
154862
13272
137676
13272
154862
6801
20988
6801
20988
300
154862
6801
20988
6801
20988
89430
155568
13272
155570
300
155570
13272
155570
24794
155568
6801
20988
89430
155570
13272
155570
23830
160468
300
154862
6801
20988
28379
155892
6801
20988
6801
20988
6801
20988
28379
154862
28379
155570
300
20988
24514
157305
28379
155892
6801
20988
6801
20988
300
20988
6801
20988
6801
20988
28379
155568
6801
20988
6801
20988
6801
20988
300
20988
13272
154862
6801
20988
6801
20988
6801
20988
30153
154862
149018
155570
300
20988
24514
155892
30130
157305
6801
20988
6801
20988
300
20988
6801
20988
6801
20988
30153
155568
6801
20988
6801
20988
6801
20988
300
20988
13272
154862
13272
137676
13272
155892
6801
20988
6801
20988
300
250001
6801
20988
6801
20988
77328
154862
13272
154862
300
154862
13272
154862
24794
154862
6801
20988
77328
154862
13272
154862
23830
154862
300
250001
6801
20988
78887
137676
6801
20988
6801
20988
300
137676
6801
20988
6801
20988
13272
137676
219694
137676
300
137676
72638
137676
13272
137676
6801
20988
13272
137676
219694
137676
13272
137676
300
137676
6801
20988
6801
20988
6801
20988
300
155892
6801
20988
6801
20988
13272
154862
78887
154862
300
154862
72638
154862
13272
154862
6801
20988
13272
154862
78887
154862
13272
154862
300
155892
6801
20988
30153
154862
300
20988
24514
154862
30130
154862
6801
20988
6801
20988
300
20988
6801
20988
6801
20988
77119
154862
6801
20988
6801
20988
6801
20988
300
20988
13272
157305
300
20988
24514
155570
30130
155570
6801
20988
6801
20988
300
20988
6801
20988
6801
20988
30153
155568
6801
20988
6801
20988
6801
20988
300
20988
13272
154862
300
20988
300
20988
300
154862
300
154862
83494
154862
300
154862
300
154862
300
20988
300
154862
300
154862
300
154862
105441
250001
300
20988
24514
155892
6801
20988
6801
20988
300
20988
6801
20988
6801
20988
24514
155568
6801
20988
6801
20988
6801
20988
300
20988
13272
154862
6801
20988
6801
20988
300
20988
6801
20988
6801
20988
30130
155568
6801
20988
6801
20988
6801
20988
300
20988
13272
154862
13272
155568
300
155568
13272
155568
24794
157701
6801
20988
105441
155568
13272
155568
23830
155568
300
154862
6801
20988
300
155892
72638
155892
13272
155568
6801
20988
13272
155892
250001
155892
13272
155570
300
154862
6801
20988
300
171050
300
155568
300
20988
300
157305
300
174347
300
155570
83494
154862
300
20988
13272
155568
6801
20988
13272
157305
72638
171050
13272
155570
300
154862
6801
20988
6801
20988
24794
155568
13272
155568
23830
155568
300
154862
6801
20988
6801
20988
6801
20988
6801
20988
300
20988
13272
154862
13272
157305
23830
155570
300
154862
6801
20988
13272
155570
300
154862
6801
20988
300
154862
6801
20988
300
20988
