79219
3599
76966
3599
76966
3599
76966
3599
11831
3599
146971
98746
76966
3599
76966
3599
11831
3599
76966
3599
53490
22134
76966
3599
47644
3599
76966
3599
47644
22134
76966
3599
86221
22134
88447
22134
109080
4183
76966
3599
159264
52024
76966
3599
76966
3599
170635
4183
76966
3599
53490
3599
170635
22134
76966
3599
74466
3599
158358
3599
76966
3599
76966
3599
53490
22134
47644
34876
143612
4183
47644
3599
76966
4581
76966
3622
76966
3622
11831
3622
79219
3599
76966
3622
76966
3622
11831
3622
76966
3622
53490
3599
76966
3622
47644
35111
76966
3622
47644
3599
76966
3622
79219
3599
79219
3599
79219
3599
76966
3622
79219
3599
76966
3622
76966
3622
79219
3599
76966
3622
53490
8328
79219
3599
76966
3622
74466
3622
79219
8328
76966
3622
76966
3622
53490
3599
47644
3599
79219
3599
47644
3622
146971
3622
170352
3622
11831
3622
76966
3599
170635
3622
183306
3622
11831
3622
170352
3622
53490
3599
128120
3622
47644
4581
170635
3622
47644
3599
170352
3622
76966
3599
76966
3599
76966
3599
121921
3622
76966
3599
170352
3622
170635
3622
76966
3599
170352
3622
53490
4581
76966
3599
170635
3622
74466
3622
76966
4581
146971
3622
170352
3622
53490
3599
47644
3599
76966
3599
47644
3622
146971
24768
11831
24768
76966
3599
146971
7336
146971
24768
11831
35111
146971
24768
53490
3599
128120
24768
47644
3622
146971
4725
47644
3599
146971
24768
76966
3599
76966
3599
76966
3599
121921
24768
76966
3599
146971
24768
146971
24768
76966
3599
146971
35111
53490
3622
76966
3599
146971
24768
74466
24768
76966
3622
162112
24768
146971
24768
53490
3599
47644
3599
76966
3599
47644
24768
11831
35111
76966
3599
170352
7336
170352
35111
11831
24768
250001
35111
53490
3599
128120
35111
47644
3622
170352
4725
47644
3599
238244
35111
76966
3599
76966
3599
76966
3599
121921
35111
76966
3599
250001
35111
170352
35111
76966
3599
239006
24768
53490
3622
76966
3599
170352
35111
74466
35111
76966
3622
146971
35111
215039
35111
53490
3599
47644
3599
76966
3599
47644
34834
11831
3599
11831
7336
11831
238344
74466
24768
11831
75415
11831
3599
11831
71880
11831
3622
11831
4725
11831
3599
11831
76087
11831
3599
11831
3599
11831
3599
11831
175376
11831
3599
11831
75415
11831
73395
11831
3599
11831
24768
11831
3622
11831
3599
11831
239550
11831
239550
11831
3622
11831
71196
11831
75415
11831
3599
11831
3599
11831
3599
11831
34834
76966
3599
76966
3599
11831
3599
76966
3599
53490
22134
76966
3599
47644
3599
76966
3599
47644
22134
76966
3599
86221
22134
88447
22134
109080
4183
76966
3599
146971
52024
76966
3599
76966
3599
146971
4183
76966
3599
53490
3599
146971
22134
76966
3599
74466
3599
146971
3599
76966
3599
76966
3599
53490
22134
47644
34876
143612
4183
47644
3599
170635
7336
11831
7336
170352
7336
53490
3599
128120
7336
47644
3622
176637
4725
47644
3599
170352
7336
76966
3599
76966
3599
76966
3599
121921
7336
76966
3599
170352
7336
182953
7336
76966
3599
170352
7336
53490
3622
76966
3599
176637
7336
74466
7336
76966
3622
146971
7336
170352
7336
53490
3599
47644
3599
76966
3599
47644
7336
11831
24768
170352
75415
53490
3599
128120
71880
47644
3622
170635
4725
47644
3599
170352
76087
76966
3599
76966
3599
76966
3599
121921
175376
76966
3599
170352
75415
170635
73395
76966
3599
170352
24768
53490
3622
76966
3599
170635
238344
74466
238344
76966
3622
146971
71196
170352
75415
53490
3599
47644
3599
76966
3599
47644
34834
11831
24768
11831
3599
11831
24768
11831
3622
11831
4725
11831
3599
11831
24768
11831
3599
11831
3599
11831
3599
11831
24768
11831
3599
11831
24768
11831
24768
11831
3599
11831
36854
11831
3622
11831
3599
11831
24768
11831
24768
11831
3622
11831
24768
11831
24768
11831
3599
11831
3599
11831
3599
11831
24768
53490
3599
128120
71880
47644
3622
170352
4725
47644
3599
238244
75415
76966
3599
76966
3599
76966
3599
121921
75415
76966
3599
250001
109031
170352
73395
76966
3599
239006
24768
53490
3622
76966
3599
170352
75415
74466
75415
76966
3622
146971
71196
215039
109031
53490
3599
47644
3599
76966
3599
47644
34834
53490
3599
47644
3599
53490
3599
47644
22204
53490
3599
53490
22204
53490
22204
53490
4183
53490
3599
53490
22134
53490
3599
53490
3599
53490
4183
53490
3599
78642
3599
53490
22204
53490
3599
53490
3599
53490
3599
53490
3599
53490
3599
78642
22204
47644
22134
53490
4183
47644
3599
47644
3622
128120
4725
47644
3599
128120
71880
76966
3599
76966
3599
76966
3599
121921
71880
76966
3599
128120
71880
128120
71880
76966
3599
128120
24768
53490
3622
76966
3599
128120
71880
74466
71880
76966
3622
128120
71196
128120
71880
53490
3599
47644
3599
76966
3599
47644
34834
47644
3622
73671
3599
47644
3622
47644
3599
47644
3599
47644
3599
47644
3622
47644
3599
47644
3622
47644
3622
47644
3599
47644
3622
47644
8328
47644
3599
47644
3622
47644
3622
47644
8328
47644
3622
47644
3622
47644
3599
73671
3599
47644
3599
77301
3622
47644
3599
170352
4725
76966
3599
76966
3599
76966
3599
121921
4725
76966
3599
170352
4725
176637
4725
76966
3599
170352
4725
53490
3622
76966
3599
223014
4725
74466
4725
76966
3622
146971
4725
170352
4725
53490
3599
47644
3599
76966
3599
47644
4725
47644
3599
47644
23184
47644
23184
47644
4183
47644
3599
47644
22134
47644
3599
47644
3599
47644
4183
47644
3599
47644
3599
47644
23184
47644
3599
47644
3599
47644
3599
47644
3599
47644
3599
47644
23184
77301
22134
47644
4183
73671
3599
76966
3599
76966
3599
76966
3599
121921
76087
76966
3599
238244
75415
170352
73395
76966
3599
238244
24768
53490
3622
76966
3599
170352
76087
74466
76087
76966
3622
146971
71196
215039
75415
53490
3599
47644
3599
76966
3599
47644
34834
86221
34834
86221
4183
76966
3599
86221
22134
76966
3599
76966
3599
86221
4183
76966
3599
53490
3599
86221
34550
76966
3599
74466
3599
86221
3599
76966
3599
76966
3599
53490
34550
47644
22134
86221
4183
47644
3599
88447
4183
76966
3599
88447
22134
76966
3599
76966
3599
88447
4183
76966
3599
53490
3599
88447
34550
76966
3599
74466
3599
88447
3599
76966
3599
76966
3599
53490
34550
47644
22134
88447
4183
47644
3599
76966
3599
109080
4183
76966
3599
76966
3599
109080
19622
76966
3599
53490
3599
109080
4183
76966
3599
74466
3599
109080
3599
76966
3599
76966
3599
53490
4183
47644
4183
109080
22134
47644
3599
76966
3599
121921
75415
121921
73395
76966
3599
121921
24768
53490
3622
76966
3599
121921
175376
74466
175376
76966
3622
121921
71196
121921
75415
53490
3599
47644
3599
76966
3599
47644
34834
76966
3599
76966
3599
159264
4183
76966
3599
53490
3599
159264
22134
76966
3599
74466
3599
158358
3599
76966
3599
76966
3599
53490
22134
47644
34876
143612
4183
47644
3599
170352
73395
76966
3599
239006
24768
53490
3622
76966
3599
170352
75415
74466
75415
76966
3622
146971
71196
215039
250001
53490
3599
47644
3599
76966
3599
47644
34834
76966
3599
170352
24768
53490
3622
76966
3599
176637
73395
74466
73395
76966
3622
146971
71196
170352
73395
53490
3599
47644
3599
76966
3599
47644
34834
76966
3599
53490
3599
181220
4183
76966
3599
74466
3599
158358
3599
76966
3599
76966
3599
53490
4183
47644
4183
143612
19622
47644
3599
53490
3622
76966
3599
170352
24768
74466
24768
76966
3622
146971
24768
215039
24768
53490
3599
47644
3599
76966
3599
47644
24768
53490
3599
53490
3622
53490
3622
53490
65712
53490
3622
53490
3622
79219
3599
47644
3599
53490
3599
47644
3622
76966
3599
74466
3599
158358
3599
76966
3599
76966
3599
53490
35111
47644
22134
143612
4183
47644
3599
74466
250001
76966
3622
146971
71196
170352
75415
53490
3599
47644
3599
76966
3599
47644
34834
74466
3622
74466
71196
74466
75415
53490
3599
47644
3599
74466
3599
47644
34834
76966
3622
76966
3622
53490
3599
47644
3599
143612
3599
47644
3622
146971
71196
53490
3599
47644
3599
76966
3599
47644
34834
53490
3599
47644
3599
76966
3599
47644
34834
47644
22134
53490
4183
47644
3599
47644
4183
73671
3599
47644
3599
