4224
30735
91859
46262
129582
46262
19570
12904
19570
30735
19570
30735
19570
12904
19570
30735
129582
46262
4224
46262
19570
12904
129582
39235
23195
39235
19570
12904
129582
50288
4224
46262
4224
30735
4224
46262
4224
42618
4224
46262
8143
5724
19570
12904
8143
5724
19570
12904
129582
46262
4224
46262
19570
12904
4224
46262
4224
46262
129582
46262
109595
46262
19570
12904
29490
46262
4224
30735
4224
30735
4224
12904
4224
46262
4224
77247
4224
12904
4224
38559
4224
30735
19570
30735
4224
12904
4224
30735
4224
30735
4224
12904
4224
30735
31484
30735
31484
46262
31484
30735
31484
30735
31484
30735
4224
5724
4224
12904
4224
5724
4224
12904
4224
30735
31484
30735
4224
12904
31484
30735
31484
30735
4224
30735
4224
30735
4224
12904
4224
30735
91859
50288
19570
12904
19570
30735
19570
30735
19570
12904
19570
30735
91859
50192
4224
60219
19570
12904
91859
39235
23195
39235
19570
12904
91859
46262
4224
50288
4224
30735
4224
105387
4224
42618
4224
86481
8143
5724
19570
12904
8143
5724
19570
12904
91859
60219
4224
105387
19570
12904
4224
105387
4224
118922
91859
109978
91859
115672
19570
12904
29490
50857
19570
12904
19570
30735
19570
30735
19570
12904
19570
30735
149618
50192
4224
50288
19570
12904
239101
39235
23195
39235
19570
12904
250001
46262
4224
127560
4224
30735
4224
50288
4224
42618
4224
50288
8143
5724
19570
12904
8143
5724
19570
12904
250001
50288
4224
50288
19570
12904
4224
50288
4224
50288
250001
50288
109595
50288
19570
12904
29490
50288
42913
12904
36354
12904
88755
77737
89933
12904
19570
12904
4224
12904
97937
77737
19570
12904
19570
12904
97937
77737
19570
12904
4224
12904
4224
12904
4224
12904
4224
12904
4224
12904
8143
5724
97937
77737
8143
5724
31922
77737
19570
12904
4224
12904
88755
53843
4224
12904
4224
12904
19570
12904
19570
12904
58564
38559
19570
12904
36354
46262
42913
12904
42913
38559
19570
30735
4224
30735
42913
12904
19570
30735
19570
30735
42913
12904
19570
30735
4224
30735
4224
50288
4224
30735
4224
30735
4224
30735
8143
5724
42913
12904
8143
5724
31922
12904
19570
30735
4224
30735
42913
12904
4224
30735
4224
30735
19570
30735
19570
30735
42913
12904
19570
30735
36354
12904
36354
38559
19570
30735
4224
30735
36354
12904
19570
30735
19570
30735
36354
12904
19570
30735
4224
30735
4224
46262
4224
30735
4224
30735
4224
30735
8143
5724
36354
12904
8143
5724
31922
12904
19570
30735
4224
30735
36354
12904
4224
30735
4224
30735
19570
30735
19570
30735
36354
12904
19570
30735
88755
12904
19570
12904
4224
12904
88755
196331
19570
12904
19570
12904
88755
103386
19570
12904
4224
12904
4224
12904
4224
12904
4224
12904
4224
12904
8143
5724
88755
128054
8143
5724
31922
128054
19570
12904
4224
12904
90689
53843
4224
12904
4224
12904
19570
12904
19570
12904
58564
38559
19570
12904
19570
30735
4224
30735
89933
12904
19570
30735
19570
30735
89933
12904
19570
30735
4224
30735
4224
38559
4224
30735
4224
30735
4224
30735
8143
5724
89933
12904
8143
5724
31922
12904
19570
30735
4224
30735
88755
12904
4224
30735
4224
30735
19570
30735
19570
30735
58564
12904
19570
30735
4224
50192
19570
12904
149618
39235
23195
39235
19570
12904
149618
46262
4224
50192
4224
30735
4224
50192
4224
42618
4224
50192
8143
5724
19570
12904
8143
5724
19570
12904
149618
50192
4224
50192
19570
12904
4224
50192
4224
50192
149618
50192
109595
50192
19570
12904
29490
50192
4224
12904
4224
39235
4224
39235
4224
12904
4224
46262
19570
50288
19570
30735
19570
60219
19570
42618
19570
60219
4224
5724
4224
12904
4224
5724
4224
12904
4224
105387
19570
60219
4224
12904
19570
60219
19570
60219
4224
60219
4224
60219
4224
12904
4224
50857
19570
12904
19570
12904
110888
103386
19570
12904
4224
12904
4224
12904
4224
12904
4224
12904
4224
12904
8143
5724
110888
128054
8143
5724
31922
128054
19570
12904
4224
12904
88755
53843
4224
12904
4224
12904
19570
12904
19570
12904
58564
38559
19570
12904
23195
46262
19570
12904
239101
39235
4224
39235
4224
30735
4224
39235
4224
39235
4224
39235
8143
5724
19570
12904
8143
5724
19570
12904
239101
39235
4224
39235
19570
12904
4224
39235
4224
39235
239101
39235
109595
39235
19570
12904
29490
39235
19570
12904
23195
39235
4224
39235
4224
30735
4224
39235
4224
39235
4224
39235
8143
5724
19570
12904
8143
5724
19570
12904
23195
39235
4224
39235
19570
12904
4224
39235
4224
39235
23195
39235
23195
39235
19570
12904
23195
39235
19570
12904
4224
12904
4224
12904
4224
12904
4224
12904
4224
12904
8143
5724
250001
103386
8143
5724
31922
103386
19570
12904
4224
12904
88755
53843
4224
12904
4224
12904
19570
12904
19570
12904
58564
38559
19570
12904
4224
46262
4224
30735
4224
46262
4224
42618
4224
46262
8143
5724
19570
12904
8143
5724
19570
12904
250001
46262
4224
46262
19570
12904
4224
46262
4224
46262
250001
46262
109595
46262
19570
12904
29490
46262
66006
30735
122133
50288
187643
42618
188111
50288
4224
5724
4224
12904
4224
5724
4224
12904
4224
50288
188111
50288
4224
12904
188111
50288
108331
50288
4224
50288
4224
50288
4224
12904
4224
50288
66006
30735
66006
30735
66006
30735
4224
5724
4224
12904
4224
5724
4224
12904
4224
30735
66006
30735
4224
12904
66006
30735
66006
30735
4224
30735
4224
30735
4224
12904
4224
30735
122133
42618
122133
86481
4224
5724
4224
12904
4224
5724
4224
12904
4224
60219
122133
118922
4224
12904
122133
165105
108331
105387
4224
105387
4224
105387
4224
12904
4224
50857
187643
42618
4224
5724
4224
12904
4224
5724
4224
12904
4224
42618
187643
42618
4224
12904
187643
42618
108331
42618
4224
42618
4224
42618
4224
12904
4224
42618
4224
5724
4224
12904
4224
5724
4224
12904
4224
60219
233711
86481
4224
12904
250001
86481
108331
86481
4224
86481
4224
86481
4224
12904
4224
50857
8143
5724
97937
250001
8143
5724
8143
5724
4224
5724
8143
5724
4224
5724
4224
5724
8143
5724
8143
5724
8143
5724
8143
5724
8143
5724
31922
176970
19570
12904
4224
12904
88755
53843
4224
12904
4224
12904
19570
12904
19570
12904
58564
38559
19570
12904
8143
5724
8143
5724
4224
5724
8143
5724
4224
5724
4224
5724
8143
5724
8143
5724
8143
5724
8143
5724
19570
12904
4224
12904
31922
53843
4224
12904
4224
12904
19570
12904
19570
12904
31922
38559
19570
12904
4224
60219
19570
12904
4224
60219
4224
60219
250001
60219
109595
60219
19570
12904
29490
50857
4224
12904
233711
118922
108331
105387
4224
105387
4224
105387
4224
12904
4224
50857
4224
12904
4224
12904
19570
12904
19570
12904
58564
38559
19570
12904
108331
105387
4224
105387
4224
105387
4224
12904
4224
50857
4224
109978
4224
115672
4224
12904
4224
50857
109595
109978
19570
12904
29490
50857
19570
12904
29490
50857
19570
12904
