9333
1341
3112
1341
7610
1341
7610
1341
14506
1341
9333
1341
9333
1341
7610
1341
9333
1341
9333
1341
9333
1341
7610
1341
9333
1341
3112
10071
7610
1341
9333
1341
9333
1341
7610
1341
9333
1341
7610
1341
9333
1341
7610
1341
7610
1341
9333
1341
16883
1341
9333
1341
9333
1341
9333
1341
7610
1341
7610
1341
9333
1341
9333
1341
9333
1341
9333
1341
3112
250001
7610
250001
7610
9787
9333
10071
18146
250001
17297
45003
7610
9787
67090
104534
11975
17875
17297
18261
7610
250001
18039
17875
3112
1341
7610
109488
250001
48572
17297
17287
7610
250001
17297
250001
7610
18261
17448
9787
7610
250001
7610
250001
17297
250001
9333
250001
17448
18389
17297
227043
180963
93924
7610
17287
7610
250001
17448
9787
250001
13901
17448
9787
250001
110259
3112
250001
3112
9787
3112
10071
3112
250001
3112
45003
3112
9787
3112
104534
3112
17875
3112
18261
3112
250001
3112
17875
9333
1341
3112
109488
3112
48572
3112
17287
3112
250001
3112
250001
3112
18261
3112
9787
3112
250001
3112
250001
3112
250001
3112
250001
3112
18389
3112
227043
3112
93924
3112
17287
3112
250001
3112
9787
3112
13901
3112
9787
3112
110259
17297
9787
7610
10071
7610
250001
7610
45003
17297
9787
7610
104534
7610
17875
7610
18261
106404
250001
7610
17875
3112
1341
106404
109488
7610
48572
7610
17287
9333
250001
7610
250001
17297
18261
7610
9787
17297
250001
106404
250001
7610
250001
7610
250001
7610
18389
7610
227043
7610
93924
11975
17287
9333
250001
7610
9787
7610
13901
7610
9787
7610
110259
7610
9787
7610
9787
7610
9787
31697
17875
7610
9787
7610
9787
7610
9787
17297
9787
7610
9787
3112
1341
17297
9787
7610
9787
7610
9787
9333
9787
7610
9787
83450
9787
7610
17875
17448
9787
17297
9787
7610
9787
7610
9787
7610
9787
7610
9787
7610
9787
11975
9787
9333
9787
7610
17875
7610
9787
7610
18261
7610
9787
9333
10071
9333
10071
7610
9787
9333
10071
9333
10071
9333
10071
7610
10071
9333
10071
3112
1341
7610
10071
9333
10071
9333
10071
7610
10071
9333
10071
7610
10071
9333
9787
7610
10071
7610
10071
9333
10071
14506
10071
9333
10071
9333
10071
9333
10071
7610
10071
7610
10071
9333
9787
9333
10071
9333
9787
9333
10071
17297
45003
7610
9787
18146
104534
11975
17875
17297
18261
7610
250001
18039
17875
3112
1341
7610
109488
18146
48572
17297
17287
7610
250001
17297
250001
7610
18261
17448
9787
7610
250001
7610
250001
17297
250001
9333
250001
17448
18389
17297
227043
18146
93924
7610
17287
7610
250001
17448
9787
18146
13901
17448
9787
18146
110259
7610
9787
17297
45003
11975
17875
66226
18261
7610
45003
17297
17875
3112
1341
7610
45003
17297
45003
135125
17287
7610
45003
106342
45003
7610
18261
17297
9787
7610
45003
7610
45003
135125
45003
9333
45003
17297
18389
135125
45003
17297
45003
7610
17287
7610
45003
17297
9787
17297
13901
17297
9787
17297
45003
7610
9787
7610
9787
7610
9787
17297
9787
7610
9787
3112
1341
17297
9787
7610
9787
7610
9787
9333
9787
7610
9787
31697
9787
7610
167291
17448
9787
17297
9787
7610
9787
7610
9787
7610
9787
7610
9787
7610
9787
11975
9787
9333
9787
7610
104534
7610
9787
7610
17875
7610
9787
11975
17875
17297
18261
7610
104534
18039
17875
3112
1341
7610
104534
67090
48572
17297
17287
7610
104534
17297
104534
7610
18261
17448
9787
7610
104534
7610
104534
17297
104534
9333
104534
17448
18389
17297
104534
67090
93924
7610
17287
7610
104534
17448
9787
67090
13901
17448
9787
67090
104534
11975
17875
7610
17875
11975
18261
3112
1341
7610
17875
11975
17875
11975
17287
7610
17875
11975
17875
7610
17875
11975
9787
7610
17875
7610
17875
11975
17875
9333
17875
11975
17875
11975
17875
11975
17875
7610
17287
7610
17875
11975
9787
11975
13901
11975
9787
11975
17875
7610
18261
17297
17875
3112
1341
7610
18261
17297
18261
66226
17287
7610
18261
66226
18261
7610
28919
17297
9787
7610
18261
7610
18261
66226
18261
9333
18261
17297
18261
66226
18261
17297
18261
7610
17287
7610
18261
17297
9787
17297
13901
17297
9787
17297
18261
7610
17875
3112
1341
155570
109488
7610
48572
7610
17287
9333
250001
7610
250001
17297
18261
7610
9787
17297
250001
155570
250001
7610
250001
7610
250001
7610
18389
7610
227043
7610
93924
11975
17287
9333
250001
7610
9787
7610
13901
7610
9787
7610
110259
3112
1341
7610
17875
18039
17875
17297
17287
7610
17875
17297
17875
7610
17875
17448
9787
7610
17875
7610
17875
17297
17875
9333
17875
17448
17875
17297
17875
18039
17875
7610
17287
7610
17875
17448
9787
18039
13901
17448
9787
18039
17875
3112
1341
3112
1341
3112
1341
3112
1341
3112
1341
3112
1341
3112
1341
3112
1341
3112
1341
3112
1341
3112
1341
3112
1341
3112
1341
3112
1341
3112
1341
3112
1341
3112
1341
3112
1341
3112
1341
3112
1341
7610
48572
7610
17287
9333
109488
7610
109488
17297
18261
7610
9787
17297
109488
250001
109488
7610
109488
7610
109488
7610
18389
7610
109488
7610
93924
11975
17287
9333
109488
7610
9787
7610
13901
7610
9787
7610
109488
17297
17287
7610
48572
17297
48572
7610
18261
17448
9787
7610
48572
7610
48572
17297
48572
9333
48572
17448
18389
17297
48572
180963
48572
7610
17287
7610
48572
17448
9787
250001
13901
17448
9787
250001
48572
7610
17287
106342
17287
7610
17287
17297
9787
7610
17287
7610
17287
135966
17287
9333
17287
17297
17287
250001
17287
17297
17287
7610
18261
7610
17287
17297
9787
17297
13901
17297
9787
17297
17287
7610
250001
9333
18261
7610
9787
9333
250001
9333
250001
7610
250001
7610
250001
7610
18389
7610
227043
7610
93924
9333
17287
17297
250001
7610
9787
7610
13901
7610
9787
7610
110259
7610
18261
17297
9787
7610
250001
7610
250001
106342
250001
9333
250001
17297
18389
106342
227043
17297
93924
7610
17287
7610
250001
17297
9787
17297
13901
17297
9787
17297
110259
7610
9787
17448
18261
17297
18261
7610
18261
7610
18261
7610
18261
7610
18261
7610
18261
11975
17287
9333
18261
7610
9787
7610
13901
7610
9787
7610
18261
7610
9787
7610
9787
17297
9787
9333
9787
73861
9787
17297
9787
17448
9787
7610
9787
7610
9787
230223
104534
17448
9787
230223
17875
17448
9787
17297
250001
7610
250001
7610
250001
7610
18389
7610
227043
7610
93924
11975
17287
9333
250001
7610
9787
7610
13901
7610
9787
7610
110259
7610
250001
7610
250001
7610
18389
7610
227043
7610
93924
11975
17287
9333
250001
7610
9787
7610
13901
7610
9787
7610
110259
9333
250001
17297
18389
135966
227043
17297
93924
7610
17287
7610
250001
17297
9787
17297
13901
17297
9787
17297
110259
9333
18389
9333
227043
9333
93924
7610
17287
7610
250001
9333
9787
9333
13901
9333
9787
9333
110259
17297
18389
17448
18389
7610
17287
7610
18389
73861
9787
17448
13901
73861
9787
17448
18389
17297
93924
7610
17287
7610
227043
17297
9787
17297
13901
17297
9787
17297
110259
7610
17287
7610
93924
17448
9787
180963
13901
17448
9787
180963
93924
9333
17287
7610
9787
7610
13901
7610
9787
7610
17287
7610
9787
7610
13901
7610
9787
7610
110259
17448
9787
250001
17875
17448
9787
17448
9787
250001
13901
17448
9787
