250001
63297
6787
15838
250001
81722
35028
81722
70187
63297
250001
45416
75114
81722
250001
14933
250001
45416
6787
16835
47371
81722
47158
1295
6787
15838
75114
81722
47158
45416
6787
15838
35028
81722
6787
14933
6787
16835
8580
16835
180795
81722
6787
14933
81968
15838
6787
16835
250001
15178
6787
15178
47158
81722
250001
43793
250001
45416
250001
81722
250001
45416
250001
63297
6787
15838
6787
63758
8580
81722
6787
95132
47158
15838
47158
1295
6787
15838
250001
63297
35028
63297
70187
250001
250001
45416
75114
63297
250001
14933
250001
45416
6787
16835
47371
63297
47158
1295
6787
15838
75114
63297
47158
45416
6787
15838
35028
63297
6787
14933
6787
16835
8580
16835
180795
63297
6787
14933
81968
15838
6787
16835
250001
15178
6787
15178
47158
63297
250001
43793
250001
45416
250001
63297
250001
45416
250001
245265
6787
15838
6787
63297
8580
63297
6787
63297
47158
15838
47158
1295
6787
15838
6787
15838
6787
15838
6787
15838
6787
15838
6787
14933
6787
15838
18239
15838
6787
15838
6787
1295
6901
43793
6787
15838
6787
15838
6901
45280
6787
15838
6901
14933
6901
15838
6787
15838
6787
15838
6901
14933
6787
63297
6901
15838
6787
15178
6901
15178
6787
15838
6787
15838
6787
15838
6787
15838
6787
15838
6787
15838
15289
45416
6901
15838
6787
15838
6901
15838
6787
27958
6787
1295
35028
85450
70187
63297
250001
45416
75114
85450
250001
14933
250001
45416
6787
16835
47371
85450
47158
1295
6787
15838
75114
85450
47158
45416
6787
15838
35028
85450
6787
14933
6787
16835
8580
16835
180795
85450
6787
14933
81968
15838
6787
16835
250001
15178
6787
15178
47158
85450
250001
43793
250001
45416
250001
155132
250001
45416
250001
63297
6787
15838
6787
63758
8580
85450
6787
81722
47158
15838
47158
1295
35028
63297
35028
45416
35028
95132
35028
14933
35028
45416
6787
16835
35028
104315
35028
1295
6787
15838
35028
111066
35028
45416
6787
15838
250001
118150
6787
14933
6787
16835
8580
16835
35028
118150
6787
14933
35028
15838
6787
16835
35028
15178
6787
15178
35028
120827
35028
43793
35028
45416
35028
85450
35028
45416
35028
63297
6787
15838
6787
63758
8580
96025
6787
81722
35028
15838
35028
1295
70187
45416
70187
63297
70187
14933
70187
45416
6787
16835
47371
63297
47158
1295
6787
15838
70187
63297
47158
45416
6787
15838
35028
63297
6787
14933
6787
16835
8580
16835
70187
63297
6787
14933
70187
15838
6787
16835
70187
15178
6787
15178
47158
63297
70187
43793
70187
45416
70187
63297
70187
45416
70187
245265
6787
15838
6787
63297
8580
63297
6787
63297
47158
15838
47158
1295
75114
45416
250001
14933
250001
46047
6787
16835
47371
45416
47158
1295
6787
15838
75114
45416
47158
49203
6787
15838
35028
45416
6787
14933
6787
16835
8580
16835
180795
45416
6787
14933
81968
15838
6787
16835
250001
15178
6787
15178
47158
45416
250001
43793
250001
126750
250001
45416
250001
95363
250001
45416
6787
15838
6787
45416
8580
45416
6787
45416
47158
15838
47158
1295
75114
14933
75114
45416
6787
16835
47371
95132
47158
1295
6787
15838
76023
95132
47158
45416
6787
15838
35028
95132
6787
14933
6787
16835
8580
16835
75114
95132
6787
14933
75114
15838
6787
16835
75114
15178
6787
15178
47158
95132
75114
43793
75114
45416
75114
85450
75114
45416
75114
63297
6787
15838
6787
63758
8580
95132
6787
81722
47158
15838
47158
1295
250001
14933
6787
14933
47371
14933
47158
1295
6787
14933
75114
14933
47158
14933
6787
14933
35028
14933
6787
42763
6787
14933
8580
14933
180795
14933
6787
45280
81968
14933
6787
14933
250001
14933
6787
14933
47158
14933
250001
14933
250001
14933
250001
14933
250001
14933
250001
14933
6787
14933
6787
14933
8580
14933
6787
14933
47158
14933
47158
1295
6787
16835
47371
45416
47158
1295
6787
15838
75114
45416
47158
46047
6787
15838
35028
45416
6787
14933
6787
16835
8580
16835
180795
45416
6787
14933
81968
15838
6787
16835
250001
15178
6787
15178
47158
45416
250001
43793
250001
46047
250001
45416
250001
46047
250001
45416
6787
15838
6787
45416
8580
45416
6787
45416
47158
15838
47158
1295
6787
16835
6787
1295
6901
15838
6787
16835
6787
16835
6901
15838
6787
16835
6901
14933
6901
63298
6787
63298
6787
16835
6901
14933
6787
15838
6901
45280
6787
15178
6901
15178
6787
16835
6787
16835
6787
16835
6787
16835
6787
16835
6787
16835
15289
15838
6901
16835
6787
16835
6901
16835
6787
15838
6787
1295
47158
1295
6787
15838
47371
104315
47158
45416
6787
15838
35028
104315
6787
14933
6787
16835
8580
16835
47371
104315
6787
14933
47371
15838
6787
16835
47371
15178
6787
15178
47158
104315
47371
43793
47371
45416
47371
85450
47371
45416
47371
63297
6787
15838
6787
63758
8580
96025
6787
81722
47158
15838
47158
1295
6787
1295
47158
1295
75114
1295
6787
1295
35028
1295
6787
1295
6787
1295
8580
1295
47158
1295
6787
1295
47158
1295
6787
1295
47158
1295
6787
1295
47886
1295
47158
1295
47158
1295
47158
1295
47158
1295
47158
1295
6787
1295
6787
1295
8580
1295
6787
1295
47259
1295
250001
150771
6787
15838
6787
15838
138064
43793
6787
15838
41799
14933
47158
15838
6787
15838
6787
15838
15289
14933
6787
43793
28195
15838
6787
15178
28195
15178
6787
15838
6787
15838
6787
15838
6787
15838
6787
15838
6787
15838
6901
43793
47886
15838
6787
15838
67638
15838
6787
27958
6787
1295
47158
45416
6787
15838
35028
111066
6787
14933
6787
16835
8580
16835
75114
111066
6787
14933
75114
15838
6787
16835
75114
15178
6787
15178
47158
111066
75114
43793
75114
45416
75114
85450
75114
45416
75114
63297
6787
15838
6787
63758
8580
96025
6787
81722
47158
15838
47158
1295
6787
15838
35028
45416
6787
14933
6787
16835
8580
16835
47158
45416
6787
14933
47158
15838
6787
16835
47158
15178
6787
15178
47886
45416
47158
43793
47158
49203
47158
45416
47158
49203
47158
45416
6787
15838
6787
45416
8580
45416
6787
45416
47259
15838
75114
1295
6787
15838
41799
14933
47158
15838
6787
15838
6787
15838
15289
14933
6787
45280
28195
15838
6787
15178
28195
15178
6787
15838
6787
15838
6787
15838
6787
15838
6787
15838
6787
15838
6901
45280
47886
15838
6787
15838
67638
15838
6787
27958
6787
1295
6787
14933
6787
16835
8580
16835
35028
120827
6787
14933
35028
15838
6787
16835
35028
15178
6787
15178
35028
118150
35028
43793
35028
45416
35028
85450
35028
45416
35028
63297
6787
15838
6787
63758
8580
96025
6787
81722
35028
15838
35028
1295
41799
14933
6787
14933
6787
14933
15289
42763
6787
14933
28195
14933
6787
14933
28195
14933
6787
14933
6787
14933
6787
14933
6787
14933
6787
14933
6787
14933
6901
14933
41799
14933
6787
14933
41799
14933
6787
14933
6787
1295
6787
64242
6787
16835
15289
14933
6787
15838
28195
45280
6787
15178
28195
15178
6787
16835
6787
16835
6787
16835
6787
16835
6787
16835
6787
16835
6901
15838
47158
16835
6787
16835
47158
16835
6787
15838
6787
1295
8580
16835
6787
14933
8580
15838
6787
45280
8580
15178
6787
15178
8580
16835
8580
16835
8580
16835
8580
16835
8580
16835
8580
16835
6787
15838
6787
16835
250001
16835
6787
16835
8580
15838
8580
1295
6787
14933
81968
15838
6787
16835
180795
15178
6787
15178
47158
118150
180795
43793
180795
45416
180795
85450
180795
45416
180795
63297
6787
15838
6787
63758
8580
96025
6787
81722
47158
15838
47158
1295
6787
14933
15289
14933
6787
14933
15289
14933
6787
14933
6787
14933
6787
14933
6787
14933
6787
14933
6787
14933
6901
14933
15289
14933
6787
14933
15289
14933
6787
14933
6787
1295
6787
15838
81968
15178
6787
15178
47158
15838
81968
15838
81968
15838
81968
15838
81968
15838
81968
15838
6787
45416
6787
15838
8580
15838
6787
15838
47158
27958
47158
1295
6787
15178
76031
15178
6787
16835
6787
16835
6787
16835
6787
16835
6787
16835
6787
16835
6901
15838
28195
16835
6787
16835
28195
16835
6787
15838
6787
1295
6787
15838
47158
15178
250001
15178
250001
15178
250001
15178
250001
15178
250001
15178
6787
15178
6787
15178
8580
15178
6787
15178
47158
15178
47158
1295
6787
15178
6787
15178
6787
15178
6787
15178
6787
15178
6787
15178
6901
15178
28195
15178
6787
15178
28195
15178
6787
15178
6787
1295
47158
43793
47158
45416
47158
85450
47158
45416
47158
63297
6787
15838
6787
63758
8580
96025
6787
81722
47259
15838
47886
1295
250001
43793
250001
43793
250001
43793
250001
43793
6787
15838
6787
43793
8580
43793
6787
43793
47158
15838
47158
1295
250001
45416
250001
95363
250001
45416
6787
15838
6787
45416
8580
45416
6787
45416
47158
15838
47158
1295
250001
45416
250001
63297
6787
15838
6787
63758
8580
85450
6787
81722
47158
15838
47158
1295
250001
45416
6787
15838
6787
45416
8580
45416
6787
45416
47158
15838
47158
1295
6787
15838
6787
63297
8580
63297
6787
63297
47158
15838
47158
1295
6901
15838
6787
15838
6901
15838
6787
27958
6787
1295
6787
63758
47886
63758
6787
15838
6787
1295
6787
81722
8580
15838
8580
1295
6787
15838
6787
1295
47259
1295
