12631
34654
12631
34654
130704
7087
130704
34654
9399
34654
130704
34654
9044
34654
37123
1827
130704
34654
26248
34654
12631
34654
12631
34654
9399
33905
130704
34654
130704
123934
68814
34654
149229
34654
37123
1827
127454
34654
9399
136510
130704
34654
9399
33905
9399
34654
138824
34654
9399
34654
9399
6686
9044
34654
130704
34654
130704
7087
9399
34654
64316
127828
62980
34654
130704
34654
157401
34654
130704
34654
9399
6686
130704
34654
130704
34654
14524
102575
12631
7087
12631
102575
9399
112372
12631
79749
9044
112372
12631
1827
12631
112372
12631
102575
14524
68054
14524
117760
9399
33905
12631
102575
12631
34654
12631
44118
12631
102575
12631
1827
12631
120037
9399
34654
12631
102575
9399
33905
9399
112372
12631
112372
9399
112372
9399
6686
9044
112372
12631
112372
12631
7087
9399
112372
12631
34654
12631
112372
12631
112372
12631
102575
12631
112372
9399
6686
12631
102547
12631
120037
12631
7087
12631
120591
9399
102575
12631
79749
9044
102575
12631
1827
12631
102575
12631
104848
17289
68054
106688
102575
9399
33905
12631
104848
12631
34654
12631
44118
12631
112945
12631
1827
12631
102575
9399
34654
12631
112945
9399
33905
9399
102575
12631
102575
9399
102575
9399
6686
9044
102575
12631
102575
12631
7087
9399
102575
12631
34654
12631
102575
12631
102575
12631
102786
12631
102575
9399
6686
12631
102547
12631
102575
137093
7087
9399
7087
137093
7087
9044
7087
37123
1827
137093
7087
26248
7087
12631
7087
12631
7087
9399
7087
137093
7087
137093
7087
68814
7087
130704
7087
37123
1827
127454
7087
9399
7087
137093
7087
9399
7087
9399
7087
130704
7087
9399
7087
9399
6686
9044
7087
137093
7087
137093
34654
9399
7087
64316
7087
62980
7087
137093
7087
130704
7087
137093
7087
9399
6686
156749
7087
137093
7087
9399
102575
250001
79749
9044
102575
37123
1827
250001
102575
26248
104848
12631
68054
12631
102575
9399
33905
215409
104848
176024
34654
68814
44118
130704
112945
37123
1827
127454
102575
9399
34654
163657
112945
9399
33905
9399
102575
130704
102575
9399
102575
9399
6686
9044
102575
250001
102575
217450
7087
9399
102575
64316
34654
62980
102575
250001
102575
130704
102786
144704
102575
9399
6686
137093
102547
230145
102575
9399
79749
9044
127638
9399
1827
9399
114972
9399
102575
9399
68054
9399
112372
9716
33905
9399
102575
9399
34654
9399
44118
9399
102575
9399
1827
9399
112372
9716
34654
9399
102575
26248
33905
9716
114972
9399
114972
50398
165195
26248
6686
9044
114972
9399
114972
9399
7087
9716
114972
9399
34654
9399
114972
9399
114972
9399
102575
9399
114972
9716
6686
9399
102547
9399
112372
9044
79749
37123
1827
250001
79749
26248
79749
12631
68054
12631
79749
9399
33905
215409
79749
176024
34654
68814
44118
130704
79749
37123
1827
127454
79749
9399
34654
163657
79749
9399
33905
9399
79749
130704
79749
9399
79749
9399
6686
9044
79749
250001
79749
217450
7087
9399
79749
64316
34654
62980
79749
250001
79749
130704
79749
144704
79749
9399
6686
137093
79749
230145
79749
9044
1827
9044
114972
9044
102575
9044
68054
9044
112372
9044
33905
9044
102575
9044
34654
9044
44118
9044
102575
9044
1827
9044
112372
9044
34654
9044
102575
9044
33905
9044
114972
9044
114972
9044
127638
9044
6686
9399
114972
9044
114972
9044
7087
9044
114972
9044
34654
9044
114972
9044
114972
9044
102575
9044
114972
9044
6686
9044
102547
9044
112372
37123
1827
26248
1827
12631
1827
12631
1827
9399
1827
37123
1827
37123
1827
37123
1827
37123
1827
130704
102575
37123
1827
9399
1827
37123
1827
9399
1827
9399
1827
37123
1827
9399
1827
9399
1827
9044
1827
37123
1827
37123
1827
9399
1827
37123
1827
37123
1827
37123
1827
37123
1827
37123
1827
9399
1827
37123
1827
37123
1827
26248
102575
12631
68054
12631
112372
9399
33905
215409
102575
176024
34654
68814
44118
130704
102575
37123
1827
127454
112372
9399
34654
163657
102575
9399
33905
9399
134329
130704
127638
9399
114972
9399
6686
9044
134329
250001
134329
217450
7087
9399
134329
64316
34654
62980
127638
250001
127638
130704
102575
144704
135741
9399
6686
137093
102547
230145
112372
12631
68054
12631
102575
9399
33905
26248
244853
26248
34654
26248
44118
26248
104848
26248
1827
26248
102575
9399
34654
26248
104848
9399
33905
9399
102575
26248
102575
9399
102575
9399
6686
9044
102575
26248
102575
26248
7087
9399
102575
26248
34654
26248
102575
26248
102575
26248
102786
26248
102575
9399
6686
26248
102547
26248
102575
17289
68054
9399
33905
12631
68054
12631
34654
12631
44118
12631
68054
12631
1827
12631
68054
9399
34654
12631
68054
9399
33905
9399
68054
12631
68054
9399
68054
9399
6686
9044
68054
12631
68054
12631
7087
9399
68054
12631
34654
12631
68054
12631
68054
12631
68054
12631
68054
9399
6686
12631
68054
12631
68054
9399
33905
12631
102575
12631
34654
12631
44118
12631
102575
12631
1827
12631
117760
9399
34654
12631
102575
9399
33905
9399
112372
12631
112372
9399
112372
9399
6686
9044
112372
12631
112372
12631
7087
9399
112372
12631
34654
12631
112372
12631
112372
12631
102575
12631
112372
9399
6686
12631
102547
12631
117760
9399
33905
9399
33905
9399
33905
9399
33905
9399
1827
9399
33905
12631
33905
9399
33905
9716
68054
59180
33905
9399
33905
9716
33905
9716
6686
9044
33905
9399
33905
9399
7087
30693
33905
9399
33905
9399
33905
9399
33905
9399
33905
9399
33905
130704
6686
9399
33905
9399
33905
176024
34654
68814
44118
130704
104848
37123
1827
127454
102575
9399
34654
163657
104848
9399
33905
9399
102575
130704
102575
9399
102575
9399
6686
9044
102575
215409
102575
215409
7087
9399
102575
64316
34654
62980
102575
215409
102575
130704
102786
144704
102575
9399
6686
137093
102547
215409
102575
68814
34654
130704
34654
37123
1827
127454
34654
9399
123934
163657
34654
9399
33905
9399
34654
130704
34654
9399
34654
9399
6686
9044
34654
176024
34654
176024
7087
9399
34654
64316
123934
62980
34654
176024
34654
130704
34654
144704
34654
9399
6686
137093
34654
176024
34654
68814
44118
37123
1827
68814
44118
9399
34654
68814
44118
9399
33905
9399
44118
68814
44118
9399
44118
9399
6686
9044
44118
68814
44118
68814
7087
9399
44118
64316
34654
62980
44118
68814
44118
68814
44118
68814
44118
9399
6686
68814
44118
68814
44118
37123
1827
127454
102575
9399
34654
130704
127162
9399
33905
9399
102575
138824
102575
9399
102575
9399
6686
9044
102575
130704
102575
130704
7087
9399
102575
64316
34654
62980
102575
130704
102575
149229
102786
130704
102575
9399
6686
130704
102547
130704
102575
37123
1827
9399
1827
37123
1827
9399
1827
9399
1827
37123
1827
9399
1827
9399
1827
9044
1827
37123
1827
37123
1827
9399
1827
37123
1827
37123
1827
37123
1827
37123
1827
37123
1827
9399
1827
37123
1827
37123
1827
9399
34654
127454
102575
9399
33905
9399
112372
127454
112372
9399
112372
9399
6686
9044
112372
127454
112372
127454
7087
9399
112372
64316
34654
62980
112372
127454
112372
127454
102575
127454
112372
9399
6686
127454
102547
127454
127828
9399
34654
9716
33905
12631
34654
9399
34654
9716
34654
9716
6686
9044
34654
9399
34654
9399
7087
12631
34654
9399
127828
9399
34654
9399
34654
9399
34654
9399
34654
12631
6686
9399
34654
9399
34654
9399
33905
9399
102575
130704
102575
9399
102575
9399
6686
9044
102575
163657
102575
163657
7087
9399
102575
64316
34654
62980
102575
163657
102575
130704
102786
144704
102575
9399
6686
137093
102547
163657
102575
9716
33905
9399
33905
26248
33905
107580
6686
9044
33905
9399
33905
9399
7087
9716
33905
9399
33905
9399
33905
9399
33905
9399
33905
9399
33905
9716
6686
9399
33905
9399
33905
9399
127638
9716
114972
9716
6686
9044
134560
9399
171689
9399
7087
30693
171689
9399
34654
9399
127638
9399
127638
9399
102575
9399
134329
59180
6686
9399
102547
9399
112372
9399
114972
9399
6686
9044
127638
130704
127638
130704
7087
9399
127638
64316
34654
62980
129697
130704
129697
138824
102575
130704
127638
9399
6686
130704
102547
130704
112372
26248
6686
9044
114972
9399
114972
9399
7087
9716
114972
9399
34654
9399
114972
9399
114972
9399
102575
9399
114972
9716
6686
9399
102547
9399
112372
9044
6686
9399
6686
9399
6686
9716
6686
9399
6686
9399
6686
9399
6686
9399
6686
9399
6686
9716
97796
9399
6686
9399
6686
9044
134560
9044
7087
9044
134560
9044
34654
9044
127638
9044
127638
9044
102575
9044
134329
9044
6686
9044
102547
9044
112372
217450
7087
9399
243682
64316
34654
62980
127638
250001
127638
130704
102575
144704
134329
9399
6686
137093
102547
230145
112372
9399
7087
64316
7087
62980
7087
217450
7087
130704
7087
144704
7087
9399
6686
137093
7087
217450
7087
9399
34654
9399
127638
9399
127638
9399
102575
9399
134329
30693
6686
9399
102547
9399
112372
62980
34654
64316
34654
64316
34654
64316
34654
9399
6686
64316
34654
64316
34654
62980
133999
62980
102575
62980
127638
9399
6686
62980
102547
62980
112372
130704
102575
144704
127638
9399
6686
137093
102547
230145
112372
130704
102575
9399
6686
130704
102547
130704
102575
9399
6686
137093
102547
144704
112372
9399
6686
9399
6686
137093
102547
