85646
78415
110813
32925
101276
29234
82222
62476
86359
84106
241047
62476
86359
29234
75381
47395
86359
85044
125746
39557
86359
84039
110990
84039
86359
85040
82222
84039
73192
64395
86359
62893
125385
120742
125746
77060
125746
79928
125746
79928
86359
120742
122385
74340
202979
85040
75381
84039
158478
84039
82222
60019
86359
120220
86359
120220
73192
120742
240962
79928
86359
85040
73192
65220
213446
81756
86359
84039
86359
91938
85646
84039
85646
32925
85646
29234
82222
62476
85646
78415
85646
62476
85646
29234
75381
47395
85646
78415
85646
39557
85646
78415
85646
78415
85646
78415
82222
78415
73192
64395
85646
62893
85646
78415
85646
77060
85646
78415
85646
78415
85646
78415
85646
74340
85646
78415
75381
78415
85646
78415
82222
60019
85646
78415
85646
78415
73192
78415
85646
78415
85646
78415
73192
65220
85646
78415
85646
78415
85646
78415
86359
78415
101276
29234
82222
32925
86359
32925
110813
32925
86359
29234
75381
32925
86359
32925
110813
32925
86359
32925
110813
32925
86359
32925
82222
32925
73192
32925
86359
32925
110813
32925
110813
32925
110813
32925
110813
32925
86359
32925
110813
32925
110813
32925
75381
32925
110813
32925
82222
32925
86359
32925
86359
32925
73192
32925
110813
32925
86359
32925
73192
32925
110813
32925
86359
32925
86359
32925
85646
32925
82222
29234
86359
29234
101276
29234
86359
32925
75381
29234
86359
29234
101276
29234
86359
29234
101276
29234
86359
29234
82222
29234
73192
29234
86359
29234
101276
29234
101276
29234
101276
29234
101276
29234
86359
29234
101276
29234
101276
29234
75381
29234
101276
29234
82222
29234
86359
29234
86359
29234
73192
29234
101276
29234
86359
29234
73192
29234
101276
29234
86359
29234
86359
29234
85646
29234
82222
62476
82222
74816
82222
29234
75381
47395
82222
62476
82222
39557
82222
62476
82222
62476
82222
62476
86359
62476
73192
62476
82222
62476
82222
62476
82222
62476
82222
62476
82222
62476
82222
62476
82222
62476
82222
62476
75381
62476
82222
62476
89422
60019
82222
62476
82222
62476
73192
62476
82222
62476
82222
62476
73192
62476
82222
62476
82222
62476
82222
62476
82222
62476
86359
62476
139336
29234
75381
47395
125746
84106
86359
39557
240962
84039
86359
84039
144956
84106
82222
84039
73192
64395
144956
62893
86359
84106
86359
77060
86359
79928
86359
79928
122614
84106
86359
74340
86359
84106
75381
84039
86359
84039
82222
60019
122385
84106
125385
84106
73192
84106
86359
79928
122385
84106
73192
65220
86359
81756
110813
84039
110813
84106
85646
84039
86359
29234
75381
47395
86359
62476
125746
39557
86359
62476
110990
62476
86359
62476
82222
62476
73192
62476
86359
62476
125385
62476
125746
62476
125746
62476
125746
62476
86359
62476
122385
62476
202979
62476
75381
62476
158478
62476
82222
60019
86359
62476
86359
62476
73192
62476
240962
62476
86359
62476
73192
62476
213446
62476
86359
62476
86359
62476
85646
62476
75381
29234
125746
29234
86359
29234
139336
29234
86359
29234
139336
29234
82222
29234
73192
29234
139336
29234
86359
29234
86359
29234
86359
29234
86359
29234
122614
29234
86359
29234
86359
29234
75381
29234
86359
29234
82222
29234
122385
29234
125385
29234
73192
29234
86359
29234
122385
29234
73192
29234
86359
29234
110813
29234
110813
29234
85646
29234
75381
47395
75381
39557
75381
47395
75381
47395
75381
47395
75381
47395
73192
47395
75381
47395
75381
47395
75381
47395
75381
47395
75381
47395
75381
47395
75381
47395
75381
47395
122335
47395
75381
47395
75381
47395
75381
47395
75381
47395
73192
47395
75381
47395
75381
47395
73192
47395
75381
47395
75381
47395
75381
47395
75381
47395
86359
39557
125746
84039
86359
84039
125746
85040
82222
84039
73192
64395
125746
62893
86359
85044
86359
77060
86359
79928
86359
79928
122614
85044
86359
74340
86359
85040
75381
84039
86359
84039
82222
60019
122385
85044
125385
85044
73192
85044
86359
79928
122385
85040
73192
65220
86359
81756
110813
84039
110813
85044
85646
84039
86359
39557
110990
39557
86359
39557
82222
39557
73192
39557
86359
39557
125385
39557
131469
39557
166468
39557
131469
39557
86359
39557
122385
39557
125746
39557
75381
39557
125746
39557
82222
39557
86359
39557
86359
39557
73192
39557
125746
39557
86359
39557
73192
39557
125746
39557
86359
39557
86359
39557
85646
39557
86359
85044
144956
84039
82222
85044
73192
64395
144956
62893
86359
84039
86359
77060
86359
79928
86359
79928
122614
84039
86359
74340
86359
84039
75381
120220
86359
120220
82222
60019
122385
84039
125385
84039
73192
84039
86359
79928
122385
84039
73192
65220
86359
81756
110813
120220
110813
84039
85646
120220
86359
84039
82222
120220
73192
64395
86359
62893
110990
84039
110990
77060
110990
79928
110990
79928
86359
84039
110990
74340
110990
84039
75381
85044
110990
85044
82222
60019
86359
84039
86359
84039
73192
84039
110990
79928
86359
84039
73192
65220
110990
81756
86359
85044
86359
84039
85646
85044
82222
84039
73192
64395
250001
62893
86359
85040
86359
77060
86359
79928
86359
79928
122614
85040
86359
74340
86359
91579
75381
84039
86359
84039
82222
60019
122385
85040
125385
85040
73192
85040
86359
79928
122385
85395
73192
65220
86359
81756
110813
84039
110813
85040
85646
84039
73192
64395
82222
62893
82222
84039
82222
77060
82222
79928
82222
79928
82222
84039
82222
74340
82222
84039
75381
85044
82222
85044
86359
60019
82222
84039
82222
84039
73192
84039
82222
79928
82222
84039
73192
65220
82222
81756
82222
85044
82222
84039
82222
85044
73192
62893
73192
64395
73192
64395
73192
64395
73192
64395
73192
64395
73192
64395
73192
64395
73192
64395
73192
64395
73192
60019
73192
64395
73192
64395
240962
64395
73192
64395
73192
64395
180355
64395
73192
64395
73192
64395
73192
64395
73192
64395
86359
62893
86359
62893
86359
62893
86359
62893
122614
62893
86359
62893
86359
62893
75381
62893
86359
62893
82222
60019
122385
62893
125385
62893
73192
62893
86359
62893
122385
62893
73192
62893
86359
62893
110813
62893
110813
62893
85646
62893
125385
77060
125385
79928
125385
79928
86359
125923
122385
74340
125385
85040
75381
84039
125385
84039
82222
60019
86359
120220
86359
120220
73192
146523
125385
79928
86359
85040
73192
65220
125385
81756
86359
84039
86359
91938
85646
84039
131469
77060
142898
77060
86359
77060
122385
74340
125746
77060
75381
77060
125746
77060
82222
60019
86359
77060
86359
77060
73192
77060
125746
77060
86359
77060
73192
65220
125746
77060
86359
77060
86359
77060
85646
77060
131469
85946
86359
79928
122385
74340
125746
79928
75381
79928
125746
79928
82222
60019
86359
79928
86359
79928
73192
79928
125746
85946
86359
79928
73192
65220
125746
79928
86359
79928
86359
79928
85646
79928
86359
79928
122385
74340
125746
79928
75381
79928
125746
79928
82222
60019
86359
79928
86359
79928
73192
79928
125746
96181
86359
79928
73192
65220
125746
79928
86359
79928
86359
79928
85646
79928
86359
74340
86359
85040
75381
84039
86359
84039
82222
60019
122385
120220
122614
120220
73192
125923
86359
79928
122385
85040
73192
65220
86359
81756
110813
84039
110813
91938
85646
84039
122385
74340
75381
74340
122385
74340
82222
60019
86359
74340
86359
74340
73192
74340
122385
74340
86359
74340
73192
65220
122385
74340
86359
74340
86359
74340
85646
74340
75381
84039
158478
84039
82222
60019
86359
85040
86359
85040
73192
85040
202979
79928
86359
85395
73192
65220
202979
81756
86359
84039
86359
85040
85646
84039
75381
123132
75381
60019
75381
84039
75381
84039
73192
84039
75381
79928
75381
84039
73192
65220
75381
81756
75381
120742
75381
84039
75381
120742
82222
60019
86359
84039
86359
84039
73192
84039
158478
79928
86359
84039
73192
65220
158478
81756
86359
120742
86359
84039
85646
120742
82222
60019
82222
60019
73192
60019
82222
60019
82222
60019
73192
60019
82222
60019
82222
60019
82222
60019
82222
60019
122385
120472
73192
120220
86359
79928
125385
85040
73192
65220
86359
81756
110813
84039
110813
91938
85646
84039
73192
120220
86359
79928
122385
85040
73192
65220
86359
81756
110813
84039
110813
91938
85646
84039
73192
79928
73192
85040
180355
65220
73192
81756
73192
84039
73192
91938
73192
84039
86359
79928
73192
65220
213446
79928
86359
79928
86359
79928
85646
79928
73192
65220
86359
81756
110813
84039
110813
85040
85646
84039
73192
65220
73192
65220
73192
65220
73192
65220
86359
81756
86359
81756
85646
81756
118242
84039
85646
244298
85646
84039
