58478
30310
58478
18400
58478
18400
57956
17470
58478
15420
55444
18400
57956
18400
54741
18400
55444
18400
58478
63330
57956
18400
57956
18400
58478
15420
57956
18400
55444
18400
57956
18400
57956
18400
55444
18400
54741
18400
57956
18400
57956
18400
57956
18400
57956
18400
57956
18400
55444
18400
57956
18400
57956
18400
57956
18400
57956
18400
57956
18400
58478
18400
62622
18400
102887
18400
142580
18400
57956
17470
73439
15420
55444
18400
57956
18400
54741
18400
55444
18400
102887
30310
57956
18400
57956
18400
143586
15420
57956
18400
55444
18400
57956
18400
57956
18400
55444
18400
54741
18400
57956
18400
57956
18400
57956
18400
57956
18400
57956
18400
55444
18400
57956
18400
57956
18400
57956
18400
57956
18400
57956
18400
73439
18400
58478
18400
102887
80653
57956
17470
73439
15420
55444
91174
57956
98965
54741
250001
55444
91174
118089
18400
57956
91174
57956
98965
102887
15420
57956
98965
55444
106935
57956
36102
57956
209205
55444
88332
54741
98965
57956
250001
57956
32092
57956
220953
57956
106935
57956
88332
55444
23071
57956
98965
57956
98965
57956
220953
57956
98965
57956
98965
73439
32092
58478
250001
57956
17470
73439
15420
55444
80653
57956
80653
54741
80653
55444
80653
102887
18400
57956
80653
57956
80653
142580
15420
57956
80653
55444
80653
57956
36102
57956
80653
55444
80653
54741
80653
57956
80653
57956
32092
57956
80653
57956
80653
57956
80653
55444
23071
57956
80653
57956
80653
57956
80653
57956
80653
57956
80653
73439
32092
58478
80653
57956
15420
55444
17470
128893
17470
54741
17470
55444
17470
57956
17470
250001
17470
70649
17470
57956
15420
128893
17470
55444
17470
175510
17470
249292
17470
55444
17470
54741
17470
162650
17470
241605
17470
250001
17470
220620
17470
128893
17470
55444
17470
128893
17470
128893
17470
244389
17470
93361
17470
73439
17470
57956
17470
57956
17470
55444
15420
57956
15420
54741
15420
55444
15420
73439
15420
57956
15420
57956
15420
73439
23071
57956
15420
55444
15420
57956
15420
57956
15420
55444
15420
54741
15420
57956
15420
57956
15420
57956
15420
57956
15420
57956
15420
55444
15420
57956
15420
57956
15420
57956
15420
57956
15420
57956
15420
102887
15420
58478
15420
55444
91174
54741
91174
61358
106935
55444
18400
55444
193654
55444
91174
55444
15420
55444
91174
61358
91174
55444
36102
55444
91174
91083
88332
54741
91174
55444
91174
55444
32092
55444
91174
55444
91174
55444
88332
74370
23071
55444
91174
55444
91174
55444
91174
55444
91174
55444
91174
55444
32092
55444
91174
54741
98965
55444
91174
57956
18400
128893
91174
70649
139485
57956
15420
220368
139485
55444
98965
128893
36102
128893
98965
55444
88332
54741
139485
128893
98965
128893
32092
128893
98965
128893
98965
173804
88332
55444
23071
142580
139485
135209
139485
128893
98965
93361
139485
73439
139485
57956
32092
57956
98965
54741
91174
54741
18400
54741
91174
54741
98965
54741
15420
54741
98965
54741
106935
54741
36102
54741
209205
54741
88332
57203
98965
54741
250001
54741
32092
54741
220953
54741
106935
54741
88332
54741
23071
54741
98965
54741
98965
54741
220953
54741
98965
54741
98965
54741
32092
54741
250001
55444
18400
55444
106935
55444
91174
55444
15420
55444
91174
102805
91174
55444
36102
55444
91174
61358
88332
54741
91174
55444
91174
55444
32092
55444
91174
55444
91174
55444
88332
61358
23071
55444
91174
55444
91174
55444
91174
55444
91174
55444
91174
55444
32092
55444
91174
57956
18400
57956
18400
102887
15420
57956
18400
55444
18400
57956
18400
57956
18400
55444
18400
54741
18400
57956
18400
57956
18400
57956
18400
57956
18400
57956
18400
55444
18400
57956
18400
57956
18400
57956
18400
57956
18400
57956
18400
73439
18400
58478
18400
70649
91174
57956
15420
128893
91174
55444
91174
175510
36102
249292
91174
55444
88332
54741
91174
162650
91174
241605
32092
250001
91174
220620
91174
128893
88332
55444
23071
128893
91174
128893
91174
244389
91174
93361
91174
73439
91174
57956
32092
57956
91174
57956
15420
70649
220953
55444
98965
70649
36102
70649
98965
55444
88332
54741
250001
70649
98965
70649
32092
70649
98965
70649
98965
70649
88332
55444
23071
70649
250001
70649
205725
70649
98965
70649
222375
70649
250001
57956
32092
57956
98965
57956
15420
55444
15420
57956
15420
57956
15420
55444
15420
54741
15420
57956
15420
57956
15420
57956
15420
57956
15420
57956
15420
55444
15420
57956
15420
57956
15420
57956
15420
57956
15420
57956
15420
73439
15420
58478
15420
55444
98965
128893
36102
128893
98965
55444
88332
54741
220953
128893
98965
128893
32092
128893
98965
128893
98965
173804
88332
55444
23071
142580
220953
135209
205725
128893
98965
93361
220953
73439
220953
57956
32092
57956
98965
55444
36102
55444
106935
61358
88332
54741
98965
55444
106935
55444
32092
55444
106935
55444
250001
55444
88332
61358
23071
55444
98965
55444
98965
55444
106935
55444
98965
55444
98965
55444
32092
55444
106935
175510
36102
55444
36102
54741
36102
162650
36102
175510
32092
175510
36102
175510
36102
128893
36102
55444
23071
128893
36102
128893
36102
175510
36102
93361
36102
73439
36102
57956
32092
57956
36102
55444
88332
54741
98965
162650
209205
241605
32092
249292
209205
220620
106935
128893
88332
55444
23071
128893
98965
128893
98965
244389
209205
93361
98965
73439
98965
57956
32092
57956
209205
54741
88332
55444
88332
55444
32092
55444
88332
55444
88332
55444
88418
74370
23071
55444
88332
55444
88332
55444
88332
55444
88332
55444
88332
55444
32092
55444
88332
54741
98965
54741
32092
54741
98965
54741
98965
54741
88332
54741
23071
54741
250001
54741
205725
54741
98965
54741
222375
54741
250001
54741
32092
54741
98965
162650
32092
162650
220953
162650
106935
128893
88332
55444
23071
128893
98965
128893
98965
162650
220953
93361
98965
73439
98965
57956
32092
57956
250001
241605
32092
220620
32092
128893
32092
55444
23071
128893
32092
128893
32092
241605
32092
93361
32092
73439
32092
57956
80653
57956
32092
220620
106935
128893
88332
55444
23071
128893
98965
128893
98965
244389
220971
93361
98965
73439
98965
57956
32092
57956
220953
128893
88332
55444
23071
128893
98965
128893
98965
220620
106935
93361
98965
73439
98965
57956
32092
57956
106935
55444
23071
142580
88332
135209
88332
128893
88332
93361
88332
73439
88332
57956
32092
57956
88332
55444
23071
55444
23071
55444
23071
55444
23071
55444
23071
55444
23071
55444
23071
135209
205725
128893
98965
93361
222375
73439
250001
57956
32092
57956
98965
128893
98965
93361
205725
73439
205725
57956
32092
57956
98965
93361
98965
73439
98965
57956
32092
57956
220953
73439
222375
57956
32092
57956
98965
57956
32092
57956
98965
58478
32092
