58780
15284
78136
15284
26888
15284
78136
15284
58780
15284
32508
15284
32508
1007
32508
237419
78136
15284
58780
15284
26888
15284
58780
54879
58780
15284
58780
15284
58802
15284
32508
15284
58780
15284
58780
15284
78136
15284
58780
15284
26888
15284
58802
15284
58780
15284
26888
1007
58780
250001
32508
15284
58780
15284
32508
15284
78136
15284
58780
15284
32508
15284
32508
15284
58780
15284
58780
15284
58780
15284
78136
15284
58780
42807
26888
54879
58780
42807
78136
42807
32508
42807
32508
1007
32508
15284
58780
42807
74453
42807
26888
42807
58802
15284
110664
42807
58802
42807
58780
42807
32508
42807
73851
42807
80772
42807
58780
42807
80772
42807
26888
42807
58780
42807
134716
42807
26888
1007
78136
15284
32508
42807
80772
42807
32508
42807
58780
42807
80772
42807
32508
42807
32508
42807
73851
42807
73851
42807
80772
42807
58780
42807
26888
42807
90485
68080
58780
68080
32508
68080
32508
1007
32508
15284
90485
68080
58780
68080
26888
68080
58780
15284
58780
68080
58780
68080
58802
68080
32508
68080
58780
68080
58780
68080
90485
68080
58780
68080
26888
68080
58802
54879
58780
68080
26888
1007
58780
15284
32508
68080
58780
63189
32508
68080
90485
68080
58780
68080
32508
68080
32508
68080
58780
68080
58780
68080
58780
68080
80772
68080
26888
42807
26888
42807
26888
42807
26888
1007
26888
15284
26888
42807
26888
42807
58802
42807
26888
15284
26888
42807
26888
42807
26888
42807
26888
42807
26888
42807
26888
42807
26888
42807
26888
42807
58780
42807
26888
42807
26888
42807
58780
1007
26888
15284
26888
42807
26888
42807
26888
42807
26888
42807
26888
42807
26888
42807
26888
42807
26888
42807
26888
42807
26888
42807
26888
42807
58780
237419
32508
179607
32508
1007
32508
15284
160537
250001
58780
250001
26888
237419
58780
15284
58780
123032
58780
250001
58802
237419
32508
237419
58780
250001
58780
237419
110964
250001
58780
250001
26888
250001
58802
54879
58780
94393
26888
1007
58780
15284
32508
218367
58780
63189
32508
250001
160537
250001
58780
250001
32508
237419
32508
240705
58780
94393
58780
94393
58780
158314
80772
250001
32508
179607
32508
1007
32508
15284
58780
237419
74453
237419
26888
240705
58802
15284
78136
123032
58802
237419
58780
240705
32508
240705
73851
237419
78136
240705
58780
237419
78136
237419
26888
237419
58780
54879
78136
94393
26888
1007
90485
15284
32508
218367
78136
63189
32508
237419
58780
237419
78136
237419
32508
240705
32508
237419
73851
94393
73851
94393
78136
158314
58780
237419
58780
1007
58780
15284
32508
179607
32508
179607
26888
179607
32508
15284
32508
123032
32508
179607
32508
179607
58780
179607
32508
179607
32508
179607
32508
179607
32508
179607
26888
179607
32508
54879
32508
94393
26888
1007
32508
15284
58780
179607
32508
63189
58780
179607
32508
179607
32508
179607
58780
179607
58780
179607
32508
94393
32508
94393
32508
158314
32508
179607
83321
1007
32508
1007
32508
1007
26888
1007
32508
1007
32508
1007
32508
1007
32508
1007
73851
1007
32508
1007
32508
1007
32508
1007
32508
1007
26888
1007
32508
1007
32508
1007
26888
15284
32508
1007
83321
1007
32508
1007
73851
1007
32508
1007
32508
1007
73851
1007
83321
1007
32508
1007
32508
1007
32508
1007
32508
1007
32508
15284
32508
15284
26888
15284
32508
54879
32508
15284
32508
15284
32508
15284
73851
15284
32508
15284
32508
15284
32508
15284
32508
15284
26888
15284
32508
15284
32508
15284
26888
1007
32508
237419
93515
15284
32508
15284
73851
15284
32508
15284
32508
15284
73851
15284
207235
15284
32508
15284
32508
15284
32508
15284
32508
15284
58780
250001
26888
237419
58780
15284
58780
123032
58780
250001
58802
237419
32508
237419
58780
250001
58780
237419
110964
250001
58780
250001
26888
250001
58802
54879
58780
94393
26888
1007
58780
15284
32508
218367
58780
63189
32508
250001
250001
250001
58780
250001
32508
237419
32508
240705
58780
94393
58780
94393
58780
158314
80772
250001
26888
237419
58802
15284
74453
123032
58802
250001
58780
237419
32508
237419
73851
250001
74453
237419
58780
250001
74453
250001
26888
250001
58780
54879
74453
94393
26888
1007
74453
15284
32508
218367
74453
63189
32508
250001
58780
250001
74453
250001
32508
237419
32508
240705
73851
94393
73851
94393
74453
158314
58780
250001
26888
15284
26888
123032
26888
237419
26888
250001
26888
250001
26888
237419
26888
250001
26888
237419
26888
237419
58780
237419
26888
54879
26888
94393
58780
1007
26888
15284
26888
218367
26888
63189
26888
237419
26888
237419
26888
237419
26888
250001
26888
237419
26888
94393
26888
94393
26888
158314
26888
237419
58802
15284
74453
15284
58780
15284
32508
15284
58802
15284
58802
15284
58780
15284
58802
15284
26888
15284
58780
15284
58802
15284
26888
1007
58802
54879
32508
15284
58802
15284
32508
15284
58780
15284
58802
15284
32508
15284
32508
15284
58802
15284
58802
15284
58802
15284
58780
15284
58802
123032
58780
123032
32508
123032
73851
123032
80772
123032
58780
123032
80772
123032
26888
123032
58780
54879
110664
94393
26888
1007
78136
15284
32508
123032
80772
63189
32508
123032
58780
123032
80772
123032
32508
123032
32508
123032
73851
94393
73851
94393
80772
123032
58780
123032
58780
237419
32508
237419
58802
250001
58802
237419
58780
250001
58802
250001
26888
250001
58780
54879
58802
94393
26888
1007
58802
15284
32508
218367
58802
63189
32508
250001
58780
250001
58802
250001
32508
237419
32508
240705
58802
94393
58802
94393
58802
158314
58780
250001
32508
250001
58780
237419
58780
250001
58802
237419
58780
237419
26888
237419
102540
54879
58780
94393
26888
1007
58780
15284
32508
218367
58780
63189
32508
237419
58802
237419
58780
237419
32508
250001
32508
237419
58780
94393
58780
94393
58780
158314
58802
237419
32508
237419
32508
250001
32508
237419
32508
237419
26888
237419
32508
54879
32508
94393
26888
1007
32508
15284
73851
218367
32508
63189
90485
237419
32508
237419
32508
237419
250001
250001
73851
237419
32508
94393
32508
94393
32508
158314
32508
237419
73851
237419
58780
250001
73851
250001
26888
250001
58780
54879
73851
94393
26888
1007
73851
15284
32508
218367
73851
63189
32508
250001
58780
250001
73851
250001
32508
237419
32508
240705
83321
94393
83321
94393
73851
158314
58780
250001
58780
237419
90485
237419
26888
237419
58780
54879
80772
94393
26888
1007
78136
15284
32508
218367
154123
63189
32508
237419
58780
237419
172139
237419
32508
250001
32508
237419
73851
94393
73851
94393
172139
158314
58780
237419
58780
250001
26888
250001
58802
54879
58780
94393
26888
1007
58780
15284
32508
218367
58780
63189
32508
250001
110964
250001
58780
250001
32508
237419
32508
240705
58780
94393
58780
94393
58780
158314
80772
250001
26888
250001
58780
54879
80772
94393
26888
1007
78136
15284
32508
218367
90485
63189
32508
250001
58780
250001
90485
250001
32508
237419
32508
240705
73851
94393
73851
94393
90485
158314
58780
250001
26888
54879
26888
94393
58802
1007
26888
15284
26888
218367
26888
63189
26888
250001
26888
250001
26888
250001
26888
237419
26888
240705
26888
94393
26888
94393
26888
158314
26888
250001
58780
54879
26888
1007
58780
15284
32508
54879
58780
54879
32508
54879
58802
54879
58780
54879
32508
54879
32508
54879
58780
54879
58780
54879
58780
54879
58802
54879
26888
1007
78136
15284
32508
94393
80772
63189
32508
94393
58780
94393
80772
94393
32508
94393
32508
94393
73851
250001
73851
96412
80772
94393
58780
94393
26888
1007
26888
1007
26888
1007
26888
1007
26888
1007
26888
1007
26888
1007
26888
1007
26888
1007
26888
1007
26888
1007
26888
1007
32508
15284
78136
15284
32508
15284
58780
15284
78136
15284
32508
15284
32508
15284
73851
15284
73851
15284
78136
15284
58780
15284
32508
63189
73851
218367
32508
218367
32508
218367
73851
218367
93515
218367
32508
94393
32508
94393
32508
158314
32508
218367
32508
63189
58780
63189
154123
63189
32508
63189
32508
63189
73851
63189
73851
63189
154123
63189
58780
63189
32508
250001
32508
250001
90485
237419
73851
240705
32508
94393
32508
94393
32508
158314
32508
250001
58780
250001
32508
237419
32508
240705
58780
94393
58780
94393
58780
158314
80772
250001
32508
237419
32508
240705
73851
94393
73851
94393
250001
158314
58780
250001
73851
237419
32508
94393
32508
94393
32508
158314
32508
237419
32508
94393
32508
94393
32508
158314
32508
240705
93515
96412
73851
94393
58780
94393
73851
94393
58780
94393
58780
158314
