82160
82935
215426
30480
112374
30480
217831
30480
82160
82935
82160
59570
82160
82935
224604
30480
82160
82935
82160
59570
107551
30480
82160
60552
214896
30480
40011
30480
107954
8605
92515
30480
26206
82935
82160
82935
214896
30480
217831
30480
92515
30480
40011
30480
214896
30480
199012
82935
26206
82935
215283
8605
214896
30480
214896
250001
92515
30480
224604
30480
82160
59570
107551
30480
107954
30480
82160
82935
107954
30480
214896
30480
214896
30480
82160
30480
82160
30480
82160
30480
107954
203427
107954
59570
107954
193090
82160
30480
107954
109339
107954
59570
82160
30480
107954
60552
82160
30480
40011
30480
82160
8605
82160
30480
26206
122793
107954
197785
82160
30480
82160
30480
82160
30480
40011
30480
82160
30480
82160
203427
26206
122793
82160
8605
82160
30480
82160
82935
82160
30480
82160
30480
107954
59570
82160
30480
82160
30480
107954
172842
82160
30480
82160
30480
82160
30480
112374
193090
215426
193090
82160
30480
82160
30480
82160
30480
215426
82935
82160
30480
82160
30480
107551
193090
82160
30480
214896
180653
40011
193090
107954
8605
92515
191663
26206
30480
82160
30480
214896
193090
215426
193090
92515
193090
40011
193090
214896
193090
199012
30480
26206
30480
215283
8605
214896
193090
214896
30480
92515
82935
215426
193090
82160
30480
107551
193090
107954
193090
82160
30480
107954
193090
214896
193090
214896
193090
112374
197785
82160
30480
82160
30480
82160
30480
112374
82935
82160
30480
82160
30480
107551
250001
82160
30480
112374
180653
40011
197785
107954
8605
92515
191663
26206
30480
82160
30480
112374
197785
112374
197785
92515
197785
40011
197785
112374
197785
112374
30480
26206
30480
112374
8605
112374
250001
112374
30480
92515
82935
112374
246287
82160
30480
107551
197785
107954
197785
82160
30480
107954
197785
112374
197785
112374
197785
82160
30480
82160
30480
82160
30480
217831
82935
82160
30480
82160
30480
107551
197785
82160
30480
214896
180653
40011
250001
107954
8605
92515
191663
26206
30480
82160
30480
214896
250001
224604
250001
92515
250001
40011
247690
214896
250001
199012
30480
26206
30480
215283
8605
214896
197785
214896
30480
92515
82935
217831
197785
82160
30480
107551
250001
107954
246340
82160
30480
107954
250001
214896
203427
214896
250001
199012
59570
199012
193090
82160
30480
199012
109339
112374
59570
82160
30480
199012
60552
82160
30480
40011
30480
82160
8605
82160
30480
26206
122793
199012
197785
82160
30480
82160
30480
82160
30480
40011
30480
82160
30480
82160
250001
26206
122793
82160
8605
82160
30480
82160
82935
82160
30480
82160
30480
214896
59570
82160
30480
82160
30480
199012
172842
82160
30480
82160
30480
82160
30480
250001
59570
82160
30480
214896
59570
112374
246287
82160
30480
241606
59570
82160
30480
40011
30480
82160
8605
82160
30480
26206
59570
214896
59570
82160
30480
82160
30480
82160
30480
40011
30480
82160
30480
82160
59570
26206
59570
82160
8605
82160
30480
82160
59570
82160
30480
82160
30480
199012
250001
82160
30480
82160
30480
250001
59570
82160
30480
82160
30480
82160
30480
82160
30480
214896
109339
112374
59570
82160
30480
241606
60552
82160
30480
40011
30480
82160
8605
82160
30480
26206
122793
214896
193090
82160
30480
82160
30480
82160
30480
40011
30480
82160
30480
82160
193090
26206
122793
82160
8605
82160
30480
82160
82935
82160
30480
82160
30480
199012
59570
82160
30480
82160
30480
250001
172842
82160
30480
82160
30480
82160
30480
82160
30480
82160
30480
107551
82935
82160
30480
214896
82935
40011
82935
107954
8605
92515
82935
26206
30480
82160
30480
214896
82935
217831
82935
92515
82935
40011
82935
214896
82935
199012
30480
26206
30480
215283
8605
214896
82935
214896
30480
92515
250001
244504
82935
82160
30480
107551
82935
107954
82935
82160
30480
107954
82935
214896
82935
214896
82935
112374
59570
82160
30480
214896
60552
82160
30480
40011
30480
82160
8605
82160
30480
26206
109339
250001
109339
82160
30480
82160
30480
82160
30480
40011
30480
82160
30480
82160
109339
26206
109339
82160
8605
82160
30480
82160
82935
82160
30480
82160
30480
199012
59570
82160
30480
82160
30480
214896
109339
82160
30480
82160
30480
82160
30480
82160
30480
112374
59570
82160
30480
40011
30480
82160
8605
82160
30480
26206
59570
112374
59570
82160
30480
82160
30480
82160
30480
40011
30480
82160
30480
82160
59570
26206
59570
82160
8605
82160
30480
82160
59570
82160
30480
82160
30480
112374
246287
82160
30480
82160
30480
112374
59570
82160
30480
82160
30480
82160
30480
82160
30480
107551
180653
40011
197785
107551
8605
92515
191663
26206
30480
82160
30480
107551
197785
107551
197785
92515
197785
40011
197785
107551
197785
107551
30480
26206
30480
107551
8605
107551
250001
107551
30480
92515
82935
107551
246287
82160
30480
107954
197785
107551
197785
82160
30480
107551
197785
107551
197785
107551
197785
82160
30480
40011
30480
82160
8605
82160
30480
26206
60552
214896
60552
82160
30480
82160
30480
82160
30480
40011
30480
82160
30480
82160
60552
26206
60552
82160
8605
82160
30480
82160
60552
82160
30480
82160
30480
199012
59570
82160
30480
82160
30480
241606
60552
82160
30480
82160
30480
82160
30480
40011
180653
107954
8605
92515
180653
26206
30480
82160
30480
250001
180653
214896
180653
92515
180653
40011
180653
242907
180653
199012
30480
26206
30480
214896
8605
250001
180653
217831
30480
92515
82935
214896
180653
82160
30480
107551
180653
107954
180653
82160
30480
107954
180653
250001
180653
224604
180653
40011
8605
40011
191663
26206
30480
40011
30480
40011
250001
40011
250001
40011
250001
214896
247690
40011
250001
40011
30480
26206
30480
40011
8605
40011
197785
40011
30480
40011
82935
40011
197785
40011
30480
40011
250001
40011
246340
40011
30480
40011
250001
40011
203427
40011
250001
92515
8605
26206
8605
82160
8605
107954
8605
107954
8605
92515
8605
40011
8605
107954
8605
107954
8605
26206
8605
107954
197785
107954
8605
107954
8605
92515
8605
107954
8605
82160
8605
107551
8605
215283
8605
82160
8605
215283
8605
107954
8605
107954
8605
26206
30480
82160
30480
92515
191663
92515
191663
199012
191663
40011
191663
92515
191663
92515
30480
26206
30480
92515
8605
92515
191663
92515
30480
215426
82935
92515
191663
82160
30480
92515
191663
92515
191663
82160
30480
92515
191663
92515
191663
92515
191663
26206
122793
26206
30480
26206
30480
26206
30480
26206
30480
26206
30480
26206
122793
199012
197785
26206
8605
26206
30480
26206
82935
26206
30480
26206
30480
26206
59570
26206
30480
26206
30480
26206
122793
26206
30480
26206
30480
26206
30480
82160
30480
82160
30480
82160
30480
40011
30480
82160
30480
82160
197785
26206
122793
82160
8605
82160
30480
82160
82935
82160
30480
82160
30480
199012
59570
82160
30480
82160
30480
214896
172842
82160
30480
82160
30480
82160
30480
214896
250001
92515
250001
40011
247690
242907
250001
199012
30480
26206
30480
214896
8605
250001
197785
217831
30480
92515
82935
214896
197785
82160
30480
107551
250001
107954
246340
82160
30480
107954
250001
250001
203427
224604
250001
92515
250001
40011
247690
214896
250001
199012
30480
26206
30480
215283
8605
214896
197785
214896
30480
92515
82935
217831
197785
82160
30480
107551
250001
107954
246340
82160
30480
107954
250001
214896
203427
214896
250001
40011
247690
92515
250001
92515
30480
26206
30480
92515
8605
92515
197785
92515
30480
199012
82935
92515
197785
82160
30480
92515
250001
92515
246340
82160
30480
92515
250001
92515
203427
92515
250001
40011
247690
40011
30480
26206
30480
40011
8605
40011
197785
40011
30480
40011
82935
40011
197785
40011
30480
40011
247690
40011
246340
40011
30480
40011
247690
40011
203427
40011
247690
199012
30480
26206
30480
214896
8605
242907
197785
217831
30480
92515
82935
214896
197785
82160
30480
107551
250001
107954
246340
82160
30480
107954
250001
242907
203427
224604
250001
26206
122793
199012
8605
199012
30480
199012
82935
92515
30480
199012
30480
82160
59570
107551
30480
107954
30480
82160
172842
107954
30480
199012
30480
199012
30480
26206
8605
26206
30480
26206
82935
26206
30480
26206
30480
26206
59570
26206
30480
26206
30480
26206
122793
26206
30480
26206
30480
26206
30480
214896
8605
214896
8605
92515
8605
215283
8605
82160
8605
107551
8605
107954
8605
82160
8605
107954
8605
214896
8605
214896
8605
217831
30480
92515
82935
214896
246287
82160
30480
107551
197785
107954
197785
82160
30480
107954
197785
250001
197785
224604
197785
92515
30480
214896
30480
82160
59570
107551
30480
107954
30480
82160
82935
107954
30480
217831
30480
217831
30480
92515
82935
82160
30480
92515
82935
92515
82935
82160
30480
92515
82935
92515
82935
92515
82935
82160
30480
107551
197785
107954
197785
82160
30480
107954
197785
214896
197785
214896
197785
82160
30480
82160
30480
199012
59570
82160
30480
82160
30480
82160
30480
107551
246340
82160
30480
107551
250001
107551
203427
107551
250001
82160
30480
217831
246340
107954
203427
107954
246340
82160
30480
82160
30480
82160
30480
107954
203427
107954
250001
224604
203427
