9322
6013
9322
73845
9322
698
9322
74464
9322
68687
9322
698
9322
50800
9322
698
9322
61132
9322
698
9322
3711
9322
50800
9322
11740
9322
74464
2687
11740
9322
74464
9322
68125
9322
74464
9322
73845
9322
74464
9322
6013
9322
74464
9322
74464
9322
698
9322
530
9322
74464
9322
74464
9322
74464
9322
74464
9322
74464
12948
74464
9322
73845
9322
11740
9322
74464
9322
74464
9322
3711
9322
11740
9322
74464
9322
11740
9322
74464
9322
74464
2687
11740
12948
698
9322
74464
9322
3711
9322
50800
9322
11740
9322
698
9322
74464
9322
530
9322
74464
9322
74464
9322
74464
9322
74464
9322
74464
9322
74464
9322
74464
9322
74464
9322
74464
9322
698
9322
74464
9322
74464
9322
68687
9322
74464
9322
74464
9322
74464
9322
62436
9322
74464
9322
74464
2687
11740
9322
74464
9322
12708
19986
6013
12069
698
100091
6013
12069
6013
19986
698
19986
6013
12069
698
19986
6013
19986
698
19986
3711
19986
6013
19986
6013
19986
6013
2687
6013
19986
6013
19986
6013
19986
6013
19986
6013
19986
6013
19986
178735
12069
6013
19986
6013
19986
698
19986
530
19986
6013
19986
6013
19986
6013
19986
6013
19986
6013
9322
6013
19986
6013
19986
6013
19986
6013
19986
6013
19986
3711
19986
6013
19986
6013
19986
6013
12069
6013
19986
6013
2687
6013
9322
698
19986
6013
19986
3711
19986
6013
19986
6013
19986
698
12948
6013
19986
530
19986
6013
12069
6013
12069
6013
19986
6013
19986
6013
19986
6013
12069
6013
19986
6013
19986
6013
19986
698
19986
6013
19986
6013
12069
6013
12069
6013
19986
6013
19986
6013
19986
6013
19986
6013
19986
6013
2687
6013
19986
6013
19986
6013
12069
698
19986
73845
12069
68687
76166
698
100091
50800
12069
698
102553
61132
24949
698
100091
3711
102553
50800
66074
11740
100091
73845
2687
11740
100091
73845
91509
68125
100091
73845
147271
243366
100091
73845
147271
6013
12069
73845
66074
73845
24949
698
152833
530
100091
73845
77115
73845
100091
73845
51235
73845
100091
73845
9322
73845
102453
229549
102553
11740
100091
73845
100091
73845
100091
3711
100091
11740
77115
73845
64314
11740
12069
73845
100091
73845
2687
11740
9322
698
77115
73845
102553
3711
116325
50800
100091
11740
66790
698
12948
73845
51235
530
102553
73845
12069
73845
12069
73845
100091
73845
89873
73845
66074
73845
12069
73845
90537
73845
100091
73845
77993
698
24949
73845
102553
73845
12069
68687
12069
73845
102553
73845
100091
73845
102553
62436
100091
73845
100091
73845
2687
11740
66074
73845
147271
12708
12069
698
91002
698
12069
11740
12069
698
76166
11740
12069
698
12069
11740
12069
698
12069
698
12069
698
12069
698
2687
698
12069
698
12069
698
12069
698
12069
698
12069
698
12069
698
90517
698
12069
698
12069
11740
12069
530
12069
698
12069
698
12069
698
12069
698
12069
698
9322
698
12069
698
12069
698
12069
698
12069
698
12069
698
12069
698
12069
698
12069
698
90517
698
12069
698
2687
698
9322
11740
12069
698
12069
698
12069
698
12069
698
12069
11740
12069
698
12069
530
12069
698
90517
698
90517
698
12069
698
12069
698
12069
698
90517
698
12069
698
12069
698
12069
11740
12069
698
12069
698
203942
698
66269
698
12069
698
12069
698
12069
698
12069
698
12069
698
2687
698
12069
698
12069
698
12069
68687
19986
698
19986
50800
12069
698
19986
61132
19986
698
19986
3711
19986
50800
19986
11740
19986
81322
2687
11740
19986
95037
19986
68125
19986
81322
19986
73845
19986
81322
19986
6013
12069
75844
19986
81322
19986
698
19986
530
19986
95037
19986
95037
19986
81322
19986
95037
19986
81322
9322
75844
19986
73845
19986
11740
19986
95037
19986
81322
19986
3711
19986
11740
19986
81322
19986
11740
12069
75844
19986
81322
2687
11740
9322
698
19986
81322
19986
3711
19986
50800
19986
11740
19986
698
12948
95037
19986
530
19986
75844
12069
75844
12069
75844
19986
81322
19986
95037
19986
81322
12069
75844
19986
95037
19986
81322
19986
698
19986
81322
19986
75844
12069
68687
12069
75844
19986
75844
19986
95037
19986
62436
19986
95037
19986
81322
2687
11740
19986
81322
19986
12708
12069
698
12069
50800
76166
698
12069
61132
12069
698
12069
3711
12069
50800
12069
11740
12069
68687
2687
11740
12069
68687
12069
68125
12069
68687
12069
68687
12069
68687
12069
6013
90517
68687
12069
68687
12069
698
12069
530
12069
68687
12069
68687
12069
68687
12069
68687
12069
68687
9322
68687
12069
68687
12069
11740
12069
68687
12069
68687
12069
3711
12069
11740
12069
68687
12069
11740
90517
68687
12069
68687
2687
11740
9322
698
12069
68687
12069
3711
12069
50800
12069
11740
12069
698
12069
68687
12069
530
12069
68687
90517
68687
90517
68687
12069
68687
12069
68687
12069
68687
90517
68687
12069
68687
12069
68687
12069
698
12069
68687
12069
68687
91002
81268
66269
68687
12069
68687
12069
68687
12069
62436
12069
68687
12069
68687
2687
11740
12069
68687
12069
12708
76166
698
12069
61132
76166
698
24949
61132
76166
698
76166
698
66074
698
76166
698
2687
698
76166
698
76166
698
76166
698
76166
698
76166
698
76166
698
12069
698
66074
698
24949
61132
76166
530
76166
698
76166
698
76166
698
51235
698
76166
698
9322
698
76166
698
76166
698
76166
698
76166
698
76166
698
76166
698
76166
698
64314
698
12069
698
76166
698
2687
698
9322
61132
76166
698
76166
698
76166
698
76166
698
66790
61132
12948
698
51235
530
76166
698
12069
698
12069
698
76166
698
76166
698
66074
698
12069
698
76166
698
76166
698
76166
61132
24949
698
76166
698
12069
698
12069
698
76166
698
76166
698
76166
698
76166
698
76166
698
2687
698
66074
698
76166
698
12069
698
100091
50800
24949
698
199761
3711
100091
75844
66074
11740
114285
50800
2687
11740
102973
50800
91509
50800
133123
50800
100091
50800
203166
50800
100091
6013
12069
50800
66074
50800
24949
698
100091
530
133123
50800
77115
50800
160926
50800
51235
50800
102525
50800
9322
50800
100091
50800
100091
11740
102553
50800
115081
50800
250001
3711
102553
11740
77115
50800
64314
11740
12069
50800
203166
50800
2687
11740
9322
698
77115
50800
100091
3711
100091
76698
102553
11740
66790
698
12948
50800
51235
530
100091
50800
12069
50800
12069
50800
133123
50800
89873
50800
66074
50800
12069
50800
90537
50800
203166
50800
77993
698
24949
50800
100091
50800
12069
50800
12069
50800
100091
50800
114794
50800
100091
50800
112638
50800
102525
50800
2687
11740
66074
50800
100091
12708
12069
698
12069
68687
12069
698
12069
698
12069
698
12069
698
2687
698
12069
698
12069
698
12069
698
12069
698
12069
698
12069
698
76166
698
12069
698
12069
68687
12069
530
12069
698
12069
698
12069
698
12069
698
12069
698
9322
698
12069
698
12069
698
12069
698
12069
698
12069
698
12069
698
12069
698
12069
698
76166
698
12069
698
2687
698
9322
66899
12069
698
12069
698
12069
698
12069
698
12069
68687
12069
698
12069
530
12069
698
76166
698
76166
698
12069
698
12069
698
12069
698
76166
698
12069
698
12069
698
12069
62104
12069
698
12069
698
76166
698
66269
698
12069
698
12069
698
12069
698
12069
698
12069
698
2687
698
12069
698
12069
698
24949
698
100091
3711
104352
50800
66074
11740
100091
61132
2687
11740
100091
61132
91509
61132
100091
61132
102553
61132
100091
61132
102553
6013
12069
61132
66074
61132
24949
698
102553
530
100091
61132
77115
61132
100091
61132
51235
61132
100091
61132
9322
61132
102453
61132
111968
11740
100091
61132
100091
61132
100091
3711
100091
11740
77115
61132
64314
11740
12069
61132
100091
61132
2687
11740
9322
698
77115
61132
111968
3711
102553
50800
100091
11740
66790
698
12948
61132
51235
530
104352
61132
12069
61132
12069
61132
100091
61132
89873
61132
66074
61132
12069
61132
90537
61132
100091
61132
77993
698
24949
61132
110470
61132
12069
61132
12069
61132
110470
61132
100091
61132
151790
61132
100091
61132
100091
61132
2687
11740
66074
61132
102553
12708
24949
698
24949
698
24949
698
24949
698
2687
698
24949
698
24949
698
24949
698
24949
698
24949
698
24949
698
12069
698
24949
698
66790
73445
24949
530
24949
698
24949
698
24949
698
24949
698
24949
698
9322
698
24949
698
24949
698
24949
698
24949
698
24949
698
24949
698
24949
698
24949
698
12069
698
24949
698
2687
698
9322
66899
24949
698
24949
698
24949
698
24949
698
24949
73445
12948
698
24949
530
24949
698
12069
698
12069
698
24949
698
24949
698
24949
698
12069
698
24949
698
24949
698
24949
62104
29492
698
24949
698
12069
698
12069
698
24949
698
24949
698
24949
698
24949
698
24949
698
2687
698
24949
698
24949
698
100091
3711
66074
3711
114285
3711
2687
3711
102973
3711
91509
3711
133123
3711
100091
3711
199761
3711
100091
3711
12069
3711
66074
3711
24949
698
100091
530
133123
3711
77115
3711
160926
3711
51235
3711
102525
3711
9322
3711
100091
3711
100091
3711
102553
3711
115081
3711
199761
81322
102553
3711
77115
3711
64314
3711
12069
3711
199761
3711
2687
3711
9322
698
77115
3711
100091
73845
100091
3711
102553
3711
66790
698
12948
3711
51235
530
100091
3711
12069
3711
12069
3711
133123
3711
89873
3711
66074
3711
12069
3711
90537
3711
199761
3711
77993
698
24949
3711
100091
3711
12069
3711
12069
3711
100091
3711
114794
3711
100091
3711
112638
3711
102525
3711
2687
3711
66074
3711
100091
3711
66074
11740
100091
50800
2687
11740
100091
50800
91509
50800
100091
50800
102553
50800
100091
50800
102553
6013
12069
50800
66074
50800
24949
698
102553
530
100091
50800
77115
50800
100091
50800
51235
50800
100091
50800
9322
50800
102453
50800
104352
11740
100091
50800
100091
50800
100091
3711
100091
11740
77115
50800
64314
11740
12069
50800
100091
50800
2687
11740
9322
698
77115
50800
104352
3711
102553
75844
100091
11740
66790
698
12948
50800
51235
530
173811
50800
12069
50800
12069
50800
100091
50800
89873
50800
66074
50800
12069
50800
90537
50800
100091
50800
77993
698
24949
50800
104352
50800
12069
50800
12069
50800
104352
50800
100091
50800
104352
50800
100091
50800
100091
50800
2687
11740
66074
50800
102553
12708
66074
11740
2687
81322
66074
11740
66074
11740
66074
11740
66074
11740
66074
11740
66074
6013
12069
11740
81879
11740
24949
698
66074
530
66074
11740
66074
11740
66074
11740
51235
11740
66074
11740
9322
11740
66074
11740
66074
75844
66074
11740
66074
11740
66074
3711
66074
12708
66074
11740
64314
62436
12069
11740
66074
11740
2687
81322
9322
698
66074
11740
66074
3711
66074
11740
66074
81322
66074
698
12948
11740
51235
530
66074
11740
12069
11740
12069
11740
66074
11740
66074
11740
81879
11740
12069
11740
66074
11740
66074
11740
66074
698
24949
11740
66074
11740
12069
11740
12069
11740
66074
11740
66074
11740
66074
11740
66074
11740
66074
11740
2687
67124
81879
11740
66074
11740
2687
11740
102973
81322
91509
68125
114285
111362
100091
73845
114285
111362
100091
6013
12069
75844
66074
250001
24949
698
100091
530
114285
81322
77115
81322
114285
111362
51235
81322
102525
177145
9322
75844
100091
73845
100091
11740
102553
81322
114285
96462
114285
3711
102553
11740
77115
132748
64314
11740
12069
75844
114285
250001
2687
11740
9322
698
77115
132748
100091
3711
100091
50800
102553
11740
66790
698
12948
81322
51235
530
100091
75844
12069
75844
12069
75844
114285
183485
89873
81322
66074
250001
12069
75844
90537
81322
114285
186586
77993
698
24949
179209
100091
75844
12069
68687
12069
75844
100091
75844
114285
81322
100091
62436
112638
81322
102525
177145
2687
11740
66074
250001
100091
12708
2687
11740
2687
11740
2687
11740
2687
11740
2687
11740
2687
6013
2687
11740
2687
11740
2687
698
2687
530
2687
11740
2687
11740
2687
11740
2687
11740
2687
11740
2687
11740
2687
11740
2687
75844
2687
11740
2687
11740
2687
3711
2687
12708
2687
11740
2687
62436
2687
11740
2687
11740
102453
111309
2687
698
2687
11740
2687
3711
2687
11740
2687
111309
2687
698
2687
11740
2687
530
2687
11740
2687
11740
2687
11740
2687
11740
2687
11740
2687
11740
2687
11740
2687
11740
2687
11740
2687
698
2687
11740
2687
11740
2687
11740
2687
11740
2687
11740
2687
11740
2687
11740
2687
11740
2687
11740
202514
67124
2687
11740
2687
11740
91509
68125
102973
81322
100091
73845
102973
81322
100091
6013
12069
75844
66074
81322
24949
698
100091
530
102973
111309
77115
183855
102973
81322
51235
111309
102525
81322
9322
75844
100091
73845
100091
11740
102553
183532
102973
81322
102973
3711
102553
11740
77115
81322
64314
11740
12069
75844
102973
81322
2687
11740
9322
698
77115
81322
100091
3711
100091
50800
102553
11740
66790
698
12948
183532
51235
530
100091
75844
12069
75844
12069
75844
102973
81322
89873
226618
66074
81322
12069
75844
90537
183532
102973
81322
77993
698
24949
81322
100091
75844
12069
68687
12069
75844
100091
75844
102973
183532
100091
62436
102973
183532
102525
81322
2687
11740
66074
81322
100091
12708
91509
68125
91509
68125
91509
68125
91509
6013
12069
68125
66074
68125
24949
698
91509
530
91509
68125
77115
68125
91509
68125
51235
68125
91509
68125
9322
68125
91509
68125
91509
11740
91509
68125
91509
68125
91509
3711
91509
11740
77115
68125
64314
11740
12069
68125
91509
68125
2687
11740
9322
698
77115
68125
91509
3711
91509
50800
91509
11740
66790
698
12948
68125
51235
530
91509
68125
12069
68125
12069
68125
91509
68125
89873
68125
66074
68125
12069
68125
90537
68125
91509
68125
77993
698
24949
68125
91509
68125
12069
68125
12069
68125
91509
68125
91509
68125
91509
62436
91509
68125
91509
68125
2687
11740
66074
68125
91509
12708
100091
73845
133123
129669
100091
6013
12069
75844
66074
111362
24949
698
100091
530
198274
81322
77115
81322
133123
129669
51235
81322
102525
111362
9322
75844
100091
73845
100091
11740
102553
81322
115081
96462
133123
3711
102553
11740
77115
111362
64314
11740
12069
75844
133123
111362
2687
11740
9322
698
77115
111362
100091
3711
100091
50800
102553
11740
66790
698
12948
81322
51235
530
100091
75844
12069
75844
12069
75844
159282
111362
89873
81322
66074
111362
12069
75844
90537
81322
133123
111362
77993
698
24949
111362
100091
75844
12069
68687
12069
75844
100091
75844
114794
81322
100091
62436
112638
81322
102525
111362
2687
11740
66074
111362
100091
12708
100091
73845
188158
6013
12069
73845
66074
73845
24949
698
147271
530
100091
73845
77115
73845
100091
73845
51235
73845
100091
73845
9322
73845
102453
229549
102553
11740
100091
73845
100091
73845
100091
3711
100091
11740
77115
73845
64314
11740
12069
73845
100091
73845
2687
11740
9322
698
77115
73845
102553
3711
116325
50800
100091
11740
66790
698
12948
73845
51235
530
102553
73845
12069
73845
12069
73845
100091
73845
89873
73845
66074
73845
12069
73845
90537
73845
100091
73845
77993
698
24949
73845
102553
73845
12069
68687
12069
73845
102553
73845
100091
73845
102553
62436
100091
73845
100091
73845
2687
11740
66074
73845
149791
12708
100091
6013
12069
75844
66074
111362
24949
698
100091
530
133123
81322
77115
81322
160926
183803
51235
81322
102525
111362
9322
75844
100091
73845
100091
11740
102553
81322
115081
96462
203166
3711
102553
11740
77115
111362
64314
11740
12069
75844
203245
111362
2687
11740
9322
698
77115
111362
100091
3711
100091
50800
102553
11740
66790
698
12948
81322
51235
530
100091
75844
12069
75844
12069
75844
133123
111362
89873
81322
66074
111362
12069
75844
90537
81322
203275
111362
77993
698
24949
111362
100091
75844
12069
68687
12069
75844
100091
75844
114794
81322
100091
62436
112638
81322
102525
111362
2687
11740
66074
111362
100091
12708
12069
6013
66074
6013
24949
698
147271
530
100091
6013
77115
6013
100091
6013
51235
6013
100091
6013
9322
6013
102453
6013
102553
6013
100091
6013
100091
6013
100091
3711
100091
6013
77115
6013
64314
6013
12069
6013
100091
6013
2687
6013
9322
698
77115
6013
102553
3711
116325
6013
100091
6013
66790
698
12948
6013
51235
530
102553
6013
12069
6013
12069
6013
100091
6013
89873
6013
66074
6013
12069
6013
90537
6013
100091
6013
77993
698
24949
6013
102553
6013
12069
6013
12069
6013
102553
6013
100091
6013
102553
6013
100091
6013
100091
6013
2687
6013
66074
6013
149791
6013
12069
75844
12069
698
12069
530
12069
75844
12069
75844
12069
75844
12069
75844
12069
75844
9322
89641
12069
73845
12069
11740
12069
75844
12069
75844
12069
3711
12069
11740
12069
75844
12069
11740
115229
93024
12069
75844
2687
11740
9322
698
12069
75844
12069
3711
12069
50800
12069
11740
12069
698
12069
75844
12069
530
12069
81571
115229
183803
115229
226391
12069
75844
12069
75844
12069
75844
115229
95514
12069
75844
12069
75844
12069
698
12069
75844
12069
159885
90517
68687
66269
179209
12069
159885
12069
75844
12069
62436
12069
75844
12069
75844
2687
11740
12069
75844
12069
12708
24949
698
66074
530
66074
81322
66074
81322
66074
111362
51235
81322
66074
177145
9322
75844
66074
73845
66074
11740
66074
81322
66074
96462
66074
3711
66074
11740
66074
132748
64314
11740
12069
75844
66074
250001
2687
11740
9322
698
66074
132748
66074
3711
66074
50800
66074
11740
66074
698
12948
81322
51235
530
66074
75844
12069
75844
12069
75844
66074
183485
66074
81322
198541
250001
12069
75844
66074
81322
66074
186586
66074
698
24949
179209
66074
75844
12069
68687
12069
75844
66074
75844
66074
81322
66074
62436
66074
81322
66074
177145
2687
11740
96729
250001
66074
12708
24949
530
24949
698
24949
698
24949
698
24949
698
24949
698
9322
698
24949
698
24949
698
24949
698
24949
698
24949
698
24949
698
24949
698
24949
698
12069
698
24949
698
2687
698
9322
66899
24949
698
24949
698
24949
698
24949
698
24949
141065
12948
698
24949
530
24949
698
12069
698
12069
698
24949
698
24949
698
24949
698
12069
698
24949
698
24949
698
24949
62104
29492
698
24949
698
12069
698
12069
698
24949
698
24949
698
24949
698
24949
698
24949
698
2687
698
24949
698
24949
698
100091
530
77115
530
100091
530
51235
530
100091
530
9322
530
102453
530
102553
530
100091
530
100091
530
100091
530
100091
530
77115
530
64314
530
12069
530
100091
530
2687
530
9322
530
77115
530
102553
530
116325
530
100091
530
66790
530
12948
530
51235
6013
102553
530
12069
530
12069
530
100091
530
89873
530
66074
530
12069
530
90537
530
100091
530
77993
530
24949
530
102553
530
12069
530
12069
530
102553
530
100091
530
102553
530
100091
530
100091
530
2687
530
66074
530
147271
530
77115
111309
133123
81322
51235
183532
102525
81322
9322
75844
100091
73845
100091
11740
102553
111309
115081
81322
133123
3711
102553
11740
77115
81322
64314
11740
12069
75844
133123
81322
2687
11740
9322
698
77115
81322
100091
3711
100091
50800
102553
11740
66790
698
12948
111309
51235
530
100091
75844
12069
75844
12069
75844
159282
81322
89873
111309
66074
81322
12069
75844
90537
111309
133123
81322
77993
698
24949
81322
100091
75844
12069
68687
12069
75844
100091
75844
114794
111309
100091
62436
112638
111309
102525
81322
2687
11740
66074
81322
100091
12708
77115
81322
51235
111309
77115
81322
9322
75844
77115
73845
77115
11740
77115
183532
77115
81322
77115
3711
77115
11740
80528
81322
64314
11740
12069
75844
77115
81322
2687
11740
9322
698
80528
81322
77115
3711
77115
50800
77115
11740
66790
698
12948
183532
51235
530
77115
75844
12069
75844
12069
75844
77115
81322
77115
183855
66074
81322
12069
75844
77115
183532
77115
81322
77115
698
24949
81322
77115
75844
12069
68687
12069
75844
77115
75844
77115
183532
77115
62436
77115
183532
77115
81322
2687
11740
66074
81322
77115
12708
51235
81322
102525
111362
9322
75844
100091
73845
100091
11740
102553
81322
115081
96462
160926
3711
102553
11740
77115
111362
64314
11740
12069
75844
160926
111362
2687
11740
9322
698
77115
111362
100091
3711
100091
50800
102553
11740
66790
698
12948
81322
51235
530
100091
75844
12069
75844
12069
75844
133123
111362
89873
81322
66074
111362
12069
75844
90537
81322
160926
111362
77993
698
24949
111362
100091
75844
12069
68687
12069
75844
100091
75844
114794
81322
100091
62436
112638
81322
102525
111362
2687
11740
66074
111362
100091
12708
51235
81322
9322
75844
51235
73845
51235
11740
51235
111309
51235
81322
51235
3711
51235
11740
51235
81322
51235
11740
12069
75844
51235
81322
2687
11740
9322
698
51235
81322
51235
3711
51235
50800
51235
11740
51235
698
12948
111309
64314
530
51235
75844
12069
75844
12069
75844
51235
81322
51235
111309
51235
81322
12069
75844
51235
111309
51235
81322
51235
698
24949
81322
51235
75844
12069
68687
12069
75844
51235
75844
51235
111309
51235
62436
51235
111309
51235
81322
2687
11740
51235
81322
51235
12708
9322
75844
100091
73845
100091
11740
102525
81322
102525
96462
102525
3711
102525
11740
77115
132748
64314
11740
12069
75844
102525
177145
2687
11740
9322
698
77115
132748
100091
3711
100091
50800
102525
11740
66790
698
12948
81322
51235
530
100091
75844
12069
75844
12069
75844
102525
177145
89873
81322
66074
177145
12069
75844
90537
81322
102525
177145
77993
698
24949
177145
100091
75844
12069
68687
12069
75844
100091
75844
102525
81322
100091
62436
102525
81322
102973
178735
2687
11740
66074
177145
100091
12708
9322
73845
9322
11740
9322
75844
9322
75844
9322
3711
9322
11740
9322
75844
9322
11740
9322
89641
9322
75844
2687
11740
104352
698
9322
75844
9322
3711
9322
50800
9322
11740
9322
698
9322
75844
9322
530
9322
81571
9322
89641
9322
89641
9322
75844
9322
75844
9322
75844
9322
89641
9322
75844
9322
75844
9322
698
9322
75844
9322
89641
9322
68687
9322
89641
9322
89641
9322
75844
9322
62436
9322
75844
9322
75844
2687
11740
9322
75844
9322
12708
102453
11740
100091
73845
100091
73845
100091
3711
100091
11740
77115
73845
64314
11740
12069
73845
100091
73845
2687
11740
9322
698
77115
73845
102453
3711
102453
50800
100091
11740
66790
698
12948
73845
51235
530
102453
73845
12069
73845
12069
73845
100091
73845
89873
73845
66074
73845
12069
73845
90537
73845
100091
73845
77993
698
24949
73845
102453
73845
12069
68687
12069
73845
102453
73845
100091
73845
102453
62436
100091
73845
100091
73845
2687
11740
66074
73845
102453
12708
100091
11740
100091
11740
100091
3711
100091
12708
77115
11740
64314
62436
12069
11740
100091
11740
2687
75844
9322
698
77115
11740
198541
3711
102553
11740
100091
75844
66790
698
12948
11740
51235
530
104352
11740
12069
11740
12069
11740
100091
11740
89873
11740
66074
11740
12069
11740
90537
11740
100091
11740
77993
698
24949
11740
110470
11740
12069
11740
12069
11740
110470
11740
100091
11740
111968
11740
100091
11740
100091
11740
2687
67124
66074
11740
102553
11740
102553
81322
102553
3711
175015
11740
77115
81322
64314
11740
12069
75844
102553
81322
2687
11740
9322
698
77115
81322
100091
3711
100091
50800
250001
11740
66790
698
12948
196076
51235
530
100091
75844
12069
75844
12069
75844
102553
81322
89873
183532
66074
81322
12069
75844
90537
184851
102553
81322
77993
698
24949
81322
100091
75844
12069
68687
12069
75844
100091
75844
102553
227381
100091
62436
102553
183855
102525
81322
2687
11740
66074
81322
100091
12708
115081
3711
102553
11740
77115
96462
64314
11740
12069
75844
115081
96462
2687
11740
9322
698
77115
96462
100091
3711
100091
50800
102553
11740
66790
698
12948
81322
51235
530
100091
75844
12069
75844
12069
75844
115081
96462
89873
81322
66074
96462
12069
75844
90537
81322
115081
96462
77993
698
24949
96462
100091
75844
12069
68687
12069
75844
100091
75844
114794
81322
100091
62436
112638
81322
102525
96462
2687
11740
66074
96462
100091
12708
102553
3711
77115
3711
64314
3711
12069
3711
203166
3711
2687
3711
9322
698
77115
3711
100091
73845
100091
3711
102553
3711
66790
698
12948
3711
51235
530
100091
3711
12069
3711
12069
3711
133123
3711
89873
3711
66074
3711
12069
3711
90537
3711
203166
3711
77993
698
24949
3711
100091
3711
12069
3711
12069
3711
100091
3711
114794
3711
100091
3711
112638
3711
102525
3711
2687
3711
66074
3711
100091
3711
77115
11740
64314
12708
12069
11740
102553
11740
2687
12708
9322
698
77115
11740
100091
3711
100091
11740
175015
12708
66790
698
12948
11740
51235
530
100091
11740
12069
11740
12069
11740
102553
11740
89873
11740
66074
11740
12069
11740
90537
11740
102553
11740
77993
698
24949
11740
100091
11740
12069
11740
12069
11740
100091
11740
102553
11740
100091
11740
102553
11740
102525
11740
2687
12708
66074
11740
100091
11740
64314
11740
12069
75844
77115
132748
2687
11740
9322
698
156660
250001
77115
3711
77115
50800
77115
11740
66790
698
12948
81322
51235
530
77115
75844
12069
75844
12069
75844
77115
132748
77115
81322
66074
132748
12069
75844
77115
81322
77115
132748
77115
698
24949
132748
77115
75844
12069
68687
12069
75844
77115
75844
77115
81322
77115
62436
77115
81322
77115
132748
2687
11740
66074
132748
77115
12708
12069
11740
64314
11740
2687
62436
9322
698
64314
11740
64314
3711
64314
11740
64314
62436
64314
698
12948
11740
51235
530
64314
11740
12069
11740
12069
11740
64314
11740
64314
11740
64314
11740
12069
11740
64314
11740
64314
11740
64314
698
24949
11740
64314
11740
12069
11740
12069
11740
64314
11740
64314
11740
64314
11740
64314
11740
64314
11740
2687
62436
64314
11740
64314
11740
12069
75844
2687
11740
9322
698
12069
75844
12069
3711
12069
50800
12069
11740
12069
698
12069
75844
12069
530
12069
81571
208110
93024
199302
93024
12069
75844
12069
75844
12069
75844
250001
93024
12069
75844
12069
75844
12069
698
12069
75844
12069
93024
90517
68687
66269
93024
12069
93024
12069
75844
12069
62436
12069
75844
12069
75844
2687
11740
12069
75844
12069
12708
2687
11740
9322
698
77115
132748
100091
3711
100091
50800
102553
11740
66790
698
12948
81322
51235
530
100091
75844
12069
75844
12069
75844
133123
183485
89873
81322
66074
250001
12069
75844
90537
81322
203245
186586
77993
698
24949
179209
100091
75844
12069
68687
12069
75844
100091
75844
114794
81322
100091
62436
112638
81322
102525
177145
2687
11740
66074
250001
100091
12708
2687
698
2687
11740
2687
3711
2687
11740
2687
181851
2687
698
2687
11740
2687
530
2687
11740
2687
11740
2687
11740
2687
11740
2687
11740
2687
11740
2687
11740
2687
11740
2687
11740
2687
698
2687
11740
2687
11740
2687
11740
2687
11740
2687
11740
2687
11740
2687
11740
2687
11740
2687
11740
102453
67124
2687
11740
2687
11740
9322
698
9322
698
9322
698
9322
698
9322
66899
9322
698
9322
530
9322
698
9322
698
9322
698
9322
698
9322
698
9322
698
9322
698
9322
698
9322
698
9322
62104
9322
698
9322
698
9322
698
9322
698
9322
698
9322
698
9322
698
9322
698
9322
698
2687
698
9322
698
9322
698
77115
3711
77115
50800
77115
11740
66790
698
12948
81322
51235
530
77115
75844
12069
75844
12069
75844
77115
132748
77115
81322
66074
132748
12069
75844
77115
81322
77115
132748
77115
698
24949
132748
77115
75844
12069
68687
12069
75844
77115
75844
77115
81322
77115
62436
77115
81322
77115
132748
2687
11740
66074
132748
77115
12708
102553
3711
100091
3711
66790
698
12948
3711
51235
530
104352
3711
12069
3711
12069
3711
100091
3711
89873
3711
66074
3711
12069
3711
90537
3711
100091
3711
77993
698
24949
3711
110470
3711
12069
3711
12069
3711
110470
3711
100091
3711
111968
3711
100091
3711
100091
3711
2687
3711
66074
3711
102553
3711
100091
11740
66790
698
12948
50800
51235
530
102553
50800
12069
50800
12069
50800
100091
50800
89873
50800
66074
50800
12069
50800
90537
50800
100091
50800
77993
698
24949
50800
102553
50800
12069
50800
12069
50800
102553
50800
100091
50800
102553
50800
100091
50800
100091
50800
2687
11740
66074
50800
116325
12708
66790
698
12948
11740
51235
530
100091
11740
12069
11740
12069
11740
102553
11740
89873
11740
66074
11740
12069
11740
90537
11740
102553
11740
77993
698
24949
11740
100091
11740
12069
11740
12069
11740
100091
11740
102553
11740
100091
11740
102553
11740
102525
11740
2687
67124
66074
11740
100091
11740
12948
698
51235
530
66790
698
12069
698
12069
698
66790
698
66790
698
66074
698
12069
698
66790
698
66790
698
66790
62104
24949
698
66790
698
12069
698
12069
698
66790
698
66790
698
66790
698
66790
698
66790
698
2687
698
66074
698
66790
698
12948
530
12948
75844
12069
75844
12069
75844
12948
81322
12948
183532
12948
81322
12069
75844
12948
184851
12948
81322
12948
698
12948
81322
12948
75844
12069
68687
12069
75844
12948
75844
12948
196076
12948
62436
12948
183855
12948
81322
2687
11740
12948
81322
12948
12708
51235
530
12069
530
12069
530
51235
530
51235
530
51235
530
12069
530
51235
530
51235
530
51235
530
24949
530
51235
530
12069
530
12069
530
51235
530
51235
530
51235
530
51235
530
51235
530
2687
530
51235
530
51235
530
12069
81571
12069
81571
100091
75844
89873
75844
66074
75844
12069
81571
90537
75844
100091
75844
77993
698
24949
75844
104352
81571
12069
68687
12069
81571
104352
81571
100091
75844
104352
62436
100091
75844
100091
75844
2687
11740
66074
75844
102553
12708
199302
183803
12069
75844
12069
75844
12069
75844
208110
95514
12069
75844
12069
75844
12069
698
12069
75844
12069
159885
90517
68687
66269
179209
12069
159885
12069
75844
12069
62436
12069
75844
12069
75844
2687
11740
12069
75844
12069
12708
12069
75844
12069
75844
12069
75844
199302
95514
12069
75844
12069
75844
12069
698
12069
75844
12069
159885
90517
68687
66269
179209
12069
159885
12069
75844
12069
62436
12069
75844
12069
75844
2687
11740
12069
75844
12069
12708
89873
81322
66074
183485
12069
75844
90537
81322
133123
183485
77993
698
24949
179209
100091
75844
12069
68687
12069
75844
100091
75844
114794
81322
100091
62436
112638
81322
102525
177145
2687
11740
66074
183485
100091
12708
66074
81322
12069
75844
89873
183532
89873
81322
77993
698
24949
81322
89873
75844
12069
68687
12069
75844
89873
75844
89873
183532
89873
62436
89873
183532
89873
81322
2687
11740
66074
81322
89873
12708
12069
75844
66074
81322
66074
186586
66074
698
24949
179209
66074
75844
12069
68687
12069
75844
66074
75844
66074
81322
66074
62436
66074
81322
66074
177145
2687
11740
96729
250001
66074
12708
12069
75844
12069
75844
12069
698
12069
75844
12069
95514
90517
68687
66269
95514
12069
95514
12069
75844
12069
62436
12069
75844
12069
75844
2687
11740
12069
75844
12069
12708
90537
81322
77993
698
24949
81322
90537
75844
12069
68687
12069
75844
90537
75844
90537
184851
90537
62436
90537
183855
90537
81322
2687
11740
66074
81322
90537
12708
77993
698
24949
179209
100091
75844
12069
68687
12069
75844
100091
75844
114794
81322
100091
62436
112638
81322
102525
177145
2687
11740
66074
186586
100091
12708
24949
698
77993
698
12069
698
12069
698
77993
698
77993
698
77993
698
77993
698
77993
698
2687
698
66074
698
77993
698
24949
75844
12069
68687
12069
75844
24949
75844
24949
81322
24949
62436
24949
81322
24949
177145
2687
11740
24949
179209
24949
12708
12069
68687
12069
159885
159282
172971
100091
75844
110470
62436
100091
75844
100091
75844
2687
11740
66074
75844
102553
12708
66269
68687
12069
68687
12069
68687
12069
62436
12069
68687
12069
68687
2687
11740
12069
68687
12069
12708
12069
159885
12069
75844
12069
62436
12069
75844
12069
75844
2687
11740
12069
75844
12069
12708
100091
75844
110470
62436
100091
75844
100091
75844
2687
11740
66074
75844
102553
12708
100091
62436
112638
183855
102525
81322
2687
11740
66074
81322
100091
12708
100091
62436
100091
62436
2687
11740
66074
62436
102553
12708
102525
81322
2687
11740
66074
81322
100091
12708
2687
11740
66074
177145
100091
12708
2687
11740
2687
11740
66074
12708
