24162
101704
24162
101704
34741
2600
24162
2600
24162
101704
82995
2600
24162
2600
34741
101704
250001
250001
24162
120431
34741
101704
24162
250001
24162
101704
24162
2600
24162
101704
24162
101704
34741
101704
24162
14974
24162
120431
24162
120431
34741
2600
34741
2600
34741
2600
24162
2600
24162
2600
34741
2600
24162
2600
34741
2600
24162
101704
24162
14974
24162
2600
24162
2600
34741
2600
24162
250001
24162
2600
34741
101704
34741
101704
24162
2600
250001
167539
24162
2600
93897
2600
250001
167539
24162
2600
190334
2600
24162
120431
24162
101704
190334
101704
24162
167539
190334
101704
239335
167539
93897
2600
250001
157543
190334
120431
24162
167539
250001
14974
190334
101704
190334
101704
24162
2600
24162
2600
24162
2600
142422
2600
190334
2600
24162
2600
190334
2600
24162
2600
250001
167656
34741
14974
190334
2600
34741
2600
24162
2600
190334
101704
190334
2600
24162
208672
24162
120431
34741
2600
24162
2600
93897
2600
250001
250001
24162
2600
190334
2600
24162
120431
24162
101704
190334
101704
24162
250001
190334
101704
239335
250001
93897
2600
250001
157543
190334
120431
24162
250001
250001
14974
190334
101704
190334
101704
24162
2600
24162
2600
24162
2600
142422
2600
190334
2600
24162
2600
190334
2600
24162
2600
250001
167539
34741
14974
190334
2600
34741
2600
24162
2600
190334
101704
190334
2600
24162
167539
24162
120431
34741
2600
24162
120431
24162
2600
34741
168651
24162
250001
250001
2600
34741
2600
24162
2600
190334
2600
24162
2600
24162
2600
24162
129973
24162
2600
24162
2600
239335
2600
24162
2600
24162
2600
24162
2600
250001
120431
136258
161536
136258
120431
24162
118170
24162
24778
82995
120431
24162
24778
82995
250001
24162
2600
24162
2600
24162
24778
24162
250001
82995
168651
24162
2600
24162
167656
163400
2600
189317
2600
24162
24778
93897
2600
24162
120431
93897
120431
24162
2600
24162
2600
93897
2600
24162
2600
93897
2600
93897
2600
95860
120431
93897
2600
93897
2600
24162
2600
93897
2600
93897
2600
93897
2600
24162
164238
24162
120431
24162
164238
93897
118170
93897
24778
24162
164238
93897
24778
24162
120431
93897
2600
34741
2600
93897
24778
34741
120431
24162
120431
93897
2600
93897
120431
24162
2600
24162
2600
34741
24778
24162
2600
190334
2600
24162
120431
24162
101704
190334
101704
24162
250001
190334
101704
239335
250001
93897
2600
250001
157543
190334
120431
24162
250001
250001
14974
190334
101704
190334
101704
24162
2600
24162
2600
24162
2600
142422
2600
190334
2600
24162
2600
190334
2600
24162
2600
250001
167539
34741
14974
190334
2600
34741
2600
24162
2600
190334
101704
190334
2600
24162
167539
24162
120431
34741
2600
24162
168651
34741
2600
82995
2600
24162
2600
34741
2600
24162
2600
24162
2600
24162
129973
24162
2600
24162
2600
34741
2600
24162
2600
24162
2600
24162
2600
34741
120431
34741
161536
34741
120431
24162
118170
24162
24778
34741
120431
24162
24778
34741
168651
24162
2600
24162
2600
24162
24778
24162
168651
34741
250001
24162
2600
24162
167656
34741
2600
34741
2600
24162
24778
24162
2600
24162
2600
192018
2600
24162
2600
192018
2600
190334
2600
93897
129973
190334
2600
192018
2600
24162
2600
190334
2600
192018
2600
192018
2600
24162
120431
24162
161536
24162
120431
142422
118170
192018
24778
24162
120431
192018
24778
24162
250001
190334
2600
34741
2600
192018
24778
34741
250001
24162
168651
192018
2600
192018
167656
24162
2600
24162
2600
34741
24778
34741
101704
24162
101704
190334
120431
24162
101704
24162
120431
24162
2600
24162
120431
24162
165998
239335
120431
24162
14974
24162
101704
24162
101704
250001
2600
136258
2600
136258
2600
24162
2600
24162
2600
82995
2600
24162
2600
82995
2600
24162
120431
24162
14974
24162
2600
24162
2600
82995
2600
24162
101704
24162
2600
163400
120431
189317
250001
24162
2600
24162
120431
34741
101704
24162
250001
24162
101704
24162
2600
24162
101704
24162
101704
34741
101704
24162
14974
24162
120431
24162
120431
34741
2600
34741
2600
34741
2600
24162
2600
24162
2600
34741
2600
24162
2600
34741
2600
24162
101704
24162
14974
24162
2600
24162
2600
34741
2600
24162
250001
24162
2600
34741
101704
34741
101704
24162
2600
24162
101704
250001
120431
190334
101704
93897
2600
190334
101704
250001
101704
24162
101704
190334
14974
250001
250001
250001
157543
24162
2600
24162
2600
24162
2600
142422
2600
250001
2600
24162
2600
250001
2600
24162
2600
190334
101704
34741
14974
250001
2600
34741
2600
24162
2600
250001
120431
250001
2600
24162
101704
24162
101704
34741
2600
24162
101704
24162
250001
24162
2600
24162
157543
24162
120431
190334
250001
24162
14974
24162
101704
24162
101704
190334
2600
136258
2600
136258
2600
24162
2600
24162
2600
82995
2600
24162
2600
82995
2600
24162
167539
24162
14974
24162
2600
24162
2600
82995
2600
24162
101704
24162
2600
163400
167539
189317
120431
24162
2600
190334
101704
93897
2600
190334
101704
250001
101704
24162
101704
190334
14974
250001
120431
250001
120431
24162
2600
24162
2600
24162
2600
142422
2600
250001
2600
24162
2600
250001
2600
24162
2600
190334
101704
34741
14974
250001
2600
34741
2600
24162
2600
250001
250001
250001
2600
24162
101704
24162
101704
34741
2600
93897
2600
239335
157543
190334
120431
24162
250001
239335
14974
190334
101704
190334
101704
24162
2600
24162
2600
24162
2600
142422
2600
190334
2600
24162
2600
190334
2600
24162
2600
239335
167539
34741
14974
190334
2600
34741
2600
24162
2600
190334
101704
190334
2600
24162
167539
24162
120431
34741
2600
93897
2600
93897
2600
24162
2600
93897
2600
93897
2600
93897
2600
24162
120431
24162
129973
24162
120431
93897
118170
93897
24778
24162
120431
93897
24778
24162
129973
93897
2600
34741
2600
93897
24778
34741
129973
24162
129973
93897
2600
93897
129973
24162
2600
24162
2600
34741
24778
190334
120431
24162
157543
250001
14974
190334
101704
190334
101704
24162
2600
24162
2600
24162
2600
142422
2600
190334
2600
24162
2600
190334
2600
24162
2600
250001
157543
34741
14974
190334
2600
34741
2600
24162
2600
190334
101704
190334
2600
24162
157543
24162
120431
34741
2600
24162
120431
190334
14974
250001
101704
250001
101704
24162
2600
24162
2600
24162
2600
142422
2600
250001
2600
24162
2600
250001
2600
24162
2600
190334
120431
34741
14974
250001
2600
34741
2600
24162
2600
250001
101704
250001
2600
24162
120431
24162
165998
34741
2600
24162
14974
24162
101704
24162
101704
239335
2600
136258
2600
136258
2600
24162
2600
24162
2600
82995
2600
24162
2600
82995
2600
24162
167539
24162
14974
24162
2600
24162
2600
82995
2600
24162
101704
24162
2600
163400
167539
189317
120431
24162
2600
190334
14974
190334
14974
24162
2600
24162
2600
24162
2600
142422
2600
190334
2600
24162
2600
190334
2600
24162
2600
250001
14974
34741
157543
190334
2600
34741
2600
24162
2600
190334
14974
190334
2600
24162
14974
24162
14974
34741
2600
250001
157543
24162
2600
24162
2600
24162
2600
142422
2600
250001
2600
24162
2600
250001
2600
24162
2600
190334
101704
34741
14974
250001
2600
34741
2600
24162
2600
250001
120431
250001
2600
24162
101704
24162
101704
34741
2600
24162
2600
24162
2600
24162
2600
142422
2600
250001
2600
24162
2600
250001
2600
24162
2600
190334
101704
34741
14974
250001
2600
34741
2600
24162
2600
250001
120431
250001
2600
24162
101704
24162
101704
34741
2600
136258
120431
136258
166292
24162
118170
24162
24778
82995
165998
24162
24778
82995
120431
24162
2600
24162
2600
24162
24778
24162
120431
82995
120431
24162
2600
24162
120431
163400
2600
189317
2600
24162
24778
250001
120431
24162
118170
24162
24778
82995
120431
24162
24778
82995
161536
24162
2600
24162
2600
24162
24778
24162
161536
82995
161536
24162
2600
24162
161536
136258
2600
136258
2600
24162
24778
24162
118170
24162
24778
82995
165998
24162
24778
82995
120431
24162
2600
24162
2600
24162
24778
24162
120431
82995
120431
24162
2600
24162
120431
136258
2600
136258
2600
24162
24778
142422
24778
24162
118170
142422
24778
24162
118170
142422
2600
34741
2600
142422
24778
34741
118170
24162
118170
142422
2600
142422
118170
24162
2600
24162
2600
34741
24778
24162
24778
250001
33526
24162
24778
190334
2600
34741
2600
250001
33526
34741
24778
24162
24778
250001
2600
250001
24778
24162
2600
24162
2600
34741
177082
24162
24778
249894
120431
24162
2600
24162
2600
24162
24778
24162
120431
107583
120431
24162
2600
24162
120431
82995
2600
82995
2600
24162
24778
24162
24778
190334
2600
34741
2600
250001
111220
34741
24778
24162
24778
250001
2600
250001
24778
24162
2600
24162
2600
34741
33526
24162
2600
24162
2600
24162
24778
24162
250001
107583
168651
24162
2600
24162
167656
82995
2600
82995
2600
24162
24778
34741
14974
190334
2600
34741
2600
24162
2600
190334
101704
190334
2600
24162
167656
24162
120431
34741
2600
34741
2600
146910
2600
24162
2600
34741
14974
34741
2600
24162
14974
24162
14974
190334
2600
34741
24778
24162
24778
250001
2600
250001
24778
24162
2600
24162
2600
34741
33526
24162
168651
34741
2600
34741
167656
24162
2600
24162
2600
146910
24778
24162
2600
24162
167656
82995
2600
82995
2600
24162
24778
250001
2600
24162
101704
24162
101704
34741
2600
24162
2600
24162
2600
34741
24778
163400
120431
24162
2600
24162
2600
