28233
49946
28233
28555
22554
49946
22554
93630
22554
28555
22554
76
28233
49946
22554
49946
28233
28555
192570
49946
28233
137402
22613
1708
22554
76
22554
76
22613
76
28233
49946
23605
49946
22613
76
22554
76
15401
76
28233
1708
1109
76
1109
49946
1109
76
28233
49946
22554
76
28233
49946
28233
49946
1109
49946
22554
76
15401
76
22613
76
28233
49946
72159
28555
22554
62443
22554
49946
22554
28555
22554
76
146474
119662
22554
73800
76114
28555
28233
77303
146474
49946
22613
1708
22554
76
22554
76
22613
76
146474
111846
23605
119662
22613
76
22554
76
15401
76
76114
1708
1109
76
1109
119662
1109
76
28459
67965
22554
76
76114
50089
146474
73800
1109
50089
22554
76
15401
76
22613
76
76114
119662
22554
28555
22554
28555
22554
37641
22554
76
72159
28555
22554
28555
72159
37641
28233
28555
72159
28555
22613
1708
22554
76
22554
76
22613
76
72159
28555
23605
28555
22613
76
22554
76
15401
76
72159
1708
1109
76
1109
28555
1109
76
28459
28555
22554
76
72159
28555
72159
28555
1109
28555
22554
76
15401
76
22613
76
72159
28555
51892
49946
34415
28555
46406
76
22554
62443
28233
62443
22554
28555
22554
62443
22554
49946
22554
1708
51892
76
51892
76
22554
76
22554
62443
22554
62443
22554
76
45461
76
15401
76
22554
1708
1109
76
1109
62443
1109
76
22554
62443
51892
76
22554
50089
22554
62443
1109
50089
51892
76
15401
76
22554
76
22554
62443
34415
28555
46406
76
22554
49946
28233
49946
22554
28555
22554
49946
22554
93630
22554
1708
85236
76
85236
76
22554
76
22554
49946
22554
49946
22554
76
45461
76
15401
76
22554
1708
1109
76
1109
49946
1109
76
22554
49946
85236
76
22554
49946
22554
49946
1109
49946
85236
76
15401
76
22554
76
22554
49946
34415
76
22554
28555
28233
28555
22554
50089
22554
28555
22554
28555
22554
1708
34415
76
34415
76
22554
76
22554
28555
22554
28555
22554
76
34415
76
15401
76
22554
1708
1109
76
1109
28555
1109
76
22554
28555
34415
76
22554
28555
22554
28555
1109
28555
34415
76
15401
76
22554
76
22554
28555
22554
76
28233
76
22554
76
22554
76
22554
76
22554
76
46406
37641
46406
49946
22554
62443
22554
76
22554
76
22554
93630
45461
93630
15401
73800
22554
76
1109
93630
1109
76
1109
46191
22554
76
46406
88636
22554
76
22554
76
1109
76
46406
93630
15401
88636
22554
94314
22554
76
22554
73800
76114
28555
28233
77303
173720
49946
22613
1708
22554
76
22554
76
22613
76
173720
111846
23605
134988
22613
76
22554
76
15401
76
76114
1708
1109
76
1109
250001
1109
76
28459
67965
22554
76
76114
50089
170539
73800
1109
50089
22554
76
15401
76
22613
76
76114
158190
22554
28555
22554
73800
22554
49946
22554
1708
28233
76
28233
76
22554
76
22554
73800
22554
73800
22554
76
28233
76
15401
76
22554
1708
1109
76
1109
73800
1109
76
22554
67965
28233
76
22554
50089
22554
111846
1109
50089
28233
76
15401
76
22554
76
22554
73800
28233
28555
76114
28555
22613
1708
22554
76
22554
76
22613
76
76114
28555
23605
28555
22613
76
22554
76
15401
76
81067
1708
1109
76
1109
28555
1109
76
28459
28555
22554
76
81067
28555
76114
28555
1109
28555
22554
76
15401
76
22613
76
81067
28555
28233
49946
22613
1708
22554
76
22554
76
22613
76
28233
77303
23605
77303
22613
76
22554
76
15401
76
28233
1708
1109
76
1109
77303
1109
76
28233
67965
22554
76
28233
50089
28233
73800
1109
50089
22554
76
15401
76
22613
76
28233
77303
22613
1708
22554
76
22554
76
22613
76
175067
49946
23605
49946
22613
76
22554
76
15401
76
76114
1708
1109
76
1109
49946
1109
76
28459
49946
22554
76
76114
49946
170539
49946
1109
49946
22554
76
15401
76
22613
76
76114
49946
22554
76
22554
76
141789
76
22613
1708
22613
1708
141789
76
22554
76
15401
76
22613
94314
1109
76
1109
1708
1109
76
22613
1708
22554
76
22613
1708
22613
1708
1109
1708
22554
76
15401
76
85289
76
22613
1708
128093
37641
22554
37641
22554
76
22554
76
22554
37641
45461
37641
15401
37641
22554
76
1109
37641
1109
76
1109
37641
22554
76
173720
37641
22554
76
22554
76
1109
76
173720
37641
15401
37641
22554
37641
22554
76
22554
49946
22554
76
22554
76
22554
49946
45461
49946
15401
49946
22554
76
1109
49946
1109
76
1109
46191
22554
76
128093
49946
22554
76
22554
76
1109
76
128093
49946
15401
49946
22554
49946
22554
76
22613
76
22613
76
175250
62443
22554
62443
15401
62443
22613
76
1109
62443
1109
76
1109
46191
22613
76
22554
62443
22613
76
22613
76
1109
76
22554
62443
15401
62443
85289
62443
22613
76
23605
111846
22613
76
22554
76
15401
76
76114
1708
1109
76
1109
111846
1109
76
28459
67965
22554
76
76114
50089
170539
73800
1109
50089
22554
76
15401
76
22613
76
76114
111846
22613
76
22554
76
15401
76
23605
1708
1109
76
1109
134988
1109
76
23605
67965
22554
76
23605
50089
23605
73800
1109
50089
22554
76
15401
76
22613
76
23605
134988
22554
111846
15401
73800
22613
76
1109
150195
1109
76
1109
46191
22613
76
22554
88636
22613
76
22613
76
1109
76
22554
150195
15401
88636
85289
93630
22613
76
15401
73800
22554
76
1109
111846
1109
76
1109
46191
22554
76
45461
88636
22554
76
22554
76
1109
76
45461
111846
15401
88636
22554
93630
22554
76
15401
76
1109
73800
1109
76
1109
46191
15401
76
15401
73800
15401
76
15401
76
1109
76
15401
73800
45461
73800
15401
73800
15401
76
1109
76
1109
1708
1109
76
28459
1708
22554
76
172736
1708
76114
1708
1109
1708
22554
76
15401
76
22613
76
194861
1708
51892
76
22554
46191
1109
76
1109
88636
1109
76
1109
76
22554
76
1109
161859
1109
88636
1109
93630
1109
76
22554
76
1109
67965
1109
76
1109
50089
1109
73800
22554
50089
1109
76
1109
76
1109
76
1109
158190
1109
76
1109
46191
1109
76
1109
76
22613
76
1109
46191
1109
46191
1109
46191
1109
76
22554
76
28459
50089
28459
67965
1109
50089
22554
76
15401
76
22613
76
28459
67965
22554
76
22554
76
1109
76
219448
88636
15401
94313
22554
88636
22554
76
76114
50089
1109
127858
22554
76
15401
76
22613
76
172736
50089
1109
50089
22554
76
15401
76
22613
76
76114
73800
1109
76
1109
76
1109
76
1109
50089
15401
88636
22554
93630
22554
76
15401
88636
15401
76
22613
76
