16760
3970
20795
3970
1704
3970
17907
3970
20795
3970
27175
7416
20795
3970
20795
3970
1704
3970
18272
3970
20795
3970
20187
3970
20795
3970
8945
3970
8945
3970
16302
3970
20795
3970
20795
3970
20795
3970
20795
3970
20795
3970
25427
7416
20795
3970
20795
3970
20795
3970
38955
6324
8945
3970
20795
14081
20795
3970
17075
89828
20795
3970
20795
3970
20795
3970
26688
3970
25427
6324
20795
3970
26688
14300
69285
3970
16760
83184
1704
83184
16760
119875
16760
7416
16760
3970
16760
52351
16760
118541
1704
179922
16760
7416
16760
119875
16760
20410
16760
14300
8945
14066
8945
119875
16302
7416
16760
14300
16760
7416
16760
14300
16760
7416
16760
7416
16760
3970
16760
7819
16760
119875
16760
119875
16760
3970
8945
14066
16760
3970
16760
14066
16760
3970
16760
119875
16760
119875
16760
119875
16760
83184
16760
3970
16760
14066
16760
3970
16760
14300
1704
119875
17907
83184
26688
7416
20795
3970
26688
52351
26688
83184
1704
83184
18272
7416
26688
83184
20187
20410
27175
14300
8945
14066
8945
83184
16302
7416
26688
14300
26688
7416
26688
14300
25427
7416
26688
7416
20795
3970
26688
7819
26688
83184
27175
83184
20795
3970
8945
14066
26688
3970
26688
14066
17075
3970
26688
83184
26688
83184
25427
83184
20795
119875
20795
3970
26688
14066
20795
3970
20795
14300
1704
83184
1704
7416
1704
3970
1704
52351
1704
83184
17075
83184
1704
7416
1704
83184
1704
20410
1704
14300
1704
14066
1704
83184
1704
7416
1704
14300
1704
7416
1704
14300
1704
7416
1704
7416
1704
3970
1704
7819
1704
83184
1704
83184
1704
3970
1704
14066
1704
3970
1704
14066
1704
3970
1704
83184
1704
83184
1704
83184
1704
178284
1704
3970
1704
14066
1704
3970
1704
14300
17907
7416
17907
3970
17907
52351
17907
118541
1704
119875
17907
7416
17907
124261
17907
20410
17907
14300
8945
14066
8945
153288
16302
7416
17907
14300
17907
7416
17907
14300
17907
7416
17907
7416
17907
3970
17907
7819
17907
153288
17907
124261
17907
3970
8945
14066
17907
3970
17907
14066
17075
3970
17907
153288
17907
124261
17907
121177
17907
83184
17907
3970
17907
14066
17907
3970
17907
14300
20795
3970
47293
7416
76537
7416
1704
7416
18272
119875
44274
7416
20187
7416
26688
7416
8945
7416
8945
7416
16302
14081
76537
7416
48258
14081
76537
7416
25427
14081
76537
23252
20795
3970
76537
7416
76537
7416
26688
7416
20795
3970
8945
7416
98305
3970
76537
7416
17075
3970
76537
7416
50154
7416
25427
7416
20795
7416
20795
3970
60258
7416
20795
3970
20795
7416
20795
3970
20795
3970
1704
3970
18272
3970
20795
3970
20187
3970
20795
3970
8945
3970
8945
3970
16302
3970
20795
3970
20795
3970
20795
3970
20795
3970
20795
3970
25427
20410
20795
3970
20795
3970
20795
3970
27175
6324
8945
3970
20795
7416
20795
3970
17075
7416
20795
3970
20795
3970
20795
3970
26688
3970
25427
6324
20795
3970
26688
7416
27175
3970
47293
52351
1704
52351
18272
7416
44274
52351
20187
20410
26688
14300
8945
14066
8945
52351
16302
7416
47293
14300
47293
7416
47293
14300
25427
7416
47293
7416
20795
3970
47293
7819
47293
52351
26688
52351
20795
3970
8945
14066
47293
3970
47293
14066
17075
3970
47293
52351
47293
52351
25427
52351
20795
52351
20795
3970
47293
14066
20795
3970
20795
14300
1704
118541
18272
7416
44274
118541
20187
20410
26688
14300
8945
14066
8945
118541
16302
7416
250001
14300
48258
7416
103863
14300
25427
7416
106560
7416
20795
3970
195535
7819
103863
118541
26688
118541
20795
3970
8945
14066
76537
3970
103863
14066
17075
3970
95321
118541
50154
118541
25427
118541
20795
83184
20795
3970
60258
14066
20795
3970
20795
14300
1704
7416
1704
119875
1704
20410
1704
14300
1704
14066
1704
119875
1704
7416
1704
14300
1704
7416
1704
14300
1704
7416
1704
7416
1704
3970
1704
7819
1704
119875
1704
119875
1704
3970
1704
14066
1704
3970
1704
14066
1704
3970
1704
119875
1704
119875
1704
119875
1704
83184
1704
3970
1704
14066
1704
3970
1704
14300
18272
7416
18272
7416
18272
7416
8945
7416
8945
7416
16302
14081
18272
7416
18272
14081
18272
7416
18272
14081
18272
23252
18272
3970
18272
7416
18272
7416
18272
7416
18272
3970
8945
7416
18272
3970
18272
7416
17075
3970
18272
7416
18272
7416
18272
7416
18272
7416
18272
3970
18272
7416
18272
3970
18272
7416
20187
20410
26688
14300
8945
14066
8945
124261
16302
7416
44274
14300
44274
7416
44274
14300
25427
7416
44274
7416
20795
3970
44274
7819
44274
124261
26688
176294
20795
3970
8945
14066
44274
3970
44274
14066
17075
3970
44274
124261
44274
182971
25427
121177
20795
83184
20795
3970
44274
14066
20795
3970
20795
14300
20187
14300
8945
14066
8945
20410
16302
7416
20187
14300
20187
7416
20187
14300
20187
7416
20187
7416
20187
3970
20187
7819
20187
20410
20187
20410
20187
3970
8945
14066
20187
3970
20187
14066
17075
3970
20187
20410
20187
20410
20187
20410
20187
20410
20187
3970
20187
14066
20187
3970
20187
14300
8945
14066
8945
14300
16302
7416
26688
14544
26688
7416
26688
14544
25427
7416
26688
7416
20795
3970
26688
7819
26688
14300
106560
14300
20795
3970
8945
14066
26688
3970
26688
14066
17075
3970
26688
14300
26688
14300
25427
14300
20795
14300
20795
3970
26688
14066
20795
3970
20795
14544
9916
14066
8945
7416
8945
14066
8945
7416
8945
14066
8945
7416
8945
7416
8945
3970
8945
7819
8945
14066
8945
14066
8945
3970
9916
20410
8945
3970
8945
119875
8945
3970
8945
14066
8945
14066
8945
14066
8945
14066
8945
3970
8945
119875
8945
3970
8945
14066
8945
7416
8945
14300
8945
7416
8945
14300
8945
7416
8945
7416
8945
3970
8945
7819
8945
161351
8945
124261
8945
3970
17958
14066
8945
3970
8945
14066
8945
3970
8945
161351
8945
124261
8945
121177
8945
83184
8945
3970
8945
14066
8945
3970
8945
14300
16302
7416
16302
182971
16302
7416
16302
22020
16302
14081
16302
3970
16302
7416
16302
7416
16302
7416
16302
3970
8945
7416
16302
3970
16302
7416
16302
3970
16302
7416
16302
7416
16302
7416
16302
7416
16302
3970
16302
7416
16302
3970
16302
7416
48258
7416
103863
178284
25427
7416
106560
7416
20795
3970
195535
7819
103863
14300
26688
14300
20795
3970
8945
14066
76537
3970
103863
14066
17075
3970
95321
14300
50154
14300
25427
14300
20795
14300
20795
3970
60258
14066
20795
3970
20795
14817
48258
7416
25427
22020
48258
14081
20795
3970
48258
7416
48258
7416
26688
7416
20795
3970
8945
7416
48258
3970
48258
7416
17075
3970
48258
7416
48258
7416
25427
7416
20795
7416
20795
3970
48258
7416
20795
3970
20795
7416
25427
7416
103863
7416
20795
3970
103863
7819
106560
14300
26688
14300
20795
3970
8945
14066
76537
3970
123132
14066
17075
3970
95321
14300
50154
14300
25427
14300
20795
14300
20795
3970
60258
14066
20795
3970
20795
14817
25427
14081
20795
3970
25427
7416
25427
7416
25427
7416
20795
3970
8945
7416
25427
3970
25427
7416
17075
3970
25427
7416
25427
7416
48884
7416
20795
7416
20795
3970
25427
7416
20795
3970
20795
7416
20795
3970
106560
7416
103863
7416
26688
7416
20795
3970
8945
7416
76537
3970
103863
7416
17075
3970
95321
7416
50154
7416
25427
7416
20795
7416
20795
3970
60258
7416
20795
3970
20795
7416
20795
3970
20795
3970
20795
3970
25427
6324
8945
3970
20795
7416
20795
3970
17075
7416
20795
3970
20795
3970
20795
3970
25427
3970
48635
6324
20795
3970
25427
7416
25427
3970
103863
7819
26688
7819
20795
3970
8945
7819
76537
3970
103863
7819
17075
3970
95321
7819
50154
7819
25427
7819
20795
7819
20795
3970
60258
7819
20795
3970
20795
7819
26688
124261
20795
3970
8945
14066
76537
3970
106560
14066
17075
3970
95321
176007
50154
124261
25427
121177
20795
83184
20795
3970
60258
14066
20795
3970
20795
14300
20795
3970
8945
14066
26688
3970
26688
14066
17075
3970
26688
124261
26688
176294
25427
121177
20795
83184
20795
3970
26688
14066
20795
3970
20795
14300
8945
3970
20795
6324
20795
3970
17075
6324
20795
3970
20795
3970
20795
3970
26688
3970
25427
14300
20795
3970
26688
6324
38955
3970
8945
3970
8945
20410
8945
3970
8945
14066
8945
14066
8945
14066
8945
14066
8945
3970
8945
20410
8945
3970
8945
14066
76537
3970
17075
14081
76537
3970
50154
3970
25427
3970
20795
3970
20795
6324
60258
3970
20795
14081
20795
3970
17075
3970
95321
14066
50154
14066
25427
14066
20795
14066
20795
3970
60258
179922
20795
3970
20795
14066
17075
3970
17075
3970
17075
3970
17075
3970
17075
6324
17075
3970
17075
14300
17075
3970
50154
124261
25427
121177
20795
83184
20795
3970
60258
14066
20795
3970
20795
14300
25427
121177
20795
83184
20795
3970
50154
14066
20795
3970
20795
14300
20795
83184
20795
3970
25427
14066
20795
3970
20795
14300
25427
3970
20795
14066
45043
3970
26688
14300
20795
3970
25427
6324
25427
3970
20795
3970
20795
14066
26688
3970
