70176
40747
70176
114021
70176
173859
12104
173859
70176
173859
70176
114021
70176
173859
58180
40747
70176
82327
70176
114021
70176
173859
70176
114021
70176
173859
70176
196522
70176
102629
70176
173859
70176
173859
70176
173859
70176
119602
70176
82327
5701
81905
70176
173859
70176
173859
70176
102629
70176
173859
70176
173859
5701
173859
70176
135357
70176
173859
12104
114021
70176
81905
13283
102629
70176
173859
24415
143013
24415
173859
77970
40747
77970
40747
12104
40747
77970
40747
77970
40747
77970
40747
58180
182569
77970
40747
77970
40747
77970
40747
89161
40747
77970
40747
89161
40747
89161
40747
77970
40747
77970
40747
89161
40747
77970
40747
77970
40747
5701
40747
77970
40747
77970
40747
77970
40747
77970
40747
77970
40747
5701
40747
77970
40747
77970
40747
12104
40747
77970
40747
13283
40747
77970
40747
24415
40747
24415
40747
79912
114021
12104
114021
84853
114021
105530
122046
155383
114021
58180
40747
155383
82327
155383
137870
155383
114021
77970
183354
183643
114021
77970
114021
77970
102629
183643
114021
114811
114021
77970
114021
183643
114021
155383
82327
5701
81905
183643
114021
114811
114021
152148
102629
155383
114021
105411
114021
5701
114021
105530
114021
114811
114021
12104
135357
114811
81905
13283
102629
183643
114021
24415
114021
24415
114021
12104
182569
79912
184428
79912
114021
79912
175784
58180
40747
79912
82327
79912
114021
79912
175784
77970
114021
79912
175784
77970
173859
77970
102629
79912
175784
79912
175784
77970
182569
79912
119602
79912
82327
5701
81905
79912
180802
79912
182569
79912
102629
79912
184428
79912
184428
5701
175784
79912
135357
79912
175784
12104
114021
79912
81905
13283
102629
79912
175784
24415
143013
24415
175784
12104
182569
12104
114021
12104
175784
12104
40747
12104
82327
12104
114021
12104
175784
12104
114021
12104
175784
12104
173859
12104
102629
12104
175784
12104
175784
12104
183354
12104
119602
12104
82327
5701
81905
12104
180802
12104
196770
12104
102629
12104
182569
12104
182569
5701
175784
12104
135357
12104
175784
13956
114021
12104
81905
12104
102629
12104
175784
12104
143013
12104
175784
84853
114021
84853
175784
58180
40747
84853
82327
84853
114021
84853
175784
77970
114021
84853
175784
77970
173859
77970
102629
84853
175784
84853
175784
77970
182569
84853
119602
84853
82327
5701
81905
84853
180802
84853
182569
84853
102629
84853
196522
84853
184508
5701
175784
84853
135357
84853
175784
12104
114021
84853
81905
13283
102629
84853
175784
24415
143013
24415
175784
105530
114021
58180
40747
105530
82327
105530
122046
105530
114021
77970
122046
105530
114021
77970
114021
77970
102629
105530
114021
105530
114021
77970
114021
105530
114021
105530
82327
5701
81905
105530
114021
105530
114021
105530
102629
105530
114021
105411
114021
5701
114021
113908
114021
105530
114021
12104
122046
105530
81905
13283
102629
105530
114021
24415
114021
24415
114021
58180
40747
250001
82327
165401
114021
166701
183354
77970
114021
155383
183354
77970
173859
77970
102629
155383
183354
114811
183354
77970
175784
155383
119602
250001
82327
5701
81905
155383
175784
114811
175784
152148
102629
250001
175784
105411
175784
5701
196522
105530
135357
114811
250001
12104
114021
114811
81905
13283
102629
155383
183354
24415
143013
24415
183354
58180
40747
58180
40747
58180
40747
58180
40747
58180
40747
58180
40747
58180
40747
58180
40747
58180
40747
58180
40747
58180
40747
58180
40747
5701
40747
58180
40747
58180
40747
58180
40747
58180
40747
58180
40747
5701
40747
58180
40747
58180
40747
12104
40747
58180
40747
13283
40747
58180
40747
24415
40747
24415
40747
165401
82327
166701
82327
77970
82327
155383
82327
77970
82327
77970
82327
155383
82327
114811
82327
77970
82327
155383
82327
250001
196522
5701
81905
155383
82327
114811
82327
152148
82327
250001
82327
105411
82327
5701
82327
105530
82327
114811
82327
12104
82327
114811
81905
13283
82327
155383
82327
24415
82327
24415
82327
165401
114021
77970
137870
155383
114021
77970
114021
77970
102629
155383
114021
114811
114021
77970
114021
155383
114021
165401
82327
5701
81905
155383
114021
114811
114021
152148
102629
165401
114021
105411
114021
5701
114021
105530
114021
114811
114021
12104
135357
114811
81905
13283
102629
155383
114021
24415
114021
24415
114021
77970
114021
155383
196522
77970
173859
77970
102629
155383
196522
114811
196522
77970
175784
155383
119602
166701
82327
5701
81905
155383
175784
114811
175784
152148
102629
166701
175784
105411
175784
5701
183354
105530
135357
114811
183354
12104
114021
114811
81905
13283
102629
155383
196522
24415
143013
24415
226525
77970
114021
105411
114021
105530
102629
77970
114021
77970
114021
152148
114021
77970
114021
77970
82327
5701
81905
77970
114021
77970
114021
77970
102629
77970
114021
77970
114021
5701
114021
77970
114021
77970
114021
12104
135357
77970
81905
13283
102629
77970
114021
24415
114021
24415
114021
77970
173859
77970
102629
207518
206279
114811
201457
77970
175784
224643
119602
155383
82327
5701
81905
206532
175784
114811
175784
152148
102629
155383
175784
105411
175784
5701
183354
105530
135357
114811
183354
12104
114021
114811
81905
13283
102629
204803
206279
24415
143013
24415
196522
105411
102629
77970
173859
77970
173859
105411
173859
77970
119602
77970
82327
5701
81905
77970
173859
77970
173859
77970
102629
77970
173859
77970
173859
5701
173859
77970
135357
77970
173859
12104
114021
77970
81905
13283
102629
77970
173859
24415
143013
24415
173859
77970
102629
77970
102629
105530
102629
77970
102629
77970
82327
5701
81905
77970
102629
77970
102629
77970
119602
77970
102629
77970
102629
5701
102629
77970
102629
77970
102629
12104
102629
77970
81905
13283
143013
77970
102629
24415
102629
24415
102629
114811
201457
77970
175784
207518
119602
155383
82327
5701
81905
206532
175784
114811
175784
152148
102629
155383
175784
105411
175784
5701
183354
105530
135357
114811
183354
12104
114021
114811
81905
13283
102629
204803
250001
24415
143013
24415
196522
77970
175784
114811
119602
114811
82327
5701
81905
114811
175784
188499
175784
114811
102629
114811
175784
105411
175784
5701
183354
105530
135357
137464
183354
12104
114021
130464
81905
13283
102629
114811
201457
24415
143013
24415
196522
77970
119602
77970
82327
5701
81905
77970
180802
77970
183354
77970
102629
77970
182569
77970
182569
5701
175784
77970
135357
77970
175784
12104
114021
77970
81905
13283
102629
77970
175784
24415
143013
24415
175784
155383
82327
5701
81905
206532
119602
114811
119602
152148
102629
155383
119602
105411
119602
5701
119602
105530
119602
114811
119602
12104
114021
114811
81905
13283
102629
204803
119602
24415
119602
24415
119602
5701
81905
155383
82327
114811
82327
152148
82327
250001
82327
105411
82327
5701
82327
105530
82327
114811
82327
12104
82327
114811
81905
13283
82327
155383
82327
24415
82327
24415
82327
5701
81905
5701
81905
5701
81905
5701
81905
5701
81905
12104
81905
5701
81905
5701
81905
5701
81905
5701
114021
5701
81905
5701
81905
5701
81905
5701
81905
114811
180802
152148
102629
155383
180802
105411
180802
5701
175784
105530
135357
114811
175784
12104
114021
114811
81905
13283
102629
204803
175784
24415
143013
24415
175784
114811
102629
114811
182569
105411
182569
5701
175784
105530
135357
137464
175784
12104
114021
130464
81905
13283
102629
114811
175784
24415
143013
24415
175784
152148
102629
105411
102629
5701
102629
105530
102629
114811
102629
12104
102629
114811
81905
13283
119602
152148
102629
24415
102629
24415
102629
105411
184508
5701
175784
105530
135357
114811
175784
12104
114021
114811
81905
13283
102629
155383
175784
24415
143013
24415
175784
5701
175784
105411
135357
105411
175784
12104
114021
105411
81905
13283
102629
105411
175784
24415
143013
24415
175784
5701
135357
5701
196522
5701
114021
5701
81905
5701
102629
5701
183354
5701
143013
5701
183354
105530
135357
12104
114021
105530
81905
13283
102629
105530
135357
24415
135357
24415
135357
12104
114021
130464
81905
13283
102629
114811
183354
24415
143013
24415
183354
12104
81905
12104
102629
12104
114021
12104
114021
12104
114021
13283
81905
114811
81905
24415
81905
24415
81905
13283
102629
13283
102629
13283
102629
24415
143013
24415
196522
24853
143013
