107994
105738
107994
232155
20733
24652
20733
132940
20733
24652
26983
232155
26983
232155
107994
33142
107994
225876
107994
232155
26983
113211
20733
24652
107994
113211
26983
122271
26983
105738
107994
225876
107994
33142
107994
232155
26983
105738
107994
232155
107994
232155
113474
232155
107994
24652
20733
24652
107994
232155
195469
33142
26983
122271
107994
236247
20733
24652
107994
122271
26983
232155
107994
105738
20733
24652
20733
24652
113474
105738
20733
24652
20733
105738
20733
24652
26983
105738
26983
105738
113474
33142
113474
105738
113474
105738
26983
105738
20733
24652
113474
105738
26983
105738
26983
115804
113474
105738
113474
33142
113474
105738
26983
106172
113474
105738
113474
105738
107994
105738
113474
24652
20733
24652
113474
105738
107994
33142
26983
105738
113474
105738
20733
24652
113474
105738
26983
105738
113474
106172
20733
24652
20733
24652
20733
24652
20733
132940
20733
24652
26983
232828
26983
232828
191540
33142
120671
225876
250001
232828
26983
113211
20733
24652
191540
113211
26983
122271
26983
105738
120671
225876
191538
33142
191540
232828
26983
105738
191540
232828
191538
232828
107994
232828
191540
24652
20733
24652
191540
232828
107994
33142
26983
122271
191540
232155
20733
24652
191540
122271
26983
232828
191540
105738
20733
24652
20733
24652
250001
24652
250001
125343
20733
24652
20733
24652
20733
24652
20733
24652
20733
24652
20733
24652
231660
122271
20733
24652
20733
24652
20733
24652
20733
24652
20733
24652
20733
24652
20733
24652
20733
24652
20733
24652
20733
24652
20733
221923
250001
226171
20733
24652
20733
24652
20733
24652
20733
24652
250001
226171
20733
24652
20733
24652
20733
24652
250001
226171
231660
105738
250001
24652
20733
132940
20733
132940
20733
33142
20733
132940
20733
132940
20733
113211
231660
24652
20733
113211
20733
122271
20733
105738
20733
132940
20733
33142
20733
132940
20733
105738
20733
132940
20733
132940
20733
132940
20733
24652
250001
24652
20733
132940
20733
33142
20733
122271
20733
132940
250001
24652
20733
122271
20733
132940
20733
105738
250001
24652
231660
24652
20733
24652
20733
24652
20733
24652
20733
24652
20733
24652
20733
24652
231660
122271
20733
24652
20733
24652
20733
24652
20733
24652
20733
24652
20733
24652
20733
24652
20733
24652
20733
24652
20733
24652
20733
125343
250001
125343
20733
24652
20733
24652
20733
24652
20733
24652
250001
125343
20733
24652
20733
24652
20733
24652
250001
125343
231660
105738
107994
250001
26983
33142
26983
225876
26983
250001
70150
113211
20733
24652
26983
113211
191538
122271
70150
105738
26983
225876
26983
33142
26983
250001
232549
105738
26983
236247
26983
250001
26983
250001
26983
24652
20733
24652
26983
250001
26983
33142
237742
122271
26983
232155
20733
24652
26983
122271
232549
250001
26983
105738
20733
24652
20733
24652
26983
33142
26983
225876
26983
250001
70150
113211
20733
24652
26983
113211
107994
122271
70150
105738
26983
225876
26983
33142
26983
250001
107994
105738
26983
236247
26983
250001
26983
250001
26983
24652
20733
24652
26983
250001
26983
33142
107994
122271
26983
232155
20733
24652
26983
122271
107994
250001
26983
105738
20733
24652
20733
24652
120671
33142
191540
33142
26983
33142
20733
24652
231660
33142
26983
33142
26983
33142
120671
33142
191538
178284
195469
33142
26983
33142
250001
33142
191538
33142
107994
33142
250001
24652
20733
24652
238787
33142
107994
250001
26983
33142
250001
33142
20733
24652
231660
33142
26983
33142
250001
33142
20733
24652
20733
24652
120671
225876
26983
113211
20733
24652
120671
113211
26983
122271
26983
105738
250001
250001
120671
33142
120671
225876
26983
105738
120671
225876
120671
225876
107994
225876
120671
24652
20733
24652
120671
225876
107994
33142
26983
122271
120671
225876
20733
24652
120671
122271
26983
225876
120671
105738
20733
24652
20733
24652
26983
113211
20733
24652
191540
113211
26983
122271
26983
105738
120671
225876
191538
33142
191540
250001
26983
105738
191540
236247
191538
250001
107994
250001
191540
24652
20733
24652
191540
250001
107994
33142
26983
122271
191540
232155
20733
24652
191540
122271
26983
250001
191540
105738
20733
24652
20733
24652
20733
24652
26983
165835
70150
113211
250001
105738
26983
113211
26983
33142
26983
113211
70150
105738
26983
113211
26983
113211
26983
113211
26983
24652
20733
24652
26983
113211
26983
33142
70150
113211
26983
113211
20733
24652
26983
113211
70150
113211
26983
105738
20733
24652
20733
24652
20733
24652
20733
24652
20733
24652
20733
24652
20733
24652
20733
24652
20733
24652
20733
24652
20733
24652
20733
24652
20733
122271
231660
122271
20733
24652
20733
24652
20733
24652
20733
24652
231660
122271
20733
24652
20733
24652
20733
24652
231660
122271
232549
105738
26983
113211
26983
105738
120671
113211
191538
33142
195469
113211
26983
105738
231660
113211
191538
113211
107994
113211
231660
24652
20733
24652
231660
113211
107994
33142
26983
113211
231660
113211
20733
24652
238787
113211
26983
113211
231660
105738
20733
24652
20733
24652
70150
105738
26983
122271
26983
33142
26983
122271
191538
105738
26983
122271
26983
122271
26983
122271
26983
24652
20733
24652
26983
122271
26983
33142
191538
250001
26983
122271
20733
24652
26983
152973
191538
122271
26983
105738
20733
24652
20733
24652
26983
105738
26983
33142
26983
105738
70150
106172
26983
105738
26983
105738
26983
105738
26983
24652
20733
24652
26983
105738
26983
33142
70150
105738
26983
105738
20733
24652
26983
105738
70150
105738
26983
106172
20733
24652
20733
24652
120671
33142
120671
225876
26983
105738
120671
225876
120671
225876
107994
225876
120671
24652
20733
24652
120671
225876
107994
33142
26983
122271
120671
225876
20733
24652
120671
122271
26983
225876
120671
105738
20733
24652
20733
24652
191538
33142
26983
33142
191538
33142
195469
33142
107994
33142
191538
24652
20733
24652
191538
33142
107994
178284
26983
33142
191538
33142
20733
24652
191538
33142
26983
33142
191538
33142
20733
24652
20733
24652
26983
105738
195469
236247
191538
250001
107994
250001
195469
24652
20733
24652
195469
250001
107994
33142
26983
122271
195469
232155
20733
24652
195469
122271
26983
250001
195469
105738
20733
24652
20733
24652
26983
105738
26983
105738
26983
105738
26983
24652
20733
24652
26983
105738
26983
33142
232549
105738
26983
105738
20733
24652
26983
105738
238787
105738
26983
106727
20733
24652
20733
24652
191538
236247
107994
236247
250001
24652
20733
24652
238787
236247
107994
33142
26983
122271
250001
232155
20733
24652
231660
122271
26983
236247
250001
105738
20733
24652
20733
24652
107994
250001
191538
24652
20733
24652
191538
250001
107994
33142
26983
122271
191538
232155
20733
24652
191538
122271
26983
250001
191538
105738
20733
24652
20733
24652
107994
24652
20733
24652
107994
250001
113474
33142
26983
122271
107994
232155
20733
24652
107994
122271
26983
250001
107994
105738
20733
24652
20733
24652
20733
221923
238787
24652
107994
24652
26983
24652
250001
24652
20733
221923
231660
24652
26983
24652
250001
24652
20733
221923
20733
105738
20733
24652
20733
24652
20733
24652
20733
24652
250001
250001
20733
24652
20733
24652
20733
24652
250001
250001
231660
105738
107994
33142
26983
122271
238787
232155
20733
24652
231660
122271
26983
250001
238787
105738
20733
24652
20733
24652
26983
33142
107994
33142
20733
24652
107994
33142
26983
33142
107994
33142
20733
24652
20733
24652
26983
122271
20733
24652
26983
152973
232549
122271
26983
105738
20733
24652
20733
24652
20733
24652
231660
122271
26983
232155
250001
105738
20733
24652
20733
24652
20733
24652
20733
24652
20733
24652
250001
250001
231660
105738
26983
122271
231660
105738
20733
24652
20733
24652
26983
105738
20733
24652
20733
24652
20733
24652
20733
24652
231660
105738
