250001
1085
121769
1085
157649
1085
250001
1085
73157
1085
211435
1085
157649
1085
157649
1085
157649
1085
250001
1085
121769
1085
250001
1085
157649
1085
250001
1085
157649
1085
157649
1085
250001
1085
211435
1085
250001
1085
250001
1085
121769
1085
250001
1085
250001
1085
73157
1085
250001
54127
250001
1085
143975
1085
121769
1085
157649
1085
250001
1085
118995
1085
157649
1085
121769
54127
157649
54127
250001
54127
73157
54127
211435
113422
157649
54127
157649
54127
157649
54127
250001
54127
121769
185447
250001
185447
157649
54127
250001
185447
157649
54127
157649
54127
250001
54127
211435
54127
250001
185447
250001
54127
121769
185447
250001
185447
250001
54127
73157
54127
250001
1085
250001
54127
143975
54127
121769
185447
157649
54127
250001
54127
118995
54127
157649
54127
121769
191456
121769
185447
73157
155447
121769
54127
121769
191456
121769
191456
121769
191456
121769
59210
157649
54127
121769
54127
121769
112080
121769
54127
121769
191456
121769
190985
121769
59210
121769
59210
121769
54127
121769
59210
157649
54127
121769
54127
121769
59210
73157
59210
121769
1085
121769
59210
121769
59210
143975
54127
121769
191456
121769
191456
118995
59210
121769
113422
157649
185447
73157
155447
157649
54127
250001
250001
250001
250001
235326
250001
157649
59210
121769
54127
157649
54127
250001
112080
157649
54127
250001
193589
250001
190985
157649
59210
157649
59210
157649
54127
157649
59210
121769
54127
157649
54127
157649
59210
73157
59210
157649
1085
157649
59210
143975
59210
121769
54127
250001
250001
157649
250001
118995
59210
250001
113422
73157
155447
211435
54127
157649
185447
157649
185447
157649
185447
250001
59210
121769
54127
250001
54127
157649
112080
250001
54127
157649
185447
157649
185447
250001
59210
211435
59210
250001
54127
250001
59210
121769
54127
250001
54127
250001
59210
73157
59210
250001
1085
250001
59210
143975
59210
121769
54127
157649
185447
250001
185447
118995
59210
157649
113422
73157
54127
73157
155447
73157
155447
73157
155447
73157
59210
73157
54127
73157
54127
73157
112080
73157
54127
73157
155447
73157
155447
73157
59210
73157
59210
73157
54127
73157
59210
73157
54127
73157
54127
73157
59210
118995
59210
73157
1085
73157
59210
73157
59210
73157
54127
73157
155447
73157
155447
73157
59210
73157
113422
157649
54127
157649
54127
157649
54127
211435
54127
121769
113422
211435
113422
157649
54127
211435
113422
157649
54127
157649
54127
211435
54127
213078
54127
211435
113422
211435
54127
121769
113422
211435
113422
211435
54127
73157
54127
211435
1085
211435
54127
143975
54127
121769
113422
157649
54127
211435
54127
118995
54127
157649
54127
250001
250001
235326
250001
157649
59210
121769
54127
157649
54127
250001
112080
157649
54127
250001
193589
250001
190985
157649
59210
157649
59210
157649
54127
157649
59210
121769
54127
157649
54127
157649
59210
73157
59210
157649
1085
157649
59210
143975
59210
121769
54127
250001
250001
157649
250001
118995
59210
250001
113422
235326
250001
157649
59210
121769
54127
157649
54127
250001
112080
157649
54127
250001
193589
250001
190985
157649
59210
157649
59210
157649
54127
157649
59210
121769
54127
157649
54127
157649
59210
73157
59210
157649
1085
157649
59210
143975
59210
121769
54127
250001
250001
157649
250001
118995
59210
250001
113422
157649
59210
121769
54127
157649
54127
235326
112080
157649
54127
235326
193589
235326
190985
157649
59210
157649
59210
157649
54127
157649
59210
121769
54127
157649
54127
157649
59210
73157
59210
157649
1085
157649
59210
143975
59210
121769
54127
235326
250001
157649
250001
118995
59210
235326
113422
121769
54127
250001
54127
157649
59210
250001
54127
157649
59210
157649
59210
250001
155447
211435
112080
250001
54127
250001
155447
121769
54127
250001
54127
250001
155447
73157
155447
250001
1085
250001
155447
143975
155447
121769
54127
157649
59210
250001
59210
118995
155447
157649
59210
121769
191456
121769
54127
121769
191456
121769
54127
121769
54127
121769
54127
121769
54127
121769
200406
121769
54127
215561
200406
121769
200406
121769
54127
73157
54127
121769
1085
121769
54127
121769
54127
143975
200406
121769
54127
121769
54127
118995
54127
121769
54127
157649
54127
250001
250001
157649
54127
157649
54127
250001
54127
211435
54127
250001
191456
250001
54127
121769
191456
250001
191456
250001
54127
73157
54127
250001
1085
250001
54127
143975
54127
121769
191456
157649
54127
250001
54127
118995
54127
157649
54127
157649
54127
250001
112080
250001
112080
157649
59210
157649
59210
157649
54127
157649
59210
121769
54127
157649
54127
157649
59210
73157
59210
157649
1085
157649
59210
143975
59210
121769
54127
250001
112080
157649
112080
118995
59210
250001
112080
157649
54127
157649
54127
250001
54127
211435
54127
250001
191456
250001
54127
121769
191456
250001
191456
250001
54127
73157
54127
250001
1085
250001
54127
143975
54127
121769
191456
157649
54127
250001
54127
118995
54127
157649
54127
250001
190985
157649
59210
157649
59210
157649
54127
157649
59210
121769
54127
157649
54127
157649
59210
73157
59210
157649
1085
157649
59210
143975
59210
121769
54127
250001
193589
157649
193589
118995
59210
250001
113422
157649
59210
157649
59210
157649
54127
157649
59210
121769
54127
157649
54127
157649
59210
73157
59210
157649
1085
157649
59210
143975
59210
121769
54127
250001
190985
157649
190985
118995
59210
250001
113422
211435
112080
250001
54127
250001
250001
121769
54127
250001
54127
250001
250001
73157
179025
250001
1085
250001
250001
143975
225806
121769
54127
157649
59210
250001
59210
118995
192125
157649
59210
211435
54127
211435
112080
121769
54127
211435
54127
211435
112080
73157
112080
211435
1085
211435
112080
143975
112080
121769
54127
157649
59210
211435
59210
118995
112080
157649
59210
250001
54127
121769
200750
250001
250001
250001
54127
73157
54127
250001
1085
250001
54127
143975
54127
121769
250001
157649
54127
250001
54127
118995
54127
157649
54127
121769
54127
250001
54127
250001
250001
73157
179025
250001
1085
250001
250001
143975
225806
121769
54127
157649
59210
250001
59210
118995
192125
157649
59210
121769
200750
121769
54127
73157
54127
121769
1085
121769
54127
121769
54127
143975
200750
121769
54127
121769
54127
118995
54127
121769
54127
250001
54127
73157
54127
250001
1085
250001
54127
143975
54127
121769
250001
157649
54127
250001
54127
118995
54127
157649
54127
73157
179025
250001
1085
250001
250001
143975
225806
121769
54127
157649
59210
250001
59210
118995
192125
157649
59210
73157
1085
73157
179025
73157
179025
73157
54127
73157
59210
73157
59210
73157
179025
73157
59210
250001
1085
143975
1085
121769
1085
157649
1085
250001
1085
118995
1085
157649
1085
143975
225806
121769
54127
157649
59210
250001
59210
118995
192125
157649
59210
121769
54127
143975
59210
143975
59210
118995
192125
143975
59210
121769
54127
121769
54127
118995
54127
121769
54127
157649
250001
118995
59210
250001
113422
118995
59210
157649
113422
118995
59210
