250001
13079
202283
250001
195668
13079
250001
13079
226032
13079
250001
13079
250001
13079
250001
13079
250001
13079
250001
13079
250001
13079
226045
13079
226045
138710
250001
13079
205467
13079
250001
192574
250001
250001
250001
13079
250001
13079
205467
13079
202283
13079
118244
13042
202283
13079
195668
138710
118244
13042
202283
13079
250001
13079
202283
187710
223605
13079
250001
250001
250001
187710
235941
13079
202283
13079
195668
138710
250001
138710
226032
138710
250001
138710
250001
138710
250001
138710
250001
138710
250001
250001
250001
138710
226045
138710
226045
13079
250001
138710
205467
138710
250001
13079
250001
13079
250001
138710
250001
138710
205467
138710
202283
138710
118244
13042
202283
138710
195668
13079
118244
13042
202283
138710
250001
138710
202283
13079
223605
138710
250001
13079
250001
13079
235941
138710
195668
13079
202283
13079
202283
13079
202283
13079
202283
13079
202283
13079
202283
13079
202283
13079
202283
13079
202283
13079
202283
138710
202283
13079
202283
13079
202283
192574
202283
250001
202283
13079
202283
13079
202283
13079
219377
13079
118244
13042
230986
13079
195668
138710
118244
13042
250001
13079
202283
13079
219377
187710
202283
13079
202283
250001
202283
187710
202283
13079
195668
250001
195668
187710
195668
250001
195668
198503
195668
193950
195668
250001
195668
138710
195668
250001
195668
198503
195668
13079
195668
250001
195668
250001
195668
13079
195668
13079
195668
250001
195668
250001
195668
250001
195668
250001
118244
13042
195668
250001
247543
13079
118244
13042
195668
193950
195668
250001
195668
13079
195668
250001
195668
13079
195668
13079
195668
250001
226032
187710
250001
250001
250001
198503
250001
193950
250001
250001
250001
138710
250001
250001
226045
198503
226045
13079
250001
250001
205467
250001
250001
13079
250001
13079
250001
250001
250001
250001
205467
250001
202283
250001
118244
13042
202283
250001
195668
13079
118244
13042
202283
193950
250001
250001
202283
13079
223605
250001
250001
13079
250001
13079
235941
250001
226032
187710
226032
187710
226032
187710
226032
187710
226032
138710
226032
187710
226032
187710
226032
13079
226032
187710
205467
187710
226032
13079
226032
13079
226032
187710
226032
187710
205467
187710
202283
187710
118244
13042
202283
187710
195668
13079
118244
13042
202283
187710
226032
187710
202283
13079
223605
187710
226032
13079
226032
13079
226032
187710
250001
198503
250001
193950
250001
250001
250001
138710
250001
250001
226045
198503
226045
13079
250001
250001
205467
250001
250001
13079
250001
13079
250001
250001
250001
250001
205467
250001
202283
250001
118244
13042
202283
250001
195668
13079
118244
13042
202283
193950
250001
250001
202283
13079
223605
250001
250001
13079
250001
13079
235941
250001
250001
193950
250001
198503
250001
138710
250001
198503
226045
250001
226045
13079
250001
198503
205467
198503
250001
13079
250001
13079
250001
198503
250001
198503
205467
198503
202283
198503
118244
13042
202283
198503
195668
13079
118244
13042
202283
193950
250001
198503
202283
13079
223605
198503
250001
13079
250001
13079
235941
198503
250001
193950
250001
138710
250001
193950
226045
193950
226045
13079
250001
193950
205467
193950
250001
13079
250001
13079
250001
193950
250001
193950
205467
193950
202283
193950
118244
13042
202283
193950
195668
13079
118244
13042
202283
250001
250001
193950
202283
13079
223605
193950
250001
13079
250001
13079
235941
193950
250001
138710
250001
250001
226045
198503
226045
13079
250001
250001
205467
250001
250001
13079
250001
13079
250001
250001
250001
250001
205467
250001
202283
250001
118244
13042
202283
250001
195668
13079
118244
13042
202283
193950
250001
250001
202283
13079
223605
250001
250001
13079
250001
13079
235941
250001
250001
138710
226045
138710
226045
13079
250001
138710
205467
138710
250001
13079
250001
13079
250001
138710
250001
138710
205467
138710
202283
138710
118244
13042
202283
138710
195668
13079
118244
13042
202283
138710
250001
138710
202283
13079
223605
138710
250001
13079
250001
13079
235941
138710
226045
198503
226045
13079
250001
250001
205467
250001
250001
13079
250001
13079
250001
250001
250001
250001
205467
250001
202283
250001
118244
13042
202283
250001
195668
13079
118244
13042
202283
193950
250001
250001
202283
13079
223605
250001
250001
13079
250001
13079
235941
250001
250001
13079
226045
198503
205467
198503
226045
13079
226045
13079
226045
198503
226045
198503
205467
198503
202283
198503
118244
13042
202283
198503
195668
13079
118244
13042
202283
193950
226045
198503
202283
13079
223605
198503
226045
13079
226045
13079
226045
198503
226045
13079
205467
13079
226045
138710
226045
138710
226045
13079
226045
13079
205467
13079
202283
13079
118244
13042
202283
13079
195668
250001
118244
13042
202283
13079
226045
13079
202283
138710
223605
13079
226045
138710
226045
138710
226045
13079
205467
250001
250001
13079
250001
13079
250001
250001
250001
250001
205467
250001
202283
250001
118244
13042
202283
250001
195668
13079
118244
13042
202283
193950
250001
250001
202283
13079
223605
250001
250001
13079
250001
13079
235941
250001
205467
13079
205467
13079
205467
250001
205467
250001
235941
250001
202283
250001
118244
13042
202283
250001
195668
13079
118244
13042
202283
193950
205467
250001
202283
13079
205467
250001
205467
13079
205467
13079
205467
250001
250001
192574
250001
13079
250001
13079
205467
13079
202283
13079
118244
13042
202283
13079
195668
138710
118244
13042
202283
13079
250001
13079
202283
187710
223605
13079
250001
192574
250001
187710
235941
13079
250001
13079
250001
13079
205467
13079
202283
13079
118244
13042
202283
13079
195668
138710
118244
13042
202283
13079
250001
13079
202283
187710
223605
13079
250001
250001
250001
187710
235941
13079
250001
250001
205467
250001
202283
250001
118244
13042
202283
250001
195668
13079
118244
13042
202283
193950
250001
250001
202283
13079
223605
250001
250001
13079
250001
13079
235941
250001
205467
250001
202283
250001
118244
13042
202283
250001
195668
13079
118244
13042
202283
193950
250001
250001
202283
13079
223605
250001
250001
13079
250001
13079
235941
250001
202283
250001
118244
13042
202283
250001
195668
13079
118244
13042
202283
193950
205467
250001
202283
13079
205467
250001
205467
13079
205467
13079
205467
250001
118244
13042
219377
250001
195668
13079
118244
13042
219377
193950
202283
250001
239472
13079
202283
250001
202283
13079
202283
13079
202283
250001
118244
13042
118244
13042
203955
138710
118244
13042
118244
13042
118244
13042
118244
13042
118244
13042
118244
13042
118244
13042
195668
13079
118244
13042
230986
193950
202283
250001
219377
13079
202283
250001
202283
13079
202283
13079
202283
250001
118244
13042
195668
13079
195668
13079
195668
138710
195668
13079
195668
138710
195668
138710
195668
13079
118244
13042
118244
13042
118244
13042
118244
13042
118244
13042
118244
13042
118244
13042
202283
193950
219377
13079
202283
193950
202283
13079
202283
13079
202283
193950
202283
13079
223605
250001
250001
13079
250001
13079
235941
250001
202283
13079
202283
187710
202283
192574
202283
13079
223605
13079
223605
13079
223605
250001
250001
187710
235941
13079
235941
13079
