153675
45537
153675
45537
23465
45537
99960
45537
153675
45537
153675
16646
20507
4992
194699
27350
153675
16319
11997
17059
101671
4992
101671
4992
153675
17059
153675
17059
194699
45537
227813
22715
101671
4992
19338
45537
11997
4992
101671
4992
20507
4992
153675
17059
19338
45537
101671
4992
227813
45537
101671
4992
99960
4992
101671
4992
99960
45537
101671
4992
119483
17541
153675
45537
153675
45537
101671
4992
153675
16319
101671
4992
88451
45537
161713
52131
23465
52131
99960
52131
196626
52131
161955
16646
20507
4992
153675
27350
188183
16319
11997
17059
101671
4992
101671
4992
161713
17059
188945
17059
153675
52131
153675
22715
101671
4992
19338
52131
11997
4992
101671
4992
20507
4992
188183
17059
19338
52131
101671
4992
153675
52131
101671
4992
99960
4992
101671
4992
99960
52131
101671
4992
119483
17541
196626
52131
154805
52131
101671
4992
210306
16319
101671
4992
88451
52131
23465
77216
99960
52178
161713
92587
161713
16646
20507
4992
153675
27350
161713
16319
11997
17059
101671
4992
101671
4992
187104
17059
161713
17059
153675
92587
153675
22715
101671
4992
19338
77216
11997
4992
101671
4992
20507
4992
161713
17059
19338
77216
101671
4992
153675
119353
101671
4992
99960
4992
101671
4992
99960
77216
101671
4992
119483
17541
161713
77216
154805
77216
101671
4992
161713
16319
101671
4992
88451
77216
23465
52178
23465
77216
23465
16646
20507
4992
23465
27350
23465
16319
11997
17059
23465
4992
23465
4992
23465
17059
23465
17059
23465
77216
23465
22715
23465
4992
19338
187830
11997
4992
23465
4992
20507
4992
23465
17059
19338
188007
23465
4992
23465
77216
23465
4992
23465
4992
23465
4992
23465
125725
23465
4992
23465
17541
23465
187830
23465
187830
23465
4992
23465
16319
23465
4992
23465
187830
99960
52178
99960
16646
20507
4992
99960
27350
99960
16319
11997
17059
99960
4992
99960
4992
99960
17059
99960
17059
99960
52178
99960
22715
99960
4992
19338
52178
11997
4992
99960
4992
20507
4992
99960
17059
19338
52178
99960
4992
99960
52178
99960
4992
101671
4992
99960
4992
194699
52178
99960
4992
99960
17541
99960
52178
99960
52178
99960
4992
99960
16319
99960
4992
88451
52178
161955
16646
20507
4992
153675
27350
188183
16319
11997
17059
101671
4992
101671
4992
161713
17059
188945
17059
153675
125725
153675
22715
101671
4992
19338
77216
11997
4992
101671
4992
20507
4992
188183
17059
19338
77216
101671
4992
153675
92587
101671
4992
99960
4992
101671
4992
99960
77216
101671
4992
119483
17541
197123
77216
154805
77216
101671
4992
196626
16319
101671
4992
88451
77216
20507
4992
153675
16646
161955
16319
11997
16646
101671
4992
101671
4992
161713
16646
161955
16646
153675
16646
153675
16646
101671
4992
19338
16646
11997
4992
101671
4992
20507
4992
161955
16646
19338
16646
101671
4992
153675
16646
101671
4992
99960
4992
101671
4992
99960
16646
101671
4992
119483
16646
161955
16646
154805
16646
101671
4992
161955
16319
101671
4992
88451
16646
20507
4992
20507
4992
11997
4992
20507
37679
20507
37679
20507
4992
20507
4992
20507
4992
20507
4992
20507
52178
19338
4992
11997
52193
20507
51742
174402
250001
20507
4992
19338
4992
20507
29465
20507
4992
20507
46159
20507
108011
20507
52178
20507
4992
20507
52178
20507
4992
20507
4992
20507
4992
20507
52193
20507
4992
20507
42140
20507
4992
153675
16319
11997
17059
101671
4992
101671
4992
153675
17059
153675
17059
227813
27350
194699
22715
101671
4992
19338
27350
11997
4992
101671
4992
20507
4992
153675
17059
19338
27350
101671
4992
194699
27350
101671
4992
99960
4992
101671
4992
99960
27350
101671
4992
119483
17541
153675
27350
153675
27350
101671
4992
153675
16319
101671
4992
88451
27350
11997
16319
101671
4992
101671
4992
161713
16319
188183
16319
153675
16319
153675
16319
101671
4992
19338
16319
11997
4992
101671
4992
20507
4992
191272
16319
19338
16319
101671
4992
153675
16319
101671
4992
99960
4992
101671
4992
99960
16319
101671
4992
119483
16319
188183
16319
154805
16319
101671
4992
188183
16646
101671
4992
88451
16319
11997
4992
11997
4992
11997
17949
11997
17949
11997
17059
11997
17059
11997
4992
11997
17059
19338
4992
11997
4992
11997
4992
11997
17541
11997
17059
11997
4992
11997
17059
11997
4992
11997
4992
11997
4992
11997
17059
11997
4992
11997
17059
11997
17059
11997
17059
11997
4992
11997
16319
11997
4992
11997
17059
196763
46037
101671
4992
101671
4992
101671
4992
101671
4992
170406
37679
19338
4992
11997
37679
119483
37679
20507
37679
101671
4992
19338
4992
250001
29465
101671
4992
250001
37679
99960
37679
114641
37679
99960
4992
250001
37679
101671
4992
101671
4992
101671
4992
238558
37679
101671
4992
250001
37679
88451
4992
101671
4992
101671
4992
101671
4992
101671
4992
170406
37679
19338
4992
11997
37679
119483
37679
20507
37679
101671
4992
19338
4992
196763
29465
101671
4992
196763
37679
99960
37679
114641
37679
99960
4992
196763
37679
101671
4992
101671
4992
101671
4992
196763
37679
101671
4992
196763
37679
88451
4992
161713
77216
153675
17059
153675
17059
101671
4992
19338
17059
11997
4992
101671
4992
20507
4992
161713
17541
19338
17059
101671
4992
153675
17059
101671
4992
99960
4992
101671
4992
99960
17059
101671
4992
119483
17059
161713
17059
154805
17059
101671
4992
161713
16319
101671
4992
88451
17059
153675
17059
153675
17059
101671
4992
19338
17059
11997
4992
101671
4992
20507
4992
188183
17541
19338
17059
101671
4992
153675
17059
101671
4992
99960
4992
101671
4992
99960
17059
101671
4992
119483
17059
188945
17059
154805
17059
101671
4992
188945
16319
101671
4992
88451
17059
194699
22715
101671
4992
19338
77216
11997
4992
101671
4992
20507
4992
153675
17059
19338
77216
101671
4992
194699
92587
101671
4992
99960
4992
101671
4992
99960
77216
101671
4992
119483
17541
153675
77216
153675
77216
101671
4992
153675
16319
101671
4992
88451
77216
101671
4992
19338
22715
11997
4992
101671
4992
20507
4992
153675
17059
19338
22715
101671
4992
250001
22715
101671
4992
99960
4992
101671
4992
99960
22715
101671
4992
119483
17541
153675
22715
153675
22715
101671
4992
153675
16319
101671
4992
88451
22715
19338
4992
11997
52178
119483
51742
20507
52178
101671
4992
19338
4992
170406
29465
101671
4992
170406
46159
99960
52178
114641
74079
99960
4992
170406
74079
101671
4992
101671
4992
101671
4992
170406
52178
101671
4992
170406
42140
88451
4992
11997
4992
19338
4992
19338
4992
19338
17059
22492
187830
19338
4992
19338
77216
19338
4992
19338
4992
19338
4992
19338
125725
19338
4992
19338
17541
19338
189058
19338
247704
19338
4992
19338
16319
19338
4992
19338
250001
11997
51742
11997
52193
11997
4992
11997
4992
11997
29465
11997
4992
11997
46159
11997
52193
11997
52178
11997
4992
11997
52178
11997
4992
11997
4992
11997
4992
11997
250001
11997
4992
11997
42140
11997
4992
20507
51742
101671
4992
19338
4992
119483
29465
101671
4992
119483
46159
99960
51742
114641
51742
99960
4992
119483
51742
101671
4992
101671
4992
101671
4992
119483
51742
101671
4992
119483
42140
88451
4992
20507
4992
19338
4992
20507
29465
20507
4992
20507
46159
20507
108011
20507
52178
20507
4992
20507
52178
20507
4992
20507
4992
20507
4992
20507
52193
20507
4992
20507
42140
20507
4992
19338
17059
101671
4992
153675
17059
101671
4992
99960
4992
101671
4992
99960
17059
101671
4992
119483
17059
188183
17059
154805
17059
101671
4992
188183
16319
101671
4992
88451
17059
19338
4992
19338
77216
19338
4992
19338
4992
19338
4992
19338
125725
19338
4992
19338
17541
19338
187830
19338
187830
19338
4992
19338
16319
19338
4992
19338
187830
101671
4992
250001
29465
99960
29465
114641
29465
99960
4992
250001
29465
101671
4992
101671
4992
101671
4992
238558
29465
101671
4992
250001
29465
88451
4992
101671
4992
99960
4992
101671
4992
99960
77216
101671
4992
119483
17541
153675
77216
153675
77216
101671
4992
153675
16319
101671
4992
88451
77216
99960
46159
114641
46159
99960
4992
250001
46159
101671
4992
101671
4992
101671
4992
238558
46159
101671
4992
250001
42140
88451
4992
99960
52178
101671
4992
99960
52178
99960
4992
99960
4992
99960
4992
99960
52193
99960
4992
99960
42140
88451
4992
99960
4992
114641
107980
101671
4992
101671
4992
101671
4992
114641
52178
101671
4992
114641
42140
88451
4992
99960
4992
99960
17541
99960
125725
99960
125725
99960
4992
99960
16319
99960
4992
88451
125725
101671
4992
101671
4992
101671
4992
238558
52178
101671
4992
250001
42140
88451
4992
119483
17541
119483
17541
101671
4992
119483
16319
101671
4992
88451
17541
154805
189058
101671
4992
196626
16319
101671
4992
88451
189058
101671
4992
154805
16319
101671
4992
88451
247704
101671
4992
238558
42140
88451
4992
101671
4992
88451
16319
88451
4992
