140430
125950
140430
72625
140430
238242
140430
196034
140430
77410
86334
77410
140430
196034
140430
250001
86334
77410
153716
187568
140430
229491
140430
213842
140430
77410
140430
196034
86334
77410
140430
77410
140430
77410
140430
238242
86334
77410
140430
77791
140430
72625
140430
77410
140430
77410
140430
77410
140430
250001
140430
187568
140430
157128
140430
77410
140430
81744
140430
196034
140430
238242
140430
238242
153354
72625
153354
125950
153354
125950
153354
77410
86334
77410
157281
125950
153354
125950
86334
77410
140430
125950
157281
125950
153354
125950
153354
77410
153354
125950
86334
77410
153354
77410
153354
77410
157944
125950
86334
77410
153354
77791
153354
72625
153354
77410
157281
77410
153354
77410
153354
125950
153354
125950
153354
125950
157281
77410
153354
81744
141363
125950
153354
125950
153354
125950
197428
72625
197428
72625
197428
72625
86334
72625
153354
72625
179325
72625
86334
72625
140430
72625
153354
72625
191419
72625
197428
72625
174364
72625
86334
72625
156587
72625
197428
72625
153354
72625
86334
72625
197428
72625
189544
85370
197428
72625
153354
72625
189544
72625
179325
72625
189297
72625
197428
72625
153354
72625
197428
72625
141363
72625
197428
72625
197428
72625
250001
196034
250001
77410
86334
77410
153354
196034
179325
238242
86334
77410
140430
187568
153354
229491
191419
213842
250001
77410
174364
196034
86334
77410
156587
77410
250001
77410
153354
250001
86334
77410
250001
77791
189544
72625
250001
77410
153354
77410
189544
77410
179325
238242
189297
187568
250001
157128
153354
77410
250001
81744
141363
196034
250001
250001
250001
250001
250001
77410
86334
77410
153354
200143
179325
196034
86334
77410
140430
187568
153354
196034
191419
196034
250001
77410
174364
200143
86334
77410
156587
77410
250001
77410
153354
196034
86334
77410
250001
77791
189544
72625
250001
77410
153354
77410
189544
77410
179325
196034
189297
187568
250001
157128
153354
77410
250001
81744
141363
200143
250001
196034
250001
196034
86334
77696
153354
77410
179325
77410
86334
77696
140430
77410
153354
77410
191419
77410
250001
77696
174364
77410
86334
77696
156587
77696
250001
77696
153354
77410
86334
77696
250001
77410
189544
72625
250001
77696
153354
77696
189544
77696
179325
77410
189297
77410
250001
77410
153354
77696
250001
77410
141363
77410
250001
77410
250001
77410
86334
77410
86334
77410
176120
154074
86334
77410
86334
77410
86334
77410
86334
77752
86334
77410
250001
110047
86334
250001
86334
186943
86334
77410
141363
187568
86334
77410
86334
72625
86334
250001
86334
238204
86334
250001
86334
77410
86334
77410
86334
77410
86334
247950
86334
77410
86334
77410
86334
77410
86334
77410
153354
196034
86334
77410
140430
187568
167439
196034
153354
196034
153354
77410
153354
228139
86334
77410
153354
77410
153354
77410
157281
196034
86334
77410
153354
77791
153354
72625
153354
77410
166633
77410
153354
77410
153354
196034
153354
187568
153354
157128
184047
77410
153354
81744
141363
209871
153354
196034
153354
196034
86334
77410
140430
187568
153354
229491
179325
213842
179325
77410
174364
196034
86334
77410
156587
77410
179325
77410
153354
238242
86334
77410
179325
77791
179325
72625
179325
77410
153354
77410
179325
77410
250001
250001
179325
187568
179325
157128
153354
77410
179325
81744
141363
196034
179325
238242
179325
238242
86334
77410
86334
77410
86334
77410
86334
77752
86334
77410
176120
110047
86334
154074
86334
154074
86334
77410
141363
154074
86334
77410
86334
72625
86334
154074
86334
154074
86334
154074
86334
77410
86334
77410
86334
77410
86334
154074
86334
77410
86334
77410
86334
77410
86334
77410
140430
187568
140430
187568
140430
77410
140430
187568
86334
77410
140430
77410
140430
77410
140430
187568
86334
77410
140430
77791
140430
72625
140430
77410
140430
77410
140430
77410
140430
187568
140430
250001
140430
157128
140430
77410
140430
81744
140430
187568
140430
187568
140430
187568
153354
213842
153354
77410
153354
196034
86334
77410
153354
77410
153354
77410
157281
229491
86334
77410
153354
77791
153354
72625
153354
77410
166633
77410
153354
77410
153354
229491
153354
187568
153354
157128
167439
77410
153354
81744
141363
196034
153354
229491
153354
229491
191419
77410
174364
196034
86334
77410
156587
77410
191419
77410
153354
213842
86334
77410
191419
77791
189544
72625
191419
77410
153354
77410
189544
77410
179325
213842
189297
187568
191419
157128
153354
77410
191419
81744
141363
196034
191419
213842
191419
213842
174364
77410
86334
77752
156587
77752
250001
77752
153354
77410
86334
77752
250001
77410
189544
72625
250001
77752
153354
77752
189544
77752
179325
77410
189297
77410
250001
77410
153354
77752
250001
77410
141363
77410
250001
77410
250001
77410
86334
77410
156587
77410
174364
77410
153354
196034
86334
77410
174364
77791
174364
72625
174364
77410
153354
77410
174364
77410
174364
196034
174364
187568
174364
157128
153354
77410
174364
81744
141363
209871
174364
196034
174364
196034
86334
110047
86334
110047
86334
77410
141363
110047
86334
77410
86334
72625
86334
110047
86334
110047
86334
110047
86334
77410
86334
77410
86334
77410
86334
110047
86334
77410
86334
77410
86334
77410
86334
77410
156587
186943
153354
77410
86334
187568
156587
77410
156587
72625
156587
250001
153354
238204
156587
250001
156587
77410
156587
77410
156587
77410
153354
247950
156587
77410
141363
77410
156587
77410
156587
77410
153354
77410
86334
186943
250001
77410
189544
72625
250001
186943
153354
186943
189544
186943
179325
77410
189297
77410
250001
77410
153354
186943
250001
77410
141363
77410
250001
77410
250001
77410
86334
77410
153354
77791
153354
72625
153354
77410
157281
77410
153354
77410
153354
238242
153354
187568
153354
157128
157281
77410
153354
81744
141363
196034
153354
250001
153354
250001
86334
77410
86334
72625
86334
187568
86334
187568
86334
187568
86334
77410
86334
77410
86334
77410
86334
187568
86334
77410
86334
77410
86334
77410
86334
77410
189544
72625
250001
77410
153354
77410
189544
77410
179325
77791
189297
77791
250001
77791
153354
77410
250001
77791
141363
77791
250001
77791
250001
77791
189544
72625
153354
72625
191419
72625
179325
72625
189297
72625
189544
72625
153354
72625
189544
72625
141363
72625
189544
72625
189544
72625
153354
238204
189544
250001
179325
77410
189297
77410
250001
77410
153354
247950
250001
77410
141363
77410
250001
77410
250001
77410
153354
238204
153354
77410
153354
77410
153354
77410
166633
238204
153354
77410
141363
77410
153354
77410
153354
77410
179325
77410
189297
77410
189544
77410
153354
247950
189544
77410
141363
77410
189544
77410
189544
77410
179325
187568
179325
157128
153354
77410
179325
81744
141363
196034
179325
238242
179325
238242
189297
157128
153354
77410
189297
81744
141363
187568
189297
187568
189297
187568
153354
77410
250001
81744
141363
157128
250001
157128
250001
157128
153354
77410
141363
77410
153354
77410
153354
77410
141363
81744
250001
81744
250001
81744
141363
196034
141363
196034
250001
250001
