40815
32505
4985
49344
4759
60264
4985
49344
4759
60264
4759
48982
3226
49344
4985
60264
4759
60264
4759
32505
3226
18682
3226
60264
4759
49344
4759
48982
4985
60264
4759
55384
4759
55384
3226
18682
4759
32505
4759
60264
4759
36146
4759
19003
4985
60264
3226
60264
4759
60264
3226
60264
9140
60264
4985
60264
4985
60264
4759
60264
4759
55384
36128
60264
4759
60264
4759
55384
4759
19003
4985
32505
4759
32505
4985
32505
4759
32505
4759
32505
3226
32505
4985
32505
4759
32505
4759
54144
3226
18682
3226
32505
4759
32505
4759
32505
4985
32505
4759
32505
4759
32505
3226
18682
4759
54144
4759
32505
4759
32505
4759
19003
4985
32505
3226
32505
4759
32505
3226
32505
9140
32505
4985
32505
4985
32505
4759
32505
4759
32505
36128
32505
4759
32505
4759
32505
4759
19003
4759
49344
230601
51318
4759
49344
4759
48982
3226
77940
250001
49344
4759
49344
4759
32505
3226
18682
3226
49344
4759
49981
4759
48982
250001
49344
4759
49344
4759
49344
3226
18682
4759
32505
4759
49344
4759
36146
4759
19003
205777
49344
3226
49344
4759
49344
3226
49344
4985
49344
7791
49344
153145
49344
4759
49344
4759
49344
4985
49344
4759
49344
4759
49344
4759
19003
4759
49344
143218
250001
89730
48982
3226
49344
4759
148396
89730
89526
143218
32505
3226
18682
3226
250001
100674
49344
89730
48982
4759
171373
143218
55384
143218
55384
3226
18682
143218
32505
89730
250001
89730
36146
89730
19003
4759
148396
3226
171373
143218
75571
3226
250001
4759
148396
4759
250001
4759
171373
89730
134955
143218
55384
4759
89526
36128
89526
89730
55384
89730
19003
4759
49344
4759
48982
3226
51318
230601
49344
4759
49344
4759
32505
3226
18682
3226
49344
4759
49981
4759
48982
230601
49344
4759
49344
4759
49344
3226
18682
4759
32505
4759
49344
4759
36146
4759
19003
205777
49344
3226
49344
4759
49344
3226
49344
4985
49344
7791
49344
153145
49344
4759
49344
4759
49344
4985
49344
4759
49344
4759
49344
4759
19003
89730
48982
3226
49344
4759
148396
89730
89526
213613
32505
3226
18682
3226
250001
100674
49344
89730
48982
4759
171373
213613
55384
213613
55384
3226
18682
148986
32505
89730
250001
89730
36146
89730
19003
4759
148396
3226
171373
213613
75571
3226
250001
4759
148396
4759
250001
4759
171373
89730
134955
213613
55384
4759
89526
36128
89526
89730
55384
89730
19003
3226
48982
4759
48982
250001
48982
89730
32505
3226
18682
3226
48982
89730
48982
101611
49344
4759
48982
89730
48982
89730
48982
3226
18682
89730
32505
93668
48982
250001
36146
143218
19003
4759
48982
3226
48982
89730
48982
3226
48982
4759
48982
4759
48982
4759
48982
250001
48982
89730
48982
4759
48982
36128
48982
250001
48982
150384
19003
3226
49344
3226
49344
3226
32505
4985
18682
4985
49344
3226
49981
3226
48982
3226
49344
3226
49344
3226
49344
5079
18682
3226
32505
3226
49344
3226
36146
3226
19003
3226
49344
7791
49344
3226
49344
5079
49344
3226
49344
3226
49344
3226
49344
3226
49344
3226
49344
3226
49344
3226
49344
3226
49344
3226
19003
4759
89526
4759
32505
3226
18682
3226
148396
4759
49344
4759
48982
250001
148396
4759
55384
4759
55384
3226
18682
4759
32505
4759
148396
4759
36146
4759
19003
205777
232280
3226
148396
4759
75571
3226
148396
4985
208835
7791
148396
153145
148396
4759
134955
4759
55384
4985
89526
4759
89526
4759
55384
4759
19003
89730
32505
3226
18682
3226
89526
89730
49344
101611
48982
4759
89526
89730
55384
89730
55384
3226
18682
89730
32505
93668
89526
250001
36146
143218
19003
4759
89526
3226
89526
89730
75571
3226
89526
4759
89526
4759
89526
4759
89526
250001
89526
89730
55384
4759
148396
36128
100624
250001
55384
150384
19003
3226
18682
3226
32505
100674
32505
89730
32505
4759
32505
218135
32505
250001
32505
3226
18682
148986
250001
89730
32505
89730
32505
89730
19003
4759
32505
3226
32505
250001
32505
3226
32505
4759
32505
4759
32505
4759
32505
89730
32505
250001
32505
4759
32505
36128
32505
89730
32505
89730
19003
8475
18682
3226
18682
3226
18682
3226
18682
3226
18682
3226
18682
4985
83864
3226
18682
3226
18682
3226
18682
3226
18682
3226
18682
4985
18682
3226
18682
4985
18682
3226
18682
3226
18682
3226
18682
3226
18682
3226
18682
3226
18682
3226
18682
3226
18682
3226
18682
3226
49344
3226
48982
3226
171373
3226
55384
3226
55384
4985
18682
3226
32505
3226
250001
3226
36146
3226
19003
3226
148396
4985
171373
3226
75571
4985
250001
3226
148396
3226
250001
3226
171373
3226
134955
3226
55384
3226
89526
3226
89526
3226
55384
3226
19003
89730
48982
4759
49344
100674
49344
100674
49344
3226
18682
100674
32505
89730
49344
89730
36146
89730
19003
4759
49344
3226
49344
100674
49344
3226
49344
4759
49344
4759
49344
4759
49344
89730
49344
100674
49344
4759
49344
36128
49344
89730
49344
89730
19003
4759
48982
89730
48982
89730
48982
3226
18682
89730
32505
93668
48982
101611
36146
101611
19003
4759
48982
3226
48982
89730
48982
3226
48982
4759
48982
4759
48982
4759
48982
101611
48982
89730
48982
4759
48982
36128
48982
101611
48982
101611
19003
4759
55384
4759
55384
3226
18682
4759
32505
4759
171373
4759
36146
4759
19003
205777
148396
3226
250001
4759
75571
3226
171373
4985
148396
7791
171373
153145
250001
4759
134955
4759
55384
4985
89526
4759
89526
4759
55384
4759
19003
218135
93827
3226
18682
148986
32505
89730
55384
89730
36146
89730
19003
4759
55384
3226
55384
218135
55384
3226
55384
4759
55384
4759
55384
4759
55384
89730
55384
218135
110460
4759
55384
36128
55384
89730
160150
89730
19003
3226
18682
148986
32505
89730
55384
89730
36146
89730
19003
4759
55384
3226
55384
250001
55384
3226
55384
4759
55384
4759
55384
4759
55384
89730
55384
250001
93827
4759
55384
36128
55384
89730
93827
89730
19003
3226
18682
3226
18682
3226
18682
3226
18682
3226
18682
5079
18682
3226
18682
9916
18682
3226
18682
3226
18682
3226
18682
3226
18682
3226
18682
3226
18682
3226
18682
3226
18682
3226
18682
89730
32505
89730
32505
89730
19003
4759
32505
3226
32505
148986
32505
3226
32505
4759
32505
4759
32505
4759
32505
89730
32505
148986
32505
4759
32505
36128
32505
89730
32505
89730
19003
93668
36146
93668
19003
4759
148396
3226
171373
89730
75571
3226
250001
4759
148396
4759
250001
4759
171373
93668
134955
89730
55384
4759
89526
36128
89526
93668
55384
93668
19003
143218
19003
4759
36146
3226
36146
89730
36146
3226
36146
4759
36146
4759
36146
4759
36146
250001
36146
89730
36146
4759
36146
36128
36146
250001
36146
150384
19003
4759
19003
3226
19003
89730
19003
3226
19003
4759
19003
4759
19003
4759
19003
143218
19003
89730
19003
4759
19003
36128
19003
143218
19003
143218
44475
3226
148396
4759
75571
3226
148396
4985
208835
7791
148396
153145
148396
4759
134955
4759
55384
4985
89526
4759
89526
4759
55384
4759
19003
3226
75571
5079
171373
3226
148396
3226
171373
3226
250001
3226
134955
3226
55384
3226
89526
3226
89526
3226
55384
3226
19003
3226
75571
4759
75571
4759
75571
4759
75571
89730
75571
250001
55384
4759
75571
36128
75571
89730
55384
89730
19003
3226
148396
3226
250001
3226
171373
3226
134955
3226
55384
3226
89526
3226
89526
3226
55384
3226
19003
4985
148396
4985
148396
4759
134955
4759
55384
9140
89526
4759
89526
4759
55384
4759
19003
7791
171373
4759
134955
4759
55384
4985
89526
4759
89526
4759
55384
4759
19003
4759
134955
4759
55384
4985
89526
4759
89526
4759
55384
4759
19003
89730
55384
4759
89526
36128
89526
250001
55384
150384
19003
4759
55384
36128
55384
89730
110460
89730
19003
4759
100624
4759
55384
4759
19003
36128
55384
36128
19003
150384
19003
