57516
247342
32459
26385
32706
52254
32706
26385
16471
32753
33251
26385
32459
47530
66560
50649
33251
247342
32459
50649
33251
26385
32459
26385
32706
247342
16471
247342
32706
26385
33251
26385
32459
247342
16471
242824
34973
26385
32706
26385
32459
26385
34973
247342
32459
26385
32248
247342
32706
52254
33251
247342
33251
26385
32248
26385
32706
247342
33251
26385
73736
247342
32248
105727
33251
247342
250001
247342
32706
6089
32706
99751
33251
6089
32459
26385
32706
52254
32706
26385
16471
32753
33251
26385
32459
47530
57516
50649
33251
250001
32459
50649
33251
26385
32459
26385
32706
250001
16471
250001
32706
26385
33251
26385
32459
250001
16471
242824
34973
26385
32706
26385
32459
26385
34973
250001
32459
26385
32248
250001
32706
52254
33251
250001
33251
26385
32248
26385
32706
250001
33251
26385
57516
250001
32248
105727
33251
250001
57516
250001
32706
6089
32706
99751
33251
6089
32459
26385
32459
58254
16471
26385
32459
58254
71377
26385
32459
26385
32459
26385
36707
26385
32459
58254
36707
58254
32459
26385
16471
26385
32459
47530
32459
58254
32706
26385
16471
26385
32459
58254
32459
58254
33461
58254
32459
26385
250001
130546
32248
26385
32459
26385
32459
26385
32459
58254
32248
58254
32459
26385
32459
58254
32459
26385
32248
26385
32459
26385
32459
26385
32459
6089
32459
26385
32459
6089
41681
26385
16471
32753
32706
26385
32459
47530
32706
50649
32706
52254
32459
50649
32706
26385
32459
26385
250001
52254
16471
52254
33461
26385
32706
26385
32459
52254
16471
52254
32706
26385
33461
26385
32459
26385
32706
52254
32459
26385
32248
52254
33461
250001
32706
52254
32706
26385
32248
26385
33461
52254
32706
26385
32706
52254
32248
52254
32706
52254
32706
52254
41681
6089
33461
52254
32706
6089
16471
26385
32706
215734
32459
26385
32706
26385
32706
26385
32459
26385
32706
215734
32459
215734
41681
26385
16471
26385
33461
47530
32706
215734
32459
26385
16471
26385
32706
215734
33461
215734
32459
130546
32706
26385
32459
58254
32248
26385
33461
26385
32706
26385
32706
215734
32248
215734
33461
26385
32706
215734
32706
26385
32248
26385
32706
26385
32706
26385
250001
6089
33461
26385
32706
6089
16471
26385
16471
32753
16471
32753
16471
32753
16471
32753
16471
26385
16471
26385
16471
32753
32248
32753
16471
26385
16471
26385
16471
32753
32248
32753
16471
26385
16471
26385
16471
26385
16471
32753
16471
26385
16471
32753
16471
32753
16471
32753
16471
26385
16471
26385
16471
32753
16471
26385
16471
32753
16471
32753
16471
32753
16471
32753
16471
6089
16471
32753
16471
6089
32459
26385
33251
26385
38782
26385
32459
26385
50384
250001
32459
250001
32706
26385
16471
26385
32706
47530
38782
250001
32459
26385
16471
26385
33251
250001
32706
250001
32459
130546
33251
26385
32459
58254
32248
26385
32706
26385
50384
26385
50384
250001
32248
250001
32706
26385
50384
250001
33251
26385
32248
26385
50384
26385
33251
26385
32706
6089
32706
26385
38782
6089
32459
47530
32459
47530
36707
47530
32459
26385
36707
26385
32459
47530
16471
47530
32459
26385
32459
26385
32706
47530
16471
47530
32459
26385
32459
26385
33461
26385
32459
47530
71377
26385
32248
47530
32459
47530
32459
47530
32459
26385
32248
26385
32459
47530
32459
26385
32459
47530
32248
47530
32459
47530
32459
47530
32459
6089
32459
47530
32459
6089
33251
50649
32459
250001
33251
26385
32459
26385
32706
50649
16471
50649
32706
26385
33251
26385
32459
50649
16471
50649
34973
26385
32706
26385
32459
26385
34973
50649
32459
26385
32248
50649
32706
50649
33251
50649
33251
26385
32248
26385
32706
50649
33251
26385
66560
50649
32248
50649
33251
50649
66560
50649
32706
6089
32706
50649
33251
6089
32459
50649
38782
26385
32459
26385
32706
250001
16471
250001
32706
26385
188439
26385
32459
250001
16471
242824
33251
26385
32706
26385
32459
26385
33251
250001
32459
26385
32248
250001
32706
52254
38782
250001
38782
26385
32248
26385
32706
250001
38782
26385
33251
250001
32248
105727
38782
250001
33251
250001
32706
6089
32706
99751
188439
6089
32459
26385
62586
26385
32459
50649
16471
50649
32459
26385
32459
26385
32706
50649
16471
50649
32459
26385
32459
26385
33461
26385
32459
50649
36707
26385
32248
50649
32459
50649
32459
50649
32459
26385
32248
26385
32459
50649
32459
26385
32459
50649
32248
50649
32459
50649
32459
50649
32459
6089
32459
50649
32459
6089
32459
250001
32706
26385
16471
26385
32706
47530
38782
250001
32459
26385
16471
26385
33251
250001
32706
250001
32459
130546
33251
26385
32459
58254
32248
26385
32706
26385
245910
26385
250001
250001
32248
250001
32706
26385
250001
250001
33251
26385
32248
26385
57434
26385
33251
26385
32706
6089
32706
26385
38782
6089
32459
26385
16471
26385
32459
47530
32459
250001
32706
26385
16471
26385
32459
250001
32459
250001
33461
130546
32459
26385
36707
58254
32248
26385
32459
26385
32459
26385
32459
250001
32248
250001
32459
26385
32459
250001
32459
26385
32248
26385
32459
26385
32459
26385
32459
6089
32459
26385
32459
6089
16471
250001
33461
26385
32706
26385
32459
250001
16471
242824
32706
26385
33461
26385
32459
26385
32706
250001
32459
26385
32248
250001
33461
52254
32706
250001
32706
26385
32248
26385
33461
250001
32706
26385
32706
250001
32248
105727
32706
250001
32706
250001
41681
6089
33461
99751
32706
6089
16471
26385
16471
26385
16471
250001
34973
242824
16471
26385
16471
26385
16471
26385
16471
250001
16471
26385
16471
250001
16471
52254
16471
250001
16471
26385
16471
26385
16471
250001
16471
26385
16471
250001
16471
105727
16471
250001
16471
250001
16471
6089
16471
99751
16471
6089
32706
47530
32459
26385
16471
26385
32706
47530
36707
47530
32459
47530
32706
26385
32459
47530
32248
26385
67276
26385
32706
26385
32706
47530
32248
47530
37724
26385
32706
47530
32706
26385
32248
26385
32706
26385
32706
26385
33461
6089
37136
26385
32706
6089
32459
26385
16471
26385
33251
250001
32706
250001
32459
130546
33251
26385
32459
58254
32248
26385
32706
26385
38782
26385
38782
250001
32248
250001
32706
26385
38782
250001
33251
26385
32248
26385
38782
26385
33251
26385
32706
6089
32706
26385
245910
6089
16471
242824
32459
26385
32459
26385
32706
26385
32459
250001
32706
26385
32248
250001
32459
52254
32459
250001
32459
26385
32248
26385
32459
250001
32459
26385
32459
250001
32248
105727
32459
250001
32459
250001
32459
6089
32459
99751
32459
6089
16471
26385
16471
26385
16471
26385
16471
242824
16471
26385
16471
242824
16471
52254
16471
242824
16471
26385
16471
26385
16471
242824
16471
26385
16471
242824
16471
105727
16471
242824
16471
242824
16471
6089
16471
99751
16471
6089
32706
250001
32459
130546
216452
26385
32459
58254
32248
26385
32706
26385
33251
26385
33251
250001
32248
250001
32706
26385
33251
250001
34973
26385
32248
26385
33251
26385
34973
26385
32706
6089
32706
26385
33251
6089
32459
130546
32706
26385
32459
58254
32248
26385
36707
26385
32706
26385
32706
250001
32248
250001
36707
26385
32706
250001
32706
26385
32248
26385
32706
26385
32706
26385
33461
6089
36707
26385
32706
6089
32459
26385
33461
58254
32248
26385
32459
26385
32459
26385
32459
130546
32248
130546
32459
26385
32459
130546
32459
26385
32248
26385
32459
26385
32459
26385
32459
6089
32459
26385
32459
6089
32459
26385
32248
250001
32706
52254
33251
250001
33251
26385
32248
26385
32706
250001
33251
26385
34973
250001
32248
105727
33251
250001
34973
250001
32706
6089
32706
99751
33251
6089
32248
26385
32459
26385
32459
26385
32459
58254
32248
58254
32459
26385
32459
58254
32459
26385
32248
26385
32459
26385
32459
26385
32459
6089
32459
26385
32459
6089
32248
52254
32248
250001
32248
26385
66560
26385
32248
250001
32248
26385
32248
250001
32706
105727
32248
250001
32248
250001
32248
6089
32248
99751
32248
6089
32706
52254
32706
26385
32248
26385
37724
52254
32706
26385
32706
52254
32248
52254
32706
52254
32706
52254
33461
6089
37136
52254
32706
6089
245910
26385
32248
26385
32706
250001
245910
26385
33251
250001
32248
105727
57434
250001
33251
250001
32706
6089
32706
99751
38782
6089
32248
250001
32706
26385
250001
250001
33251
26385
32248
26385
57434
26385
33251
26385
32706
6089
32706
26385
38782
6089
32248
26385
32248
250001
32248
26385
32706
26385
32248
26385
32248
26385
32248
6089
32248
26385
32248
6089
32706
26385
32706
250001
32248
105727
32706
250001
32706
250001
33461
6089
37136
99751
32706
6089
33251
26385
32248
26385
57434
26385
33251
26385
32706
6089
32706
26385
38782
6089
32248
105727
33251
250001
73736
250001
32706
6089
32706
99751
33251
6089
32248
105727
32248
105727
32248
6089
32248
99751
32248
6089
33251
250001
32706
6089
32706
99751
38782
6089
32706
6089
32706
99751
33251
6089
33461
6089
32706
26385
32706
6089
