96993
228397
96993
228397
12602
188057
71505
228397
96993
12190
12602
21287
164964
21287
12602
12190
53897
21287
71505
228397
18282
250001
96993
189641
96993
21287
96993
228397
71505
250001
164964
51447
96993
21287
96993
189641
96993
228397
96993
8233
18282
250001
164964
189641
164964
228397
96993
228397
71505
188057
12602
7652
88142
188057
96993
188057
96993
7652
96993
51447
114135
187322
96993
228397
96993
228397
96993
7652
71505
228397
80516
8233
250001
250001
12602
188057
71505
250001
187401
12190
12602
21287
96993
21287
12602
12190
53897
21287
71505
250001
18282
228397
250001
189641
174993
21287
250001
250001
71505
228397
96993
51447
250001
21287
207175
189641
250001
250001
250001
8233
18282
228397
96993
189641
96993
250001
250001
250001
71505
188057
12602
7652
88142
188057
250001
188057
250001
7652
250001
51447
96993
187322
250001
250001
250001
250001
250001
7652
71505
250001
80516
8233
12602
188057
71505
250001
187401
12190
12602
21287
96993
21287
12602
12190
53897
21287
71505
250001
18282
228397
250001
189641
174993
21287
250001
250001
71505
228397
96993
51447
250001
21287
207175
189641
250001
250001
250001
8233
18282
228397
96993
189641
96993
250001
250001
250001
71505
188057
12602
7652
88142
188057
250001
188057
250001
7652
250001
51447
96993
187322
250001
250001
250001
250001
250001
7652
71505
250001
80516
8233
12602
188057
12602
12190
53897
21287
12602
21287
164964
12190
12602
21287
12602
188057
12602
188057
12602
188057
12602
21287
12602
188057
12602
188057
12602
51447
12602
21287
12602
188057
12602
188057
12602
8233
12602
188057
12602
188057
12602
188057
12602
188057
12602
250001
96993
7652
12602
250001
12602
189641
12602
7652
12602
51447
12602
187322
12602
188057
12602
188057
12602
7652
12602
188057
12602
8233
71505
12190
12602
21287
71505
21287
12602
12190
53897
21287
80516
250001
18282
228397
71505
189641
71505
21287
71505
250001
151597
228397
71505
51447
71505
21287
71505
189641
71505
250001
71505
8233
18282
228397
71505
189641
71505
250001
71505
250001
250001
188057
12602
7652
71505
188057
71505
188057
71505
7652
71505
51447
71505
187322
71505
250001
71505
250001
71505
7652
209372
250001
71505
8233
12602
12190
96993
12190
12602
250001
53897
12190
71505
12190
18282
12190
187401
12190
174993
12190
187401
12190
71505
12190
96993
12190
187401
12190
187401
12190
187401
12190
187401
8233
18282
12190
96993
12190
96993
12190
187401
12190
71505
12190
12602
7652
88142
12190
187401
12190
187401
7652
187401
12190
96993
12190
187401
12190
187401
12190
187401
7652
71505
12190
80516
8233
12602
250001
53897
12190
12602
22530
12602
21287
12602
21287
12602
21287
12602
49873
12602
21287
12602
21287
12602
21287
12602
22530
12602
21287
12602
21287
12602
8233
12602
21287
12602
21287
12602
21287
12602
21287
12602
21287
53897
7652
12602
21287
12602
21287
12602
7652
12602
21287
12602
21287
12602
21287
12602
21287
12602
7652
12602
21287
12602
8233
12602
12190
53897
22530
71505
21287
18282
21287
96993
21287
96993
49873
96993
21287
71505
21287
250001
21287
96993
22530
96993
21287
96993
21287
96993
8233
18282
21287
211294
21287
250001
21287
96993
21287
71505
21287
12602
7652
88142
21287
96993
21287
96993
7652
96993
21287
114135
21287
96993
21287
96993
21287
96993
7652
71505
21287
80516
8233
12602
12190
12602
12190
12602
12190
12602
12190
12602
12190
12602
12190
12602
12190
12602
12190
12602
12190
12602
12190
12602
12190
12602
8233
12602
12190
12602
12190
12602
12190
12602
12190
12602
12190
96993
7652
12602
12190
12602
12190
12602
7652
12602
12190
12602
12190
12602
12190
12602
12190
12602
7652
12602
12190
12602
8233
53897
21287
18282
21287
53897
21287
53897
22530
53897
21287
53897
21287
53897
21287
53897
250001
53897
21287
53897
21287
53897
8233
18282
21287
53897
21287
53897
21287
53897
21287
53897
21287
12602
7652
53897
21287
53897
21287
53897
7652
53897
21287
53897
21287
53897
21287
53897
21287
53897
7652
53897
21287
53897
8233
18282
228397
71505
189641
71505
21287
71505
250001
80516
228397
71505
51447
71505
21287
71505
189641
71505
250001
71505
8233
18282
228397
71505
189641
71505
250001
71505
250001
80516
188057
12602
7652
71505
188057
71505
188057
71505
7652
71505
51447
71505
187322
71505
250001
71505
250001
71505
7652
80516
250001
71505
8233
18282
189641
18282
21287
18282
228397
18282
250001
18282
51447
18282
21287
18282
189641
18282
228397
18282
8233
250001
250001
18282
189641
18282
228397
18282
228397
18282
188057
12602
7652
18282
188057
18282
188057
18282
7652
18282
51447
18282
187322
18282
228397
18282
228397
18282
7652
18282
228397
18282
8233
174993
21287
250001
189641
71505
189641
96993
51447
250001
21287
207175
228397
250001
189641
250001
8233
18282
189641
96993
250001
96993
189641
250001
189641
71505
188057
12602
7652
88142
188057
250001
188057
250001
7652
250001
51447
96993
187322
250001
189641
250001
189641
250001
7652
71505
189641
80516
8233
174993
21287
71505
21287
96993
21287
174993
22530
174993
21287
174993
21287
174993
8233
18282
21287
96993
21287
96993
21287
174993
21287
71505
21287
12602
7652
88142
21287
174993
21287
174993
7652
174993
21287
96993
21287
174993
21287
174993
21287
174993
7652
71505
21287
80516
8233
71505
228397
96993
51447
250001
21287
207175
189641
250001
250001
250001
8233
18282
228397
96993
189641
96993
250001
250001
250001
71505
188057
12602
7652
88142
188057
250001
188057
250001
7652
250001
51447
96993
187322
250001
250001
250001
250001
250001
7652
71505
250001
80516
8233
71505
51447
71505
21287
71505
189641
71505
228397
71505
8233
18282
250001
71505
189641
71505
228397
71505
228397
151597
188057
12602
7652
71505
188057
71505
188057
71505
7652
71505
51447
71505
187322
71505
228397
71505
228397
71505
7652
151597
228397
71505
8233
96993
21287
96993
51447
96993
51447
96993
8233
18282
51447
211294
51447
250001
51447
96993
51447
71505
51447
12602
7652
88142
51447
96993
51447
96993
7652
96993
189641
114135
51447
96993
51447
96993
51447
96993
7652
71505
51447
80516
8233
207175
21287
250001
21287
250001
8233
18282
21287
96993
21287
96993
21287
250001
21287
71505
21287
12602
7652
88142
21287
250001
21287
250001
7652
250001
21287
96993
21287
250001
21287
250001
21287
250001
7652
71505
21287
80516
8233
207175
189641
207175
8233
18282
189641
96993
228397
96993
189641
207175
189641
71505
188057
12602
7652
88142
188057
207175
188057
207175
7652
207175
51447
96993
187322
207175
189641
207175
189641
207175
7652
71505
189641
80516
8233
250001
8233
18282
228397
96993
189641
96993
250001
250001
250001
71505
188057
12602
7652
88142
188057
250001
188057
250001
7652
250001
51447
96993
187322
250001
250001
250001
250001
250001
7652
71505
250001
80516
8233
18282
8233
96993
8233
96993
8233
250001
8233
71505
8233
12602
7652
88142
8233
250001
8233
250001
7652
250001
8233
96993
8233
250001
8233
250001
8233
250001
7652
71505
8233
80516
250001
18282
189641
18282
228397
18282
228397
18282
188057
12602
7652
18282
188057
18282
188057
18282
7652
18282
51447
18282
187322
18282
228397
18282
228397
18282
7652
18282
228397
18282
8233
211294
189641
96993
189641
71505
188057
12602
7652
88142
188057
96993
188057
96993
7652
96993
51447
114135
187322
96993
189641
96993
189641
96993
7652
71505
189641
80516
8233
96993
250001
71505
188057
12602
7652
88142
188057
96993
188057
96993
7652
96993
51447
114135
187322
96993
250001
96993
250001
96993
7652
71505
250001
80516
8233
71505
188057
12602
7652
88142
188057
250001
188057
250001
7652
250001
51447
96993
187322
250001
250001
250001
250001
250001
7652
71505
250001
80516
8233
12602
7652
71505
250001
71505
189641
71505
7652
71505
51447
71505
187322
71505
188057
71505
188057
71505
7652
209372
188057
71505
8233
12602
7652
12602
7652
12602
21287
12602
7652
12602
7652
12602
7652
12602
7652
12602
21287
12602
7652
12602
7652
88142
189641
88142
7652
88142
51447
88142
187322
88142
188057
88142
188057
88142
7652
71505
188057
80516
8233
250001
7652
250001
51447
96993
187322
250001
188057
250001
188057
250001
7652
71505
188057
80516
8233
250001
7652
96993
7652
250001
7652
250001
7652
250001
250001
71505
7652
80516
7652
96993
51447
250001
51447
250001
51447
250001
7652
71505
51447
80516
8233
96993
187322
96993
187322
96993
7652
71505
187322
80516
8233
250001
250001
250001
7652
71505
250001
80516
8233
250001
7652
71505
250001
80516
8233
71505
7652
80516
7652
71505
8233
