2859
234522
2859
23294
2859
237704
2859
127541
2859
158886
2859
31600
2859
10551
2859
100745
2859
83296
2859
121679
2572
35324
2859
104483
2859
126952
2859
96589
2859
13448
2572
5735
2859
83296
7201
183093
2859
237704
2572
208327
2859
63034
2859
96589
2859
183093
1973
150226
2859
144698
2572
5735
2859
100745
2859
237704
2859
237704
2859
96589
1973
237704
2859
96589
2572
96589
2859
96589
2859
30542
54496
23294
25966
234522
54496
127541
7201
158886
54496
31600
20623
10551
54496
100745
52201
83296
9774
121679
2572
35324
9774
104483
7201
126952
54496
96589
9076
13448
2572
5735
26874
83296
2859
183093
18763
234522
2572
208327
25966
63034
54496
96589
26874
183093
1973
150226
54496
144698
2572
5735
54496
100745
54496
234522
26612
234522
54496
96589
1973
234522
25966
96589
2572
96589
54496
96589
54496
30542
25966
23294
61226
23294
7201
23294
95514
23294
20623
10551
61226
23294
52201
23294
9774
23294
2572
23294
9774
23294
7201
23294
95514
23294
9076
13448
2572
5735
26874
23294
2859
23294
18763
23294
2572
23294
25966
23294
95721
23294
26874
23294
1973
23294
72156
23294
2572
5735
78386
23294
78525
23294
26612
23294
60782
23294
1973
23294
25966
23294
2572
23294
95514
23294
88217
23294
25966
127541
7201
158886
25966
31600
20623
10551
25966
100745
25966
83296
9774
121679
2572
35324
9774
104483
7201
126952
25966
96589
9076
13448
2572
5735
25966
83296
2859
183093
18763
250001
2572
208327
43962
63034
25966
96589
25966
183093
1973
150226
25966
144698
2572
5735
25966
100745
25966
250001
25966
250001
25966
96589
1973
250001
26874
96589
2572
96589
25966
96589
25966
30542
7201
127541
61226
31600
20623
10551
103201
100745
52201
83296
9774
121679
2572
35324
9774
104483
7201
126952
61226
96589
9076
13448
2572
5735
26874
83296
2859
127541
18763
127541
2572
127541
25966
63034
61226
96589
26874
127541
1973
127541
61226
127541
2572
5735
61226
100745
61226
127541
26612
127541
60782
96589
1973
127541
25966
96589
2572
96589
61226
96589
61226
30542
7201
31600
7201
10551
7201
100745
7201
83296
7201
121679
2572
35324
7201
104483
18763
126952
7201
96589
7201
13448
2572
5735
7201
83296
2859
158886
7201
158886
2572
158886
7201
63034
7201
96589
7201
158886
1973
150226
7201
144698
2572
5735
7201
100745
7201
158886
7201
158886
7201
96589
1973
158886
7201
96589
2572
96589
7201
96589
7201
30542
20623
10551
61226
31600
52201
31600
9774
31600
2572
31600
9774
31600
7201
31600
95863
31600
9076
13448
2572
5735
26874
31600
2859
31600
18763
31600
2572
31600
25966
31600
95514
31600
26874
31600
1973
31600
72156
31600
2572
5735
78386
31600
78525
31600
26612
31600
60782
31600
1973
31600
25966
31600
2572
31600
102034
31600
88217
30542
20623
10551
20623
10551
9774
10551
2572
10551
9774
10551
7201
10551
20623
10551
9076
10551
2572
5735
20623
10551
2859
10551
18763
10551
2572
10551
20623
10551
20623
10551
20623
10551
1973
10551
20623
10551
2572
5735
20623
10551
20623
10551
20623
10551
20623
10551
1973
10551
20623
10551
2572
10551
20623
10551
20623
10551
52201
83296
9774
100745
2572
35324
9774
100745
7201
100745
61226
96589
9076
13448
2572
5735
26874
83296
2859
100745
18763
100745
2572
100745
25966
63034
61226
96589
26874
100745
1973
100745
61226
100745
2572
5735
61226
168730
61226
100745
26612
100745
60782
96589
1973
100745
25966
96589
2572
96589
61226
96589
61226
30542
9774
83296
2572
35324
9774
83296
7201
83296
52201
83296
9076
13448
2572
5735
26874
167266
2859
83296
18763
83296
2572
83296
25966
63034
52201
83296
26874
83296
1973
83296
52201
83296
2572
5735
52201
83296
52201
83296
26612
83296
52201
83296
1973
83296
25966
83296
2572
83296
52201
83296
52201
30542
2572
35324
13984
104483
7201
121679
9774
96589
9076
13448
2572
5735
9774
83296
2859
121679
9774
121679
2572
121679
9774
63034
9774
96589
9774
121679
1973
121679
9774
121679
2572
5735
9774
100745
9774
121679
9774
121679
9774
96589
1973
121679
9774
96589
2572
96589
9774
96589
9774
30542
2572
35324
2572
35324
2572
35324
2572
13448
3302
5735
2572
35324
2572
35324
2572
35324
3302
35324
2572
35324
2572
35324
2572
35324
1973
35324
2572
35324
7201
5735
2572
35324
2572
35324
2572
35324
2572
35324
1973
35324
2572
35324
9963
35324
2572
35324
2572
30542
7201
104483
9774
96589
9076
13448
2572
5735
9774
83296
2859
104483
9774
104483
2572
104483
9774
63034
9774
96589
9774
104483
1973
104483
9774
104483
2572
5735
9774
100745
9774
104483
9774
104483
9774
96589
1973
104483
9774
96589
2572
96589
9774
96589
9774
30542
7201
96589
7201
13448
2572
5735
7201
83296
2859
126952
7201
126952
2572
126952
7201
63034
7201
96589
7201
126952
1973
126952
7201
126952
2572
5735
7201
100745
7201
126952
7201
126952
7201
96589
1973
126952
7201
96589
2572
96589
7201
96589
7201
30542
9076
13448
2572
5735
26874
83296
2859
96589
18763
96589
2572
96589
25966
63034
95514
250001
26874
96589
1973
96589
72156
96589
2572
5735
78386
96589
78525
96589
26612
96589
60782
174460
1973
96589
25966
183093
2572
250001
95863
250001
88217
30542
2572
5735
9076
13448
2859
13448
9076
13448
2572
13448
9076
13448
9076
13448
9076
13448
1973
13448
9076
13448
2572
5735
9076
13448
9076
13448
9076
13448
9076
13448
1973
13448
9076
13448
2572
13448
9076
13448
9076
13448
2572
5735
2572
5735
2572
5735
7201
5735
2572
5735
2572
5735
2572
5735
1973
5735
2572
5735
3302
10551
2572
5735
2572
5735
2572
5735
2572
5735
1973
5735
2572
5735
3302
5735
2572
5735
2572
5735
2859
83296
18763
83296
2572
83296
25966
63034
26874
83296
95652
83296
1973
83296
26874
83296
2572
5735
26874
83296
26874
83296
26612
83296
26874
83296
1973
83296
25966
83296
2572
83296
26874
83296
26874
30542
2859
183093
2572
183093
2859
63034
2859
96589
2859
250001
1973
150226
2859
144698
2572
5735
2859
100745
2859
183093
2859
183093
2859
96589
1973
183093
2859
96589
2572
96589
2859
96589
2859
30542
2572
208327
18763
63034
18763
96589
18763
183093
1973
150226
18763
144698
2572
5735
18763
100745
18763
250001
18763
250001
18763
96589
1973
250001
18763
96589
2572
96589
18763
96589
18763
30542
2572
63034
2572
96589
2572
183093
1973
150226
2572
144698
3302
5735
2572
100745
2572
208327
2572
208327
2572
96589
1973
208327
2572
96589
3302
96589
2572
96589
2572
30542
25966
63034
25966
63034
1973
63034
25966
63034
2572
5735
25966
63034
25966
63034
25966
63034
25966
63034
1973
63034
26874
63034
2572
63034
25966
63034
25966
30542
26874
96589
1973
96589
72156
96589
2572
5735
78386
96589
78525
96589
26612
96589
60782
174460
1973
96589
25966
183093
2572
250001
95514
250001
88217
30542
1973
150226
26874
144698
2572
5735
26874
100745
26874
183093
26612
183093
26874
96589
1973
183093
25966
96589
2572
96589
26874
96589
26874
30542
1973
144698
1973
5735
1973
100745
1973
150226
1973
150226
1973
96589
2859
150226
1973
96589
1973
96589
1973
96589
1973
30542
2572
5735
72156
100745
72156
144698
26612
144698
60782
96589
1973
144698
25966
96589
2572
96589
72156
96589
72156
30542
2572
5735
2572
5735
2572
5735
2572
5735
1973
5735
2572
5735
7201
5735
2572
5735
2572
5735
78386
100745
26612
100745
60782
96589
1973
100745
25966
96589
2572
96589
78386
96589
78386
30542
26612
250001
60782
96589
1973
250001
25966
96589
2572
96589
78525
96589
78525
30542
26612
96589
1973
250001
25966
96589
2572
96589
26612
96589
26612
30542
1973
96589
25966
174460
2572
174460
60782
174460
60782
30542
1973
96589
1973
96589
1973
96589
1973
30542
2572
183093
25966
183093
25966
30542
2572
250001
2572
30542
88217
30542
