34876
15765
71202
15765
34876
15765
36508
15765
67416
38618
34876
15765
34876
15765
26518
15765
34876
15765
26518
38618
33046
9463
24883
15765
67416
15765
71202
9463
71202
15765
34876
15765
26518
15765
34876
15830
34876
15765
34876
15765
34876
9463
34876
15830
33046
52138
34876
15765
34876
15765
71202
15830
26518
15765
34876
15765
34876
15765
24883
15765
34876
15765
34876
15830
34876
15765
34876
71928
250001
71928
34876
41581
34876
15765
46335
41581
250001
71928
26518
15830
45181
238340
26518
15765
33046
9463
24883
29979
34876
67191
34876
9463
34876
52821
250001
246748
26518
155185
51852
15765
45181
16124
45181
41581
45181
9463
37506
15765
33046
15765
78243
16124
250001
15830
34876
15765
26518
155185
45181
246748
250001
155185
24883
52821
250001
220652
250001
15765
250001
52821
34876
250001
36508
41581
67416
15765
34876
41581
34876
146118
26518
15830
34876
71928
26518
15765
33046
9463
24883
29979
67416
67191
106910
9463
106910
52821
34876
71928
26518
71928
34876
15765
34876
16124
34876
41581
34876
9463
34876
15765
33046
15765
34876
16124
34876
15830
106910
15765
26518
71928
34876
71928
34876
71928
24883
52821
34876
71928
34876
15765
34876
52821
34876
41581
34876
15765
46335
41581
250001
146118
26518
15830
45181
71928
26518
15765
33046
9463
24883
29979
34876
67191
34876
9463
34876
52821
250001
71928
26518
71928
51852
15765
45181
16124
45181
41581
45181
9463
37506
15765
33046
15765
78243
16124
250001
15830
34876
15765
26518
71928
45181
71928
250001
71928
24883
52821
250001
71928
250001
15765
250001
52821
36508
15765
34876
45667
34876
41581
26518
15830
34876
41581
26518
15765
33046
9463
24883
29979
36508
41581
36508
9463
36508
41581
34876
41581
26518
41581
34876
15765
34876
16124
34876
43923
34876
9463
34876
15765
33046
15765
34876
16124
34876
15830
36508
15765
26518
41581
34876
41581
34876
41581
24883
41581
34876
41581
34876
15765
34876
41581
34876
15765
34876
15765
26518
15765
34876
15765
26518
52596
33046
9463
24883
15765
81727
15765
67416
9463
67416
15765
34876
15765
26518
15765
34876
15830
34876
15765
34876
15765
34876
9463
34876
15830
33046
38618
34876
15765
34876
15765
67416
15830
26518
15765
34876
15765
34876
15765
24883
15765
34876
15765
34876
15830
34876
15765
46335
41581
26518
15830
45181
41581
26518
15765
33046
9463
24883
29979
34876
41581
34876
9463
34876
41581
46335
41581
26518
41581
46335
15765
45181
16124
45181
43923
45181
9463
37506
15765
33046
15765
46335
16124
46335
15830
34876
15765
26518
41581
45181
41581
46335
41581
24883
41581
46335
41581
46335
15765
46335
41581
26518
15830
45181
71928
26518
15765
33046
9463
24883
29979
34876
67191
34876
9463
34876
52821
250001
71928
26518
71928
51852
15765
45181
16124
45181
41581
45181
9463
37506
15765
33046
15765
78243
16124
250001
15830
34876
15765
26518
71928
45181
71928
250001
71928
24883
52821
250001
71928
250001
15765
250001
52821
26518
15830
107052
15765
26518
9463
24883
15830
26518
15830
26518
9463
26518
15830
26518
15830
71202
15830
26518
15765
26518
15830
26518
15830
26518
9463
26518
15765
26518
15765
26518
15830
26518
40661
26518
15765
34876
15830
26518
15830
26518
15830
24883
15830
26518
15830
26518
15765
26518
15830
26518
15765
33046
9463
24883
29979
34876
67191
34876
9463
34876
52821
45181
238340
26518
155185
45181
15765
51852
16124
105935
41581
79948
9463
37506
15765
33046
15765
45181
16124
45181
15830
34876
15765
26518
155185
103874
238340
45181
155185
24883
52821
45181
220652
45181
15765
45181
52821
26518
9463
24883
15765
26518
15765
26518
9463
26518
15765
26518
15765
71202
15765
26518
15830
26518
15765
26518
15765
26518
9463
26518
15830
26518
38618
26518
15765
26518
15765
26518
15830
34876
15765
26518
15765
26518
15765
24883
15765
26518
15765
26518
15830
26518
15765
24883
9463
33046
9463
33046
15830
33046
9463
33046
9463
26518
9463
33046
9463
33046
9463
33046
9463
33046
15830
33046
9463
34876
9463
33046
9463
33046
9463
33046
9463
26518
9463
33046
9463
33046
9463
24883
9463
33046
9463
33046
9463
33046
9463
24883
29979
24883
9463
24883
29979
24883
29979
24883
29979
24883
15765
24883
16124
24883
29979
24883
9463
24883
15765
24883
15765
24883
16124
24883
15830
24883
15765
24883
29979
24883
29979
24883
29979
37506
29979
24883
29979
24883
15765
24883
29979
67416
9463
67416
52821
34876
67191
26518
67191
34876
15765
34876
16124
34876
41581
34876
9463
34876
15765
33046
15765
34876
16124
34876
15830
67416
15765
26518
67191
34876
67191
34876
67191
24883
52821
34876
67191
34876
15765
34876
52821
107052
9463
34876
9463
26518
9463
34876
9463
34876
9463
34876
9463
34876
29979
34876
9463
33046
9463
34876
9463
34876
9463
107530
9463
26518
9463
34876
9463
34876
9463
24883
9463
34876
9463
34876
9463
34876
9463
34876
52821
26518
52821
34876
15765
34876
16124
34876
41581
34876
9463
34876
15765
33046
15765
34876
16124
34876
15830
107052
15765
26518
52821
34876
52821
34876
52821
24883
149655
34876
52821
34876
15765
34876
53945
26518
155185
51852
15765
45181
16124
45181
41581
45181
9463
37506
15765
33046
15765
78243
16124
250001
15830
34876
15765
26518
155185
45181
250001
250001
155185
24883
52821
250001
220652
250001
15765
250001
52821
26518
15765
26518
16124
26518
41581
26518
9463
26518
15765
26518
15765
26518
16124
26518
15830
26518
15765
34876
175483
26518
155185
26518
155994
24883
52821
26518
155185
26518
15765
26518
52821
45181
15765
45181
15765
45181
9463
37506
38618
33046
15830
51852
15765
51852
15765
34876
38298
26518
15765
45181
15765
51852
15765
24883
15765
51852
15765
51852
67191
51852
15765
51852
16124
51852
9463
37506
15765
33046
15765
45181
53087
45181
15830
34876
15765
26518
16124
51852
16124
45181
16124
24883
16124
45181
16124
45181
15765
45181
16124
79948
9463
37506
15765
33046
15765
45181
16124
45181
15830
34876
15765
26518
41581
103874
41581
45181
41581
24883
41581
45181
41581
45181
15765
45181
41581
37506
9463
33046
9463
45181
9463
45181
9463
34876
9463
26518
9463
79948
9463
45181
9463
24883
9463
45181
9463
45181
9463
45181
9463
33046
15830
37506
15765
37506
15765
34876
38298
26518
15765
37506
15765
37506
15765
24883
15765
37506
15765
37506
38618
37506
15765
33046
15765
33046
15765
33046
15830
26518
15765
33046
15765
33046
15765
24883
15765
33046
15765
33046
15830
33046
15765
78243
15830
34876
15765
26518
16124
45181
16124
78243
16124
24883
16124
78243
16124
78243
15765
78243
16124
34876
15765
26518
15830
45181
15830
250001
15830
24883
15830
250001
15830
250001
15765
250001
15830
26518
15765
34876
15765
34876
15765
24883
15765
34876
15765
34876
38298
34876
15765
26518
155185
26518
155994
24883
52821
26518
155185
26518
15765
26518
52821
45181
155185
24883
52821
45181
220652
45181
15765
45181
52821
24883
52821
250001
155185
250001
15765
250001
52821
24883
52821
24883
15765
24883
53945
250001
15765
250001
52821
250001
15765
