26911
13522
133322
24460
133322
13522
26911
13522
19205
13522
133322
14388
133322
14388
26911
13522
133322
14227
26911
5391
133322
4433
133322
14388
133322
14388
181509
13522
133322
14388
133322
14388
133322
14227
133322
13522
26911
13522
133322
5391
328
4433
133322
24679
133322
4433
133322
13522
133322
13522
133322
13522
181509
13522
133322
14388
128080
14763
19205
14388
127509
14388
328
9498
26911
13522
26911
14388
127509
104916
19205
250001
26911
13522
26911
13522
45410
22070
26911
13522
181509
5391
26911
4433
26911
13522
26911
13522
26911
14388
26911
13522
26911
13522
26911
13522
26911
25044
133322
250001
26911
5391
328
4433
26911
13522
26911
4433
26911
13884
26911
14388
26911
14763
26911
104916
26911
13522
26911
13522
19205
13522
26911
13522
328
9498
153278
13522
26911
13522
19205
13522
250001
14388
250001
14388
26911
13522
250001
14227
26911
5391
153278
4433
181509
14388
250001
14388
133322
13522
250001
14388
250001
14388
250001
14227
153278
13522
26911
13522
250001
5391
328
4433
153278
24460
153278
4433
153278
13522
153278
13522
250001
13522
133322
13522
250001
14388
128080
14763
19205
14388
127509
14388
328
9498
26911
14388
19205
14388
153278
13522
153278
13522
26911
14388
153278
13522
26911
5391
181509
4433
153278
13522
153278
13522
133322
25044
153278
13522
153278
13522
153278
13522
250001
14388
26911
14388
153278
5391
328
4433
155305
13522
181509
4433
250001
13884
250001
14763
153278
14388
133322
14388
153278
13522
128080
13522
19205
13522
127509
13522
328
9498
19205
104916
26911
13522
26911
13522
45410
22070
26911
13522
127509
5391
26911
4433
26911
13522
26911
13522
26911
14388
26911
13522
26911
13522
26911
13522
26911
25044
127509
104916
26911
5391
328
4433
26911
13522
26911
4433
26911
13884
26911
14388
26911
14763
26911
114251
26911
13522
26911
13522
19205
13522
26911
13522
328
9498
19205
13522
19205
13522
19205
22070
19205
13522
19205
5391
19205
4433
19205
13522
19205
13522
19205
14388
19205
13522
19205
13522
19205
13522
19205
25044
19205
250001
19205
5391
328
4433
19205
13522
19205
4433
19205
13884
19205
14388
19205
14763
19205
104916
19205
13522
19205
13522
26911
13522
19205
13522
328
9498
250001
25949
26911
13522
250001
14227
26911
5391
153278
4433
181509
25949
250001
34432
133322
13522
250001
25949
250001
26208
250001
14227
153278
13522
26911
13522
250001
5391
328
4433
153278
14388
153278
4433
153278
13522
153278
13522
250001
13522
133322
13522
250001
25044
128080
14388
19205
25949
127509
25949
328
9498
26911
13522
250001
14227
26911
5391
153278
4433
181509
114216
250001
25949
133322
13522
250001
114501
250001
25949
250001
14227
153278
13522
26911
13522
250001
5391
328
4433
153278
14388
153278
4433
153278
13522
153278
13522
250001
13522
133322
13522
250001
25044
128080
14388
19205
114501
127509
114216
328
9498
26911
13522
45410
5391
26911
4433
26911
13522
26911
13522
26911
14388
26911
13522
26911
13522
26911
13522
26911
22070
45410
22070
26911
5391
328
4433
26911
13522
26911
4433
26911
13884
26911
14388
26911
14763
26911
22070
26911
13522
26911
13522
19205
13522
26911
13522
328
9498
26911
5391
153278
4433
181509
14227
250001
14227
133322
13522
250001
14227
250001
14227
250001
15197
153278
13522
26911
13522
250001
5391
328
4433
153278
14227
153278
4433
153278
13522
153278
13522
250001
13522
133322
13522
250001
14227
128080
14227
19205
14227
127509
14227
328
9498
26911
4433
26911
5391
26911
5391
26911
5391
26911
5391
26911
5391
26911
5391
26911
5391
133322
5391
26911
6321
328
4433
26911
5391
26911
4433
26911
5391
26911
5391
26911
5391
26911
5391
26911
5391
26911
5391
19205
5391
26911
5391
328
5391
153278
4433
153278
4433
133322
4433
153278
4433
153278
4433
153278
4433
181509
4433
26911
4433
153278
4433
328
5391
155305
4433
225664
14763
181509
4433
181509
4433
153278
4433
133322
4433
153278
4433
128080
4433
19205
4433
127509
4433
328
4433
181509
25949
133322
13522
181509
114216
181509
25949
181509
14227
153278
13522
26911
13522
181509
5391
328
4433
153278
14388
153278
4433
153278
13522
153278
13522
181509
13522
133322
13522
181509
25044
128080
14388
19205
114216
127509
161163
328
9498
133322
13522
250001
25949
250001
26208
250001
14227
153278
13522
26911
13522
250001
5391
328
4433
153278
14388
153278
4433
153278
13522
153278
13522
250001
13522
133322
13522
250001
25044
128080
14388
19205
25949
127509
25949
328
9498
133322
13522
133322
13522
133322
13522
133322
14388
26911
14388
133322
5391
328
4433
133322
13522
133322
4433
133322
13884
133322
14763
133322
14388
250001
14388
133322
13522
128080
13522
19205
13522
127509
13522
328
9498
250001
25949
250001
14227
153278
13522
26911
13522
250001
5391
328
4433
153278
14388
153278
4433
153278
13522
153278
13522
250001
13522
133322
13522
250001
25044
128080
14388
19205
130214
127509
114216
328
9498
250001
14227
153278
13522
26911
13522
250001
5391
328
4433
153278
14388
153278
4433
153278
13522
153278
13522
250001
13522
133322
13522
250001
25044
128080
14388
19205
25949
127509
25949
328
9498
153278
13522
26911
13522
250001
5391
328
4433
153278
14227
153278
4433
153278
13522
153278
13522
250001
13522
133322
13522
250001
14227
128080
14227
19205
14227
127509
14227
328
9498
26911
25044
153278
5391
328
4433
155305
13522
181509
4433
250001
13884
250001
14388
153278
14763
133322
25044
153278
13522
128080
13522
19205
13522
127509
13522
328
9498
26911
5391
328
4433
26911
13522
26911
4433
26911
13884
26911
14388
26911
14763
26911
104916
26911
13522
26911
13522
19205
13522
26911
13522
328
9498
328
4433
153278
5391
153278
4433
153278
5391
153278
5391
250001
5391
133322
5391
250001
5391
128080
5391
19205
5391
127509
5391
328
5391
328
4433
328
5391
328
4433
328
4433
328
4433
328
4433
328
4433
328
4433
328
4433
328
4433
19205
4433
155305
4433
155305
13522
155305
13522
153278
13522
133322
13522
153278
14388
128080
14763
19205
14388
127509
14388
328
9498
181509
4433
181509
4433
153278
4433
133322
4433
153278
4433
128080
4433
19205
4433
127509
4433
328
4433
250001
13884
153278
13884
133322
13884
153278
13522
128080
13522
19205
13522
127509
13522
328
9498
153278
14388
133322
14388
153278
13522
128080
13522
19205
13522
127509
13522
328
9498
133322
14763
250001
13522
128080
13522
19205
13522
127509
13522
328
9498
133322
13522
128080
13522
19205
13522
127509
13522
328
9498
128080
14388
19205
25044
127509
25044
328
9498
19205
14388
127509
14388
328
9498
19205
114216
328
9498
328
9498
