250001
18518
174216
18518
250001
18518
110656
18518
174216
18518
250001
18518
110656
18518
250001
18518
191201
18518
63681
18518
127449
18518
72756
18518
3186
18518
122725
18518
63681
18518
3186
18518
3186
18518
228271
4249
98595
18518
63681
18518
191201
18518
212155
18518
250001
13922
110656
18518
110656
18518
250001
18518
250001
18518
225527
18518
130365
18518
249223
18518
127449
4249
127449
18518
63681
18518
174216
85938
250001
241086
110656
101114
174216
250001
250001
56525
110656
250001
250001
162208
191201
162208
63681
250001
127449
250001
72756
250001
3186
56525
122725
250001
63681
250001
3186
143578
3186
60123
228271
4249
98595
250001
63681
53600
191201
162208
212155
250001
250001
13922
110656
250001
110656
240316
250001
101114
250001
250001
225527
141238
130365
250001
249223
34480
127449
4249
127449
250001
63681
250001
174216
85938
110656
85938
191201
85938
174216
56525
110656
85938
174216
85938
174216
85938
63681
85938
127449
85938
72756
85938
3186
56525
122725
85938
63681
85938
3186
85938
3186
60123
174216
4249
98595
85938
63681
53600
174216
85938
174216
85938
174216
13922
110656
85938
110656
85938
174216
85938
174216
85938
174216
85938
130365
85938
174216
34480
127449
4249
127449
85938
63681
85938
110656
101114
174216
241086
250001
56525
110656
241086
250001
162208
191201
162208
63681
241086
127449
241086
72756
241086
3186
56525
122725
241086
63681
241086
3186
143578
3186
60123
228271
4249
98595
241086
63681
53600
191201
162208
212155
241086
250001
13922
110656
241086
110656
240316
250001
101114
250001
241086
225527
141238
130365
241086
249223
34480
127449
4249
127449
241086
63681
241086
110656
101114
110656
56525
250001
101114
110656
101114
110656
101114
63681
101114
110656
101114
72756
101114
3186
56525
110656
101114
63681
101114
3186
101114
3186
60123
110656
4249
98595
101114
63681
53600
110656
101114
110656
101114
110656
13922
250001
101114
250001
101114
110656
111058
110656
101114
110656
101114
110656
101114
110656
34480
110656
4249
110656
101114
63681
101114
174216
56525
110656
250001
174216
162208
174216
162208
63681
250001
127449
250001
72756
250001
3186
56525
122725
250001
63681
250001
3186
143578
3186
60123
174216
4249
98595
250001
63681
53600
174216
162208
174216
250001
174216
13922
110656
250001
110656
240316
174216
101114
174216
250001
174216
141238
130365
250001
174216
34480
127449
4249
127449
250001
63681
250001
110656
56525
250001
56525
191201
56525
63681
56525
127449
56525
72756
56525
3186
141238
122725
56525
63681
56525
3186
56525
3186
56525
228271
4249
98595
56525
63681
53600
191201
56525
212155
56525
250001
13922
110656
56525
110656
56525
250001
56525
250001
56525
225527
56525
130365
56525
249223
34480
127449
4249
127449
56525
63681
56525
110656
162208
110656
162208
63681
250001
110656
250001
72756
250001
3186
56525
110656
250001
63681
250001
3186
143578
3186
60123
110656
4249
98595
250001
63681
53600
110656
162208
110656
250001
110656
13922
250001
250001
250001
240316
110656
101114
110656
250001
110656
141238
110656
250001
110656
34480
110656
4249
110656
250001
63681
250001
191201
208845
63681
162208
127449
162208
72756
162208
3186
56525
122725
162208
63681
162208
3186
143578
3186
60123
228271
4249
98595
162208
63681
53600
191201
208845
212155
162208
250001
13922
110656
162208
110656
162208
250001
101114
250001
162208
225527
141238
130365
162208
249223
34480
127449
4249
127449
162208
63681
162208
63681
162208
127449
162208
72756
162208
3186
56525
122725
162208
63681
162208
3186
143578
3186
60123
191201
4249
98595
162208
63681
53600
238604
250001
191201
162208
191201
13922
110656
162208
110656
162208
191201
101114
191201
162208
191201
141238
130365
162208
191201
34480
127449
4249
127449
162208
63681
162208
63681
250001
63681
250001
3186
56525
63681
250001
110656
250001
3186
143578
3186
60123
63681
4249
63681
250001
98430
53600
63681
162208
63681
250001
63681
13922
63681
250001
63681
240316
63681
101114
63681
250001
63681
141238
63681
250001
63681
34480
63681
4249
63681
250001
98430
250001
72756
250001
3186
56525
122725
250001
63681
250001
3186
143578
3186
60123
127449
4249
98595
250001
63681
53600
127449
162208
127449
250001
127449
13922
110656
250001
110656
240316
127449
101114
127449
250001
127449
141238
127449
250001
127449
34480
130033
4249
129930
250001
63681
250001
3186
56525
72756
250001
63681
250001
3186
143578
3186
60123
72756
4249
72756
250001
63681
53600
72756
162208
72756
250001
72756
13922
72756
250001
72756
240316
72756
101114
72756
250001
72756
141238
72756
250001
72756
34480
72756
4249
72756
250001
63681
250001
3186
56525
3186
56525
189522
56525
250001
56525
3186
4249
3186
56525
3186
53600
3186
56525
3186
56525
3186
13922
3186
56525
3186
56525
3186
56525
3186
56525
3186
56525
3186
56525
3186
34480
3186
4249
3186
56525
3186
56525
63681
250001
3186
143578
3186
60123
122725
4249
98595
250001
63681
53600
122725
162208
122725
250001
122725
13922
110656
250001
110656
240316
122725
101114
122725
250001
122725
141238
122725
250001
122725
34480
122725
4249
122725
250001
63681
250001
3186
143578
3186
60123
63681
4249
63681
250001
98430
53600
63681
162208
63681
250001
63681
13922
63681
250001
63681
240316
63681
101114
63681
250001
63681
141238
63681
250001
63681
34480
63681
4249
63681
250001
98430
250001
189522
60123
3186
4249
3186
143578
3186
53600
3186
143578
3186
143578
3186
13922
3186
143578
3186
143578
3186
101114
3186
143578
3186
141238
3186
143578
3186
34480
3186
4249
3186
143578
3186
143578
3186
4249
3186
60123
3186
53600
3186
60123
3186
60123
3186
13922
3186
60123
3186
60123
3186
60123
3186
60123
3186
60123
3186
60123
3186
34480
3186
4249
3186
60123
3186
60123
98595
4249
63681
4249
191201
4249
212155
4249
228271
4249
110656
4249
110656
4249
228271
4249
228271
4249
225527
4249
130365
4249
228271
4249
127449
28902
127449
4249
63681
4249
63681
53600
98595
162208
98595
250001
98595
13922
98595
250001
98595
240316
98595
101114
98595
250001
98595
141238
98595
250001
98595
34480
98595
4249
98595
250001
63681
250001
63681
53600
63681
53600
63681
13922
63681
53600
63681
53600
63681
53600
63681
53600
63681
53600
63681
53600
63681
34480
63681
4249
63681
53600
119167
53600
191201
162208
191201
13922
110656
162208
110656
162208
191201
101114
191201
162208
191201
141238
130365
162208
191201
34480
127449
4249
127449
162208
63681
162208
212155
13922
110656
250001
110656
240316
212155
101114
212155
250001
212155
141238
130365
250001
212155
34480
127449
4249
127449
250001
63681
250001
110656
13922
110656
13922
250001
13922
250001
13922
225527
13922
130365
13922
249223
13922
127449
4249
127449
13922
63681
13922
250001
240316
110656
101114
110656
250001
110656
141238
110656
250001
110656
34480
110656
4249
110656
250001
63681
250001
110656
101114
110656
240316
110656
141238
110656
240316
110656
34480
110656
4249
110656
240316
63681
240316
250001
101114
225527
101114
130365
101114
249223
34480
127449
4249
127449
101114
63681
101114
225527
141238
130365
250001
249223
34480
127449
4249
127449
250001
63681
250001
130365
141238
225527
34480
127449
4249
127449
141238
63681
141238
130365
34480
127449
4249
127449
250001
63681
250001
127449
4249
127449
34480
63681
34480
129930
4249
63681
4249
63681
250001
