250001
132564
250001
32670
95082
46496
74947
46496
95082
132564
146738
92569
250001
119249
74947
46496
250001
132564
250001
132564
74947
41486
162528
41486
250001
250001
95082
250001
95082
132564
162528
133590
250001
119249
250001
132564
189491
46496
250001
132564
250001
119249
189491
92569
250001
250001
250001
132564
250001
48964
152423
132564
188169
250001
250001
119249
95082
250001
250001
132564
250001
46496
250001
32670
250001
32670
95082
46496
74947
46496
95082
250001
146738
92569
250001
119249
74947
46496
250001
250001
250001
250001
74947
41486
162528
41486
250001
132564
95082
132564
95082
250001
162528
132564
250001
119249
250001
250001
189491
46496
250001
209176
250001
119249
189491
92569
250001
132564
250001
250001
250001
48964
152423
250001
188169
132564
250001
119249
95082
132564
250001
250001
250001
46496
250001
32670
95082
32670
74947
32670
95082
32670
146738
32670
250001
32670
74947
32670
250001
32670
250001
32670
74947
32670
162528
32670
250001
32670
95082
32670
95082
32670
162528
32670
250001
32670
250001
32670
189491
32670
250001
32670
250001
32670
189491
32670
250001
32670
250001
32670
250001
32670
152423
32670
188169
32670
250001
32670
95082
32670
250001
32670
250001
32670
250001
45611
74947
132240
152462
46496
95082
46496
95082
46496
74947
132240
95082
46496
95082
46496
74947
41486
95082
41486
95082
46496
152462
46496
152462
46496
95082
46496
95082
46496
95082
46496
95082
129981
95082
46496
95082
46496
95082
46496
95082
46496
95082
46496
95082
46496
95082
46496
95082
46496
95082
46496
146738
46496
95082
46496
95082
47505
95082
32670
74947
46496
74947
46496
74947
46496
100741
250001
74947
46496
74947
46496
75162
41486
74947
41486
74947
46496
74947
46496
74947
46496
74947
46496
74947
46496
74947
46496
74947
129981
74947
46496
74947
46496
74947
46496
74947
46496
74947
46496
74947
46496
74947
46496
74947
46496
74947
46496
74947
46496
74947
46496
74947
47505
74947
32670
95082
92569
95082
119249
74947
46496
95082
250001
95082
250001
74947
41486
95082
41486
95082
132564
250001
132564
250001
250001
95082
132564
95082
119249
95082
250001
95082
46496
95082
209176
95082
119249
95082
92569
95082
132564
95082
250001
95082
48964
95082
250001
95082
132564
95082
119249
146738
132564
95082
250001
95082
46496
95082
32670
146738
92569
74947
46496
146738
92569
146738
92569
74947
41486
146738
41486
146738
92569
95082
92569
95082
92569
146738
92569
146738
92569
146738
92569
146738
46496
146738
92569
146738
92569
146738
129981
146738
92569
146738
92569
146738
48964
146738
92569
146738
92569
146738
92569
95082
92569
146738
92569
146738
46496
146738
32670
74947
46496
250001
119249
250001
119249
74947
41486
162528
41486
250001
119249
95082
119249
95082
119249
162528
119249
250001
143460
250001
119249
189491
46496
250001
119249
250001
143460
189491
92569
250001
119249
250001
119249
250001
48964
152423
119249
188169
119249
250001
143460
95082
119249
250001
119249
250001
46496
250001
32670
74947
46496
74947
46496
75162
41486
74947
41486
74947
46496
74947
46496
74947
46496
74947
46496
74947
46496
74947
46496
74947
129981
74947
46496
74947
46496
74947
46496
74947
46496
74947
46496
74947
46496
74947
46496
74947
46496
74947
46496
74947
46496
74947
46496
74947
47505
74947
32670
250001
250001
74947
41486
162528
41486
250001
132564
95082
132564
95082
250001
162528
132564
250001
119249
250001
250001
189491
46496
250001
209176
250001
119249
189491
92569
250001
132564
250001
250001
250001
48964
152423
250001
188169
132564
250001
119249
95082
132564
250001
250001
250001
46496
250001
32670
74947
41486
162528
41486
250001
132564
95082
132564
95082
250001
162528
132564
250001
119249
250001
250001
189491
46496
250001
209176
250001
119249
189491
92569
250001
132564
250001
250001
250001
48964
152423
250001
188169
132564
250001
119249
95082
132564
250001
250001
250001
46496
250001
32670
74947
42067
74947
41486
74947
41486
74947
41486
74947
41486
74947
41486
74947
41486
74947
41486
74947
41486
74947
41486
74947
41486
74947
41486
74947
41486
74947
41486
74947
41486
74947
41486
74947
41486
74947
41486
74947
41486
74947
41486
74947
32670
162528
41486
95082
41486
95082
41486
163439
41486
162528
41486
162528
41486
162528
41486
162528
41486
162528
41486
162528
41486
162528
41486
162528
41486
162528
41486
152423
41486
162528
41486
162528
41486
95082
41486
162528
41486
162528
41486
162528
32670
95082
250001
95082
132564
162528
133590
250001
119249
250001
132564
189491
46496
250001
132564
250001
119249
189491
92569
250001
250001
250001
132564
250001
48964
152423
132564
188169
250001
250001
119249
95082
250001
250001
132564
250001
46496
250001
32670
250001
132564
95082
133590
95082
119249
95082
132564
95082
46496
95082
132564
95082
119249
95082
92569
95082
250001
95082
132564
95082
48964
95082
132564
95082
250001
95082
119249
146738
250001
95082
132564
95082
46496
95082
32670
95082
132564
95082
119249
95082
250001
95082
46496
95082
209176
95082
119249
95082
92569
95082
132564
95082
250001
95082
48964
95082
250001
95082
132564
95082
119249
146738
132564
95082
250001
95082
46496
95082
32670
162528
119249
162528
132564
162528
46496
162528
132564
162528
119249
162528
92569
162528
133590
162528
132564
162528
48964
152423
132564
162528
133590
162528
119249
95082
133590
162528
132564
162528
46496
162528
32670
250001
119249
189491
46496
250001
119249
250001
250001
189491
92569
250001
119249
250001
119249
250001
48964
152423
119249
188169
119249
250001
250001
95082
119249
250001
119249
250001
46496
250001
32670
189491
46496
250001
209176
250001
119249
189491
92569
250001
132564
250001
250001
250001
48964
152423
250001
188169
132564
250001
119249
95082
132564
250001
250001
250001
46496
250001
32670
189491
46496
189491
46496
250001
46496
189491
46496
189491
46496
189491
46496
152423
46496
188169
46496
189491
46496
95082
46496
189491
46496
189491
47505
189491
32670
250001
119249
189491
92569
250001
132564
250001
209176
250001
48964
152423
209176
188169
132564
250001
119249
95082
132564
250001
209176
250001
46496
250001
32670
189491
92569
250001
119249
250001
119249
250001
48964
152423
119249
188169
119249
250001
250001
95082
119249
250001
119249
250001
46496
250001
32670
189491
92569
189491
92569
189491
48964
152423
92569
188169
92569
189491
92569
95082
92569
189491
92569
189491
46496
189491
32670
250001
132564
250001
48964
152423
132564
188169
250001
250001
119249
95082
250001
250001
132564
250001
46496
250001
32670
250001
48964
152423
250001
188169
132564
250001
119249
95082
132564
250001
250001
250001
46496
250001
32670
152423
48964
188169
48964
250001
48964
95082
48964
250001
48964
250001
46496
250001
32670
152423
132564
152423
119249
95082
132564
152423
250001
152423
46496
152423
32670
188169
119249
95082
250001
188169
132564
188169
46496
188169
32670
95082
119249
250001
119249
250001
46496
250001
32670
95082
132564
95082
46496
95082
32670
250001
46496
250001
32670
250001
32670
