53509
9807
41915
9807
41915
9807
6089
2910
35605
9807
51152
9807
180310
9807
53509
9807
51152
11123
41915
9807
53509
9807
4330
9807
41915
9807
41915
9807
53509
9807
27130
9807
42830
9807
4330
9807
41915
9807
42493
9807
53509
9807
53509
9807
6089
2910
41915
9807
53509
9807
29323
9807
53509
9807
41915
9807
41915
9807
53509
9807
53509
9807
4330
9807
39808
9807
41915
9807
41915
9807
53014
9807
41915
142855
41915
11123
6089
2910
35605
11723
51152
80448
53509
61503
169898
72319
51152
9807
41915
146342
250001
11723
4330
83046
41915
65464
41915
145989
56248
81987
27130
159746
42830
142855
4330
11723
41915
181020
42493
145989
106346
11123
250001
65734
6089
2910
41915
51085
124763
72924
29323
151456
221580
13044
41915
65734
41915
51085
106348
72565
228984
146342
4330
11723
39808
72565
41915
91350
41915
190020
53014
159746
51152
11123
6089
2910
35605
11723
41915
80448
41915
61503
41915
72319
41915
9807
42210
142855
41915
11723
4330
83046
42381
65464
84522
142855
41915
81987
27130
142855
41915
144938
4330
11723
42210
142855
41915
142855
41915
11123
41915
65734
6089
2910
42830
51085
41915
72924
29323
142855
41915
13044
42381
65734
42210
51085
41915
72565
41915
142855
4330
11723
39808
72565
42210
91350
42381
142855
41915
142855
6089
2910
35605
11123
41915
11123
41915
11123
41915
11123
41915
9807
42210
11123
41915
11123
4330
11123
42381
11123
51152
11123
41915
11123
27130
11123
41915
11123
4330
11123
42210
11123
41915
11123
41915
19027
41915
11123
6089
2910
42830
11123
41915
11123
29323
11123
41915
11123
42381
11123
42210
11123
41915
11123
41915
11123
4330
11123
39808
11123
42210
11123
42381
11123
41915
11123
6089
2910
6089
2910
6089
2910
6089
2910
6089
2910
6089
2910
6089
2910
4330
2910
6089
2910
6089
2910
6089
2910
6089
2910
6089
2910
4330
2910
6089
2910
6089
2910
6089
2910
6089
2910
42381
68185
6089
2910
6089
2910
6089
2910
6089
2910
6089
2910
6089
2910
6089
2910
6089
2910
4330
2910
6089
2910
6089
2910
6089
2910
6089
2910
35605
11723
35605
11723
35605
11723
35605
9807
35605
11723
35605
54069
4330
11723
35605
11723
35605
11723
35605
11723
27130
11723
35605
11723
4330
62937
35605
11723
35605
11723
35605
11123
35605
11723
6089
2910
35605
11723
35605
11723
29323
11723
35605
11723
35605
11723
35605
11723
35605
11723
35605
11723
4330
61692
35605
11723
35605
11723
35605
11723
35605
11723
51152
61503
51152
72319
53973
9807
41915
80448
51152
11723
4330
80448
41915
65464
41915
80448
51152
80448
27130
80448
42830
80448
4330
11723
41915
80448
42493
80448
51152
11123
51152
65734
6089
2910
41915
51085
51152
72924
29323
80448
51152
13044
41915
65734
41915
51085
51152
72565
51152
80448
4330
11723
39808
72565
41915
80448
41915
80448
51152
80448
53509
61503
51152
9807
41915
61503
53509
11723
4330
61503
41915
61503
41915
61503
53509
61503
27130
61503
42830
61503
4330
11723
41915
61503
42493
61503
53509
11123
53509
61503
6089
2910
41915
51085
53509
61503
29323
61503
53509
13044
41915
61503
41915
51085
53509
61503
53509
61503
4330
11723
39808
61503
41915
61503
41915
61503
53014
61503
51152
9807
41915
72319
169898
11723
4330
72319
41915
65464
41915
72319
56248
72319
27130
72319
42830
72319
4330
11723
41915
72319
42493
72319
106346
11123
169898
65734
6089
2910
41915
51085
124763
72319
29323
72319
169898
13044
41915
65734
41915
51085
106348
72319
169898
72319
4330
11723
39808
72319
41915
72319
41915
72319
53014
72319
41915
9807
51152
9807
4330
9807
41915
9807
41915
9807
51152
9807
27130
9807
42830
9807
4330
9807
41915
9807
42493
9807
51152
9807
51152
9807
6089
2910
41915
9807
51152
9807
29323
9807
51152
9807
41915
9807
41915
9807
51152
9807
51152
9807
4330
9807
39808
9807
41915
9807
41915
9807
51152
9807
41915
11723
4330
83046
42210
65464
42210
145989
41915
81987
27130
146342
41915
142855
4330
11723
42830
146342
41915
145989
41915
11123
41915
65734
6089
2910
42210
51085
41915
72924
29323
146342
41915
13044
42210
65734
62352
51085
41915
72565
41915
149927
4330
11723
39808
72565
53509
91350
42210
146342
41915
146342
4330
11723
41915
11723
41915
11723
56248
11723
27130
11723
42830
11723
4330
54069
41915
11723
42493
11723
106346
11123
250001
11723
6089
2910
41915
11723
124763
11723
29323
11723
221580
11723
41915
11723
41915
11723
106348
11723
228984
11723
4330
54069
39808
11723
41915
11723
41915
11723
53014
11723
4330
65464
4330
83046
4330
81987
4330
83046
4330
83046
17729
11723
4330
83046
4330
83046
4330
11123
4330
65734
4330
2910
4330
51085
4330
72924
4330
83046
4330
13044
4330
65734
4330
51085
4330
72565
4330
83046
17729
11723
4330
72565
4330
83046
4330
83046
4330
83046
42381
65464
41915
65464
27130
65464
41915
65464
4330
11723
42210
65464
41915
65464
41915
11123
41915
65464
6089
2910
42381
51085
41915
65464
29323
65464
41915
13044
42493
65464
42210
51085
41915
65464
41915
65464
4330
11723
39808
65464
42210
65464
42493
65464
41915
65464
41915
81987
27130
145989
41915
142855
4330
11723
42210
145989
41915
146587
41915
11123
41915
65734
6089
2910
42830
51085
41915
72924
29323
145989
41915
13044
42381
65734
42210
51085
41915
72565
41915
145989
4330
11723
39808
72565
42210
91350
42381
145989
41915
145989
27130
81987
42830
81987
4330
11723
41915
81987
42493
81987
56248
11123
56248
65734
6089
2910
41915
51085
56248
72924
29323
81987
56248
13044
41915
65734
41915
51085
56248
72565
56248
81987
4330
11723
39808
72565
41915
81987
41915
81987
53014
81987
27130
142855
4330
11723
27130
159746
27130
145989
27130
11123
27130
65734
6089
2910
27130
51085
27130
72924
27130
151456
27130
13044
27130
65734
27130
51085
27130
72565
27130
146342
4330
11723
27130
72565
27130
91350
27130
159746
27130
188209
4330
11723
41915
142855
42493
142855
42830
11123
42830
65734
6089
2910
41915
51085
42830
72924
29323
142855
42830
13044
41915
65734
41915
51085
42830
72565
42830
142855
4330
11723
39808
72565
41915
91350
41915
142855
42830
142855
4330
11723
4330
11723
4330
11123
4330
11723
4330
2910
4330
11723
4330
11723
4330
11723
4330
11723
4330
11723
4330
11723
4330
11723
4330
11723
31564
61692
4330
11723
4330
11723
4330
11723
4330
11723
41915
145989
41915
11123
41915
65734
6089
2910
42210
51085
41915
72924
29323
151456
41915
13044
42210
65734
42830
51085
41915
72565
41915
146342
4330
11723
39808
72565
42830
91350
42210
181020
41915
159746
42493
11123
42493
65734
6089
2910
41915
51085
42493
72924
29323
145989
42493
13044
41915
65734
41915
51085
42493
72565
42493
145989
4330
11723
39808
72565
41915
91350
41915
145989
42493
145989
106346
11123
6089
2910
41915
11123
106346
11123
29323
11123
106346
11123
41915
11123
41915
11123
106346
11123
106346
11123
4330
11123
39808
11123
41915
11123
41915
11123
53014
11123
6089
2910
41915
51085
124763
65734
29323
65734
221580
13044
41915
138439
41915
51085
106348
65734
228984
65734
4330
11723
39808
65734
41915
65734
41915
65734
53014
65734
6089
2910
6089
2910
6089
2910
6089
2910
6089
2910
6089
2910
6089
2910
6089
2910
4330
2910
6089
2910
6089
2910
6089
2910
6089
2910
41915
51085
29323
51085
41915
13044
42381
51085
42210
145989
41915
51085
41915
51085
4330
11723
39808
51085
42210
51085
42381
51085
41915
51085
29323
72924
124763
13044
41915
65734
41915
51085
106348
72565
124763
72924
4330
11723
39808
72565
41915
72924
41915
72924
53014
72924
29323
13044
29323
65734
29323
51085
29323
72565
29323
146342
4330
11723
29323
72565
29323
91350
29323
151456
29323
151456
41915
13044
41915
13044
106348
13044
221580
13044
4330
11723
39808
13044
41915
13044
41915
13044
53014
13044
42210
51085
41915
65734
41915
65734
4330
11723
39808
65734
42210
65734
55376
65734
41915
65734
41915
51085
41915
51085
4330
11723
39808
51085
53509
51085
42210
51085
41915
51085
106348
72565
4330
11723
39808
73812
41915
72565
41915
72565
53014
72565
4330
11723
39808
72565
41915
91350
41915
146342
53014
146342
4330
11723
4330
11723
4330
11723
4330
11723
39808
72565
39808
72565
39808
72565
42210
91350
41915
91350
41915
159746
