20049
16686
22190
16686
20855
2030
7182
13097
755
16686
70705
16182
20855
2030
7182
2030
7182
2030
22525
16686
71757
2030
2735
8404
7182
16686
755
9906
7182
4046
71757
2030
4690
2030
20855
2030
11476
2030
57891
8404
22525
6652
7182
16686
2518
13097
755
2030
22525
16686
7182
2030
202657
2030
7182
2030
201164
2030
22525
2030
7182
2030
4690
16182
22525
2030
20049
35529
20049
2030
7182
13097
755
32456
20049
16182
20049
2030
7182
2030
7182
2030
20049
105094
20049
2030
2735
8404
7182
35529
755
9906
7182
4046
20049
2030
4690
2030
20049
2030
11476
2030
20049
8404
20049
6652
7182
32456
2518
13097
755
2030
20049
23852
7182
2030
20049
2030
7182
2030
20049
2030
20049
2030
7182
2030
4690
16182
20049
2030
20855
2030
7182
13097
755
32456
22190
16182
20855
2030
7182
2030
7182
2030
22190
35529
22190
2030
2735
8404
7182
35669
755
9906
7182
4046
22190
2030
4690
2030
20855
2030
11476
2030
22190
8404
22190
6652
7182
32456
2518
13097
755
2030
22190
23852
7182
2030
22190
2030
7182
2030
22190
2030
22190
2030
7182
2030
4690
16182
22190
2030
7182
2030
755
2030
20855
2030
22525
16182
7182
27576
7182
13097
20855
2030
20855
11920
2735
2030
7182
2030
755
2030
7182
2030
20855
27576
4690
16686
29241
27576
11476
4046
20855
2030
20855
2030
7182
2030
2518
2030
755
6652
20855
2030
7182
16182
20855
16182
7182
13097
20855
16182
20855
27576
7182
27576
4690
2030
20855
27576
755
13097
7182
13097
7182
2030
20884
2030
20884
2030
7182
13097
7182
2030
2735
8404
20884
13097
755
9906
7642
4046
7182
2030
4690
2030
7182
2030
7182
2030
7182
8404
7182
6652
7464
13097
2518
108636
755
2030
7182
13097
7464
2030
7182
2030
20884
2030
7182
2030
7182
2030
20884
2030
4690
13097
7182
2030
755
16182
755
2030
755
2030
755
2030
755
32456
755
2030
755
8404
755
32456
2518
9906
755
4046
755
2030
755
2030
755
2030
755
2030
755
8404
755
6652
755
35529
755
13097
2518
2030
755
23852
755
2030
755
2030
755
2030
755
2030
755
2030
755
2030
755
16182
755
2030
20855
2030
7182
2030
7182
2030
22525
16182
70705
2030
2735
8404
7182
16182
755
9906
7182
4046
70705
2030
4690
2030
20855
2030
11476
2030
57891
8404
22525
6652
7182
16182
2518
13097
755
2030
22525
16182
7182
2030
70705
2030
7182
2030
70705
2030
22525
2030
7182
2030
4690
27576
22525
2030
7182
16182
7182
13097
20855
2030
20855
11920
2735
2030
7182
2030
755
2030
7182
2030
20855
16182
4690
16182
22525
16182
11476
4046
20855
2030
20855
2030
7182
2030
2518
2030
755
6652
20855
2030
7182
46939
20855
46939
7182
13097
20855
54586
20855
16182
7182
16182
4690
2030
20855
16182
231508
13097
7182
2030
7182
11920
2735
2030
105088
2030
755
2030
7642
2030
7182
31226
4690
16686
7182
35529
7182
4046
7182
2030
7182
2030
7464
2030
2518
2030
755
6652
7182
2030
7464
16182
7182
16182
231508
13097
7182
16182
7182
35529
23455
129252
4690
2030
7182
35529
7182
2030
7182
11920
2735
2030
105088
2030
755
2030
7642
2030
7182
13097
4690
13097
7182
13097
7182
4046
7182
2030
7182
2030
7464
2030
2518
2030
755
6652
7182
2030
7464
13097
7182
13097
238446
40065
7182
13097
7182
13097
23455
13097
4690
2030
7182
13097
22525
2030
2735
8404
7182
35529
755
9906
7182
4046
22525
2030
4690
2030
20855
2030
11476
2030
22525
8404
55421
6652
7182
32456
2518
13097
755
2030
55421
23852
7182
2030
22525
2030
7182
2030
22525
2030
55421
2030
7182
2030
4690
16182
55421
2030
2735
2030
7182
2030
755
2030
7182
2030
89985
11920
4690
11920
20855
11920
11476
4046
57891
2030
22525
2030
7182
2030
2518
2030
755
6652
22525
2030
7182
11920
71757
11920
7182
11920
71757
11920
22525
11920
7182
11920
4690
2030
22525
11920
2735
8404
755
8404
2735
4046
2735
2030
2735
2030
2735
2030
2735
2030
2735
16182
2735
6652
2735
8404
2518
8404
755
2030
2735
8404
2735
2030
2735
2030
2735
2030
2735
2030
2735
2030
2735
2030
2735
8404
2735
2030
755
9906
7642
4046
7182
2030
4690
2030
7182
2030
7182
2030
7182
8404
7182
6652
7464
32456
2518
13097
755
2030
7182
23852
7464
2030
7182
2030
105088
2030
7182
2030
7182
2030
23455
2030
4690
16182
7182
2030
755
4046
755
2030
755
2030
755
2030
755
2030
755
8404
755
6652
755
9906
755
9906
59840
2030
755
9906
755
2030
755
2030
755
2030
755
2030
755
2030
755
2030
755
9906
755
2030
7182
2030
4690
2030
7182
2030
7182
2030
7182
4046
7182
4046
7464
4046
2518
4046
755
2030
7182
4046
7464
2030
7182
2030
7642
2030
7182
2030
7182
2030
7642
2030
4690
4046
7182
2030
4690
16686
20855
31226
11476
4046
57891
2030
22525
2030
7182
2030
2518
2030
755
6652
22525
2030
7182
16182
71757
16182
7182
13097
71757
16182
22525
31226
7182
31226
4690
2030
22525
31226
4690
16686
4690
4046
4690
2030
4690
2030
4690
2030
2518
2030
755
6652
4690
2030
4690
16182
4690
16182
4690
13097
4690
16182
4690
16686
4690
16686
55421
2030
4690
16686
11476
4046
20855
2030
20855
2030
7182
2030
2518
2030
755
6652
20855
2030
7182
16182
20855
16182
7182
13097
20855
16182
20855
39811
7182
35529
4690
2030
20855
76244
11476
2030
11476
2030
7182
2030
2518
2030
755
4046
11476
2030
7182
4046
11476
4046
7182
4046
11476
4046
11476
4046
7182
4046
4690
2030
11476
4046
22525
6652
7182
8404
2518
8404
755
2030
22525
8404
7182
2030
57891
2030
7182
2030
57891
2030
22525
2030
7182
2030
4690
8404
22525
2030
7182
6652
2518
6652
755
2030
70705
6652
7182
2030
22525
2030
7182
2030
22525
2030
70705
2030
7182
2030
4690
6652
70705
2030
2518
13097
755
2030
7182
23852
11476
2030
7182
2030
7464
2030
7182
2030
7182
2030
7464
2030
4690
16182
7182
2030
755
2030
2518
13097
2518
2030
2518
2030
2518
2030
2518
2030
2518
2030
2518
2030
2518
13097
2518
2030
755
2030
755
6652
755
6652
755
6652
755
6652
755
6652
755
6652
755
2030
755
6652
7182
2030
22525
2030
7182
2030
22525
2030
71757
2030
7182
2030
4690
16182
71757
2030
7182
108636
7464
13097
7182
46939
7182
16182
7464
16182
4690
2030
7182
16182
7182
13097
201164
46939
22525
16182
7182
16182
4690
2030
22525
16182
7182
13097
7182
13097
23455
13097
4690
2030
7182
13097
22525
16182
7182
16182
4690
2030
22525
16182
7182
35529
4690
2030
98934
39811
4690
2030
7182
35529
4690
2030
