250001
192184
250001
56387
250001
192538
130013
150171
225060
104322
250001
63148
250001
192538
250001
192538
250001
56387
225060
250001
130013
192538
250001
137636
250001
192861
250001
192538
250001
192538
250001
192538
250001
56387
250001
192538
250001
192538
159051
56387
250001
192538
225060
192538
250001
192538
52839
192538
225060
137636
225060
192538
250001
192538
250001
192538
250001
192538
250001
63148
52839
108098
250001
108158
231512
56387
159051
137636
250001
56387
250001
192184
130013
150171
225060
104322
250001
63148
250001
192184
250001
192184
250001
56387
225060
192184
130013
192184
250001
137636
250001
192184
250001
192184
250001
192184
250001
192184
250001
56387
250001
192184
250001
192184
159051
56387
250001
192184
225060
192184
250001
192184
52839
192184
225060
137636
225060
192184
250001
192184
250001
192184
250001
192184
250001
63148
52839
108098
250001
108158
231512
56387
159051
137636
250001
56387
130013
56387
225060
56387
250001
56387
250001
56387
250001
56387
250001
215468
225060
56387
130013
56387
250001
56387
250001
56387
250001
56387
250001
56387
250001
56387
250001
136477
250001
56387
250001
56387
159051
137636
250001
56387
225060
56387
250001
56387
52839
56387
225060
56387
225060
56387
250001
56387
250001
56387
250001
56387
250001
56387
52839
56387
250001
56387
231512
247012
159051
56387
130013
150171
225060
104322
250001
63148
250001
234943
250001
192577
250001
56387
225060
192538
130013
192577
250001
137636
250001
192538
250001
211774
250001
250001
250001
192577
250001
56387
250001
192577
250001
192577
159051
56387
250001
192577
225060
192577
250001
250001
52839
250001
225060
137636
225060
192577
250001
250001
250001
192577
250001
237447
250001
63148
52839
108098
250001
108158
231512
56387
159051
137636
130013
104322
130013
63148
130013
150171
130013
150171
130013
56387
130013
150171
235546
150171
130013
137636
130013
150171
130013
150171
130013
150171
130013
150171
130013
56387
130013
150171
130013
150171
130013
56387
130013
150171
130013
150171
130013
150171
52839
150171
130013
137636
130013
150171
130013
150171
130013
150171
130013
150171
130013
63148
52839
108098
130013
108158
130013
56387
130013
137636
225060
63148
225060
104322
225060
104322
225060
56387
231512
104322
130013
104322
225060
104322
225060
104322
225060
104322
225060
104322
225060
104322
225060
56387
225060
104322
225060
104322
159051
56387
225060
104322
250001
104322
225060
104322
52839
104322
250001
104322
250001
104322
225060
104322
225060
104322
225060
104322
225060
63148
52839
104322
225060
104322
225060
56387
159051
104322
250001
63148
250001
63148
250001
56387
225060
63148
130013
63148
250001
63148
250001
63148
250001
63148
250001
63148
250001
63148
250001
56387
250001
63148
250001
63148
159051
56387
250001
63148
225060
63148
250001
63148
52839
63148
225060
63148
225060
63148
250001
63148
250001
63148
250001
63148
250001
104322
52839
63148
250001
63148
231512
56387
159051
63148
250001
192577
250001
56387
225060
192538
130013
192577
250001
137636
250001
192538
250001
211774
250001
234943
250001
192577
250001
56387
250001
192577
250001
192577
159051
56387
250001
192577
225060
192577
250001
234943
52839
234943
225060
137636
225060
192577
250001
234943
250001
192577
250001
234943
250001
63148
52839
108098
250001
108158
231512
56387
159051
137636
250001
56387
225060
192538
130013
250001
250001
137636
250001
192538
250001
192577
250001
192577
250001
250001
250001
56387
250001
250001
250001
250001
159051
56387
250001
203003
225060
250001
250001
192577
52839
192577
225060
137636
225060
250001
250001
192577
250001
250001
250001
192577
250001
63148
52839
108098
250001
108158
231512
56387
159051
137636
225060
56387
130013
56387
250001
56387
250001
56387
250001
56387
250001
56387
250001
56387
250001
136477
250001
56387
250001
56387
159051
137636
250001
56387
225060
56387
250001
56387
52839
56387
225060
56387
225060
56387
250001
56387
250001
56387
250001
56387
250001
56387
52839
56387
250001
56387
231512
215468
159051
56387
130013
192538
225060
137636
225060
192861
225060
192538
225060
192538
225060
192538
225060
56387
225060
192538
225060
192538
159051
56387
225060
192538
231512
192538
225060
192538
52839
192538
231512
137636
231512
192538
225060
192538
225060
192538
225060
192538
225060
63148
52839
108098
225060
108158
225060
56387
159051
137636
130013
137636
130013
192538
130013
192577
130013
192577
130013
250001
130013
56387
130013
250001
130013
250001
130013
56387
130013
203003
130013
250001
130013
192577
52839
192577
130013
137636
130013
250001
130013
192577
130013
250001
130013
192577
130013
63148
52839
108098
130013
108158
130013
56387
130013
137636
250001
137636
250001
137636
250001
137636
250001
137636
250001
56387
250001
137636
250001
137636
159051
56387
250001
137636
225060
137636
250001
137636
52839
137636
225060
250001
225060
137636
250001
137636
250001
137636
250001
137636
250001
63148
52839
108098
250001
108158
231512
56387
159051
137657
250001
192538
250001
192538
250001
192538
250001
56387
250001
192538
250001
192538
159051
56387
250001
192538
225060
192538
250001
192538
52839
192538
225060
137636
225060
192538
250001
192538
250001
192538
250001
192538
250001
63148
52839
108098
250001
108158
231512
56387
159051
137636
250001
211774
250001
192577
250001
56387
250001
192577
250001
192577
159051
56387
250001
192577
225060
192577
250001
211774
52839
211774
225060
137636
225060
192577
250001
211774
250001
192577
250001
211774
250001
63148
52839
108098
250001
108158
231512
56387
159051
137636
250001
192577
250001
56387
250001
192577
250001
192577
159051
56387
250001
192577
225060
192577
250001
250001
52839
250001
225060
137636
225060
192577
250001
250001
250001
192577
250001
237447
250001
63148
52839
108098
250001
108158
231512
56387
159051
137636
250001
56387
250001
250001
250001
250001
159051
56387
250001
203003
225060
250001
250001
192577
52839
192577
225060
137636
225060
250001
250001
192577
250001
250001
250001
192577
250001
63148
52839
108098
250001
108158
231512
56387
159051
137636
250001
56387
250001
56387
159051
136477
250001
56387
225060
56387
250001
56387
52839
56387
225060
56387
225060
56387
250001
56387
250001
56387
250001
56387
250001
56387
52839
56387
250001
56387
231512
136477
159051
56387
250001
250001
159051
56387
250001
203003
225060
250001
250001
192577
52839
192577
225060
137636
225060
250001
250001
192577
250001
250001
250001
192577
250001
63148
52839
108098
250001
108158
231512
56387
159051
137636
159051
56387
250001
203003
225060
250001
250001
192577
52839
192577
225060
137636
225060
250001
250001
192577
250001
250001
250001
192577
250001
63148
52839
108098
250001
108158
231512
56387
159051
137636
159051
56387
159051
56387
159051
56387
52839
56387
159051
56387
159051
56387
159051
56387
159051
56387
159051
56387
159051
56387
52839
56387
159051
56387
159051
137636
244298
56387
225060
203003
250001
192577
52839
192577
225060
137636
225060
203003
250001
192577
250001
203003
250001
192577
250001
63148
52839
108098
250001
108158
231512
56387
159051
137636
225060
192577
52839
192577
250001
137636
250001
250001
225060
192577
225060
250001
225060
192577
225060
63148
52839
108098
225060
108158
225060
56387
159051
137636
52839
250001
225060
137636
225060
192577
250001
250001
250001
192577
250001
237447
250001
63148
52839
108098
250001
108158
231512
56387
159051
137636
52839
137636
52839
192577
52839
250001
52839
192577
52839
237447
52839
63148
250001
108098
52839
108158
52839
56387
52839
137636
250001
137636
225060
137636
225060
137636
225060
137636
225060
63148
52839
108098
225060
108158
225060
56387
159051
137657
225060
192577
225060
250001
225060
192577
225060
63148
52839
108098
225060
108158
225060
56387
159051
137636
250001
192577
250001
237447
250001
63148
52839
108098
250001
108158
231512
56387
159051
137636
250001
192577
250001
63148
52839
108098
250001
108158
231512
56387
159051
137636
250001
63148
52839
108098
250001
108158
231512
56387
159051
137636
52839
63148
250001
63148
231512
56387
159051
63148
52839
108098
52839
56387
52839
108098
231512
56387
159051
108158
159051
56387
