20164
148
20164
148
20164
148
107627
5054
20164
148
20164
148
30400
148
20164
148
20164
148
107627
122739
108843
14108
20164
148
20164
148
20164
148
20164
148
20164
148
20164
148
20164
148
20164
148
20164
148
20164
148
20164
148
20164
148
20164
148
20164
148
20164
148
108843
14108
20164
148
20164
148
20164
148
20164
148
20164
148
20164
148
20164
148
20164
148
20164
148
20164
148
20164
148
41064
250001
41064
210989
20164
148
41064
210989
41064
5054
20164
35278
41064
35278
41064
46516
20164
148
20164
148
41064
144139
41064
46516
41064
250001
41064
21644
41064
250001
30400
33107
41064
33107
41064
250001
41064
46516
41064
46516
30400
250001
41064
38601
41064
15839
41064
210989
41064
15839
20164
148
41064
38601
30400
33107
41064
250001
36328
33107
41064
59161
41064
38601
41064
250001
36328
59161
41064
38601
41064
46516
30400
250001
46314
210989
20164
148
46995
210989
63717
5054
20164
35278
249966
35278
63717
46516
20164
148
20164
148
63717
144139
146420
46516
59190
250001
63717
21644
46995
250001
30400
33107
249966
33107
57426
250001
63717
46516
250001
46516
30400
250001
63717
38601
42650
15839
64305
210989
42650
15839
20164
148
63717
38601
30400
33107
249966
250001
36328
33107
63717
59161
63717
38601
46995
250001
36328
59161
146420
38601
63717
46516
30400
250001
20164
148
46314
232117
46314
5054
20164
35278
46314
35278
46314
46516
20164
148
20164
148
46314
144139
46314
46516
46314
210989
46314
21644
46314
210989
30400
33107
46314
33107
46314
210989
46314
46516
46314
46516
30400
210989
46314
38601
42650
15839
46314
232117
42650
15839
20164
148
46314
38601
30400
33107
46314
210989
36328
33107
46314
59161
46314
38601
46314
210989
36328
59161
46314
38601
46314
46516
30400
210989
20164
148
20164
148
30400
148
20164
148
20164
148
108843
5054
107627
5054
20164
148
20164
148
20164
148
20164
148
20164
148
20164
148
20164
148
20164
148
20164
148
20164
148
20164
148
20164
148
20164
148
20164
148
20164
148
107627
5054
20164
148
20164
148
20164
148
20164
148
20164
148
20164
148
20164
148
20164
148
20164
148
20164
148
20164
148
46995
5054
20164
35278
46995
35278
46995
46516
20164
148
20164
148
46995
144139
46995
46516
46995
210989
46995
21644
59190
210989
30400
33107
46995
33107
46995
210989
46995
46516
46995
46516
30400
210989
46995
38601
42650
15839
46995
250001
42650
15839
20164
148
46995
38601
30400
33107
46995
210989
36328
33107
46995
59161
46995
38601
59190
210989
36328
59161
46995
38601
46995
46516
30400
210989
20164
5054
63717
5054
185079
5054
20164
148
20164
148
104829
5054
63717
5054
59190
5054
69729
5054
46995
5054
30400
5054
63717
5054
57426
5054
64512
5054
63717
5054
30400
5054
249966
5054
42650
5054
63717
5054
42650
5054
20164
148
175904
5054
30400
5054
63717
5054
36328
5054
177852
5054
249966
5054
46995
5054
36328
5054
63717
5054
64512
5054
30400
5054
20164
46516
20164
35278
30400
148
30400
148
20164
35278
20164
35278
20164
35278
20164
21644
20164
35278
20164
33107
20164
33107
20164
35278
20164
35278
20164
35278
20164
35278
20164
35278
20164
15839
20164
35278
20164
15839
30400
148
20164
35278
20164
33107
20164
35278
20164
33107
20164
35278
20164
35278
20164
35278
20164
35278
20164
35278
20164
35278
20164
35278
63717
35278
20164
148
20164
148
63717
35278
146420
35278
59190
35278
63717
21644
46995
35278
30400
33107
250001
33107
57426
35278
63717
35278
249966
35278
30400
35278
63717
35278
42650
15839
64305
35278
42650
15839
20164
148
63717
35278
30400
33107
250001
35278
36328
33107
63717
35278
63717
35278
46995
35278
36328
35278
146420
35278
63717
35278
30400
35278
20164
148
20164
148
104829
46516
63717
72732
59190
46516
69729
21644
46995
46516
30400
33107
63717
33107
57426
46516
64512
91256
63717
77879
30400
46516
185079
38601
42650
15839
63717
46516
42650
15839
20164
148
175904
38601
30400
33107
63717
46516
36328
33107
177852
46516
185079
38601
46995
46516
36328
46516
63717
38601
64512
53738
30400
46516
107627
14108
20164
148
20164
148
20164
148
20164
148
20164
148
20164
148
20164
148
20164
148
20164
148
20164
148
20164
148
20164
148
20164
148
20164
148
20164
148
107627
14108
20164
148
20164
148
20164
148
20164
148
20164
148
20164
148
20164
148
20164
148
20164
148
20164
148
20164
148
20164
148
20164
148
20164
148
20164
148
20164
148
20164
148
20164
148
20164
148
20164
148
20164
148
20164
148
20164
148
20164
148
20164
148
20164
148
169022
25584
20164
148
20164
148
20164
148
20164
148
20164
148
20164
148
20164
148
20164
148
20164
148
20164
148
20164
148
63717
46516
59190
144139
69729
21644
46995
144139
30400
33107
63717
33107
57426
144139
64512
46516
63717
46516
30400
144139
104829
38601
42650
15839
63717
144139
42650
15839
20164
148
104829
38601
30400
33107
63717
144139
36328
33107
104829
59161
104829
38601
46995
144139
36328
59161
63717
38601
64512
46516
30400
144139
59190
46516
63717
21644
46995
46516
30400
33107
146420
33107
57426
46516
63717
72732
146420
72732
30400
46516
63717
38601
42650
15839
64305
46516
42650
15839
20164
148
63717
38601
30400
33107
146420
46516
36328
33107
63717
46516
63717
38601
46995
46516
36328
46516
178173
38601
63717
53738
30400
46516
59190
21644
46995
250001
30400
33107
59190
33107
57426
250001
59190
46516
59190
46516
30400
250001
59190
38601
42650
15839
59190
210989
42650
15839
20164
148
59190
38601
30400
33107
59190
250001
36328
33107
59190
59161
59190
38601
46995
250001
36328
59161
59190
38601
59190
46516
30400
250001
46995
21644
30400
21644
63717
21644
57426
21644
64512
21644
63717
21644
30400
21644
69729
21644
42650
15839
63717
21644
42650
15839
20164
148
69729
21644
30400
21644
63717
21644
36328
21644
69729
21644
69729
21644
46995
21644
36328
21644
63717
21644
64512
21644
30400
21644
30400
33107
46995
33107
46995
250001
46995
46516
46995
46516
30400
250001
46995
38601
42650
15839
46995
210989
42650
15839
20164
148
46995
38601
30400
33107
46995
250001
36328
33107
46995
59161
46995
38601
63717
250001
36328
59161
46995
38601
46995
46516
30400
250001
30400
38601
30400
33107
30400
33107
30400
33107
55411
33107
30400
33107
30400
15839
30400
33107
30400
15839
20164
148
30400
33107
55411
35278
30400
33107
30400
59161
30400
33107
30400
33107
30400
33107
30400
33107
30400
33107
30400
33107
55411
33107
57426
33107
63717
33107
249966
33107
30400
33107
63717
33107
42650
15839
64305
33107
42650
15839
20164
148
63717
33107
30400
35278
250001
33107
36328
38601
63717
33107
63717
33107
46995
33107
36328
33107
146420
33107
63717
33107
30400
33107
57426
46516
57426
46516
30400
250001
57426
38601
42650
15839
57426
210989
42650
15839
20164
148
57426
38601
30400
33107
57426
250001
36328
33107
57426
59161
57426
38601
46995
250001
36328
59161
57426
38601
57426
46516
30400
250001
63717
77879
30400
46516
64512
38601
42650
15839
63717
46516
42650
15839
20164
148
64512
38601
30400
33107
63717
46516
36328
33107
64512
46516
64512
38601
46995
46516
36328
46516
63717
38601
173721
53738
30400
46516
30400
46516
63717
38601
42650
15839
64305
46516
42650
15839
20164
148
63717
38601
30400
33107
249966
46516
36328
33107
63717
46516
63717
38601
46995
46516
36328
46516
146420
38601
63717
53738
30400
46516
30400
38601
30400
15839
30400
210989
30400
15839
20164
148
30400
38601
221686
33107
30400
250001
30400
33107
30400
59161
30400
38601
30400
250001
30400
59161
30400
38601
30400
46516
79369
250001
42650
15839
63717
38601
42650
15839
20164
148
175904
155088
30400
33107
63717
38601
36328
33107
177852
38601
250001
155088
46995
38601
36328
38601
63717
51206
64512
38601
30400
38601
42650
15839
46314
250001
20164
148
42650
15839
30400
15839
42650
15839
36328
15839
42650
15839
42650
15839
42650
15839
36328
15839
42650
15839
42650
15839
30400
15839
42650
15839
20164
148
63717
38601
30400
33107
64305
210989
36328
33107
63717
59161
63717
38601
46995
210989
36328
59161
64305
38601
63717
46516
30400
210989
20164
148
42650
15839
30400
15839
42650
15839
36328
15839
42650
15839
42650
15839
42650
15839
36328
15839
42650
15839
42650
15839
30400
15839
20164
148
20164
148
20164
148
20164
148
20164
148
20164
148
20164
148
20164
148
20164
148
20164
148
20164
148
30400
33107
63717
38601
36328
33107
175904
38601
175904
250001
46995
38601
36328
38601
63717
51206
64512
38601
30400
38601
30400
33107
30400
35278
30400
33107
30400
33107
30400
33107
30400
33107
30400
33107
30400
33107
79369
33107
36328
33107
63717
59161
63717
38601
46995
250001
36328
59161
146420
38601
63717
46516
30400
250001
36328
33107
36328
33107
36328
33107
226072
33107
36328
33107
36328
33107
30400
33107
177852
38601
46995
59161
36328
250001
63717
38601
64512
46516
30400
59161
46995
38601
36328
38601
63717
51206
64512
38601
30400
38601
36328
59161
46995
38601
46995
46516
30400
250001
36328
38601
36328
46516
30400
59161
63717
38601
30400
38601
30400
46516
