250001
26622
172596
26622
238293
26622
86907
26622
41043
26622
86907
26622
110946
26622
250001
26622
250001
26622
250001
26622
22684
26622
88356
26622
669
133
250001
5814
250001
26622
250001
5814
250001
26622
213730
26622
172596
26622
250001
26622
250001
26622
250001
26622
250001
26622
250001
26622
250001
26622
250001
26622
250001
26622
250001
26622
250001
26622
250001
26622
669
133
250001
26622
250001
26622
250001
26622
250001
26622
172596
83666
238293
78991
86907
179540
41043
83666
86907
55666
110946
83666
250001
83666
250001
78991
250001
83666
22684
43137
88356
188460
669
133
250001
5814
250001
179540
250001
5814
250001
188460
213730
83666
172596
125882
250001
188460
250001
83666
250001
83666
250001
83666
250001
55666
250001
53961
250001
83666
250001
55666
250001
188460
250001
83666
250001
188460
669
133
250001
188460
250001
53961
250001
83666
250001
83666
172596
78991
86907
83666
41043
250001
86907
55666
110946
250001
172596
250001
172596
78991
172596
250001
22684
43137
88356
83666
669
133
172596
5814
172596
83666
172596
5814
172596
83666
172596
250001
213440
83666
172596
83666
172596
250001
172596
250001
172596
250001
172596
55666
172596
53961
172596
250001
172596
55666
172596
83666
172596
250001
172596
83666
669
133
172596
83666
172596
53961
172596
250001
172596
179540
86907
78991
41043
78991
86907
55666
110946
78991
238293
78991
238293
80098
238293
78991
22684
43137
88356
78991
669
133
238293
5814
238293
78991
238293
5814
238293
78991
213730
78991
172596
78991
238293
78991
238293
78991
238293
78991
238293
78991
238293
55666
238293
53961
238293
78991
238293
55666
238293
78991
238293
78991
238293
78991
669
133
238293
78991
238293
53961
238293
78991
238293
78991
41043
83666
250001
55666
86907
83666
86907
83666
86907
78991
86907
83666
22684
43137
86907
179540
669
133
86907
5814
86907
221779
86907
5814
86907
179540
86907
83666
86907
125882
86907
179540
86907
83666
86907
83666
86907
83666
86907
55666
86907
53961
86907
83666
86907
55666
86907
179540
86907
83666
86907
179540
669
133
86907
179540
86907
53961
86907
83666
86907
83666
41043
55666
41043
250001
41043
250001
41043
78991
41043
250001
22684
43137
41043
83666
669
133
41043
5814
41043
83666
41043
5814
41043
83666
41043
250001
41043
83666
41043
83666
41043
250001
41043
250001
41043
250001
41043
55666
41043
53961
41043
250001
41043
55666
41043
83666
41043
250001
41043
83666
669
133
41043
83666
41043
53961
41043
250001
41043
179540
86907
55666
86907
55666
86907
55666
86907
55666
22684
43137
86907
55666
669
133
86907
5814
86907
55666
86907
5814
86907
55666
86907
55666
86907
55666
86907
55666
86907
55666
86907
55666
86907
55666
86907
83666
86907
53961
86907
55666
86907
71227
86907
55666
86907
55666
86907
55666
669
133
86907
55666
86907
53961
86907
55666
86907
55666
110946
250001
110946
78991
110946
250001
22684
43137
88356
83666
669
133
110946
5814
110946
83666
110946
5814
110946
83666
110946
250001
110946
83666
110946
83666
110946
250001
110946
250001
110946
250001
110946
55666
110946
53961
110946
250001
110946
55666
110946
83666
110946
250001
110946
83666
669
133
110946
83666
110946
53961
110946
250001
110946
179540
250001
78991
250001
250001
22684
43137
88356
83666
669
133
250001
5814
250001
83666
250001
5814
250001
83666
213730
250001
172596
83666
250001
83666
250001
250001
250001
250001
250001
250001
250001
55666
250001
53961
250001
250001
250001
55666
250001
83666
250001
250001
250001
83666
669
133
250001
83666
250001
53961
250001
250001
250001
179540
250001
78991
22684
43137
88356
78991
669
133
250001
5814
250001
78991
250001
5814
250001
78991
213730
78991
172596
78991
250001
78991
250001
78991
250001
78991
250001
78991
250001
55666
250001
53961
250001
78991
250001
55666
250001
78991
250001
78991
250001
78991
669
133
250001
78991
250001
53961
250001
78991
250001
78991
22684
43137
88356
83666
669
133
250001
5814
250001
83666
250001
5814
250001
83666
213730
250001
172596
83666
250001
83666
250001
250001
250001
250001
250001
250001
250001
55666
250001
53961
250001
250001
250001
55666
250001
83666
250001
250001
250001
83666
669
133
250001
83666
250001
53961
250001
250001
250001
179540
22684
43137
669
133
22684
5814
22684
43137
22684
5814
22684
43137
22684
43137
22684
43137
22684
43137
22684
43137
22684
43137
22684
43137
22684
43137
22684
43137
22684
43137
22684
43137
22684
43137
22684
43137
22684
43137
669
133
22684
43137
22684
43137
22684
43137
22684
43137
669
133
88356
5814
88356
179540
88356
5814
88356
250001
88356
83666
88356
125882
88356
250001
88356
83666
88356
83666
88356
83666
88356
55666
88356
53961
88356
83666
88356
55666
88356
250001
88356
83666
88356
250001
669
133
88356
250001
88356
53961
88356
83666
88356
83666
669
133
669
133
669
133
669
133
669
133
669
133
669
133
669
133
669
133
669
133
669
133
669
133
669
133
669
133
669
133
669
133
669
133
86907
71227
669
133
669
133
669
133
669
133
250001
5814
250001
250001
250001
5814
213730
5814
172596
5814
250001
5814
250001
5814
250001
5814
250001
5814
250001
5814
250001
5814
250001
5814
250001
5814
250001
5814
250001
5814
250001
5814
669
133
250001
5814
250001
5814
250001
5814
250001
5814
250001
5814
250001
179540
213730
83666
172596
125882
250001
179540
250001
83666
250001
83666
250001
83666
250001
55666
250001
53961
250001
83666
250001
55666
250001
179540
250001
83666
250001
179540
669
133
250001
179540
250001
53961
250001
83666
250001
83666
250001
5814
213730
5814
172596
5814
250001
5814
250001
5814
250001
5814
250001
5814
250001
5814
250001
5814
250001
5814
250001
5814
250001
5814
250001
5814
250001
5814
669
133
250001
5814
250001
5814
250001
5814
250001
5814
213730
83666
172596
125882
250001
250001
250001
83666
250001
83666
250001
83666
250001
55666
250001
53961
250001
83666
250001
55666
250001
250001
250001
83666
250001
250001
669
133
250001
250001
250001
53961
250001
83666
250001
83666
172596
83666
213730
83666
213730
250001
213730
250001
213730
250001
213730
55666
213730
53961
213730
250001
213730
55666
213730
83666
213730
250001
213730
83666
669
133
213730
83666
213730
53961
213730
250001
213730
179540
172596
125882
172596
83666
172596
83666
172596
83666
172596
55666
172596
53961
172596
83666
172596
55666
172596
125882
172596
83666
172596
125882
669
133
172596
125882
172596
53961
172596
83666
172596
83666
250001
83666
250001
83666
250001
83666
250001
55666
250001
53961
250001
83666
250001
55666
250001
250001
250001
83666
250001
250001
669
133
250001
250001
250001
53961
250001
83666
250001
83666
250001
250001
250001
250001
250001
55666
250001
53961
250001
250001
250001
55666
250001
83666
250001
250001
250001
83666
669
133
250001
83666
250001
53961
250001
250001
250001
179540
250001
250001
250001
55666
250001
53961
250001
250001
250001
55666
250001
83666
250001
250001
250001
83666
669
133
250001
83666
250001
53961
250001
250001
250001
179540
250001
55666
250001
53961
250001
250001
250001
55666
250001
83666
250001
250001
250001
83666
669
133
250001
83666
250001
53961
250001
250001
250001
179540
250001
53961
250001
55666
250001
71227
250001
55666
250001
55666
250001
55666
669
133
250001
55666
250001
53961
250001
55666
250001
55666
250001
53961
250001
53961
250001
53961
250001
53961
250001
53961
669
133
250001
53961
250001
55666
250001
53961
250001
53961
250001
55666
250001
83666
250001
250001
250001
83666
669
133
250001
83666
250001
53961
250001
250001
250001
179540
250001
55666
250001
55666
250001
55666
669
133
250001
55666
250001
53961
250001
55666
250001
55666
250001
83666
250001
250001
669
133
250001
250001
250001
53961
250001
83666
250001
83666
250001
83666
669
133
250001
83666
250001
53961
250001
250001
250001
179540
669
133
250001
250001
250001
53961
250001
83666
250001
83666
669
133
669
133
669
133
669
133
250001
53961
250001
83666
250001
83666
250001
53961
250001
53961
250001
179540
