16412
40075
54381
40075
54381
40075
107587
22542
30332
36653
17383
22470
54381
58196
30037
4301
54381
40075
16412
41445
16283
40978
23389
58196
54381
35357
16283
51707
30037
48616
54381
58196
45928
17903
114643
36653
17383
58196
53257
40075
134628
58196
16283
40075
97693
58196
16283
58196
54381
40075
45928
58196
17383
58196
16412
58196
54381
22542
54381
22470
30037
22470
54381
58196
16412
4301
16412
43315
16412
42776
16412
22542
16412
36653
16412
22470
16412
40075
16412
4301
16412
40978
23288
40075
16283
40075
16412
40075
16412
35357
16283
40075
16412
40075
16412
40075
16412
17903
16412
36653
16412
40075
16412
60250
16412
40075
16283
43315
16412
40075
16283
40075
16412
43315
16412
40075
16412
40075
17383
40075
16412
22542
16412
22470
16412
22470
16412
40075
18340
4301
114643
42776
54381
22542
30332
36653
17383
22470
114643
40075
30037
4301
135521
40978
16412
40075
16283
40075
23389
40075
114643
35357
16283
40075
30037
40075
114643
40075
45928
17903
54381
36653
17383
40075
53257
43315
54381
40075
16283
60250
54381
40075
16283
40075
114643
123375
45928
40075
17383
40075
16412
40075
75347
22542
56835
22470
30037
22470
114643
40075
16412
4301
54381
22542
30332
36653
17383
22470
155098
40075
30037
4301
114643
40978
16412
40075
16283
40075
23389
40075
136272
35357
16283
40075
30037
40075
137653
40075
45928
17903
54381
36653
17383
40075
53257
42776
54381
40075
16283
42776
54381
40075
16283
40075
137653
42776
45928
40075
17383
40075
16412
40075
75347
22542
56835
22470
30037
22470
134628
40075
16412
4301
30332
22542
17383
22470
54381
22542
30037
4301
54381
22542
16412
22542
16283
22542
23389
22542
54381
22542
16283
22542
30037
22542
54381
22542
45928
17903
107587
22542
17383
22542
53257
22542
107587
22542
16283
22542
97693
22542
16283
22542
54381
22542
45928
22542
17383
22542
16412
22542
54381
56634
54381
22470
30037
22470
54381
22542
16412
4301
17383
22470
30332
36653
30037
4301
30332
36653
16412
36653
16283
36653
23389
36653
30332
35357
16283
36653
30037
36653
30332
36653
30332
17903
30332
220933
17383
36653
30332
36653
30332
36653
16283
36653
30332
36653
16283
36653
30332
36653
30332
36653
17383
36653
16412
36653
30332
22542
30332
22470
30037
22470
30332
36653
16412
4301
17383
22470
17383
4301
17383
22470
16412
22470
16283
22470
17383
22470
17383
22470
16283
22470
17383
22470
17383
22470
17383
17903
17383
22470
18340
22470
17383
22470
17383
22470
16283
22470
17383
22470
16283
22470
17383
22470
17383
22470
19597
22470
16412
22470
17383
22470
17383
60250
17383
38519
17383
22470
16412
4301
30037
4301
114643
40075
16412
41445
16283
40978
23389
172051
136272
35357
16283
51707
30037
48616
137653
172051
45928
17903
54381
36653
17383
127996
53257
40075
54381
172051
16283
40075
54381
184476
16283
154348
137653
40075
45928
172051
17383
172051
16412
172051
75347
22542
56835
22470
30037
22470
134628
172051
16412
4301
30037
4301
16412
4301
16283
4301
23389
4301
30037
4301
16283
4301
53257
4301
30037
4301
30037
4301
30037
4301
17383
4301
30037
4301
30037
4301
16283
4301
30037
4301
16283
4301
30037
4301
30037
4301
17383
4301
16412
4301
30037
4301
30037
4301
30109
4301
30037
4301
16412
17903
16412
40075
16283
40075
23389
40075
114643
35357
16283
40075
30037
40075
114643
40075
45928
17903
54381
36653
17383
40075
53257
40978
54381
40075
16283
40978
54381
40075
16283
40075
114643
40978
45928
40075
17383
40075
16412
40075
75347
22542
56835
22470
30037
22470
114643
40075
16412
4301
16283
40978
16412
41445
16412
35357
16283
41445
16412
41445
16412
41445
16412
17903
16412
36653
16412
41445
16412
40075
16412
41445
16283
40075
16412
41445
16283
41445
16412
40075
16412
41445
16412
41445
17383
41445
16412
22542
16412
22470
16412
22470
16412
41445
18340
4301
16283
40978
16283
35357
18340
40978
16283
40978
16283
40978
16283
17903
16283
36653
16283
40978
16283
40075
16283
40978
23288
40075
16283
40978
19912
40978
16283
40075
16283
40978
16283
40978
16283
40978
16283
22542
16283
22470
16283
22470
16283
40978
16283
4301
23389
35357
16283
51707
23389
48616
23389
175552
23389
17903
23389
36653
17383
127996
23389
40075
23389
175552
16283
40075
23389
172051
16283
154348
23389
40075
23389
175552
17383
175552
16412
175552
23389
22542
23389
22470
23389
22470
23389
175552
16412
4301
16283
35357
30037
35357
136272
35357
45928
17903
54381
35357
17383
35357
53257
35357
54381
35357
16283
35357
54381
35357
16283
35357
136272
35357
45928
35357
17383
35357
16412
35357
75347
22542
56835
22470
30037
22470
134628
35357
16412
4301
16283
48616
16283
51707
16283
17903
16283
36653
16283
51707
16283
40075
16283
51707
18340
40075
16283
51707
18340
51707
16283
40075
16283
51707
16283
51707
16283
51707
16283
22542
16283
22470
16283
22470
16283
51707
16283
4301
30037
48616
30037
17903
30037
36653
17383
48616
30037
40075
30037
48616
16283
40075
30037
48616
16283
48616
30037
40075
30037
48616
17383
48616
16412
48616
30037
22542
30037
22470
30109
22470
30037
48616
16412
4301
45928
17903
54381
36653
17383
127996
53257
40075
54381
250001
16283
40075
54381
172051
16283
154348
171494
40075
45928
250001
17383
250001
16412
232375
75347
22542
56835
22470
30037
22470
134628
184620
16412
4301
45928
17903
17383
17903
45928
17903
45928
17903
16283
17903
45928
17903
16283
17903
45928
17903
51147
17903
17383
17903
16412
17903
45928
17903
45928
17903
30037
17903
45928
17903
16412
4301
17383
36653
53257
36653
114643
36653
16283
36653
97693
36653
16283
36653
54381
36653
45928
36653
17383
36653
16412
36653
54381
22542
54381
22470
30037
22470
54381
36653
16412
4301
17383
40075
17383
127996
16283
40075
17383
127996
16283
127996
17383
40075
17383
127996
18340
127996
16412
127996
17383
22542
17383
22470
17383
22470
17383
127996
16412
4301
53257
40075
16283
43315
53257
40075
16283
40075
53257
43315
45928
40075
17383
40075
16412
40075
53257
22542
53257
22470
30037
22470
53257
40075
16412
4301
16283
40075
97693
172051
16283
154348
54381
40075
45928
250001
17383
250001
16412
232375
54381
22542
54381
22470
30037
22470
54381
184620
16412
4301
16283
40075
19912
40075
16283
60250
16283
40075
16283
40075
16283
40075
16283
22542
16283
22470
16283
22470
16283
40075
16283
4301
16283
154348
54381
40075
45928
172051
17383
172051
16412
172051
54381
22542
54381
22470
30037
22470
54381
172051
16412
4301
16283
40075
16283
154348
16283
154348
16283
154348
16283
22542
16283
22470
16283
22470
16283
154348
16283
4301
45928
40075
17383
40075
16412
40075
75347
22542
56835
22470
30037
22470
134628
40075
16412
4301
17383
250001
16412
232375
45928
22542
45928
22470
30037
22470
45928
184620
16412
4301
16412
232375
17383
22542
17383
22470
17383
22470
17383
184620
16412
4301
16412
22542
16412
22470
16412
22470
16412
184620
17383
4301
56835
22470
30037
22470
75347
22542
16412
4301
30037
38519
56835
22470
16412
4301
30037
22470
16412
4301
16412
4301
