60303
250001
60303
208004
60303
10196
60303
188704
60303
250001
60303
250001
60303
10196
60303
250001
60303
149668
60303
250001
60303
232810
60303
250001
60303
188704
60303
188704
60303
208004
60303
250001
60303
250001
60303
250001
60303
32242
60303
250001
60303
99500
60303
50371
60303
10196
60303
32242
60303
250001
60303
188704
60303
250001
60303
188704
60303
10196
60303
250001
60303
250001
60303
250001
60303
99500
125891
224311
60303
50371
214092
208004
214092
10196
231448
188704
99087
250001
250001
250001
99087
10196
250001
250001
214092
149668
163884
250001
250001
232810
182318
250001
99087
188704
250001
188704
214092
208004
163884
250001
250001
250001
231448
250001
231448
32242
137257
250001
125891
99500
125891
50371
99087
10196
250001
32242
163884
250001
250001
188704
99087
250001
250001
188704
250001
10196
213094
250001
250001
250001
141492
250001
99087
99500
60303
224311
125891
50371
215104
10196
214092
188704
99087
208004
214092
208004
99087
10196
214092
208004
223157
149668
163884
208004
214092
208004
182318
208004
99087
188704
214092
188704
250001
214179
163884
208004
214092
208004
214092
208004
214092
32242
137257
208004
125891
99500
125891
50371
99087
10196
214092
32242
163884
208004
214092
188704
99087
208004
214092
188704
214092
10196
213094
208004
214092
208004
141492
208004
99087
99500
60303
208004
125891
50371
214092
10196
99087
10196
214092
10196
99087
250001
214092
10196
215104
10196
163884
10196
214092
10196
182318
10196
99087
10196
214092
10196
215104
10196
163884
10196
214092
10196
214092
10196
214092
10196
137257
10196
125891
10196
125891
10196
99087
217541
214092
10196
163884
10196
214092
10196
99087
10196
214092
10196
214092
223986
213094
10196
214092
10196
141492
10196
99087
10196
60303
10196
125891
10196
99087
188704
231448
188704
99087
10196
231448
188704
214092
149668
163884
188704
231448
188704
182318
188704
99087
250001
231448
250001
214092
188704
163884
188704
231448
188704
250001
188704
250001
32242
137257
188704
125891
99500
125891
50371
99087
10196
231448
32242
163884
188704
231448
250001
99087
188704
231448
250001
231448
10196
213094
188704
231448
188704
141492
188704
99087
99500
60303
188704
125891
50371
99087
250001
141492
10196
99087
250001
99087
149668
99087
250001
99087
232810
99087
250001
141492
188704
99087
188704
99087
208004
99087
250001
99087
250001
99087
250001
99087
32242
99087
250001
99087
99500
99087
50371
141492
10196
99087
32242
99087
250001
99087
188704
141492
250001
99087
188704
99087
10196
99087
250001
99087
250001
99087
250001
141492
99500
60303
224311
99087
50371
99087
10196
250001
250001
214092
149668
163884
250001
250001
232810
182318
250001
99087
188704
250001
188704
214092
208004
163884
250001
250001
250001
231448
250001
231448
32242
137257
250001
125891
99500
125891
50371
99087
10196
250001
32242
163884
250001
250001
188704
99087
250001
250001
188704
250001
10196
213094
250001
250001
250001
141492
250001
99087
99500
60303
224311
125891
50371
99087
10196
99087
10196
99087
10196
99087
10196
99087
10196
231448
10196
99087
10196
99087
10196
99087
10196
99087
10196
99087
10196
99087
10196
99087
10196
99087
10196
99087
10196
163884
217541
99087
10196
99087
10196
99087
10196
250001
10196
99087
10196
99087
223986
99087
10196
99087
10196
99087
10196
231448
10196
60303
10196
99087
10196
214092
149668
163884
250001
250001
232810
182318
250001
99087
188704
250001
188704
214092
208004
163884
250001
250001
250001
231448
250001
231448
32242
137257
250001
125891
99500
125891
50371
99087
10196
250001
32242
163884
250001
250001
188704
99087
250001
250001
188704
250001
10196
213094
250001
250001
250001
141492
250001
99087
99500
60303
224311
125891
50371
163884
149668
214092
149668
182318
149668
99087
149668
214092
149668
223157
149668
163884
149668
214092
149668
214092
149668
214092
32242
137257
149668
125891
99500
125891
50371
99087
10196
214092
32242
163884
149668
214092
149668
99087
149668
214092
149668
214092
10196
213094
149668
214092
149668
141492
149668
99087
99500
60303
149668
125891
50371
163884
232810
163884
250001
99087
188704
163884
188704
163884
208004
250001
250001
163884
250001
163884
250001
163884
32242
137257
250001
125891
99500
125891
50371
99087
10196
163884
32242
250001
250001
163884
188704
99087
250001
163884
188704
163884
10196
163884
250001
163884
250001
141492
250001
99087
99500
60303
224311
125891
50371
182318
232810
99087
188704
250001
188704
214092
208004
163884
232810
250001
232810
231448
232810
231448
32242
137257
232810
125891
99500
125891
50371
99087
10196
250001
32242
163884
232810
250001
188704
99087
232810
250001
188704
250001
10196
213094
232810
250001
232810
141492
232810
99087
99500
60303
224311
125891
50371
99087
188704
182318
188704
182318
208004
163884
250001
182318
250001
182318
250001
182318
32242
137257
250001
125891
99500
125891
50371
99087
10196
182318
32242
163884
250001
182318
188704
99087
250001
182318
188704
182318
10196
182318
250001
182318
250001
141492
250001
99087
99500
60303
224311
125891
50371
99087
250001
99087
188704
99087
188704
99087
188704
99087
188704
99087
32242
99087
188704
99087
99500
99087
50371
163884
10196
99087
32242
99087
188704
99087
250001
231448
188704
99087
250001
99087
10196
99087
188704
99087
188704
99087
188704
250001
99500
60303
188704
99087
50371
214092
188704
163884
188704
250001
188704
231448
188704
231448
32242
137257
188704
125891
99500
125891
50371
99087
10196
250001
32242
163884
188704
250001
250001
99087
188704
250001
250001
250001
10196
213094
188704
250001
188704
141492
188704
99087
99500
60303
188704
125891
50371
163884
208004
214092
208004
214092
208004
214092
32242
137257
208004
125891
99500
125891
50371
99087
10196
214092
32242
163884
208004
214092
188704
99087
208004
214092
188704
214092
10196
213094
208004
214092
208004
141492
208004
99087
99500
60303
208004
125891
50371
163884
250001
163884
250001
163884
32242
137257
250001
125891
99500
125891
50371
99087
10196
163884
32242
250001
250001
163884
188704
99087
250001
163884
188704
163884
10196
163884
250001
163884
250001
141492
250001
99087
99500
60303
224311
125891
50371
231448
250001
231448
32242
137257
250001
125891
99500
125891
50371
99087
10196
250001
32242
163884
250001
250001
188704
99087
250001
250001
188704
250001
10196
213094
250001
250001
250001
141492
250001
99087
99500
60303
224311
125891
50371
250001
32242
137257
250001
125891
99500
125891
50371
99087
10196
231448
32242
163884
250001
231448
188704
99087
250001
231448
188704
231448
10196
213094
250001
231448
250001
141492
250001
99087
99500
60303
224311
125891
50371
137257
32242
125891
32242
125891
32242
99087
10196
231448
99500
163884
32242
231448
32242
99087
32242
231448
32242
231448
10196
213094
32242
231448
32242
141492
32242
99087
32242
60303
32242
125891
32242
125891
99500
125891
50371
99087
10196
137257
32242
137257
250001
137257
188704
99087
250001
137257
188704
137257
10196
137257
250001
137257
250001
137257
250001
99087
99500
60303
224311
125891
50371
135565
50371
99087
10196
125891
32242
125891
99500
125891
99500
99087
99500
125891
99500
125891
10196
125891
99500
125891
99500
125891
99500
99087
212913
60303
99500
135565
50371
99087
10196
125891
32242
125891
50371
125891
50371
99087
50371
125891
50371
125891
10196
125891
50371
125891
50371
125891
50371
99087
50371
60303
50371
250001
250001
99087
10196
99087
10196
99087
10196
163884
10196
99087
10196
99087
217541
99087
10196
99087
10196
99087
10196
163884
10196
60303
10196
99087
10196
163884
32242
250001
32242
99087
32242
250001
32242
250001
10196
213094
32242
250001
32242
141492
32242
99087
32242
60303
32242
125891
32242
163884
188704
99087
250001
163884
188704
163884
10196
163884
250001
163884
250001
141492
250001
99087
99500
60303
224311
125891
50371
99087
188704
250001
250001
250001
10196
213094
188704
250001
188704
141492
188704
99087
99500
60303
188704
125891
50371
99087
188704
99087
10196
99087
250001
99087
250001
99087
250001
231448
99500
60303
224311
99087
50371
250001
10196
213094
188704
250001
188704
141492
188704
99087
99500
60303
188704
125891
50371
213094
10196
250001
10196
141492
10196
99087
10196
60303
10196
125891
10196
213094
250001
141492
250001
99087
99500
60303
224311
125891
50371
141492
250001
99087
99500
60303
224311
125891
50371
99087
99500
60303
224311
125891
50371
60303
99500
99087
50371
60303
50371
