1109
12043
1109
12043
1109
12043
1109
12043
1109
12043
1109
12043
1109
8245
5811
12043
1109
47189
1109
45846
1109
12043
1109
5793
5811
5406
1109
648
1109
43566
1109
2872
1109
12043
1109
7603
1109
648
1109
12043
1109
12043
1109
12043
1109
12043
1109
7602
1109
2950
1109
2904
1109
12043
1109
13985
1109
12043
1109
2872
1109
12043
1109
12043
5811
13985
15279
13985
23793
13985
13887
13985
23793
13985
17137
8245
1109
13985
5811
12043
23793
12043
5811
13985
23793
5793
1109
5406
5811
648
17137
12043
23793
2872
23793
13985
3612
7603
3612
648
17137
13985
23793
13985
15296
13985
17137
13985
15296
7602
15296
2950
15296
2904
13421
13985
5811
12043
5811
13985
5811
2872
15296
13985
21048
13985
5811
20383
5811
37632
5811
45846
5811
45846
5811
8245
1109
45846
15296
12043
5811
12043
12316
16332
5811
5793
1109
5406
12316
648
5811
12043
5811
2872
5811
45846
3612
7603
3612
648
5811
45846
5811
71340
5811
45846
5811
45846
5811
7602
5811
2950
5811
2904
5811
45846
12316
12043
12316
72567
12316
2872
5811
45846
5811
45846
15279
20383
13887
20383
15279
20383
15279
8245
1109
20383
5811
12043
15279
12043
5811
16332
15279
5793
1109
5406
5811
648
15279
12043
15279
2872
15279
20383
3612
7603
3612
648
15279
20383
15279
20383
15279
20383
15279
20383
15279
7602
15279
2950
15279
2904
13421
20383
5811
12043
5811
20383
5811
2872
15279
20383
15279
20383
13887
37632
177586
37632
17137
8245
1109
37632
5811
12043
118226
12043
5811
16332
250001
5793
1109
5406
5811
648
17137
12043
197723
2872
133278
37632
3612
7603
3612
648
17137
37632
57565
37632
15296
37632
17137
37632
15296
7602
15296
2950
15296
2904
13421
37632
5811
12043
5811
37632
5811
2872
15296
37632
21048
37632
13887
73253
13887
8245
1109
72567
5811
12043
13887
12043
5811
16332
13887
5793
1109
5406
5811
648
13887
12043
13887
2872
13887
52446
3612
7603
3612
648
13887
67698
13887
45846
13887
73253
13887
73253
13887
7602
13887
2950
13887
2904
13421
73253
5811
12043
5811
45846
5811
2872
13887
118722
13887
52446
17137
8245
1109
72567
5811
12043
118226
12043
5811
16332
177586
5793
1109
5406
5811
648
17137
12043
177586
2872
133278
52446
3612
7603
3612
648
17137
67698
57565
45846
15296
92039
17137
92039
15296
7602
15296
2950
15296
2904
13421
92039
5811
12043
5811
45846
5811
2872
15296
73253
21048
52446
1109
8245
5811
8245
17137
8245
5811
8245
17137
5793
1109
5406
5811
648
21048
8245
17137
2872
17137
8245
3612
7603
3612
648
21048
8245
17137
8245
15296
8245
171995
8245
15296
7602
15296
2950
15296
2904
13421
8245
5811
8245
5811
8245
5811
2872
15296
8245
17137
8245
1109
12043
1109
12043
1109
16332
1109
5793
15296
5406
1109
648
1109
12043
1109
2872
1109
52446
1109
7603
1109
648
1109
67698
1109
45846
1109
72567
1109
72567
1109
7602
1109
2950
1109
2904
1109
72567
1109
12043
1109
45846
1109
2872
1109
72567
1109
52446
5811
45846
12316
12043
5811
5793
1109
5406
12316
648
5811
43566
5811
2872
5811
12043
3612
7603
3612
648
5811
12043
5811
12043
5811
12043
5811
12043
5811
7602
5811
2950
5811
2904
5811
12043
12316
13985
12316
12043
12316
2872
5811
12043
5811
12043
5811
12043
118226
5793
1109
5406
5811
648
17137
43566
118226
2872
118226
12043
3612
7603
3612
648
17137
12043
57565
12043
15296
12043
17137
12043
15296
7602
15296
2950
15296
2904
13421
12043
5811
13985
5811
12043
5811
2872
15296
12043
21048
12043
5811
5793
1109
5406
16791
648
5811
12043
5811
2872
5811
16332
3612
7603
3612
648
5811
16332
5811
16332
5811
16332
5811
16332
5811
7602
5811
2950
5811
2904
5811
16332
15296
12043
16791
16332
16791
2872
5811
16332
5811
16332
1109
5406
5811
648
17137
5793
197723
2872
133278
5793
3612
5793
3612
648
17137
5793
57565
5793
15296
5793
17137
5793
15296
5793
15296
2950
15296
2904
13421
5793
5811
5793
5811
5793
5811
2872
15296
5793
21048
5793
1109
648
1109
5406
1109
2872
1109
5406
1109
5406
1109
648
1109
5406
1109
5406
1109
5406
1109
5406
1109
5406
1109
2950
1109
2904
1109
5406
1109
5406
1109
5406
1109
2872
1109
5406
1109
5406
5811
648
5811
648
5811
648
3612
648
3612
13985
5811
648
5811
648
5811
648
5811
648
5811
648
5811
648
5811
648
5811
648
15296
648
17137
648
23793
648
5811
648
5811
648
17137
2872
17137
12043
3612
7603
3612
648
57565
12043
17137
12043
15296
12043
21048
12043
15296
7602
15296
2950
15296
2904
13421
12043
5811
13985
5811
12043
5811
2872
15296
12043
17137
12043
133278
2872
3612
2872
3612
648
17137
2872
57565
2872
15296
2872
17137
2872
15296
2872
15296
2872
15296
2872
13421
2872
5811
2872
5811
2872
5811
2950
15296
2872
21048
2872
3612
7603
3612
648
17137
52446
57565
45846
15296
52446
17137
52446
15296
7602
15296
2950
15296
2904
13421
52446
5811
12043
5811
45846
5811
2872
15296
52446
21048
54940
5811
648
3612
7603
3612
7603
3612
7603
3612
7603
3612
7602
3612
2950
3612
2904
3612
7603
3612
7603
3612
7603
3612
2872
3612
7603
3612
7603
3612
648
3612
648
3612
648
3612
648
3612
648
3612
648
3612
648
3612
648
3612
648
3612
648
3612
648
3612
648
3612
648
17137
45846
15296
67698
21048
67698
15296
7602
15296
2950
15296
2904
13421
67698
5811
12043
5811
45846
5811
2872
15296
67698
17137
52446
15296
45846
17137
45846
15296
7602
15296
2950
15296
2904
13421
45846
5811
12043
5811
71340
5811
2872
15296
45846
21048
45846
15296
126214
21048
7602
240528
2950
21048
2904
13421
126214
5811
12043
5811
45846
5811
2872
17137
73253
15296
52446
15296
7602
15296
2950
15296
2904
13421
185733
5811
12043
5811
45846
5811
2872
15296
73253
17137
52446
21048
2950
250001
2904
13421
7602
5811
7602
5811
7602
5811
2872
17137
7602
15296
7602
21048
2904
13421
2950
5811
2950
5811
2950
5811
2872
17137
2950
15296
2950
13421
2904
5811
2904
5811
2904
5811
2872
17137
2904
15296
2904
5811
12043
5811
45846
5811
2872
13421
73253
13421
52446
15296
12043
15296
2872
5811
12043
5811
12043
17137
2872
5811
45846
5811
45846
5811
2872
5811
2872
15296
52446
