23802
66641
17117
66641
23802
66641
23802
68428
23802
66641
23802
66641
23802
80876
23802
66641
23802
66641
23802
66641
23802
66641
23802
66641
23802
66641
23802
66641
23802
66641
23802
66641
17117
66641
23802
80876
23802
66641
23802
66641
23802
66641
111665
203056
23802
66641
23802
66641
23802
68428
23802
66641
23802
66641
23802
66641
23802
66641
23802
66641
17117
66641
23802
66641
23802
66641
23802
66641
23802
66641
23802
66641
23802
66641
23802
66641
17117
94747
159254
94747
148806
66641
96385
94747
111665
94747
111665
66641
165588
94747
122493
94747
161111
94747
163647
94747
111665
94747
107421
94747
158002
94747
165588
94747
163647
94747
17117
94747
161111
66641
113940
94747
165588
94747
165588
94747
23802
66641
111665
94747
165588
136890
165588
66641
165588
94747
158002
94747
111665
94747
165588
94747
122493
94747
17117
94747
96385
94747
122493
94747
163647
68428
165588
94747
165588
94747
165588
94747
164985
96615
17117
134512
17117
66641
17117
139185
17117
139185
17117
66641
17117
121813
17117
121813
17117
139185
17117
137318
17117
139185
17117
139185
17117
139185
17117
97334
17117
139185
111665
137318
17117
66641
17117
124459
17117
139185
17117
124459
17117
66641
17117
129251
17117
94747
17117
66641
17117
139185
17117
117354
17117
139185
17117
96615
17117
139185
111665
157261
17117
139185
17117
139185
17117
68428
17117
139185
17117
121813
17117
139185
17117
94747
148806
66641
96385
134512
111665
134512
111665
66641
159254
121813
122493
121813
159254
134512
159254
134512
111665
134512
107421
134512
158002
134512
159254
97334
159254
134512
17117
134512
159254
66641
113940
124459
159254
134512
159254
124459
23802
66641
111665
129251
159254
94747
159254
66641
159254
134512
158002
117354
111665
134512
159254
96615
122493
134512
17117
134512
96385
134512
122493
134512
159254
68428
159254
134512
159254
121813
159254
134512
159254
94747
96385
66641
111665
66641
111665
68428
148806
66641
122493
66641
148806
66641
148806
66641
111665
66641
107421
66641
148806
66641
148806
66641
148806
66641
17117
66641
148806
68428
113940
66641
148806
66641
148806
66641
23802
68428
111665
66641
148806
66641
148806
150490
148806
66641
148806
66641
111665
66641
148806
66641
122493
66641
17117
66641
96385
66641
122493
66641
148806
66641
148806
66641
148806
66641
148806
66641
148806
66641
96385
185169
96385
66641
96385
121813
96385
121813
96385
250001
96385
137318
96385
157404
96385
157200
96385
250001
96385
97334
96385
150374
17117
137318
96385
66641
96385
124459
96385
193426
96385
124459
23802
66641
96385
129251
96385
94747
96385
66641
96385
250001
96385
117354
96385
185312
96385
96615
96385
185312
17117
139185
107421
189790
96385
183445
96385
68428
96385
250001
96385
121813
96385
233169
96385
94747
133844
66641
111665
121813
111665
121813
111665
185169
111665
137318
133844
157404
107421
157200
111665
185169
111665
97334
111665
150374
17117
137318
111665
66641
111665
124459
111665
185169
111665
124459
23802
66641
133844
129251
111665
94747
111665
66641
111665
185169
111665
117354
122493
185169
111665
96615
111665
185169
17117
139185
96385
185169
111665
183445
111665
68428
111665
185169
111665
121813
111665
185169
111665
94747
111665
66641
111665
66641
111665
66641
111665
66641
158002
66641
107421
66641
111665
66641
111665
66641
111665
66641
17117
66641
111665
96359
111665
66641
111665
66641
111665
66641
23802
80876
158002
66641
111665
66641
111665
68428
111665
66641
111665
66641
122493
66641
111665
66641
111665
66641
17117
66641
96385
66641
111665
66641
111665
66641
111665
66641
111665
66641
111665
66641
111665
66641
122493
150646
161111
121813
163647
121813
111665
121813
107421
121813
158002
121813
218979
97334
163647
121813
17117
121813
161111
66641
113940
121813
184046
121813
200430
121813
23802
66641
111665
121813
184916
94747
218979
66641
200430
121813
158002
117354
111665
121813
184046
96615
122493
121813
17117
121813
96385
121813
122493
121813
163647
68428
184916
121813
200430
132947
167999
121813
164985
94747
122493
121813
122493
121813
111665
121813
107421
121813
122493
121813
122493
97334
122493
121813
17117
121813
122493
66641
113940
121813
122493
121813
122493
121813
23802
66641
111665
121813
122493
94747
122493
66641
122493
121813
122493
117354
111665
121813
122493
96615
164985
121813
17117
121813
96385
121813
164985
121813
122493
68428
122493
121813
122493
132947
122493
121813
122493
94747
161111
137318
111665
157404
107421
157200
158002
250001
161111
97334
161111
150374
17117
137318
165588
66641
113940
124459
161111
193426
161111
124459
23802
66641
111665
129251
161111
94747
161111
66641
161111
250001
158002
117354
111665
185312
161111
96615
122493
185312
17117
139185
96385
189790
122493
183445
161111
68428
161111
250001
161111
121813
161111
233169
161111
94747
111665
137318
107421
137318
158002
137318
163647
97334
186775
137318
17117
137363
161111
66641
113940
124459
163647
137318
163647
124459
23802
66641
111665
129251
163647
94747
163647
66641
163647
137318
158002
117354
111665
137318
163647
96615
122493
137318
17117
137318
96385
137318
122493
137318
198826
68428
163647
137318
163647
121813
163647
137318
163647
94747
107421
157200
111665
157404
111665
97334
111665
150374
17117
137318
111665
66641
111665
124459
111665
157404
111665
124459
23802
66641
163647
129251
111665
94747
111665
66641
111665
157404
111665
117354
122493
157404
111665
96615
111665
157404
17117
139185
96385
157404
111665
157404
111665
68428
111665
157404
111665
121813
111665
157404
111665
94747
107421
157200
107421
97334
107421
150374
17117
137318
107421
66641
107421
124459
107421
157200
107421
124459
23802
66641
107421
129251
107421
94747
107421
66641
107421
157200
107421
117354
107421
157200
107421
96615
107421
157200
17117
139185
96385
157200
107421
157200
107421
68428
107421
157200
107421
121813
107421
157200
107421
94747
158002
97334
158002
150374
17117
137318
158002
66641
113940
124459
158002
193426
158002
124459
23802
66641
111665
129251
158002
94747
158002
66641
158002
250001
158247
117354
111665
185312
158002
96615
122493
185312
17117
139185
96385
189790
122493
183445
158002
68428
158002
250001
158002
121813
158002
233169
158002
94747
163647
97334
17117
97334
161111
66641
113940
97334
184046
97334
200430
97334
23802
66641
111665
97334
184916
94747
226043
66641
200430
97334
158002
97334
111665
97334
184046
96615
122493
97334
17117
97334
96385
97334
122493
97334
163647
68428
184916
97334
200430
97334
167999
97334
164985
94747
17117
137318
161111
66641
113940
124459
163647
150374
163647
124459
23802
66641
111665
129251
163647
94747
163647
66641
163647
150374
158002
117354
111665
150374
163647
96615
122493
150374
17117
139185
96385
150374
122493
150374
186775
68428
163647
150374
163647
121813
163647
150374
163647
94747
17117
66641
17117
124459
17117
137318
17117
124459
17117
66641
17117
129251
17117
94747
17117
66641
17117
137318
17117
117354
17117
137318
17117
96615
17117
137318
161111
137318
17117
137318
17117
137318
17117
68428
17117
137318
17117
121813
17117
137318
17117
94747
113940
66641
161111
66641
161111
66641
23802
80876
111665
66641
161111
66641
161111
68428
161111
66641
158002
66641
111665
66641
161111
66641
122493
66641
17117
66641
96385
66641
122493
66641
161111
66641
161111
66641
161111
66641
161111
66641
161111
66641
113940
124459
113940
250001
23802
66641
111665
124459
113940
94747
113940
66641
113940
124459
113940
117354
111665
124459
113940
96615
113940
124459
17117
124459
96385
124459
113940
124459
113940
68428
113940
124459
113940
121813
113940
124459
113940
94747
184046
124459
23802
66641
111665
129251
184046
94747
184046
66641
184046
193426
158002
117354
111665
185312
197653
96615
122493
185312
17117
139185
96385
189790
122493
183445
163647
68428
184046
193426
184046
121813
167999
193426
164985
94747
23802
66641
111665
124459
184916
94747
200430
66641
201360
124459
158002
117354
111665
124459
184046
96615
122493
124459
17117
124459
96385
124459
122493
124459
163647
68428
184916
124459
201360
121813
167999
124459
164985
94747
23802
66641
23802
66641
23802
68428
23802
66641
23802
66641
23802
66641
23802
66641
23802
66641
17117
66641
23802
66641
23802
66641
23802
66641
23802
66641
23802
66641
23802
66641
23802
66641
111665
94747
111665
66641
111665
129251
111665
117354
122493
129251
111665
96615
111665
129251
17117
129251
96385
129251
111665
129251
111665
68428
111665
129251
111665
121813
111665
129251
111665
94747
184916
66641
184916
94747
158002
94747
111665
94747
184046
94747
122493
94747
17117
94747
96385
94747
122493
94747
163647
68428
198539
94747
184916
94747
167999
94747
164985
96615
200430
66641
158002
66641
111665
66641
184046
66641
122493
66641
17117
66641
96385
66641
122493
66641
163647
66641
184916
66641
200430
66641
167999
66641
164985
66641
158002
117354
111665
185312
184046
96615
122493
185312
17117
139185
96385
189790
122493
183445
163647
68428
184916
250001
216818
121813
167999
233169
164985
94747
111665
117354
158002
96615
122493
117354
17117
117354
96385
117354
122493
117354
158002
68428
158002
117354
158002
117354
158002
117354
158002
94747
111665
96615
111665
204094
17117
139185
96385
185312
111665
183445
111665
68428
111665
185312
111665
121813
111665
185312
111665
94747
122493
96615
17117
96615
96385
96615
122493
96615
163647
68428
184046
96615
184046
96615
167999
96615
164985
94747
17117
139185
96385
185312
220075
183445
122493
68428
122493
185312
122493
121813
122493
185312
122493
94747
17117
139185
17117
139185
17117
68428
17117
139185
17117
121813
17117
139185
17117
94747
96385
183445
96385
68428
96385
189790
96385
121813
96385
189790
96385
94747
122493
68428
122493
183445
122493
121813
122493
183445
122493
94747
163647
68428
163647
68428
163647
68428
163647
68428
184916
121813
167999
233169
164985
94747
167999
121813
164985
94747
164985
94747
