63893
28459
62988
28459
250001
28459
63893
28459
250001
28459
63893
28459
63893
33274
62988
28459
63893
28459
63893
28459
62988
28459
63893
28459
63893
28459
85316
128980
63893
28459
63893
28459
63893
28459
63893
28459
135198
28459
63893
28459
250001
28459
63893
33274
63893
28459
63893
28459
250001
28459
63893
28459
62988
28459
63893
28459
63893
28459
63893
33274
63893
28459
250001
28459
63893
28459
63893
28459
62988
106531
63893
106531
85316
106531
63893
106531
135198
52094
135198
28459
62988
106531
190231
28855
135198
28855
62988
106531
135198
106531
135198
106531
63893
28459
135198
28855
135198
28854
135198
28855
135198
106531
63893
106531
135198
49319
63893
119449
135198
28459
135198
28855
135198
106531
63893
106531
135198
105175
62988
106531
135198
28855
135198
106531
135198
28459
135198
106531
63893
28854
135198
106531
135198
40034
62988
179656
62988
250001
62988
179656
62988
52094
62988
28459
63893
179656
62988
28855
62988
28855
63893
179656
62988
129349
62988
116696
62988
28459
62988
28855
62988
28854
62988
28855
62988
179656
62988
179656
62988
49319
62988
106531
62988
28459
62988
28855
62988
179656
62988
179656
62988
105175
63893
179656
62988
28855
62988
179656
62988
28459
62988
179656
62988
28854
62988
119449
62988
40034
63893
179656
250001
250001
63893
52094
63893
28459
62988
250001
63893
28855
63893
28855
62988
250001
63893
129349
63893
116696
85316
28459
63893
28855
63893
28854
63893
28855
63893
238193
135198
250001
63893
49319
250001
106531
63893
28459
63893
28855
63893
225732
250001
250001
63893
105175
62988
250001
63893
28855
63893
250001
63893
28459
63893
250001
250001
28854
63893
119449
63893
40034
63893
179656
85316
52094
85316
28459
62988
179656
85316
28855
85316
28855
62988
179656
85316
129349
85316
116696
63893
28459
85316
28855
85316
28854
85316
28855
85316
179656
63893
179656
85316
49319
63893
106531
85316
28459
85316
28855
85316
179656
63893
179656
85316
105175
62988
179656
85316
28855
85316
179656
85316
28459
85316
179656
63893
28854
85316
119449
85316
40034
63893
52094
63893
28459
62988
250001
63893
28855
63893
28855
62988
250001
63893
129349
63893
116696
85316
28459
63893
28855
63893
28854
63893
28855
63893
238193
135198
250001
63893
49319
250001
106531
63893
28459
63893
28855
63893
225732
250001
250001
63893
105175
62988
250001
63893
28855
63893
250001
63893
28459
63893
250001
250001
28854
63893
119449
63893
40034
250001
28459
62988
52094
135198
28855
250001
28855
62988
52094
148305
52094
250001
52094
63893
28459
250001
28855
250001
28854
250001
28855
148305
52094
63893
52094
241707
49319
63893
52094
250001
28459
250001
28855
250001
52094
63893
52094
203059
52094
62988
52094
250001
28855
244855
52094
250001
28459
241707
52094
63893
28854
148305
52094
250001
40034
62988
28459
135198
28459
250001
28459
62988
28459
148305
28459
250001
28459
63893
33274
250001
28459
250001
28459
250001
28459
148305
28459
63893
28459
241707
28459
63893
28459
250001
74693
250001
28459
250001
28459
63893
28459
203059
28459
62988
28459
250001
28459
244855
28459
250001
59010
241707
28459
63893
28459
148305
28459
250001
28459
62988
28855
62988
28855
240989
250001
62988
129349
62988
116696
62988
28459
62988
28855
62988
28854
62988
28855
62988
238193
62988
250001
62988
49319
62988
106531
62988
28459
62988
28855
62988
225732
62988
250001
62988
105175
239287
250001
62988
28855
62988
250001
62988
28459
62988
250001
62988
28854
62988
119449
62988
40034
135198
112483
62988
28855
135198
28855
135198
28855
63893
28459
135198
108686
135198
28854
135198
30176
135198
28855
63893
28855
135198
28855
63893
28855
135198
28459
135198
58876
135198
28855
63893
28855
135198
28855
62988
28855
135198
108151
135198
28855
135198
28459
135198
28855
63893
28854
135198
28855
135198
28855
62988
28855
148305
28855
250001
28855
63893
28459
250001
108686
250001
28854
250001
30176
148305
28855
63893
28855
241707
28855
63893
28855
250001
28459
250001
58876
250001
28855
63893
28855
203059
28855
62988
28855
250001
108151
244855
28855
250001
28459
241707
28855
63893
28854
148305
28855
250001
28855
62988
129349
62988
116696
62988
28459
62988
28855
62988
28854
62988
28855
62988
238193
62988
250001
62988
49319
62988
106531
62988
28459
62988
28855
62988
225732
62988
250001
62988
105175
239287
250001
62988
28855
62988
250001
62988
28459
62988
250001
62988
28854
62988
119449
62988
40034
148305
116696
63893
28459
148305
28855
148305
28854
148305
28855
250001
129349
63893
129349
148305
49319
63893
106531
148305
28459
148305
28855
148305
129349
63893
129349
148305
105175
62988
129349
148305
28855
148305
129349
148305
28459
148305
129349
63893
28854
250001
119449
148305
40034
63893
28459
250001
28855
250001
28854
250001
28855
148305
116696
63893
116696
241707
49319
63893
106531
250001
28459
250001
28855
250001
116696
63893
116696
203059
105175
62988
116696
250001
28855
244855
116696
250001
28459
241707
116696
63893
28854
148305
116696
250001
40034
63893
28459
63893
28459
63893
28459
63893
28459
85316
28459
63893
28459
85316
28459
63893
33274
63893
28459
63893
28459
85316
28459
63893
28459
62988
28459
63893
28459
63893
28459
63893
33274
63893
28459
85316
28459
63893
28459
63893
28459
250001
28854
250001
30176
148305
28855
63893
28855
241707
28855
63893
28855
250001
28459
250001
58876
250001
28855
63893
28855
203059
28855
62988
28855
250001
108151
244855
28855
250001
28459
241707
28855
63893
28854
148305
28855
250001
28855
250001
28854
148305
28854
63893
28854
241707
28854
63893
28854
250001
28459
250001
28854
250001
28854
63893
28854
203059
28854
62988
28854
250001
28854
244855
28854
250001
28459
241707
28854
63893
50157
148305
28854
250001
28854
148305
28855
63893
28855
241707
28855
63893
28855
250001
28459
250001
30176
250001
28855
63893
28855
203059
28855
62988
28855
250001
30176
244855
28855
250001
28459
241707
28855
63893
28854
148305
28855
250001
28855
63893
238193
148305
49319
63893
106531
148305
28459
148305
28855
148305
225732
63893
238193
148305
105175
62988
238193
148305
28855
148305
238193
148305
28459
148305
238193
63893
28854
250001
119449
148305
40034
63893
49319
135198
106531
63893
28459
63893
28855
63893
225732
135198
250001
63893
105175
62988
250001
63893
28855
63893
250001
63893
28459
63893
250001
135198
28854
63893
119449
63893
40034
63893
49319
241707
28459
241707
28855
241707
49319
63893
49319
203059
49319
62988
49319
241707
28855
241707
49319
241707
28459
245578
49319
63893
28854
148305
49319
241707
40034
63893
28459
63893
28855
63893
106531
250001
106531
63893
105175
62988
106531
63893
28855
63893
106531
63893
28459
63893
106531
250001
28854
63893
106531
63893
40034
250001
28459
250001
28459
63893
28459
203059
28459
62988
28459
250001
28459
244855
28459
250001
59010
241707
28459
63893
28459
148305
28459
250001
28459
250001
28855
63893
28855
203059
28855
62988
28855
250001
58876
244855
28855
250001
28459
241707
28855
63893
28854
148305
28855
250001
28855
63893
225732
203059
105175
62988
225732
250001
28855
244855
225732
250001
28459
241707
225732
63893
28854
148305
119449
250001
40034
63893
105175
62988
250001
63893
28855
63893
250001
63893
28459
63893
250001
250001
28854
63893
119449
63893
40034
62988
105175
203059
28855
203059
105175
203059
28459
203059
105175
63893
28854
148305
105175
203059
40034
62988
28855
62988
250001
62988
28459
62988
250001
62988
28854
62988
119449
62988
40034
244855
28855
250001
28459
241707
28855
63893
28854
148305
28855
250001
28855
244855
28459
241707
250001
63893
28854
148305
119449
244855
40034
241707
28459
63893
28459
148305
28459
250001
28459
63893
28854
148305
119449
241707
40034
63893
28854
63893
28854
148305
40034
