81106
48874
27234
8199
81106
48874
81106
48874
81106
48874
55951
48874
81106
48874
72028
48874
81106
147000
81106
48874
81106
48874
81106
48874
72028
48874
135963
48874
81106
27683
72028
48874
27234
8199
81106
48874
81106
48874
81106
48874
81106
48874
81106
48874
81106
48874
81106
48874
81106
48874
135963
48874
72028
48874
135963
48874
81106
48874
72028
48874
81106
48874
81106
48874
135963
48874
135963
48874
81106
48874
81106
48874
81106
11679
27234
8199
82331
146874
82331
146874
119456
146874
55951
146874
83190
146874
72028
146874
113368
48874
119456
75649
113368
79767
119456
75649
72028
146874
81106
207675
119456
27683
72028
165186
27234
8199
115835
146874
113368
146874
119456
51622
119456
146874
113368
146874
119456
146874
119456
51622
113368
146874
81106
74106
72028
146874
81106
146874
113368
165186
72028
146874
113368
146874
82331
146874
81106
146874
81106
146874
119456
146874
113368
79767
113368
11679
27234
8199
27234
8199
27234
8199
27234
8199
27234
8199
27234
8199
27234
8199
27234
8199
27234
8199
27234
8199
27234
8199
27234
8199
27234
8199
27234
8199
118961
81932
27234
8199
27234
8199
27234
8199
27234
8199
27234
8199
27234
8199
27234
8199
27234
8199
27234
8199
27234
8199
27234
8199
27234
8199
27234
8199
27234
8199
27234
8199
27234
8199
27234
8199
27234
8199
27234
8199
27234
8199
109557
207675
82331
147000
55951
147000
82331
165186
72028
250001
82331
48874
82331
75649
82331
79767
82331
75649
72028
223469
81106
146874
82331
27683
72028
146874
27234
8199
82331
165186
82331
147000
82331
51622
82331
250001
82331
165186
82331
165186
82331
51622
82331
147000
81106
74106
72028
250001
81106
165186
82331
146874
72028
147000
82331
151694
118961
147000
81106
165186
81106
165186
82331
165186
82331
79767
82331
11679
82331
147000
55951
147000
82331
165186
72028
207675
82331
48874
82331
75649
82331
79767
82331
75649
72028
207675
81106
146874
82331
27683
72028
146874
27234
8199
82331
165186
82331
147000
82331
51622
82331
207675
82331
165186
82331
165186
82331
51622
82331
147000
81106
74106
72028
207675
81106
165186
82331
146874
72028
147000
82331
151694
109557
147000
81106
165186
81106
165186
82331
165186
82331
79767
82331
11679
55951
151694
83190
147000
72028
147000
113368
48874
235823
75649
113368
79767
250001
75649
72028
147000
81106
146874
126532
27683
72028
146874
27234
8199
115835
147000
113368
165186
186637
51622
186637
147000
113368
147000
186637
147000
250001
51622
113368
207675
81106
74106
72028
147000
81106
147000
113368
146874
72028
151694
113368
147000
82331
250001
81106
147000
81106
147000
250001
147000
113368
79767
113368
11679
55951
147000
55951
147000
55951
48874
55951
75649
55951
79767
55951
75649
55951
147000
55951
146874
55951
27683
55951
146874
27234
8199
55951
147000
55951
151694
55951
51622
55951
147000
55951
147000
55951
147000
55951
51622
55951
151694
55951
74106
55951
147000
55951
147000
55951
146874
55951
250001
55951
147000
55951
151694
55951
147000
55951
147000
55951
147000
55951
79767
55951
11679
72028
165186
83190
48874
83190
75649
83190
79767
83190
75649
72028
165186
81106
146874
83190
27683
72028
146874
27234
8199
83190
207675
83190
147000
83190
51622
83190
165186
83190
250001
83190
207675
83190
51622
83190
147000
81106
74106
72028
165186
81106
250001
83190
146874
72028
147000
83190
151694
82331
147000
81106
250001
81106
207675
83190
175823
83190
79767
83190
11679
72028
48874
72028
75649
72028
79767
72028
75649
119456
223469
72028
146874
72028
27683
199905
146874
27234
8199
72028
165186
72028
147000
72028
51622
72028
250001
72028
165186
72028
165186
72028
51622
72028
147000
72028
74106
191436
250001
72028
165186
72028
146874
199905
147000
72028
151694
72028
147000
72028
165186
72028
165186
72028
165186
72028
79767
72028
11679
113368
48874
133368
48874
113368
48874
72028
48874
81106
48874
113368
27683
72028
48874
27234
8199
113368
48874
208883
48874
113368
48874
113368
48874
116126
48874
113368
48874
113368
48874
208883
48874
81106
48874
72028
48874
81106
48874
116126
48874
72028
48874
133368
48874
82331
48874
81106
48874
81106
48874
113368
48874
133368
48874
133368
11679
113368
75649
235823
80687
72028
75649
81106
75649
126532
27683
72028
75649
27234
8199
115835
75649
113368
75649
186637
51622
186637
75649
113368
75649
186637
75649
235823
51622
113368
75649
81106
74106
72028
75649
81106
75649
113368
75649
72028
75649
113368
75649
82331
75649
81106
75649
81106
75649
235823
75649
113368
75649
113368
11679
113368
75649
72028
79767
81106
79767
113368
27683
72028
79767
27234
8199
113368
79767
133368
79767
113368
51622
113368
79767
116126
79767
113368
79767
113368
51622
133368
79767
81106
74106
72028
79767
81106
79767
116126
79767
72028
79767
250001
79767
82331
79767
81106
79767
81106
79767
113368
79767
250001
147000
191436
11679
72028
75649
81106
75649
126532
27683
72028
75649
27234
8199
115835
75649
113368
75649
186637
51622
186637
75649
113368
75649
186637
75649
250001
51622
113368
75649
81106
74106
72028
75649
81106
75649
113368
75649
72028
75649
113368
75649
82331
75649
81106
75649
81106
75649
250001
75649
113368
75649
113368
11679
72028
146874
72028
27683
119456
146874
27234
8199
72028
165186
72028
147000
72028
51622
72028
223469
72028
165186
72028
165186
72028
51622
72028
147000
72028
74106
119456
223469
72028
165186
72028
146874
119456
147000
72028
151694
72028
147000
72028
165186
72028
165186
72028
165186
72028
79767
72028
11679
81106
27683
72028
165186
27234
8199
81106
146874
81106
146874
81106
51622
81106
146874
81106
146874
81106
146874
81106
51622
81106
146874
186637
74106
72028
146874
186637
146874
81106
165186
72028
146874
81106
146874
81106
146874
143364
146874
208883
146874
81106
146874
81106
79767
81106
11679
72028
27683
27234
8199
115835
27683
113368
27683
126532
27683
126532
27683
113368
27683
126532
27683
126532
27683
113368
27683
81106
27683
72028
27683
81106
27683
113368
27683
72028
27683
113368
27683
82331
27683
81106
27683
81106
27683
126532
27683
113368
27683
113368
11679
27234
8199
72028
146874
72028
146874
72028
51622
72028
146874
72028
146874
72028
146874
72028
51622
72028
146874
72028
74106
191436
146874
72028
146874
72028
218553
250001
146874
72028
146874
72028
146874
72028
146874
72028
146874
72028
146874
72028
79767
72028
11679
27234
8199
27234
8199
27234
8199
27234
8199
27234
8199
27234
8199
27234
8199
27234
8199
27234
8199
27234
8199
27234
8199
27234
8199
27234
8199
27234
8199
27234
8199
27234
8199
27234
8199
27234
8199
27234
8199
27234
8199
113368
147000
115835
51622
115835
165186
113368
207675
115835
208658
115835
51622
113368
147000
81106
74106
72028
165186
81106
207675
113368
146874
72028
147000
113368
151694
82331
147000
81106
207675
81106
223469
115835
175823
113368
79767
113368
11679
113368
51622
113368
147000
116126
147000
113368
147000
113368
51622
250001
165186
81106
74106
72028
147000
81106
147000
116126
146874
72028
151694
133368
147000
82331
165186
81106
147000
81106
147000
113368
147000
133368
79767
133368
11679
191436
51622
113368
51622
194798
51622
186637
80132
113368
51622
81106
51622
72028
51622
81106
51622
113368
51622
72028
51622
113368
51622
82331
51622
81106
51622
81106
51622
186637
51622
113368
51622
113368
11679
113368
165186
191436
165186
186637
51622
113368
147000
81106
74106
72028
250001
81106
165186
113368
146874
72028
147000
113368
151694
82331
147000
81106
165186
81106
165186
186637
165186
113368
79767
113368
11679
113368
207675
113368
51622
116126
147000
81106
74106
72028
165186
81106
250001
119456
146874
72028
147000
116126
151694
82331
147000
81106
250001
81106
207675
113368
175823
116126
79767
116126
11679
186637
51622
113368
147000
81106
74106
72028
165186
81106
207675
113368
146874
72028
147000
113368
151694
82331
147000
81106
207675
81106
208658
186637
175823
113368
79767
113368
11679
113368
51622
81106
51622
72028
51622
81106
51622
113368
51622
72028
51622
113368
51622
82331
51622
81106
51622
81106
51622
250001
51622
113368
51622
113368
11679
81106
74106
72028
147000
81106
147000
116126
146874
72028
151694
133368
147000
82331
207675
81106
147000
81106
147000
113368
147000
133368
79767
133368
11679
72028
74106
232252
74106
81106
74106
72028
74106
81106
74106
81106
74106
143364
74106
186637
74106
81106
74106
81106
74106
81106
11679
72028
165186
72028
146874
191436
147000
72028
151694
72028
147000
72028
165186
72028
165186
72028
165186
72028
79767
72028
11679
81106
146874
72028
147000
81106
151694
81106
147000
143364
250001
186637
207675
81106
175823
81106
79767
81106
11679
72028
146874
116126
146874
82331
146874
81106
146874
81106
146874
113368
146874
116126
79767
116126
11679
72028
147000
72028
151694
72028
147000
72028
147000
72028
147000
72028
79767
72028
11679
82331
147000
81106
151694
81106
151694
113368
151694
250001
79767
191436
11679
81106
147000
81106
147000
82331
147000
82331
79767
82331
11679
143364
207675
81106
175823
81106
79767
81106
11679
81106
175823
81106
79767
81106
11679
113368
79767
113368
11679
191436
11679
