153070
10938
245139
10634
121222
10070
223824
15274
66152
10634
223824
10634
223824
10938
223824
10634
223824
10634
76104
10070
76104
10634
66998
7188
223824
7188
124550
10634
223824
15274
223824
10938
202490
10634
153070
9887
115720
10634
202490
10634
68647
10634
245139
10634
223824
10938
66152
10634
223824
10634
76104
10634
66998
10634
153070
9887
123416
10634
153070
15274
223824
10634
115720
10938
223824
10634
223824
10634
153070
10634
121222
10070
153070
10938
66152
10634
153070
10634
153070
49152
153070
10634
153070
10634
76104
10070
76104
10634
66998
7188
153070
7188
124550
10634
153070
10938
153070
11319
153070
10634
154093
9887
115720
10634
153070
10634
68647
10634
153070
10634
153070
11319
66152
10634
153070
10634
76104
10634
66998
10634
154093
9887
123416
10634
154093
10938
153070
10634
115720
20598
153070
10634
153070
10634
121222
10070
223824
10634
66152
20598
223824
15830
223824
10634
223824
36896
223824
36896
76104
10070
76104
33713
66998
7188
223824
7188
124550
15830
223824
10634
223824
10634
202490
15830
153070
9887
115720
20598
202490
15830
68647
15830
248186
20598
223824
10634
66152
15830
223824
15830
76104
15830
66998
15830
153070
9887
123416
15830
153070
10634
223824
16628
115720
10634
223824
15830
223824
15830
121222
10070
66152
10070
121222
10070
121222
10070
121222
10070
121222
10070
76104
245638
76104
10070
66998
7188
121222
7188
121222
10070
121222
10070
121222
10070
121222
10070
121222
9887
115720
10070
121222
10070
68647
10070
121222
10070
121222
10070
66152
10070
121222
10070
76104
10070
66998
10070
121222
9887
121222
10070
121222
10070
121222
10070
115720
10070
121222
10070
121222
10070
66152
10634
250001
10634
250001
10938
250001
10634
250001
10634
76104
10070
76104
10634
66998
7188
250001
7188
124550
10634
250001
20598
250001
10938
202490
10634
153070
9887
115720
10634
202490
10634
68647
10634
223824
10634
250001
10938
66152
10634
250001
10634
76104
10634
66998
10634
153070
9887
123416
10634
153070
132681
250001
10634
115720
10938
250001
10634
250001
10634
66152
15830
66152
10634
66152
20598
66152
20598
66152
10070
66152
20598
66152
7188
66152
7188
66152
15830
66152
10634
66152
10634
66152
15830
66152
9887
66152
27678
66152
15830
66152
15830
66152
27678
66152
10634
66998
15830
66152
15830
66152
15830
66152
15830
66152
9887
66152
15830
66152
10634
66152
16628
66152
10634
66152
15830
66152
15830
250001
10634
250001
15830
250001
15830
76104
10070
76104
15830
66998
7188
250001
7188
124550
132681
250001
10634
250001
10634
202490
176528
153070
9887
115720
15830
202490
69756
68647
132681
223824
15830
250001
10634
66152
20598
250001
27678
76104
20598
66998
20598
153070
9887
123416
132681
153070
10634
250001
15830
115720
10634
250001
16628
250001
132681
250001
10634
250001
10634
76104
10070
76104
10634
66998
7188
250001
7188
124550
10634
250001
10938
250001
11319
202490
10634
153070
9887
115720
10634
202490
10634
68647
10634
223824
10634
250001
11319
66152
10634
250001
10634
76104
10634
66998
10634
153070
9887
123416
10634
153070
10938
250001
10634
115720
20598
250001
10634
250001
10634
250001
125776
76104
10070
76104
33713
66998
7188
250001
7188
124550
15830
250001
10634
250001
10634
202490
15830
153070
9887
115720
20598
202490
15830
68647
15830
223824
20598
250001
10634
66152
15830
250001
15830
76104
15830
66998
15830
153070
9887
123416
15830
153070
10634
250001
16628
115720
10634
250001
15830
250001
15830
76104
10070
76104
33713
66998
7188
250001
7188
124550
15830
250001
10634
250001
10634
202490
15830
153070
9887
115720
20598
202490
15830
68647
15830
223824
20598
250001
10634
66152
15830
250001
15830
76104
15830
66998
15830
153070
9887
123416
15830
153070
10634
250001
16628
115720
10634
250001
15830
250001
15830
92673
10070
66998
7188
76104
7188
76104
10070
76104
10070
76104
10070
76104
10070
76104
9887
76104
10070
76104
10070
68647
10070
76104
10070
76104
10070
66152
10070
76104
10070
92673
10070
66998
10070
76104
9887
76104
10070
76104
10070
76104
10070
76104
10070
76104
10070
76104
10070
66998
7188
76104
7188
76104
15830
76104
10634
76104
10634
76104
15830
76104
9887
76104
20598
76104
15830
68647
15830
76104
20598
76104
10634
66152
15830
76104
15830
140171
15830
66998
15830
76104
9887
76104
15830
76104
10634
76104
16628
76104
10634
76104
15830
76104
15830
66998
15830
66998
7188
66998
7188
66998
7188
66998
7188
66998
7188
66998
7188
66998
7188
66998
7188
66998
7188
66998
7188
66152
7188
66998
7188
66998
7188
138999
7188
66998
7188
66998
7188
66998
7188
66998
7188
66998
7188
66998
7188
66998
7188
124550
7188
250001
7188
250001
7188
202490
7188
153070
7188
115720
7188
202490
7188
68647
7188
223824
7188
250001
7188
66152
7188
250001
7188
76104
7188
66998
7188
153070
7188
123416
7188
153070
7188
250001
7188
115720
7188
250001
7188
250001
7188
124550
10634
124550
10634
124550
132681
124550
9887
115720
15830
124550
69756
68647
139773
124550
15830
124550
10634
66152
20598
124550
27678
76104
20598
66998
20598
124550
9887
123416
250001
124550
10634
124550
15830
115720
10634
124550
16628
124550
250001
250001
10938
202490
10634
153070
9887
115720
10634
202490
10634
68647
10634
223824
10634
250001
10938
66152
10634
250001
10634
76104
10634
66998
10634
153070
9887
123416
10634
153070
20598
250001
10634
115720
10938
250001
10634
250001
10634
202490
10634
153070
9887
115720
10634
202490
10634
68647
10634
223824
10634
250001
28315
66152
10634
250001
10634
76104
10634
66998
10634
153070
9887
123416
10634
153070
10938
250001
10634
115720
11319
250001
10634
250001
10634
153070
9887
115720
15830
245139
69756
68647
132681
202490
15830
202490
10634
66152
20598
202490
27678
76104
20598
66998
20598
153070
9887
123416
132681
153070
10634
202490
15830
115720
10634
202490
16628
202490
132681
115720
9887
153070
9887
68647
9887
153070
9887
153070
9887
66152
9887
153070
9887
76104
9887
66998
9887
166093
20598
123416
9887
236859
9887
153070
9887
115720
9887
153070
9887
153070
9887
115720
15830
68647
15830
115720
28861
115720
10634
66152
15830
115720
15830
76104
15830
66998
15830
115720
9887
115720
15830
115720
10634
115720
16628
125488
10634
115720
15830
115720
15830
68647
69756
202490
15830
202490
10634
66152
20598
202490
27678
76104
20598
66998
20598
153070
9887
123416
69756
153070
10634
202490
15830
115720
10634
202490
16628
202490
69756
68647
15830
68647
10634
66152
20598
68647
27678
68647
20598
66998
20598
68647
9887
68647
139773
68647
10634
68647
15830
68647
10634
68647
16628
68647
139773
223824
10634
66152
15830
223824
15830
76104
15830
66998
15830
153070
9887
123416
15830
153070
10634
223824
16628
115720
10634
223824
15830
223824
15830
66152
10634
250001
10634
76104
10634
66998
10634
153070
9887
123416
10634
153070
10938
250001
10634
115720
11319
250001
10634
250001
10634
66152
20598
66152
24125
66152
21294
66152
9887
66152
20598
66152
10634
66152
15830
66152
10634
66152
16628
66152
20598
76104
20598
66998
20598
153070
9887
123416
27678
153070
10634
250001
15830
115720
10634
250001
16628
250001
27678
66998
21294
76104
9887
76104
20598
76104
10634
76104
15830
76104
10634
76104
16628
76104
20598
66998
9887
66998
20598
66998
10634
66998
15830
66998
10634
66998
16628
66998
20598
123416
9887
166093
9887
153070
9887
115720
9887
153070
9887
153070
9887
123416
10634
123416
15830
115720
10634
123416
16628
123416
250001
153070
10634
115720
10938
153070
10634
153070
10634
115720
10634
250001
15830
250001
15830
115720
10634
115720
10634
250001
16628
