72373
250001
72373
106764
72373
106764
72373
210947
48015
250001
72373
106764
72373
106764
48015
86212
72373
106764
72373
210947
72373
180532
72373
106764
72373
210947
72373
106764
72373
210947
50496
226131
72373
175476
48015
226131
72373
210947
72373
106764
72373
106764
53118
106764
72373
106764
72373
106764
106259
210947
106259
210947
72373
106764
209234
210947
72373
106764
53118
106764
48015
210947
48015
86212
48015
210947
72373
210947
72373
106764
208661
106764
208661
106764
106259
210947
48015
250001
208661
106764
208661
106764
48015
86212
208661
106764
106259
210947
106259
180532
208661
106764
123284
210947
208661
106764
106259
210947
50496
226131
105089
175476
48015
226131
106259
210947
208661
106764
216612
106764
53118
106764
208661
106764
216612
106764
72373
210947
72373
210947
216612
106764
72373
210947
208661
106764
53118
106764
48015
210947
48015
86212
48015
210947
250001
210947
208661
106764
250001
250001
106259
106764
48015
106764
250001
175476
250001
250001
48015
86212
250001
250001
106259
106764
106259
106764
214674
250001
123284
106764
250001
250001
106259
106764
50496
106764
105089
106764
48015
106764
106259
106764
250001
250001
208661
250001
53118
210947
250001
250001
208661
250001
72373
106764
72373
106764
208661
250001
72373
106764
250001
250001
53118
250001
48015
106764
48015
86212
48015
106764
208661
106764
250001
180532
106259
106764
48015
106764
250001
175476
250001
250001
48015
86212
250001
250001
106259
106764
106259
106764
214674
250001
123284
106764
250001
250001
106259
106764
50496
106764
105089
106764
48015
106764
106259
106764
250001
250001
208661
250001
53118
210947
250001
250001
208661
250001
72373
106764
72373
106764
208661
250001
72373
106764
250001
250001
53118
250001
48015
106764
48015
86212
48015
106764
208661
106764
250001
180532
48015
210947
106259
106764
106259
106764
48015
86212
106259
106764
250001
250001
250001
180532
106259
106764
106259
250001
106259
106764
151427
250001
50496
210947
105089
175476
48015
210947
151427
250001
106259
106764
106259
106764
53118
106764
106259
106764
106259
106764
72373
217096
72373
250001
106259
106764
72373
250001
106259
106764
53118
106764
48015
250001
48015
86212
48015
217096
106259
250001
106259
106764
48015
106764
48015
106764
91555
86212
48015
106764
48015
210947
48015
180532
48015
106764
48015
210947
48015
106764
48015
210947
48015
226131
48015
175476
91555
226131
48015
210947
48015
106764
48015
106764
48015
106764
48015
106764
48015
106764
48015
210947
48015
210947
48015
106764
48015
210947
48015
106764
48015
106764
50496
210947
50496
86212
50496
210947
48015
210947
48015
106764
250001
175476
48015
86212
250001
175476
106259
106764
106259
106764
214674
175476
123284
106764
250001
175476
106259
106764
50496
106764
105089
106764
48015
106764
106259
106764
250001
175476
208661
175476
53118
175476
250001
175476
208661
175476
72373
106764
72373
106764
208661
175476
72373
106764
250001
175476
53118
175476
48015
106764
48015
86212
48015
106764
208661
106764
250001
175476
48015
86212
250001
250001
106259
106764
106259
106764
214674
250001
123284
106764
250001
250001
106259
106764
50496
106764
105089
106764
48015
106764
106259
106764
250001
250001
208661
250001
53118
210947
250001
250001
208661
250001
72373
106764
72373
106764
208661
250001
72373
106764
250001
250001
53118
250001
48015
106764
48015
86212
48015
106764
208661
106764
250001
180532
48015
86212
48015
86212
48015
86212
48015
86212
48015
86212
48015
86212
48015
86212
48015
86212
48015
86212
165590
86212
48015
86212
48015
86212
48015
86212
48015
86212
48015
86212
48015
86212
48015
86212
48015
86212
48015
86212
48015
86212
48015
86212
48015
86212
50496
86212
50496
236245
50496
86212
48015
86212
48015
86212
106259
106764
106259
106764
214674
250001
123284
106764
250001
250001
106259
106764
50496
106764
105089
106764
48015
106764
106259
106764
250001
250001
208661
250001
53118
210947
250001
250001
208661
250001
72373
106764
72373
106764
208661
250001
72373
106764
250001
250001
53118
250001
48015
106764
48015
86212
48015
106764
208661
106764
250001
180532
250001
180532
106259
106764
106259
250001
106259
106764
151427
250001
50496
210947
105089
175476
48015
210947
151427
250001
106259
106764
106259
106764
53118
106764
106259
106764
106259
106764
72373
217096
72373
250001
106259
106764
72373
250001
106259
106764
53118
106764
48015
250001
48015
86212
48015
217096
106259
250001
106259
106764
106259
106764
106259
180532
106259
106764
151427
180532
50496
180532
105089
175476
48015
180532
151427
180532
106259
106764
106259
106764
53118
106764
106259
106764
106259
106764
72373
180532
72373
180532
106259
106764
72373
180532
106259
106764
53118
106764
48015
180532
48015
86212
48015
180532
106259
180532
106259
106764
123284
106764
214674
250001
106259
106764
50496
106764
105089
106764
48015
106764
106259
106764
214674
250001
208661
250001
53118
210947
214674
250001
208661
250001
72373
106764
72373
106764
208661
250001
72373
106764
214674
250001
53118
250001
48015
106764
48015
86212
48015
106764
208661
106764
214674
180532
123284
106764
106259
250001
50496
210947
105089
175476
48015
210947
106259
250001
123284
106764
123284
106764
53118
106764
123284
106764
123284
106764
72373
217096
72373
250001
123284
106764
72373
250001
123284
106764
53118
106764
48015
250001
48015
86212
48015
217096
123284
250001
123284
106764
106259
106764
50496
106764
105089
106764
48015
106764
106259
106764
250001
250001
208661
250001
53118
210947
250001
250001
208661
250001
72373
106764
72373
106764
208661
250001
72373
106764
250001
250001
53118
250001
48015
106764
48015
86212
48015
106764
208661
106764
250001
180532
50496
210947
105089
175476
48015
210947
250001
250001
106259
106764
106259
106764
53118
106764
106259
106764
106259
106764
72373
217096
72373
250001
106259
106764
72373
250001
106259
106764
53118
106764
48015
250001
48015
86212
48015
217096
106259
250001
106259
106764
50496
175476
48015
250001
50496
210947
50496
106764
50496
106764
50496
106764
50496
106764
50496
106764
50496
210947
50496
210947
50496
106764
50496
210947
50496
106764
50496
106764
48015
210947
48015
86212
48015
210947
50496
210947
50496
106764
48015
175476
105089
175476
105089
106764
105089
106764
53118
106764
105089
106764
105089
106764
72373
175476
72373
175476
105089
106764
72373
175476
105089
106764
53118
106764
48015
175476
48015
86212
48015
175476
105089
175476
105089
106764
48015
210947
48015
106764
48015
106764
48015
106764
48015
106764
48015
106764
48015
210947
48015
210947
48015
106764
48015
210947
48015
106764
48015
106764
50496
210947
50496
86212
50496
210947
48015
210947
48015
106764
106259
106764
106259
106764
53118
106764
106259
106764
106259
106764
72373
217096
72373
250001
106259
106764
72373
250001
106259
106764
53118
106764
48015
250001
48015
86212
48015
217096
106259
250001
106259
106764
208661
250001
53118
210947
250001
250001
208661
250001
72373
106764
72373
106764
208661
250001
72373
106764
250001
250001
53118
250001
48015
106764
48015
86212
48015
106764
208661
106764
250001
180532
53118
210947
208661
250001
250001
250001
72373
106764
72373
106764
250001
250001
72373
106764
208661
250001
53118
250001
48015
106764
48015
86212
48015
106764
216612
106764
208661
180532
53118
210947
53118
210947
53118
106764
53118
106764
53118
210947
53118
106764
53118
210947
82800
210947
48015
106764
48015
86212
48015
106764
53118
106764
53118
180532
208661
250001
72373
106764
72373
106764
208661
250001
72373
106764
250001
250001
53118
250001
48015
106764
48015
86212
48015
106764
208661
106764
250001
180532
72373
106764
72373
106764
250001
250001
72373
106764
208661
250001
53118
250001
48015
106764
48015
86212
48015
106764
216612
106764
208661
180532
216612
217096
72373
106764
106259
217096
72373
106764
53118
106764
48015
217096
48015
86212
48015
250001
72373
217096
72373
106764
72373
106764
106259
250001
72373
106764
53118
106764
48015
250001
48015
86212
48015
217096
72373
250001
72373
106764
72373
106764
208661
250001
53118
250001
48015
106764
48015
86212
48015
106764
216612
106764
208661
180532
72373
106764
53118
106764
48015
250001
48015
86212
48015
217096
72373
250001
72373
106764
53118
250001
48015
106764
48015
86212
48015
106764
208661
106764
250001
180532
48015
106764
48015
86212
48015
106764
53118
106764
53118
180532
106259
86212
132155
217096
48015
250001
48015
106764
106259
86212
48015
86212
48015
86212
48015
217096
48015
106764
208661
106764
