57735
19799
56849
19799
191006
250001
1462
19799
57735
114805
56849
4952
33610
19799
69269
250001
1462
19799
1462
19799
1462
19799
57055
19799
57055
19799
112420
250001
57735
19799
57055
19799
57055
19799
67367
19799
1462
19799
58644
250001
56849
19799
191006
42947
57735
19799
57735
4952
87186
250001
224051
19799
191006
42947
57055
19799
56849
19799
57735
250001
57735
19799
224051
19799
33610
19799
70118
85508
1462
19799
1462
19799
224051
19799
33610
19799
56849
56902
57735
19799
1462
97846
59855
19799
56849
4952
33610
56902
57735
19799
1462
97846
1462
85508
1462
119564
57055
187189
57055
220191
57735
19799
88024
187189
57055
181990
57055
181990
57735
250001
1462
105970
57735
19799
56849
220191
57735
19799
88024
187189
60385
4952
57735
19799
57735
56902
57735
19799
57055
85508
56849
220191
59959
19799
59855
114805
57735
56902
33610
56902
57735
19799
1462
85508
1462
105970
57735
220191
33610
56902
56849
19799
1462
56902
56849
19799
57055
4952
33610
78217
56849
19799
1462
56902
1462
56902
1462
56902
56849
56902
56849
56902
56849
19799
56849
56902
56849
56902
56849
56902
56849
56902
1462
56902
56849
19799
57055
56902
56849
19799
56849
56902
56849
4952
56849
19799
56849
250001
56849
19799
56849
56902
57055
56902
56849
19799
56849
56902
56849
202433
33610
78217
56849
19799
1462
56902
1462
56902
56849
56902
33610
85508
1462
19799
57735
114805
56849
4952
33610
19799
69269
250001
1462
19799
1462
19799
1462
19799
57055
19799
57055
19799
112420
250001
57735
19799
57055
19799
57055
19799
67367
19799
1462
19799
58644
250001
56849
19799
250001
42947
57735
19799
57735
4952
87186
250001
191006
19799
224051
42947
57055
19799
56849
19799
57735
250001
57735
19799
191006
19799
33610
19799
70118
85508
1462
19799
1462
19799
191006
19799
33610
19799
1462
19799
1462
4952
1462
56902
1462
19799
57055
105970
10256
85508
10256
97846
1462
97846
1462
97846
1462
19799
1462
97846
1462
97846
1462
97846
1462
97846
10256
97846
1462
19799
1462
97846
1462
19799
1462
97846
1462
4952
1462
19799
1462
56902
1462
19799
1462
85508
1462
97846
1462
19799
1462
97846
1462
56902
1462
56902
1462
19799
10256
85508
10256
97846
1462
97846
1462
56902
56849
4952
33610
19799
57735
114805
1462
19799
1462
19799
1462
19799
57055
19799
57055
19799
57735
114805
59855
19799
57055
19799
57055
19799
57735
19799
1462
19799
57735
114805
56849
19799
57735
42947
59855
19799
59855
4952
57735
114805
57735
19799
57735
42947
57055
19799
56849
19799
59855
114805
110450
19799
57735
19799
33610
19799
57735
85508
1462
19799
1462
19799
57735
19799
33610
19799
33610
4952
56849
4952
1462
4952
1462
4952
1462
4952
56849
4952
56849
4952
56849
4952
56849
4952
56849
4952
56849
4952
56849
4952
1462
4952
56849
4952
57116
4952
56849
4952
56849
4952
56849
19799
56849
4952
56849
4952
56849
4952
56849
4952
57116
4952
56849
4952
56849
4952
56849
4952
33610
4952
56849
4952
1462
4952
1462
4952
56849
4952
33610
4952
33610
19799
1462
56902
1462
56902
1462
56902
33610
56902
33610
56902
33610
19799
33610
56902
33610
56902
33610
56902
33610
56902
1462
56902
33610
19799
33610
56902
33610
19799
33610
56902
33610
4952
33610
19799
33610
78217
33610
19799
33610
56902
33610
56902
33610
19799
33610
56902
33610
78217
70118
202433
33610
19799
1462
56902
1462
56902
33610
56902
70118
78217
1462
19799
1462
19799
1462
19799
57055
19799
57055
19799
69269
250001
57735
19799
57055
19799
57055
19799
67367
19799
1462
19799
58644
250001
56849
19799
69269
42947
57735
19799
57735
4952
69269
250001
69269
19799
69269
42947
57055
19799
56849
19799
57735
250001
57735
19799
69269
19799
33610
19799
69269
85508
1462
19799
1462
19799
69269
19799
33610
19799
10256
85508
10256
97846
1462
97846
1462
97846
1462
19799
1462
97846
1462
97846
1462
97846
1462
97846
10256
97846
1462
19799
1462
97846
1462
19799
1462
97846
1462
4952
1462
19799
1462
56902
1462
19799
1462
85508
1462
97846
1462
19799
1462
97846
1462
56902
1462
56902
1462
19799
10256
85508
10256
97846
1462
97846
1462
56902
250001
85508
1462
85508
1462
85508
1462
19799
1462
85508
1462
85508
1462
85508
1462
85508
174760
85508
1462
19799
1462
85508
1462
19799
1462
85508
1462
4952
1462
19799
1462
56902
1462
19799
1462
133155
1462
85508
1462
19799
1462
85508
1462
56902
1462
56902
1462
19799
113675
126619
56849
85508
1462
85508
1462
56902
1462
119564
1462
119564
1462
19799
1462
119564
1462
119564
1462
119564
1462
119564
174760
105970
1462
19799
1462
119564
1462
19799
1462
119564
1462
4952
1462
19799
1462
56902
1462
19799
1462
85508
1462
119564
1462
19799
1462
114805
1462
56902
1462
56902
1462
19799
113675
85508
56849
105970
1462
119564
1462
56902
57560
187189
57055
19799
57055
250001
73416
181990
250001
181990
57055
187189
1462
105970
57055
19799
56849
187189
57055
19799
57055
250001
57055
4952
57055
19799
57055
56902
57055
19799
101608
85508
56849
187189
57055
19799
57055
114805
57055
56902
33610
56902
57055
19799
1462
85508
1462
105970
57055
187189
33610
56902
57055
19799
57055
187189
57560
181990
57560
181990
57055
220191
1462
105970
57055
19799
56849
236280
57055
19799
57055
187189
57055
4952
57055
19799
57055
56902
57055
19799
57560
85508
56849
236280
57055
19799
57055
114805
57055
56902
33610
56902
57055
19799
1462
85508
1462
105970
57055
250001
33610
56902
57735
19799
57055
19799
57055
19799
67367
19799
1462
19799
58644
250001
56849
19799
112420
42947
57735
19799
57735
4952
87186
250001
112420
19799
112420
42947
57055
19799
56849
19799
57735
250001
57735
19799
112420
19799
33610
19799
70118
85508
1462
19799
1462
19799
112420
19799
33610
19799
57055
181990
57055
181990
57735
187189
1462
105970
57735
19799
56849
187189
57735
19799
250001
250001
60385
4952
57735
19799
57735
56902
57735
19799
57055
85508
56849
187189
59959
19799
59855
114805
57735
56902
33610
56902
57735
19799
1462
85508
1462
105970
57735
187189
33610
56902
73416
250001
57055
181990
1462
105970
57055
19799
56849
181990
57055
19799
57055
181990
57055
4952
57055
19799
57055
56902
57055
19799
73416
85508
56849
181990
57055
19799
57055
114805
57055
56902
33610
56902
57055
19799
1462
85508
1462
105970
57055
181990
33610
56902
57055
181990
1462
105970
57055
19799
56849
181990
57055
19799
57055
181990
57055
4952
57055
19799
57055
56902
57055
19799
101608
85508
56849
181990
57055
19799
57055
114805
57055
56902
33610
56902
57055
19799
1462
85508
1462
105970
57055
181990
33610
56902
1462
105970
58644
19799
56849
220191
67367
19799
57735
187189
57735
4952
67367
19799
67367
56902
67367
19799
57055
85508
56849
220191
57735
19799
57735
114805
67367
56902
33610
56902
67367
19799
1462
85508
1462
105970
67367
220191
33610
56902
1462
19799
1462
105970
1462
19799
1462
105970
1462
4952
1462
19799
1462
56902
1462
19799
1462
85508
1462
105970
1462
19799
1462
105970
1462
56902
1462
56902
1462
19799
113675
85508
56849
119564
1462
105970
1462
56902
56849
19799
58644
42947
57735
19799
57735
4952
58644
250001
58644
19799
58644
42947
57055
19799
56849
19799
57735
250001
57735
19799
58644
19799
33610
19799
58644
85508
1462
19799
1462
19799
58644
19799
33610
19799
56849
19799
56849
187189
56849
4952
56849
19799
56849
56902
56849
19799
56849
85508
250001
250001
56849
19799
56849
114805
56849
56902
33610
56902
56849
19799
1462
85508
1462
105970
56849
236280
33610
56902
57735
19799
57735
4952
87186
42947
191006
19799
224051
250001
57055
19799
56849
19799
57735
42947
57735
19799
191006
19799
33610
19799
70118
42947
1462
19799
1462
19799
191006
19799
33610
19799
60385
4952
57735
19799
57735
56902
57735
19799
57055
85508
56849
187189
59959
19799
59855
114805
57735
56902
33610
56902
57735
19799
1462
85508
1462
105970
57735
187189
33610
56902
57735
4952
57735
4952
57735
4952
57055
4952
56849
4952
59959
4952
59855
4952
57735
4952
33610
4952
57735
4952
1462
4952
1462
4952
57735
4952
33610
4952
87186
19799
87186
42947
57055
19799
56849
19799
57735
250001
57735
19799
87186
19799
33610
19799
70118
85508
1462
19799
1462
19799
87186
19799
33610
19799
191006
19799
57055
56902
56849
56902
57735
19799
57735
56902
250001
202433
33610
78217
70118
19799
1462
56902
1462
56902
250001
56902
33610
85508
57055
19799
56849
19799
57735
42947
57735
19799
191006
19799
33610
19799
70118
42947
1462
19799
1462
19799
191006
19799
33610
19799
56849
85508
57055
19799
57055
85508
57055
56902
33610
56902
57055
19799
1462
126619
1462
85508
57055
85508
33610
56902
56849
19799
56849
114805
56849
56902
33610
56902
56849
19799
1462
85508
1462
105970
56849
236280
33610
56902
59855
19799
57735
19799
33610
19799
57735
85508
1462
19799
1462
19799
57735
19799
33610
19799
57735
56902
33610
56902
57735
19799
1462
85508
1462
105970
57735
114805
33610
56902
33610
78217
70118
19799
1462
56902
1462
56902
250001
56902
33610
85508
33610
19799
1462
56902
1462
56902
33610
56902
110757
78217
1462
19799
1462
19799
70118
19799
33610
19799
56849
85508
1462
85508
1462
56902
1462
105970
1462
56902
33610
56902
