110888
250001
110888
250001
1420
2232
110888
250001
177545
38606
201109
250001
1420
2232
227727
250001
103463
250001
103463
250001
110888
139075
177545
250001
186751
150081
110888
250001
218316
151211
177545
199513
41094
25031
227727
250001
221157
199513
220113
250001
177545
25031
175449
221270
110888
250001
147823
250001
220113
250001
11716
14329
97320
110905
227727
250001
114686
172559
177545
250001
103463
250001
73838
100251
227727
250001
227727
250001
41094
25031
103463
250001
27717
18814
177545
250001
1420
2232
165426
250001
110888
38606
110888
250001
1420
2232
110888
250001
103463
250001
103463
250001
222207
139075
110888
250001
110888
150081
222207
250001
110888
151211
110888
199513
41094
25031
110888
250001
110888
199513
110888
250001
110888
25031
110888
221270
177545
250001
110888
250001
110888
250001
11716
14329
97320
110905
110888
250001
110888
172559
110888
250001
103463
250001
73838
100251
110888
250001
110888
250001
41094
25031
103463
250001
27717
18814
1420
2232
165426
250001
110888
38606
110888
250001
1420
2232
110888
250001
103463
250001
103463
250001
177545
139075
110888
250001
110888
150081
177545
250001
110888
151211
110888
199513
41094
25031
110888
250001
110888
199513
110888
250001
110888
25031
110888
221270
188935
250001
110888
250001
110888
250001
11716
14329
97320
110905
110888
250001
110888
172559
110888
250001
103463
250001
73838
100251
110888
250001
110888
250001
41094
25031
103463
250001
27717
18814
1420
2232
1420
2232
1420
2232
11716
42861
1420
2232
1420
2232
1420
2232
1420
2232
1420
2232
1420
2232
1420
2232
1420
2232
1420
2232
1420
2232
1420
2232
1420
2232
1420
2232
1420
2232
1420
2232
1420
2232
1420
2232
1420
2232
1420
2232
1420
2232
1420
2232
1420
2232
1420
2232
1420
2232
1420
2232
1420
2232
1420
2232
1420
2232
1420
2232
1420
2232
110888
38606
110888
250001
1420
2232
110888
250001
103463
250001
103463
250001
165426
139075
110888
250001
110888
150081
165426
250001
110888
151211
110888
199513
41094
25031
110888
250001
110888
199513
110888
250001
110888
25031
110888
221270
165426
250001
110888
250001
110888
250001
11716
14329
97320
110905
110888
250001
110888
172559
110888
250001
103463
250001
73838
100251
110888
250001
110888
250001
41094
25031
103463
250001
27717
18814
177545
38606
1420
2232
177545
38606
103463
38606
103463
38606
110888
38606
250001
38606
177545
38606
110888
38606
177545
38606
220113
38606
41094
25031
177545
38606
177545
38606
177545
38606
250001
25031
175449
38606
110888
38606
147823
38606
177545
38606
11716
14329
97320
38606
177545
38606
114686
38606
220113
38606
103463
38606
73838
38606
177545
38606
177545
38606
41094
25031
103463
38606
27717
18814
1420
2232
201109
250001
103463
250001
103463
250001
110888
139075
177545
250001
186751
150081
110888
250001
201109
151211
177545
199513
41094
25031
201109
250001
201109
199513
201109
250001
177545
25031
175449
221270
110888
250001
147823
250001
201109
250001
11716
14329
97320
110905
201109
250001
114686
172559
177545
250001
103463
250001
73838
100251
201109
250001
201109
250001
41094
25031
103463
250001
27717
18814
1420
2232
1420
2232
1420
2232
1420
2232
1420
2232
1420
2232
1420
2232
1420
2232
1420
2232
1420
2232
1420
2232
1420
2232
1420
2232
1420
2232
1420
2232
1420
2232
1420
2232
1420
2232
1420
2232
1420
2232
1420
2232
1420
2232
1420
2232
1420
2232
1420
2232
1420
2232
1420
2232
1420
2232
1420
2232
1420
2232
103463
250001
103463
250001
110888
139075
177545
250001
186751
150081
110888
250001
218316
151211
177545
199513
41094
25031
250001
250001
221157
199513
220113
250001
177545
25031
175449
221270
110888
250001
147823
250001
220113
250001
11716
14329
97320
110905
250001
250001
114686
172559
177545
250001
103463
250001
73838
100251
250001
250001
250001
250001
41094
25031
103463
250001
27717
18814
110888
250001
103463
139075
103463
250001
103463
150081
103463
250001
103463
151211
103463
199513
41094
25031
103463
250001
103463
199513
103463
250001
103463
25031
103463
221270
103463
250001
103463
250001
103463
250001
11716
14329
97320
110905
103463
250001
103463
172559
103463
250001
110888
250001
73838
100251
103463
250001
103463
250001
41094
25031
110888
250001
27717
18814
103463
139075
103463
250001
103463
150081
103463
250001
103463
151211
103463
199513
41094
25031
103463
250001
103463
199513
103463
250001
103463
25031
103463
221270
103463
250001
103463
250001
103463
250001
11716
14329
97320
110905
103463
250001
103463
172559
103463
250001
250001
250001
73838
100251
103463
250001
103463
250001
41094
25031
250001
250001
27717
18814
110888
139075
110888
139075
250001
139075
110888
139075
110888
139075
41094
25031
110888
139075
110888
139075
110888
139075
110888
25031
110888
139075
177545
139075
110888
139075
110888
139075
11716
14329
97320
110905
110888
139075
110888
139075
110888
139075
103463
139075
73838
100251
110888
139075
110888
139075
41094
25031
103463
139075
27717
18814
177545
150081
110888
250001
177545
151211
220113
199513
41094
25031
177545
250001
177545
199513
177545
250001
250001
25031
175449
221270
110888
250001
147823
250001
177545
250001
11716
14329
97320
110905
177545
250001
114686
172559
220113
250001
103463
250001
73838
100251
177545
250001
177545
250001
41094
25031
103463
250001
27717
18814
110888
150081
186751
150081
177545
150081
41094
25031
186751
150081
186751
150081
186751
150081
177545
25031
175449
150081
110888
150081
147823
150081
186751
150081
11716
14329
97320
110905
186751
150081
114686
150081
177545
150081
103463
150081
73838
100251
186751
150081
186751
150081
41094
25031
103463
150081
27717
18814
110888
151211
110888
199513
41094
25031
110888
250001
110888
199513
110888
250001
110888
25031
110888
221270
177545
250001
110888
250001
110888
250001
11716
14329
97320
110905
110888
250001
110888
172559
110888
250001
103463
250001
73838
100251
110888
250001
110888
250001
41094
25031
103463
250001
27717
18814
177545
151211
41094
25031
218316
151211
218316
151211
218316
151211
177545
25031
175449
151211
110888
151211
147823
151211
218316
151211
11716
14329
97320
110905
218316
151211
114686
151211
177545
151211
103463
151211
73838
100251
218316
151211
218316
151211
41094
25031
103463
151211
27717
18814
41094
25031
177545
199513
177545
250001
177545
199513
220113
25031
175449
199513
110888
199513
147823
199513
177545
199513
11716
14329
97320
110905
177545
199513
114686
172559
221531
199513
103463
199513
73838
100251
177545
199513
177545
199513
41094
25031
103463
199513
27717
18814
41094
25031
41094
25031
41094
25031
41094
151211
41094
25031
41094
25031
41094
25031
41094
25031
11716
14329
41094
25031
41094
25031
41094
25031
41094
25031
41094
25031
41094
25031
41094
25031
41094
25031
220113
140520
41094
25031
27717
18814
221157
199513
220113
250001
177545
25031
175449
221270
110888
250001
147823
250001
220113
250001
11716
14329
97320
110905
250001
250001
114686
172559
177545
250001
103463
250001
73838
100251
250001
250001
250001
250001
41094
25031
103463
250001
27717
18814
220113
199513
177545
25031
175449
199513
110888
199513
147823
199513
220113
199513
11716
14329
97320
110905
221157
199513
114686
172559
177545
199513
103463
199513
73838
100251
221157
199513
221157
199513
41094
25031
103463
199513
27717
18814
177545
25031
175449
221270
110888
250001
147823
250001
220312
250001
11716
14329
97320
110905
220113
250001
114686
172559
177545
250001
103463
250001
73838
100251
220113
250001
220113
250001
41094
25031
103463
250001
27717
18814
175449
25031
110888
25031
147823
25031
177545
25031
11716
14329
97320
25031
177545
25031
114686
25031
220113
25031
103463
25031
73838
25031
177545
25031
177545
25031
41094
140520
103463
25031
27717
18814
110888
221270
147823
221270
175449
221270
11716
14329
97320
110905
175449
221270
114686
172559
175449
221270
103463
221270
73838
100251
175449
221270
175449
221270
41094
25031
103463
221270
27717
18814
110888
250001
110888
250001
11716
14329
97320
110905
110888
250001
110888
172559
110888
250001
103463
250001
73838
100251
110888
250001
110888
250001
41094
25031
103463
250001
27717
18814
147823
250001
11716
14329
97320
110905
147823
250001
114686
172559
147823
250001
103463
250001
73838
100251
147823
250001
147823
250001
41094
25031
103463
250001
27717
18814
11716
14329
97320
110905
220113
250001
114686
172559
177545
250001
103463
250001
73838
100251
220113
250001
220113
250001
41094
25031
103463
250001
27717
18814
11716
14329
11716
14329
11716
14329
11716
14329
11716
14329
11716
14329
11716
14329
11716
14329
11716
14329
11716
14329
11716
14329
97320
110905
97320
110905
97320
110905
97320
110905
73838
100251
97320
110905
97320
110905
41094
25031
97320
110905
27717
18814
114686
172559
177545
250001
103463
250001
73838
100251
250001
250001
250001
250001
41094
25031
103463
250001
27717
18814
114686
172559
103463
172559
73838
100251
114686
172559
114686
172559
41094
25031
103463
172559
27717
18814
103463
250001
73838
100251
177545
250001
177545
250001
41094
25031
103463
250001
27717
18814
73838
100251
103463
250001
103463
250001
41094
25031
250001
250001
27717
18814
73838
100251
73838
100251
41094
25031
73838
100251
27717
18814
250001
250001
41094
25031
103463
250001
27717
18814
41094
25031
103463
250001
27717
18814
41094
25031
27717
18814
27717
18814
