94417
64927
94417
64927
94417
64927
60702
64927
94417
25168
94417
64927
44732
25168
126546
64927
94417
64927
94417
64927
126546
64927
43457
64927
55353
64927
50637
64927
94417
64927
94417
64927
94417
64927
94417
64927
94417
64927
55353
48435
64177
75418
94417
64927
94417
64927
94417
64927
43457
64927
91280
64927
55353
64927
55353
64927
91280
48435
94417
64927
94417
64927
55353
64927
107694
250001
107694
123738
60702
77170
107694
25168
107694
250001
44732
25168
94417
250001
107694
250001
107694
69612
94417
250001
43457
132362
55353
107006
50637
132362
107694
250001
107694
250001
107694
69612
107694
69612
107694
250001
55353
48435
64177
64927
107694
250001
107694
250001
107694
250001
43457
250001
91280
70176
55353
69612
55353
250001
91280
48435
107694
77170
107694
138627
55353
132362
188700
123738
60702
77170
107816
25168
188700
250001
44732
25168
94417
250001
110574
250001
188700
69612
94417
250001
43457
132362
55353
107006
50637
132362
188700
250001
180273
250001
250001
69612
250001
69612
188700
250001
55353
48435
64177
64927
188700
250001
107816
250001
122046
250001
43457
250001
91280
70176
55353
69612
55353
250001
91280
48435
188700
77170
188700
138627
55353
132362
60702
77170
107816
25168
250001
123738
44732
25168
94417
123738
110574
123738
250001
69612
94417
123738
43457
123738
55353
107006
50637
123738
250001
123738
180273
123738
188700
69612
188700
69612
250001
123738
55353
48435
64177
64927
250001
123738
107816
123738
122046
123738
43457
123738
91280
70176
55353
69612
55353
123738
91280
48435
250001
77170
250001
123738
55353
123738
60702
25168
60702
77170
44732
25168
60702
77170
60702
77170
60702
69612
60702
77170
43457
77170
55353
77170
50637
77170
60702
77170
60702
77170
60702
69612
60702
69612
60702
77170
55353
48435
60702
64927
60702
77170
60702
77170
60702
77170
43457
77170
60702
70176
55353
69612
55353
77170
60702
48435
60702
250001
60702
77170
55353
77170
107816
25168
44732
69612
94417
25168
107816
25168
107816
25168
94417
25168
43457
25168
55353
25168
50637
25168
107816
25168
107816
25168
107816
25168
107816
25168
107816
25168
55353
25168
64177
25168
107816
25168
218695
25168
107816
25168
43457
25168
91280
25168
55353
25168
55353
25168
91280
25168
107816
25168
107816
25168
55353
25168
44732
25168
94417
250001
110574
250001
250001
69612
94417
250001
43457
132362
55353
107006
50637
132362
250001
250001
180273
250001
188700
69612
188700
69612
250001
250001
55353
48435
64177
64927
250001
250001
107816
250001
122046
250001
43457
250001
91280
70176
55353
69612
55353
250001
91280
48435
250001
77170
250001
138627
55353
132362
44732
25168
44732
25168
44732
25168
44732
25168
43457
25168
44732
25168
44732
25168
44732
25168
44732
25168
44732
25168
44732
25168
44732
25168
44732
25168
44732
25168
44732
25168
44732
25168
44732
25168
43457
25168
44732
25168
44732
25168
44732
25168
44732
25168
44732
25168
44732
25168
44732
25168
94417
250001
94417
69612
180273
250001
43457
132362
55353
107006
50637
132362
94417
250001
94417
250001
94417
69612
94417
69612
94417
250001
55353
48435
64177
64927
94417
250001
94417
250001
94417
250001
43457
250001
91280
70176
55353
69612
55353
250001
91280
48435
94417
77170
94417
138627
55353
132362
110574
69612
94417
250001
43457
132362
55353
107006
50637
132362
110574
250001
110574
250001
110574
69612
110574
69612
110574
250001
55353
48435
64177
64927
110574
250001
107816
250001
110574
250001
43457
250001
91280
70176
55353
69612
55353
250001
91280
48435
110574
77170
110574
138627
55353
132362
94417
69612
43457
69612
55353
69612
50637
69612
250001
69612
180273
69612
188700
73804
188700
250001
250001
69612
55353
48435
64177
64927
250001
69612
107816
69612
122046
69612
43457
69612
91280
69612
55353
70176
55353
69612
91280
48435
250001
69612
250001
69612
55353
69612
43457
132362
55353
107006
50637
132362
94417
250001
94417
250001
94417
69612
94417
69612
94417
250001
55353
48435
64177
64927
94417
250001
94417
250001
94417
250001
43457
250001
91280
70176
55353
69612
55353
250001
91280
48435
94417
77170
94417
138627
55353
132362
43457
107006
43457
147791
43457
132362
43457
132362
43457
69612
43457
69612
43457
132362
43457
48435
43457
64927
43457
132362
43457
132362
43457
132362
128310
132362
43457
70176
43457
69612
43457
132362
43457
48435
43457
77170
43457
132362
43457
250001
50637
107006
55353
107006
55353
107006
55353
69612
55353
69612
55353
107006
103006
48435
55353
64927
55353
107006
55353
107006
55353
107006
43457
107006
55353
70176
103006
69612
94417
107006
55353
48435
55353
77170
55353
107006
103006
107006
50637
132362
50637
132362
50637
69612
50637
69612
50637
132362
50637
48435
50637
64927
50637
132362
50637
132362
50637
132362
43457
132362
50637
70176
50637
69612
50637
132362
50637
48435
50637
77170
50637
132362
50637
147791
180273
250001
188700
69612
188700
69612
250001
250001
55353
48435
64177
64927
250001
250001
107816
250001
122046
250001
43457
250001
91280
70176
55353
69612
55353
250001
91280
48435
250001
77170
250001
138627
55353
132362
180273
69612
180273
69612
180273
250001
55353
48435
64177
64927
180273
250001
107816
250001
122046
250001
43457
250001
91280
70176
55353
69612
55353
250001
91280
48435
180273
77170
180273
138627
55353
132362
250001
73804
188700
69612
55353
48435
64177
64927
188700
69612
107816
69612
122046
69612
43457
69612
91280
69612
55353
70176
55353
69612
91280
48435
188700
69612
188700
69612
55353
69612
188700
69612
55353
48435
64177
64927
188700
69612
107816
69612
122046
69612
43457
69612
91280
69612
55353
70176
55353
69612
91280
48435
188700
69612
188700
69612
55353
69612
55353
48435
64177
64927
250001
250001
107816
250001
122046
250001
43457
250001
91280
70176
55353
69612
55353
250001
91280
48435
250001
77170
250001
138627
55353
132362
55353
48435
55353
48435
55353
48435
55353
48435
43457
48435
55353
48435
180273
48435
94417
48435
55353
132362
55353
48435
55353
48435
180273
48435
64177
64927
64177
64927
64177
64927
43457
64927
64177
64927
55353
64927
55353
64927
64177
48435
64177
64927
64177
64927
55353
64927
107816
250001
122046
250001
43457
250001
91280
70176
55353
69612
55353
250001
91280
48435
250001
77170
250001
138627
55353
132362
107816
250001
43457
250001
91280
70176
55353
69612
55353
250001
91280
48435
107816
77170
107816
138627
55353
132362
43457
250001
91280
70176
55353
69612
55353
250001
91280
48435
122046
77170
122046
138627
55353
132362
43457
70176
43457
69612
43457
250001
43457
48435
43457
77170
43457
138627
43457
132362
55353
69612
55353
70176
94417
48435
91280
70176
91280
70176
55353
70176
94417
69612
55353
48435
55353
69612
55353
69612
250001
69612
55353
48435
55353
77170
55353
138627
94417
132362
91280
48435
91280
48435
55353
48435
250001
77170
55353
77170
55353
132362
