23810
3720
23810
3720
23810
12807
23810
253
23810
3720
23810
253
23810
3720
23810
3720
23810
3720
23810
12807
23810
12933
23810
12807
2902
3720
23810
3720
23810
12933
23810
12807
23810
12807
2902
3720
23810
12933
5757
1661
23810
16158
23810
3720
23810
16158
23810
3720
23810
12933
23810
12807
23810
1661
23810
12807
23810
12807
23810
12807
23810
12933
23810
3720
23810
12807
23810
16158
23810
16158
23810
16158
23810
12807
23810
1661
25907
12807
36243
3720
59018
253
59018
3987
59018
253
38712
14387
59319
14387
25907
14387
38712
3720
59018
3720
25907
3720
2902
3987
38092
12807
25907
3720
59018
3720
59018
3720
2902
12807
36243
3720
5757
1661
59018
3720
59018
14387
59018
3720
38712
14387
36243
3720
25907
3720
25907
1661
25913
3720
25913
3720
36243
3720
36243
3720
25907
12807
25907
3720
25907
3720
41788
3720
25907
3720
25907
3720
59018
1661
25907
3720
25907
253
25907
3987
25907
253
25907
12807
25907
12807
25913
12807
25907
3720
25907
3720
38712
3720
2902
3987
25907
45616
38712
3720
25907
3720
25907
3720
2902
16373
25907
3720
5757
1661
25907
3720
25907
12807
25907
3720
25907
12807
25907
3720
38712
3720
49961
1661
25907
3720
25907
3720
25907
3720
25907
3720
25913
16373
38712
3720
25913
3720
25907
3720
38712
3720
36243
3720
25907
1661
36243
253
36243
3720
36243
253
36243
3720
36243
3720
25907
3720
36243
12933
36243
12807
25907
12933
2902
3720
36243
3720
25907
12807
36243
12933
36243
12933
2902
3720
117451
12807
5757
1661
36243
12807
36243
3720
36243
12807
36243
3720
164844
12807
25907
12933
25907
1661
25913
12933
25913
12933
59319
12933
59018
12807
25907
3720
25907
12933
25907
12807
36243
12807
25907
12807
25907
12933
36243
1661
59352
253
59352
3720
38712
253
59018
253
25907
253
38712
253
69385
253
25907
253
2902
253
38092
253
25907
253
128707
253
59352
253
2902
253
36243
253
5757
253
59319
253
128707
253
59352
253
38712
253
36243
253
25907
253
25907
253
25913
253
25913
253
36243
253
36243
253
25907
253
25907
253
25907
253
41788
253
25907
253
25907
253
128707
253
88358
253
38712
3987
59018
3987
25907
3987
38712
3720
59352
3720
25907
3720
2902
4966
38092
3987
25907
3720
59352
3720
69385
3720
2902
3987
36243
3720
5757
1661
59319
3720
59352
3987
80874
3720
38712
3987
36243
3720
25907
3720
25907
1661
25913
3720
25913
3720
36243
3720
36243
3720
25907
3987
25907
3720
25907
3720
41788
3720
25907
3720
25907
3720
59352
1661
38712
253
59018
253
25907
253
38712
253
59352
253
25907
253
2902
253
38092
253
25907
253
59352
253
69385
253
2902
253
36243
253
5757
253
59319
253
59352
253
80874
253
38712
253
36243
253
25907
253
25907
253
25913
253
25913
253
36243
253
36243
253
25907
253
25907
253
25907
253
41788
253
25907
253
25907
253
59352
253
38712
38216
25907
16373
59018
3720
38712
3720
25907
3720
2902
3987
38092
12807
25907
3720
38712
3720
38712
3720
2902
12807
36243
3720
5757
1661
38712
3720
38712
16373
38712
3720
48478
29915
36243
3720
25907
3720
25907
1661
25913
3720
25913
3720
36243
3720
36243
3720
25907
12807
25907
3720
25907
3720
38712
3720
25907
3720
25907
3720
38712
1661
25907
16373
38712
3720
59018
3720
25907
3720
2902
3987
38092
12807
25907
3720
59018
3720
59018
3720
2902
12807
36243
3720
5757
1661
59018
3720
59018
16373
59018
3720
38712
29915
36243
3720
25907
3720
25907
1661
25913
3720
25913
3720
36243
3720
36243
3720
25907
12807
25907
3720
25907
3720
41788
3720
25907
3720
25907
3720
59018
1661
25907
3720
25907
3720
25913
3720
2902
3987
25907
12807
25913
3720
25907
3720
25907
3720
2902
12807
25907
3720
5757
1661
25907
3720
25907
21857
25907
3720
25907
16373
25907
3720
25913
3720
25913
1661
25907
3720
25907
3720
25907
3720
25907
3720
36243
12807
25913
3720
59352
3720
25907
3720
25913
3720
25913
3720
25907
1661
38712
12807
25907
29936
2902
3720
38092
3720
25907
12807
38712
16158
38712
16373
2902
3720
36243
12807
5757
1661
38712
12807
38712
3720
38712
12807
48478
3720
36243
12807
25907
16373
25907
1661
25913
29936
25913
29936
36243
29936
36243
12807
25907
3720
25907
30303
25907
12807
38712
12807
25907
12807
25907
28054
38712
1661
25907
12807
2902
3720
38092
3720
25907
16158
69385
12807
59352
12807
2902
3720
36243
16373
5757
1661
59319
12933
69385
3720
59352
12933
38712
3720
36243
16373
25907
12807
25907
1661
25913
12807
25913
12807
36243
12807
36243
16373
25907
3720
25907
12807
25907
12933
41788
12933
25907
12933
25907
12807
69385
1661
2902
3720
25907
3720
41788
12807
25907
16158
25907
16373
2902
3720
25907
12807
5757
1661
25907
12807
25907
3720
25907
12807
25907
3720
25907
12807
41788
16373
38712
1661
25907
29957
25907
38216
25907
46136
25907
12807
25913
3720
41788
29936
25913
12807
25907
12807
41788
12807
36243
28054
25907
1661
2902
3987
2902
3720
2902
3720
2902
3720
38092
3987
2902
3720
2902
1661
2902
3720
2902
3987
2902
3720
2902
3987
2902
3720
2902
3720
2902
1661
2902
3720
2902
3720
2902
3720
2902
3720
2902
3987
2902
3720
2902
3720
2902
3720
2902
3720
2902
3720
2902
1661
25907
3720
38092
3720
38092
3720
2902
16373
36243
3720
5757
1661
38092
3720
38092
12807
38092
3720
38092
12807
36243
3720
25907
3720
25907
1661
25913
3720
25913
3720
36243
3720
36243
3720
25907
16373
25907
3720
25907
3720
38092
3720
25907
3720
25907
3720
38092
1661
25907
12807
25907
12807
2902
3720
25907
16158
5757
1661
25907
12933
25907
3720
25907
12933
25907
3720
25907
16158
59352
12807
38712
1661
25907
12807
25907
12807
25907
12807
25907
16158
25913
3720
59352
12807
25913
12933
25907
12933
69385
12933
36243
12807
25907
1661
59352
16158
2902
3720
36243
12807
5757
1661
59319
12807
215831
3720
59352
12807
38712
3720
36243
12807
25907
16158
25907
1661
25913
16158
25913
16158
36243
16158
36243
12807
25907
3720
25907
16158
25907
12807
41788
12807
25907
12807
25907
16158
215831
1661
2902
3720
36243
12807
5757
1661
59319
12807
59352
3720
69385
12807
38712
3720
36243
12807
25907
24755
25907
1661
25913
16373
25913
16373
36243
16373
36243
12807
25907
3720
25907
16373
25907
12807
41788
12807
25907
12807
25907
16373
59352
1661
2902
3720
2902
1661
2902
3720
2902
12807
2902
3720
2902
12807
2902
3720
2902
3720
2902
1661
2902
3720
2902
3720
2902
3720
2902
3720
2902
29957
2902
3720
2902
3720
2902
3720
2902
3720
2902
3720
2902
1661
5757
1661
36243
12933
5757
1661
36243
3720
5757
1661
36243
12933
5757
1661
36243
3720
5757
1661
117451
29936
5757
1661
25907
12807
5757
1661
25907
1661
5757
12933
25913
12807
5757
1661
25913
12807
5757
1661
59319
12807
5757
1661
59018
24755
5757
1661
25907
3720
5757
1661
25907
12807
5757
1661
25907
12933
5757
1661
36243
12933
5757
1661
25907
12933
5757
1661
25907
12807
5757
1661
36243
1661
5757
1719
59319
3720
59319
29957
38712
3720
36243
12933
25907
12807
25907
1661
25913
12807
25913
12807
36243
12807
36243
12933
25907
3720
25907
12807
25907
29957
41788
29957
25907
29957
25907
12807
59319
1661
59352
3720
38712
16373
36243
3720
25907
3720
25907
1661
25913
3720
25913
3720
36243
3720
36243
3720
25907
12807
25907
3720
25907
3720
41788
3720
25907
3720
25907
3720
224576
1661
38712
3720
36243
12933
25907
12807
25907
1661
25913
12807
25913
12807
36243
12807
36243
12933
25907
3720
25907
12807
25907
45616
41788
53116
25907
45616
25907
12807
59352
1661
36243
3720
25907
3720
25907
1661
25913
3720
25913
3720
36243
3720
36243
3720
25907
12807
25907
3720
25907
3720
38712
3720
25907
3720
25907
3720
38712
1661
25907
12807
25907
1661
25913
12807
25913
12807
59319
12807
59018
24755
25907
3720
25907
12807
25907
12933
36243
12933
25907
12933
25907
12807
36243
1661
38712
1661
25907
16373
25907
16373
25907
16373
25907
12807
25913
3720
250001
16373
25913
12807
25907
12807
59352
12807
36243
16373
25907
1661
25907
1661
25907
1661
25907
1661
25907
1661
25913
1661
38712
1661
25913
1661
25907
1661
38712
1661
36243
1661
25907
1719
36243
29957
25913
29957
25913
12807
25907
3720
25907
29936
25907
12807
25913
12807
25907
12807
25907
28054
25913
1661
25913
38216
25913
12807
25907
3720
25907
29936
25907
12807
25913
12807
25907
12807
25907
28054
25913
1661
59018
12807
25907
3720
25907
29936
25907
12807
36243
12807
25907
12807
25907
28054
36243
1661
25907
3720
25907
12807
25907
12933
36243
12933
25907
12933
25907
12807
36243
1661
25913
3720
36243
3720
25907
3720
25913
3720
25913
3720
25907
1661
25913
12807
25907
12807
59352
12807
36243
28054
25907
1661
25907
45616
25913
71886
25913
12807
25907
1661
25907
45616
25907
12807
41788
1661
36243
12807
25907
1661
25907
1661
