250001
106931
130170
23342
218828
62583
231612
183413
130170
250001
110330
124540
133615
121126
130170
156708
216709
121126
110330
129854
189790
121126
184306
122284
110330
250001
189790
121126
216709
82216
133615
233791
184306
234914
110330
129684
184306
121126
134996
129684
216709
23342
250001
129684
250001
121126
217157
121126
133615
124540
250001
129684
250001
233282
184306
48602
133615
129684
216709
106931
110330
250001
250001
129684
216709
124540
130170
23342
218828
62583
231612
106931
130170
106931
110330
106931
133615
106931
130170
106931
216709
106931
110330
106931
189790
106931
184306
106931
110330
106931
189790
106931
216709
82216
133615
106931
184306
106931
110330
106931
184306
106931
134996
106931
216709
23342
250001
106931
250001
106931
217157
106931
133615
106931
250001
106931
250001
106931
184306
48602
133615
106931
216709
121126
110330
106931
250001
106931
216709
106931
130170
23342
130170
23342
216709
23342
110330
23342
130170
23342
220094
23342
130170
23342
110330
23342
130170
23342
130170
23342
110330
23342
130170
23342
130170
23342
130170
23342
130170
23342
110330
23342
130170
23342
130170
23342
130170
48602
130170
23342
130170
23342
130170
23342
130170
23342
130170
23342
130170
23342
130170
23342
130170
23342
130170
23342
110330
23342
130170
23342
130170
23342
218828
62583
130170
62583
110330
62583
133615
62583
130170
62583
216709
62583
110330
62583
189790
62583
184306
62583
110330
62583
189790
62583
216709
62583
133615
62583
184306
62583
110330
62583
184306
62583
134996
62583
216709
23342
218828
62583
218828
62583
217157
62583
133615
62583
218828
62583
218828
62583
184306
48602
133615
62583
216709
62583
110330
62583
218828
62583
216709
62583
130170
183413
110330
124540
133615
121126
130170
156708
216709
121126
110330
129854
189790
121126
184306
122284
110330
183413
189790
121126
216709
82216
133615
183413
184306
183413
110330
129684
184306
121126
134996
129684
216709
23342
231612
129684
231612
121126
217157
121126
133615
124540
231612
129684
231612
183413
184306
48602
133615
129684
216709
106931
110330
183413
231612
129684
216709
124540
110330
124540
130170
121126
216709
156708
130170
121126
110330
129854
130170
121126
130170
122284
110330
250001
130170
121126
130170
82216
130170
233791
130170
234914
110330
129684
130170
121126
130170
129684
130170
23342
130170
129684
130170
121126
130170
121126
130170
124540
130170
129684
130170
233282
130170
48602
130170
129684
130170
106931
110330
250001
130170
129684
130170
124540
110330
121126
110330
124540
110330
121126
130170
124540
110330
121126
110330
122284
130170
124540
110330
121126
110330
82216
110330
124540
110330
124540
130170
124540
110330
121126
110330
124540
110330
23342
110330
124540
110330
121126
110330
121126
110330
250001
110330
124540
110330
124540
110330
48602
110330
124540
110330
106931
130170
124540
110330
124540
110330
250001
130170
121126
133615
146517
110330
121126
133615
129684
133615
121126
110330
121126
133615
188603
133615
82216
134996
121126
133615
121126
110330
121126
133615
150690
133615
121126
133615
23342
133615
121126
133615
146517
133615
146517
134996
121126
133615
121126
133615
121126
133615
48602
134996
121126
133615
106931
110330
121126
133615
121126
133615
121126
130170
121126
110330
129854
130170
121126
130170
122284
110330
156708
130170
121126
130170
82216
130170
156708
130170
156708
110330
129684
130170
121126
130170
129684
130170
23342
130170
129684
130170
121126
130170
121126
130170
124540
130170
129684
130170
156708
130170
48602
130170
129684
130170
106931
110330
156708
130170
129684
130170
124540
110330
121126
189790
129684
184306
121126
110330
121126
189790
146517
250001
82216
133615
121126
184306
121126
110330
121126
184306
146517
134996
121126
250001
23342
216709
121126
216709
183413
216709
152146
133615
121126
216709
121126
216709
121126
184306
48602
133615
121126
250001
106931
110330
121126
216709
121126
250001
121126
110330
121126
110330
122284
133615
129854
110330
121126
110330
82216
110330
129854
110330
129854
133615
129684
110330
121126
110330
129684
110330
23342
110330
129684
110330
121126
110330
121126
110330
124540
110330
129684
110330
129854
110330
48602
110330
129684
110330
106931
133615
129854
110330
129684
110330
124540
184306
121126
110330
121126
250001
129684
189790
82216
133615
121126
184306
121126
110330
121126
184306
129684
134996
121126
189790
23342
189790
121126
189790
129684
189790
129684
133615
121126
189790
121126
189790
121126
184306
48602
133615
121126
189790
106931
110330
121126
189790
121126
189790
121126
110330
122284
184306
121126
184306
82216
133615
122284
250001
122284
110330
122284
250001
121126
134996
122284
184306
23342
184306
122284
184306
121126
184306
121126
133615
122284
184306
122284
184306
122284
250001
48602
133615
122284
184306
106931
110330
122284
184306
122284
184306
122284
110330
121126
110330
82216
110330
233791
110330
234914
208174
129684
110330
121126
110330
129684
110330
23342
110330
129684
110330
121126
110330
121126
110330
124540
110330
129684
110330
233282
110330
48602
110330
129684
110330
106931
156687
250001
110330
129684
110330
124540
189790
82216
133615
121126
184306
121126
110330
121126
184306
150690
134996
121126
189790
23342
189790
121126
189790
146517
189790
146517
133615
121126
189790
121126
189790
121126
184306
48602
133615
121126
189790
106931
110330
121126
189790
121126
189790
121126
133615
82216
184306
82216
110330
82216
184306
82216
134996
82216
250001
23342
216709
82216
216709
82216
216709
82216
133615
82216
216709
82216
216709
82216
184306
48602
133615
82216
250001
82216
110330
82216
216709
82216
250001
82216
133615
233791
110330
129684
133615
121126
133615
129684
133615
23342
133615
129684
133615
121126
133615
121126
218828
124540
133615
129684
133615
233282
133615
48602
184306
129684
133615
106931
110330
233791
133615
129684
133615
124540
110330
129684
250001
121126
134996
129684
184306
23342
184306
129684
184306
121126
184306
121126
133615
124540
184306
129684
184306
233282
250001
48602
133615
129684
184306
106931
110330
234914
184306
129684
184306
124540
110330
121126
110330
250001
110330
23342
110330
250001
110330
121126
110330
121126
110330
124540
110330
250001
110330
129684
110330
48602
110330
250001
110330
106931
156687
129684
110330
250001
110330
124540
134996
121126
184306
23342
184306
121126
184306
146517
184306
146517
133615
121126
184306
121126
184306
121126
250001
48602
133615
121126
184306
106931
110330
121126
184306
121126
184306
121126
134996
23342
134996
250001
134996
121126
134996
121126
133615
124540
134996
250001
134996
129684
134996
48602
133615
250001
134996
106931
110330
129684
134996
250001
134996
124540
216709
23342
216709
23342
216709
23342
133615
23342
216709
23342
216709
23342
184306
23342
133615
23342
250001
23342
110330
23342
216709
23342
250001
23342
250001
121126
217157
121126
133615
124540
250001
250001
250001
129684
184306
48602
133615
250001
216709
106931
110330
129684
250001
250001
216709
124540
217157
152146
133615
121126
250001
121126
250001
121126
184306
48602
133615
121126
216709
106931
110330
121126
250001
121126
216709
121126
133615
121126
217157
121126
217157
121126
184306
48602
133615
121126
216709
106931
110330
121126
217157
121126
216709
121126
133615
124540
133615
124540
133615
48602
184306
124540
133615
106931
110330
124540
133615
124540
133615
250001
250001
129684
184306
48602
133615
250001
216709
106931
110330
129684
250001
250001
216709
124540
184306
48602
133615
129684
216709
106931
110330
233282
250001
129684
216709
124540
133615
48602
184306
48602
110330
48602
184306
48602
184306
48602
133615
106931
110330
129684
133615
250001
133615
124540
110330
106931
216709
106931
250001
106931
110330
129684
110330
124540
216709
124540
