67521
146372
112970
224594
250001
146372
250001
224594
250001
169579
180758
100100
128433
125414
250001
250001
18502
57021
250001
65604
128433
173788
250001
65604
250001
64716
154413
65604
128433
169579
250001
224594
250001
146372
250001
57021
250001
64716
250001
57021
86422
125414
128433
224594
18502
57021
250001
57565
250001
219097
250001
130315
250001
250001
86422
125414
250001
57565
29496
169579
250001
250001
18502
224594
128433
218786
250001
88780
250001
218786
250001
169579
154413
88780
250001
184383
67521
146372
67521
250001
67521
146372
67521
146372
67521
100100
67521
125414
67521
146372
18502
57021
67521
65604
67521
146372
67521
65604
67521
64716
67521
65604
67521
146372
67521
146372
67521
171968
67521
57021
67521
64716
67521
57021
67521
125414
67521
146372
18502
57021
67521
57565
67521
146372
67521
130315
67521
146372
67521
125414
67521
57565
29496
146372
67521
146372
18502
146372
67521
146372
67521
88780
67521
146372
67521
146372
67521
88780
67521
146372
112970
146372
112970
250001
112970
169579
112970
100100
112970
125414
112970
224594
18502
57021
112970
65604
112970
173788
112970
65604
112970
64716
112970
65604
112970
169579
112970
250001
112970
146372
112970
57021
112970
64716
112970
57021
86422
125414
112970
250001
18502
57021
112970
57565
112970
219097
112970
130315
112970
224594
86422
125414
112970
57565
29496
169579
112970
224594
18502
250001
112970
218786
112970
88780
112970
218786
112970
169579
112970
88780
112970
184383
250001
146372
250001
146372
180758
100100
128433
125414
250001
146372
18502
57021
250001
65604
128433
146372
250001
65604
250001
64716
154413
65604
128433
146372
250001
146372
250001
171968
250001
57021
250001
64716
250001
57021
86422
125414
128433
146372
18502
57021
250001
57565
250001
146372
250001
130315
250001
146372
86422
125414
250001
57565
29496
146372
250001
146372
18502
146372
128433
146372
250001
88780
250001
146372
250001
146372
154413
88780
250001
146372
250001
169579
180758
100100
128433
125414
250001
224594
18502
57021
250001
65604
128433
173788
250001
65604
250001
64716
154413
65604
128433
169579
250001
250001
250001
146372
250001
57021
250001
64716
250001
57021
86422
125414
128433
250001
18502
57021
250001
57565
250001
219097
250001
130315
250001
224594
86422
125414
250001
57565
29496
169579
250001
224594
18502
250001
128433
218786
250001
88780
250001
218786
250001
169579
154413
88780
250001
184383
180758
100100
128433
125414
250001
169579
18502
57021
250001
65604
128433
169579
250001
65604
250001
64716
154413
65604
128433
250001
250001
169579
250001
146372
250001
57021
250001
64716
250001
57021
86422
125414
128433
169579
18502
57021
250001
57565
250001
169579
250001
130315
250001
169579
86422
125414
250001
57565
29496
250001
250001
169579
18502
169579
128433
169579
250001
88780
250001
169579
250001
250001
154413
88780
250001
169579
128433
100100
180758
100100
18502
57021
180758
65604
128433
100100
180758
65604
180758
64716
154413
65604
128433
100100
180758
100100
180758
100100
180758
57021
180758
64716
180758
57021
86422
100100
128433
100100
18502
57021
180758
57565
180758
100100
180758
100100
180758
100100
86422
100100
180758
57565
29496
100100
180758
100100
18502
100100
128433
100100
180758
88780
180758
100100
180758
100100
154413
88780
180758
100100
128433
125414
18502
57021
128433
65604
154413
125414
128433
65604
128433
64716
128433
65604
250001
125414
128433
125414
128433
125414
128433
57021
128433
64716
128433
57021
86422
126532
250001
125414
18502
57021
128433
57565
128433
125414
128433
125414
128433
125414
86422
126532
128433
57565
29496
125414
128433
125414
18502
125414
250001
125414
128433
88780
128433
125414
128433
125414
128433
88780
128433
125414
18502
57021
250001
65604
128433
173788
250001
65604
250001
64716
154413
65604
128433
169579
250001
224594
250001
146372
250001
57021
250001
64716
250001
57021
86422
125414
128433
224594
18502
57021
250001
57565
250001
219097
250001
130315
250001
250001
86422
125414
250001
57565
29496
169579
250001
250001
18502
224594
128433
218786
250001
88780
250001
218786
250001
169579
154413
88780
250001
184383
18502
57021
18502
57021
18502
57021
18502
57021
18502
57021
18502
57021
18502
57021
18502
57021
18502
125414
18502
57021
18502
157307
18502
57021
18502
57021
20434
66788
18502
57021
18502
57021
18502
57021
18502
57021
18502
57021
18502
57021
18502
57021
18502
57021
20434
57021
18502
57021
18502
57021
18502
57021
18502
57021
18502
57021
18502
57021
128433
65604
250001
88780
250001
64716
154413
88780
128433
65604
250001
65604
250001
65604
250001
57021
250001
64716
250001
57021
86422
65604
128433
65604
18502
57021
250001
57565
250001
65604
250001
65604
250001
65604
86422
65604
250001
57565
29496
65604
250001
65604
18502
65604
128433
65604
250001
65604
250001
65604
250001
65604
154413
65604
250001
65604
128433
65604
128433
64716
128433
65604
154413
169579
128433
173788
128433
146372
128433
57021
128433
64716
128433
57021
86422
125414
154413
173788
18502
57021
128433
57565
128433
173788
128433
130315
128433
173788
86422
125414
128433
57565
29496
169579
128433
173788
18502
173788
154413
173788
128433
88780
128433
173788
128433
169579
128433
88780
128433
173788
250001
64716
154413
230575
128433
65604
250001
65604
250001
65604
250001
57021
250001
64716
250001
57021
86422
65604
128433
65604
18502
57021
250001
57565
250001
65604
250001
65604
250001
65604
86422
65604
250001
57565
29496
65604
250001
65604
18502
65604
128433
65604
250001
65604
250001
65604
250001
65604
154413
65604
250001
65604
154413
64716
128433
64716
250001
64716
250001
64716
250001
57021
250001
126532
250001
57021
86422
64716
128433
64716
18502
57021
250001
57565
250001
64716
250001
64716
250001
64716
86422
64716
250001
57565
29496
64716
250001
64716
18502
64716
128433
64716
250001
64716
250001
64716
250001
64716
154413
64716
250001
64716
128433
65604
154413
65604
154413
65604
154413
57021
154413
64716
154413
57021
86422
65604
128433
65604
18502
57021
154413
57565
154413
65604
154413
65604
154413
65604
86422
65604
154413
57565
29496
65604
154413
65604
18502
65604
128433
65604
154413
65604
154413
65604
154413
65604
250001
65604
154413
65604
128433
169579
128433
146372
128433
57021
128433
64716
128433
57021
86422
125414
250001
169579
18502
57021
128433
57565
128433
169579
128433
130315
128433
169579
86422
125414
128433
57565
29496
250001
128433
169579
18502
169579
250001
169579
128433
88780
128433
169579
128433
250001
128433
88780
128433
169579
250001
146372
250001
57021
250001
64716
250001
57021
86422
125414
128433
250001
18502
57021
250001
57565
250001
219097
250001
130315
250001
224594
86422
125414
250001
57565
29496
169579
250001
224594
18502
250001
128433
218786
250001
88780
250001
218786
250001
169579
154413
88780
250001
184383
250001
57021
250001
64716
250001
57021
86422
125414
128433
146372
18502
57021
250001
57565
250001
146372
250001
130315
250001
146372
86422
125414
250001
57565
29496
146372
250001
146372
18502
146372
128433
146372
250001
88780
250001
146372
250001
146372
154413
88780
250001
146372
250001
57021
250001
125414
86422
57021
128433
57021
18502
66788
250001
57021
250001
57021
250001
57021
250001
57021
86422
57021
250001
57021
29496
57021
250001
57021
18502
57021
128433
57021
250001
57021
250001
57021
250001
57021
154413
57021
250001
57021
250001
57021
86422
64716
128433
64716
18502
57021
250001
57565
250001
64716
250001
64716
250001
64716
86422
64716
250001
57565
29496
64716
250001
64716
18502
64716
128433
64716
250001
64716
250001
64716
250001
64716
154413
64716
250001
64716
86422
57021
128433
57021
18502
66788
250001
57021
250001
57021
250001
57021
250001
57021
86422
57021
250001
57021
29496
57021
250001
57021
18502
57021
128433
57021
250001
57021
250001
57021
250001
57021
154413
57021
250001
57021
86422
125414
18502
57021
86422
57565
86422
125414
86422
125414
86422
125414
86593
224583
86422
57565
29496
125414
86422
125414
18502
125414
86422
125414
86422
88780
86422
125414
86422
125414
86422
88780
86422
125414
18502
57021
128433
57565
128433
219097
128433
130315
128433
224594
86422
125414
128433
57565
29496
169579
128433
224594
18502
250001
250001
218786
128433
88780
128433
218786
128433
169579
128433
88780
128433
184383
18502
57021
18502
57021
18502
57021
18502
57021
18502
57021
18502
57021
18502
57021
18502
57021
86422
57021
18502
57021
18502
57021
18502
57021
18502
57021
18502
57021
18502
57021
250001
57565
250001
57565
250001
57565
86422
57565
250001
112704
29496
57565
250001
57565
18502
57565
128433
57565
250001
57565
250001
57565
250001
57565
154413
57565
250001
57565
250001
130315
250001
219097
86422
125414
250001
57565
29496
169579
250001
219097
18502
219097
128433
218786
250001
88780
250001
218786
250001
169579
154413
88780
250001
184383
250001
130315
86422
125414
250001
57565
29496
130315
250001
130315
18502
130315
128433
130315
250001
88780
250001
130315
250001
130315
154413
88780
250001
130315
86422
125414
250001
57565
29496
169579
250001
250001
18502
224594
128433
218786
250001
88780
250001
218786
250001
169579
154413
88780
250001
184383
86422
57565
29496
125414
86422
125414
18502
125414
86422
125414
86422
88780
86422
125414
86422
125414
86422
88780
86422
125414
29496
57565
250001
57565
18502
57565
128433
57565
250001
57565
250001
57565
250001
57565
154413
57565
250001
57565
29496
169579
18502
169579
29496
169579
29496
88780
29496
169579
29496
250001
29496
88780
29496
169579
18502
224594
128433
218786
250001
88780
250001
218786
250001
169579
154413
88780
250001
184383
18502
218786
18502
88780
18502
218786
18502
169579
18502
88780
18502
184383
128433
88780
128433
229471
128433
169579
128433
88780
128433
184383
250001
88780
250001
88780
154413
146372
250001
88780
250001
169579
154413
88780
250001
184383
154413
88780
250001
169579
154413
88780
