61762
156516
133676
59567
21419
59567
25099
125008
108323
125008
21418
16414
108323
233186
12963
16414
66084
16414
21418
16414
21419
59567
21418
16414
25099
151399
21418
16414
21419
59567
21418
16414
133676
59567
41020
55679
21418
125008
25099
151399
12963
59567
41020
55679
217505
59567
108323
233186
212052
62821
25099
151399
162480
16414
231451
156516
21418
16414
104950
125008
49806
125008
107609
250001
41020
59567
61762
59567
21419
59567
25099
125008
61762
125008
21418
16414
61762
156516
12963
16414
61762
16414
21418
16414
21419
59567
21418
16414
25099
151399
21418
16414
21419
59567
21418
16414
61762
59567
41020
55679
21418
125008
25099
151399
12963
59567
41020
55679
61762
59567
61762
156516
61762
62821
25099
151399
61762
16414
61762
178427
21418
16414
61762
125008
49806
125008
61762
156516
41020
59567
21419
81392
25099
59567
108323
59567
21418
16414
108323
59567
12963
16414
66084
16414
21418
16414
21419
62821
21418
16414
25099
59567
21418
16414
21419
62821
21418
16414
228767
70864
41020
55679
21418
59567
25099
59567
12963
70864
41020
55679
133676
81392
108323
59567
133676
59567
25099
59567
133676
16414
133676
59567
21418
16414
104950
59567
49806
59567
107609
59567
41020
70864
21419
59567
21419
59567
21418
16414
21419
59567
12963
16414
21419
16414
21418
16414
163488
62821
21418
16414
21419
59567
21418
16414
107609
62821
21418
16414
21419
70864
21419
55679
21418
59567
21419
59567
12963
70864
21419
55679
21419
103337
21419
59567
21419
59567
21419
59567
21419
16414
21419
59567
21418
16414
21419
59567
21419
59567
21419
59567
21419
70864
25099
125024
21418
16414
25099
125008
12963
16414
25099
16414
21418
16414
21419
59567
21418
16414
49806
125008
21418
16414
21419
59567
21418
16414
25099
59567
25099
55679
21418
125024
49806
125008
12963
59567
25099
55679
25099
59567
25099
125008
25099
62821
49806
125008
25099
16414
25099
125008
21418
16414
25099
125024
25099
125024
25099
125008
25099
59567
21418
16414
212052
125008
12963
16414
66084
16414
21418
16414
21419
59567
21418
16414
25099
125008
21418
16414
21419
59567
21418
16414
108323
59567
41020
55679
21418
151399
25099
125008
12963
59567
41020
55679
108323
59567
205699
125008
108323
62821
25099
125008
108323
16414
108323
125008
21418
16414
104950
151399
49806
152105
107609
125008
41020
59567
21418
16414
12963
49760
21418
31137
21570
31137
21418
16414
104950
49760
21418
16414
104950
49760
21418
16414
21570
31137
21418
16414
21418
16414
21570
16414
21418
16414
12963
16414
21418
16414
21418
16414
21418
16414
21418
16414
21418
16414
21418
31137
21418
16414
34851
49760
21418
16414
21418
16414
21418
16414
21418
16414
12963
16414
66084
16414
21418
16414
21419
59567
21418
16414
25099
151399
21418
16414
21419
59567
21418
16414
108323
59567
41020
55679
21418
125008
25099
151399
12963
59567
41020
55679
108323
59567
205699
250001
108323
62821
25099
151399
108323
16414
108323
156516
21418
16414
104950
125008
49806
125008
107609
233186
41020
59567
12963
31137
12963
31137
12963
16414
12963
120535
12963
16414
12963
59003
12963
16414
12963
31137
12963
16414
12963
16414
12963
16414
12963
16414
21418
16414
12963
16414
12963
16414
12963
16414
12963
16414
12963
16414
12963
31137
12963
16414
12963
59003
12963
16414
12963
16414
12963
16414
12963
16414
21418
103337
21419
16414
21418
31137
25099
16414
21418
31137
21419
16414
21418
59157
66084
16414
41020
16414
21418
16414
25099
16414
12963
16414
41020
16414
66084
16414
66084
16414
66084
16414
25099
16414
66084
55679
66084
16414
21418
31137
66084
16414
49806
16414
66084
16414
41020
16414
21418
16414
21570
31137
21418
16414
21570
31137
21418
16414
162480
59157
21418
16414
21418
16414
61762
16414
21418
16414
12963
16414
21418
16414
21418
16414
21418
16414
21418
16414
21418
16414
21418
55679
21418
16414
21570
31137
21418
16414
21418
16414
21418
16414
21418
16414
21418
16414
21419
59567
21418
16414
107609
125008
21418
16414
21419
62821
21419
55679
21418
59567
21419
59567
12963
62821
21419
55679
21419
62821
21419
59567
21419
59567
21419
59567
21419
16414
21419
59567
21418
16414
21419
59567
21419
59567
21419
59567
21419
62821
21418
16414
163488
59003
21418
16414
21570
31137
21418
16414
21418
16414
21570
16414
21418
16414
12963
16414
21418
16414
21418
16414
21418
16414
21418
16414
21418
16414
21418
31137
21418
16414
34851
59003
21418
16414
21418
16414
21418
16414
21418
16414
21418
16414
21419
59567
21418
16414
25099
59567
25099
55679
21418
125008
163488
250001
12963
59567
25099
55679
25099
59567
25099
151399
25099
62821
163488
160017
25099
16414
25099
151399
21418
16414
25099
125008
25099
125008
25099
151399
25099
59567
21418
16414
21570
31137
21418
16414
21418
16414
21570
16414
21418
16414
12963
16414
21418
16414
21418
16414
21418
16414
21418
16414
21418
16414
21418
31137
21418
16414
34851
59567
21418
16414
21418
16414
21418
16414
21418
16414
21418
16414
21419
62821
21419
55679
21418
59567
21419
59567
12963
62821
21419
55679
21419
62821
21419
59567
21419
59567
21419
59567
21419
16414
21419
59567
21418
16414
21419
59567
21419
59567
21419
59567
21419
62821
21418
16414
21418
16414
61762
16414
21418
16414
12963
16414
21418
16414
21418
16414
21418
16414
21418
16414
21418
16414
21418
55679
21418
16414
21570
31137
21418
16414
21418
16414
21418
16414
21418
16414
41020
55679
21418
59567
25099
59567
12963
151984
41020
55679
133676
70864
108323
59567
133676
59567
25099
59567
133676
16414
133676
59567
21418
16414
104950
59567
49806
59567
107609
59567
41020
184993
21418
55679
25099
55679
21418
125008
12963
55679
12963
59567
107609
59567
21418
55679
41020
55679
21418
59567
41020
55679
21418
125008
41020
55679
21418
62821
25099
55679
21418
125008
41020
16414
21418
16414
41020
55679
21418
125008
21418
16414
21570
16414
41020
55679
21418
250001
41020
55679
21418
151399
41020
55679
21418
125008
133676
55679
21418
59567
12963
59567
25099
55679
25099
59567
25099
151399
25099
62821
212052
160017
25099
16414
25099
151399
21418
16414
25099
125008
25099
125008
25099
151399
25099
59567
12963
55679
12963
70864
12963
59567
12963
59567
12963
59567
12963
16414
12963
59567
12963
16414
12963
59567
12963
59567
12963
59567
12963
151984
41020
55679
41020
55679
41020
55679
25099
55679
41020
16414
41020
55679
21418
16414
41020
55679
41020
55679
41020
55679
107609
55679
108323
59567
212052
59567
25099
59567
162480
16414
217505
59567
21418
16414
104950
59567
49806
59567
107609
59567
41020
70864
108323
62821
25099
151399
108323
16414
108323
156516
21418
16414
104950
125008
49806
125008
107609
233186
41020
59567
25099
62821
162480
16414
212052
62821
21418
16414
104950
62821
49806
62821
107609
62821
41020
59567
25099
16414
25099
151399
21418
16414
25099
125008
25099
125008
25099
151399
25099
59567
162480
16414
21418
31137
104950
16414
49806
16414
107609
16414
41020
16414
21418
16414
104950
125008
49806
125008
107609
156516
41020
59567
21418
16414
21418
16414
21418
16414
21418
16414
49806
151399
104950
125008
41020
59567
49806
125008
41020
59567
41020
59567
