74255
202355
54934
45240
54934
180802
54934
46971
54934
22572
54934
46971
54934
180802
74255
180802
54934
46971
76573
142061
74255
180802
10900
74419
54934
195269
54934
250001
54934
173234
74255
202355
54934
173234
54934
193988
54934
180802
10900
180802
54934
180802
54934
180802
54934
214150
54934
180802
54934
180802
54934
180802
54934
46971
54934
48326
54934
74419
83278
250001
54934
22572
54934
180802
54934
74419
54934
180802
54934
22572
54934
180802
54934
180802
54934
45240
54934
180802
54934
46971
54934
22572
54934
46971
54934
180802
75446
180802
54934
46971
74255
142061
75446
180802
10900
74419
54934
195269
54934
202355
54934
173234
75446
250001
54934
173234
54934
193988
54934
180802
10900
180802
54934
180802
54934
180802
54934
202355
54934
180802
54934
180802
54934
180802
54934
46971
54934
48326
54934
74419
74255
202355
54934
22572
54934
180802
54934
74419
54934
180802
54934
22572
54934
180802
54934
180802
155697
45240
155697
45240
84071
22572
155697
45240
191891
45240
54934
45240
155697
45240
54934
45240
54934
45240
10900
45240
75446
45240
87347
45240
155697
45240
54934
45240
214282
45240
84071
45240
110645
45240
10900
45240
87347
45240
191891
45240
87347
45240
191891
45240
87347
45240
87347
45240
155697
45240
87282
45240
155697
45240
54934
45240
84071
22572
83278
45240
87347
45240
87282
45240
84071
22572
87347
45240
87347
45240
250001
46971
84071
22572
250001
46971
155697
248341
54934
248341
250001
46971
54934
142061
54934
248341
10900
74419
75446
180802
87347
180802
191891
173234
54934
180802
155697
173234
84071
180802
110645
214150
10900
248341
87347
248341
155697
248341
87347
180802
155697
248341
87347
248341
87347
250001
237642
46971
87282
48326
214282
74419
54934
180802
84071
22572
83278
248341
87347
74419
87282
248341
84071
22572
87347
248341
87347
248341
84071
22572
250001
165239
155697
46971
54934
46971
250001
211579
54934
46971
54934
46971
10900
46971
75446
46971
87347
46971
191891
46971
54934
46971
155697
46971
84071
46971
110645
46971
10900
46971
87347
46971
155697
46971
87347
46971
155697
46971
87347
46971
87347
46971
237642
211579
87282
46971
214282
46971
54934
46971
84071
22572
83278
46971
87347
46971
87282
46971
84071
22572
87347
46971
87347
46971
84071
22572
84071
22572
54934
22572
84071
22572
54934
22572
54934
22572
10900
22572
75446
22572
84071
22572
84071
22572
54934
22572
84071
22572
85551
22572
84071
22572
10900
22572
84071
22572
84071
22572
84071
22572
84071
22572
84071
22572
84071
22572
84071
22572
84071
22572
84071
22572
54934
22572
250001
250001
83278
22572
84071
22572
84071
22572
250001
49365
84071
22572
84071
22572
155697
46971
54934
46971
250001
165239
54934
46971
54934
46971
10900
46971
75446
46971
87347
46971
191891
46971
54934
46971
155697
46971
84071
46971
110645
46971
10900
46971
87347
46971
155697
46971
87347
46971
155697
46971
87347
46971
87347
46971
237642
165239
87282
46971
214282
46971
54934
46971
84071
22572
83278
46971
87347
46971
87282
46971
84071
22572
87347
46971
87347
46971
54934
250001
155697
46971
54934
142061
54934
250001
10900
74419
75446
180802
87347
180802
155697
173234
54934
180802
191891
173234
84071
180802
110645
214150
10900
250001
87347
250001
250001
250001
87347
180802
250001
250001
87347
250001
87347
248341
155697
46971
87282
48326
155697
74419
54934
180802
84071
22572
83278
250001
87347
74419
87282
250001
84071
22572
87347
250001
87347
250001
54934
46971
74255
142061
83278
250001
10900
74419
54934
180802
54934
180802
54934
173234
83278
180802
54934
173234
54934
180802
54934
214150
10900
250001
54934
250001
54934
250001
54934
180802
54934
250001
54934
250001
54934
248341
54934
46971
54934
48326
54934
74419
74255
180802
54934
22572
54934
250001
54934
74419
54934
250001
54934
22572
54934
250001
54934
250001
54934
46971
54934
46971
10900
46971
75446
46971
87347
46971
191891
46971
54934
46971
155697
46971
84071
46971
110645
46971
10900
46971
87347
46971
155697
46971
87347
46971
155697
46971
87347
46971
87347
46971
237642
250001
87282
46971
214282
46971
54934
46971
84071
22572
83278
46971
87347
46971
87282
46971
84071
22572
87347
46971
87347
46971
74255
142061
10900
74419
54934
142061
54934
142061
54934
142061
74255
142061
54934
142061
54934
142061
54934
142061
10900
142061
54934
142061
54934
142061
54934
142061
54934
142061
54934
142061
54934
142061
54934
46971
54934
48326
54934
74419
76573
142061
54934
22572
54934
142061
54934
74419
54934
142061
54934
22572
54934
142061
54934
142061
10900
74419
54934
180802
54934
180802
54934
173234
87282
180802
54934
173234
54934
180802
54934
214150
10900
250001
54934
250001
54934
250001
54934
180802
54934
250001
54934
250001
54934
248341
54934
46971
54934
48326
54934
74419
74255
180802
54934
22572
54934
250001
54934
74419
54934
250001
54934
22572
54934
250001
54934
250001
10900
74419
10900
74419
10900
74419
10900
74419
10900
74419
10900
74419
10900
74419
75446
74419
10900
74419
10900
74419
10900
74419
10900
74419
10900
74419
10900
74419
10900
46971
10900
48326
10900
107473
10900
74419
10900
22572
10900
74419
10900
107473
10900
74419
10900
22572
10900
74419
10900
74419
75446
195269
75446
173234
54934
195269
75446
173234
75446
193988
75446
180802
10900
180802
75446
180802
75446
180802
75446
195269
75446
180802
75446
180802
75446
180802
75446
46971
75446
48326
75446
74419
54934
195269
75446
22572
75446
180802
75446
74419
75446
180802
75446
22572
75446
180802
75446
180802
87347
173234
54934
202355
87347
173234
84071
193988
87347
180802
10900
180802
214282
180802
87347
180802
214282
214150
87347
180802
214282
180802
179241
180802
87347
46971
87282
48326
87347
74419
54934
250001
84071
22572
83278
180802
109773
74419
87282
180802
84071
22572
136062
180802
155697
180802
54934
173234
155697
250001
84071
173234
110645
173234
10900
173234
87347
173234
155697
173234
87347
173234
155697
173234
87347
173234
87347
173234
191891
46971
87282
48326
191891
74419
54934
173234
84071
22572
83278
173234
87347
74419
87282
173234
84071
22572
87347
173234
87347
173234
54934
173234
54934
193988
54934
180802
10900
180802
54934
180802
54934
180802
54934
202355
54934
180802
54934
180802
54934
180802
54934
46971
54934
48326
54934
74419
74255
202355
54934
22572
54934
180802
54934
74419
54934
180802
54934
22572
54934
180802
54934
180802
84071
173234
110645
173234
10900
173234
87347
173234
191891
173234
87347
173234
191891
173234
87347
173234
87347
173234
155697
46971
87282
48326
155697
74419
54934
173234
84071
22572
83278
173234
87347
74419
87282
173234
84071
22572
87347
173234
87347
173234
84071
180802
10900
180802
84071
180802
84071
180802
84071
193988
84071
180802
84071
180802
84071
180802
84071
46971
84071
48326
84071
74419
54934
193988
85551
22572
83278
180802
84071
74419
84071
180802
85551
22572
84071
180802
84071
180802
10900
214150
87347
214150
110645
214150
87347
180802
110645
214150
87347
214150
87347
214150
110645
46971
87282
48326
110645
74419
54934
180802
84071
22572
83278
214150
87347
74419
87282
214150
84071
22572
87347
214150
87347
214150
10900
250001
10900
250001
10900
180802
10900
250001
10900
250001
10900
248341
10900
46971
10900
48326
10900
74419
10900
180802
10900
22572
10900
250001
10900
74419
10900
250001
10900
22572
10900
250001
10900
250001
87347
250001
250001
180802
87347
250001
250001
250001
179241
248341
87347
46971
87282
48326
87347
74419
54934
180802
84071
22572
83278
250001
109773
74419
87282
250001
84071
22572
136062
250001
155697
250001
87347
180802
250001
250001
87347
250001
87347
248341
155697
46971
87282
48326
155697
74419
54934
180802
84071
22572
83278
250001
87347
74419
87282
250001
84071
22572
87347
250001
87347
250001
87347
180802
250001
180802
179241
180802
87347
46971
87282
48326
87347
74419
54934
214150
84071
22572
83278
180802
109773
74419
87282
180802
84071
22572
136062
180802
155697
180802
87347
250001
87347
248341
155697
46971
87282
48326
155697
74419
54934
180802
84071
22572
83278
250001
87347
74419
87282
250001
84071
22572
87347
250001
87347
250001
179241
248341
87347
46971
87282
48326
87347
74419
54934
180802
84071
22572
83278
250001
109773
74419
87282
250001
84071
22572
136062
250001
155697
250001
87347
46971
87282
48326
87347
74419
54934
180802
84071
22572
83278
248341
109773
74419
87282
248341
84071
22572
136062
248341
155697
248341
87282
46971
214282
46971
54934
46971
84071
22572
83278
46971
87347
46971
87282
46971
84071
22572
87347
46971
87347
46971
87282
48326
54934
48326
84071
22572
83278
48326
87282
48326
87347
48326
84071
22572
87282
48326
87282
48326
54934
74419
84071
22572
83278
74419
87347
250001
87282
74419
84071
22572
87347
74419
87347
74419
54934
22572
54934
180802
54934
74419
54934
180802
54934
22572
54934
180802
54934
180802
83278
22572
84071
22572
84071
22572
250001
49365
84071
22572
84071
22572
83278
74419
83278
250001
83278
22572
83278
250001
83278
250001
87282
74419
84071
22572
109773
74419
109773
74419
84071
22572
87282
250001
87282
250001
84071
22572
84071
22572
136062
250001
