92039
11528
92039
41132
92039
14149
92039
12373
30773
14149
92039
41132
92039
12373
30773
14149
55039
12373
30773
14149
70621
14149
67007
14149
64631
14149
22009
12373
17305
14149
92039
14149
92039
11528
92039
12373
92039
14149
92039
14149
17305
41132
22009
14149
88869
11528
92039
14149
92039
12373
92039
14149
92039
11528
69706
12373
92039
24724
92039
11528
92039
12373
92039
11528
59691
12373
154602
11528
96656
11528
141306
11528
30773
11528
154602
11528
93430
11528
30773
11528
55039
11528
30773
11528
70621
11528
67007
11528
64631
11528
22009
11528
17305
11528
95893
11528
164120
13712
187937
11528
154602
11528
154602
11528
17305
11528
22009
11528
88869
12373
154602
11528
164120
11528
194862
11528
154602
13712
69706
11528
95893
11528
93430
13712
185030
11528
154602
12373
59691
11528
96656
14149
141306
12373
30773
14149
218280
42908
93430
12373
30773
14149
55039
12373
30773
14149
70621
14149
67007
14149
64631
14149
22009
12373
17305
14149
95893
14149
154602
11528
154602
12373
164120
14149
250001
14149
17305
118913
22009
14149
88869
11528
194862
14149
154602
12373
154602
14149
164120
11528
69706
12373
95893
24724
93430
11528
154602
12373
218280
11528
59691
12373
96656
12373
30773
52457
96656
14149
93430
12373
30773
70386
55039
12373
30773
42908
70621
118913
67007
103946
64631
69213
22009
12373
17305
101251
95893
118913
96656
11528
96656
12373
96656
45471
96656
101251
17305
14149
22009
77377
88869
11528
96656
64390
96656
12373
96656
101251
96656
11528
69706
12373
95893
14149
93430
11528
96656
12373
96656
11528
59691
12373
30773
12373
141306
12373
93430
16046
30773
12373
55039
16046
30773
12373
70621
12373
67007
12373
64631
12373
22009
16046
17305
12373
95893
12373
141306
11528
141306
16046
141306
12373
141306
12373
17305
12373
22009
12373
88869
11528
141306
12373
141306
16046
141306
12373
141306
11528
69706
16046
95893
12373
93430
11528
141306
16046
141306
11528
59691
16046
30773
14149
30773
12373
215514
52457
30773
12373
76861
42908
30773
52457
30773
52457
30773
52457
22009
12373
17305
52457
30773
52457
30773
11528
30773
12373
30773
45471
30773
52457
17305
14149
22009
52457
30773
11528
30773
52457
30773
12373
30773
52457
30773
11528
30773
12373
30773
14149
30773
11528
30773
12373
30773
11528
30773
12373
93430
12373
30773
14149
55039
12373
30773
14149
70621
14149
67007
14149
64631
14149
22009
12373
17305
14149
95893
14149
154602
11528
154602
12373
164120
14149
218280
14149
17305
42908
22009
14149
88869
11528
194862
14149
154602
12373
154602
14149
164120
11528
69706
12373
95893
24724
93430
11528
154602
12373
250001
11528
59691
12373
30773
12373
55039
51622
30773
12373
70621
12373
67007
12373
64631
12373
22009
51622
17305
12373
93430
12373
93430
11528
93430
51622
93430
12373
93430
12373
17305
12373
22009
12373
88869
11528
93430
12373
93430
51622
93430
12373
93430
11528
69706
42081
93430
12373
98838
11528
93430
51622
93430
11528
59691
51622
30773
12373
76861
42908
30773
70386
30773
70386
30773
69213
22009
12373
17305
70386
30773
70386
30773
11528
30773
12373
30773
45471
30773
70386
17305
14149
22009
70386
30773
11528
30773
64390
30773
12373
30773
70386
30773
11528
30773
12373
30773
14149
30773
11528
30773
12373
30773
11528
30773
12373
30773
12373
55039
12373
55039
12373
55039
12373
22009
69213
17305
12373
55039
12373
55039
11528
55039
69213
55039
12373
55039
12373
17305
12373
22009
12373
55039
11528
55039
12373
55039
69213
55039
12373
55039
11528
55039
42081
55039
12373
55039
11528
55039
250001
55039
11528
55039
69213
30773
42908
30773
42908
30773
42908
22009
12373
17305
42908
30773
42908
30773
11528
30773
12373
30773
42908
30773
42908
17305
14149
22009
42908
30773
11528
30773
42908
30773
12373
30773
42908
30773
11528
30773
12373
30773
14149
30773
11528
30773
12373
30773
11528
30773
12373
67007
103946
64631
69213
22009
12373
17305
101251
70621
124488
70621
11528
70621
12373
70621
45471
70621
101251
17305
14149
22009
77377
70621
11528
70621
64390
70621
12373
70621
101251
70621
11528
69706
12373
70621
14149
70621
11528
70621
12373
70621
11528
59691
12373
64631
69213
22009
12373
17305
101251
67007
103946
67007
11528
67007
12373
67007
45471
67007
101251
17305
14149
22009
77377
67007
11528
67007
64390
67007
12373
67007
101251
67007
11528
67007
12373
67007
14149
67007
11528
67007
12373
67007
11528
59691
12373
22009
12373
17305
69213
64631
69213
64631
11528
64631
12373
64631
45471
64631
69213
17305
14149
22009
69213
64631
11528
64631
64390
64631
12373
64631
69213
64631
11528
64631
12373
64631
14149
64631
11528
64631
12373
64631
11528
59691
12373
17305
12373
22009
12373
22009
11528
22009
74532
22009
12373
22009
12373
17305
12373
55039
12373
22009
11528
22009
12373
22009
102632
22009
12373
22009
11528
22009
42081
22009
12373
22009
11528
22009
69213
22009
11528
22009
102632
17305
101251
17305
11528
17305
12373
17305
45471
17305
123529
185124
14149
17305
77377
17305
11528
17305
64390
17305
12373
17305
123428
17305
11528
17305
12373
17305
14149
17305
11528
17305
12373
17305
11528
17305
12373
95893
11528
95893
12373
95893
45471
95893
101251
17305
14149
22009
77377
88869
11528
95893
64390
95893
12373
95893
101251
95893
11528
69706
12373
98838
14149
93430
11528
95893
12373
95893
11528
59691
12373
164120
11528
154602
11528
154602
11528
17305
11528
22009
11528
88869
12373
154602
11528
185030
11528
164120
11528
154602
16268
69706
11528
95893
11528
93430
16268
164120
11528
154602
12373
59691
11528
154602
12373
154602
12373
17305
12373
22009
12373
88869
11528
154602
12373
164120
74532
187937
12373
154602
11528
69706
42081
95893
12373
93430
11528
185030
69213
154602
11528
59691
74532
164120
45471
17305
14149
22009
45471
88869
11528
164120
45471
154602
12373
154602
45471
194862
11528
69706
12373
95893
14149
93430
11528
154602
12373
164120
11528
59691
12373
17305
14149
22009
77377
88869
11528
194862
64390
154602
12373
154602
123428
164120
11528
69706
12373
95893
14149
93430
11528
154602
12373
218280
11528
59691
12373
17305
14149
17305
11528
17305
14149
17305
12373
17305
14149
17305
11528
17305
12373
17305
24724
17305
11528
17305
12373
17305
11528
17305
12373
22009
11528
22009
64390
22009
12373
22009
77377
22009
11528
22009
12373
22009
14149
22009
11528
22009
12373
22009
11528
22009
12373
88869
11528
88869
11528
88869
11528
88869
12373
69706
11528
88869
11528
88869
12373
88869
11528
88869
16046
59691
11528
154602
12373
154602
64390
164120
11528
69706
12373
95893
14149
93430
11528
154602
12373
194862
11528
59691
12373
164120
12373
154602
11528
69706
42081
95893
12373
93430
11528
164120
69213
154602
11528
59691
118113
154602
11528
69706
12373
95893
14149
93430
11528
185030
12373
154602
11528
59691
12373
69706
11528
95893
11528
93430
52507
154602
11528
164120
12373
59691
11528
69706
12373
69706
11528
69706
42081
69706
11528
59691
42081
93430
11528
95893
12373
95893
11528
59691
12373
93430
11528
93430
12373
59691
11528
154602
11528
59691
69213
59691
11528
