1897
4504
58108
4504
1897
4504
58108
4504
1897
4504
1897
4504
1897
4504
57892
4504
1897
4504
1897
4504
58108
4504
58576
4504
1897
4504
58108
4504
58108
4504
58576
64284
1897
4504
1897
4504
1897
4504
58576
4504
1897
4504
58576
4504
58108
4504
57892
4504
250001
4504
58576
1145
57892
1145
1897
4504
58108
4504
1897
4504
57892
1145
1897
4504
57892
4504
1897
4504
58576
4504
1897
4504
1897
5337
58108
107034
1897
5337
58733
65330
57892
65256
57892
65256
1897
5337
58733
65256
57892
65330
1897
5337
1897
5337
57892
27523
1897
5337
1897
5337
1897
4504
57892
65330
57892
65330
57892
65256
1897
5337
57892
65330
1897
5337
1897
5337
1897
5337
1897
5337
1897
1145
1897
1145
57892
65330
1897
5337
57892
65256
1897
1145
57892
65256
1897
5337
57892
65256
1897
5337
57892
65256
1897
5337
58700
65256
1897
5337
1897
5337
1897
5337
57892
172811
1897
5337
1897
5337
58700
200789
58108
65256
1897
5337
58700
64284
58700
123796
58108
4504
1897
5337
1897
5337
1897
5337
58108
113493
1897
5337
58108
250001
84719
65256
57892
250001
58108
65256
58108
1145
57892
1145
1897
5337
58700
65256
1897
5337
57892
1145
1897
5337
57892
65256
1897
5337
58108
162287
1897
5337
1897
5337
58108
65330
57892
65256
57892
65256
1897
5337
58108
65256
57892
65330
1897
5337
1897
5337
57892
27523
1897
5337
1897
5337
1897
4504
57892
65330
57892
65330
57892
65256
1897
5337
57892
65330
1897
5337
1897
5337
1897
5337
1897
5337
1897
1145
1897
1145
57892
65330
1897
5337
57892
65256
1897
1145
57892
65256
1897
5337
57892
65256
1897
5337
57892
65256
1897
5337
1897
5337
1897
5337
57892
65256
1897
5337
1897
5337
59139
65256
58108
65330
1897
5337
59139
64284
59139
65256
58108
4504
1897
5337
1897
5337
1897
5337
58108
65256
1897
5337
58108
65256
58700
65330
57892
65256
58108
65330
58108
1145
57892
1145
1897
5337
59139
68480
1897
5337
57892
1145
1897
5337
57892
123796
1897
5337
58108
65256
1897
5337
57892
65256
57892
65256
1897
5337
102165
65256
57892
113525
1897
5337
1897
5337
57892
27523
1897
5337
1897
5337
1897
4504
57892
68480
57892
67237
57892
65256
1897
5337
57892
67051
1897
5337
1897
5337
1897
5337
1897
5337
1897
1145
1897
1145
57892
113493
1897
5337
57892
65256
1897
1145
57892
65256
1897
5337
57892
65256
1897
5337
57892
65256
58108
211497
1897
5337
57892
227838
250001
65256
1897
5337
1897
5337
58108
27523
1897
5337
1897
5337
1897
4504
58108
65256
58108
65256
58108
162287
1897
5337
58108
65256
1897
5337
1897
5337
1897
5337
1897
5337
1897
1145
1897
1145
88230
65256
1897
5337
58108
211497
1897
1145
58108
227838
1897
5337
58108
211497
1897
5337
58108
250001
1897
5337
57892
211497
58108
65256
1897
5337
1897
5337
182430
27523
1897
5337
1897
5337
1897
4504
58733
65256
182430
65256
182430
162287
1897
5337
102165
65256
1897
5337
1897
5337
1897
5337
1897
5337
1897
1145
1897
1145
58108
65256
1897
5337
250001
250001
1897
1145
58576
211497
1897
5337
162033
250001
1897
5337
182430
211497
1897
5337
1897
5337
57892
172811
57892
65256
1897
5337
57892
64284
57892
123796
57892
4504
1897
5337
1897
5337
1897
5337
57892
113493
1897
5337
57892
172811
57892
65256
69421
172811
57892
65256
57892
1145
58733
1145
1897
5337
57892
65256
1897
5337
58733
1145
1897
5337
69421
65256
1897
5337
57892
162287
1897
5337
57892
65256
1897
5337
1897
5337
57892
27523
1897
5337
1897
5337
1897
4504
57892
65256
57892
65256
57892
162287
1897
5337
57892
65256
1897
5337
1897
5337
1897
5337
1897
5337
1897
1145
1897
1145
57892
65256
1897
5337
57892
211497
1897
1145
57892
250001
1897
5337
57892
211497
1897
5337
57892
227838
1897
5337
1897
5337
58108
27523
1897
5337
1897
5337
1897
4504
58108
68480
58108
67237
58108
65256
1897
5337
58108
67051
1897
5337
1897
5337
1897
5337
1897
5337
1897
1145
1897
1145
88230
113493
1897
5337
58108
65256
1897
1145
58108
65256
1897
5337
58108
65256
1897
5337
58108
65256
58108
65256
1897
5337
61269
64284
61269
123796
58108
4504
1897
5337
1897
5337
1897
5337
58108
113493
1897
5337
58108
200789
58700
65256
57892
200789
58108
65256
58108
1145
57892
1145
1897
5337
61269
65256
1897
5337
57892
1145
1897
5337
57892
65256
1897
5337
58108
162287
1897
5337
1897
5337
58108
64284
58108
65256
90491
4504
1897
5337
1897
5337
1897
5337
69421
65256
1897
5337
156196
65256
58108
107034
57892
65256
58576
107034
58700
1145
57892
1145
1897
5337
58108
65330
1897
5337
57892
1145
1897
5337
57892
65330
1897
5337
69421
65256
1897
5337
1897
5337
1897
5337
1897
4504
58733
27523
250001
27523
250001
27523
1897
5337
102165
27523
1897
5337
1897
5337
1897
5337
1897
5337
1897
1145
1897
1145
58108
27523
1897
5337
182430
27523
1897
1145
58576
27523
1897
5337
162033
27523
1897
5337
250001
27523
250001
64284
58108
4504
1897
5337
1897
5337
1897
5337
58108
64284
1897
5337
58108
64284
58700
64284
57892
64284
58108
64284
58108
1145
57892
1145
1897
5337
66491
64284
1897
5337
57892
1145
1897
5337
57892
64284
1897
5337
58108
64284
1897
5337
58108
4504
1897
5337
1897
5337
1897
5337
58108
113493
1897
5337
58108
123796
58700
65256
57892
123796
58108
65256
58108
1145
57892
1145
1897
5337
66491
65256
1897
5337
57892
1145
1897
5337
57892
65256
1897
5337
58108
123796
1897
5337
1897
4504
1897
4504
1897
4504
69421
4504
1897
4504
90491
4504
58108
4504
57892
4504
58576
4504
58700
1145
57892
1145
1897
4504
58108
4504
1897
4504
57892
1145
1897
4504
57892
4504
1897
4504
69421
4504
1897
4504
58733
67237
58733
65256
1897
5337
58733
67051
1897
5337
1897
5337
1897
5337
1897
5337
1897
1145
1897
1145
58108
68480
1897
5337
58733
65256
1897
1145
58576
65256
1897
5337
58733
65256
1897
5337
58733
65256
250001
65256
1897
5337
102165
67051
1897
5337
1897
5337
1897
5337
1897
5337
1897
1145
1897
1145
58108
67237
1897
5337
182430
65256
1897
1145
58576
65256
1897
5337
162033
65256
1897
5337
250001
65256
1897
5337
102165
65256
1897
5337
1897
5337
1897
5337
1897
5337
1897
1145
1897
1145
58108
65256
1897
5337
182430
162287
1897
1145
58576
162287
1897
5337
162033
162287
1897
5337
250001
162287
1897
5337
69421
113493
58108
65256
57892
113493
58576
65256
58700
1145
57892
1145
1897
5337
58108
65256
1897
5337
57892
1145
1897
5337
57892
65256
1897
5337
99981
113493
1897
5337
1897
5337
1897
5337
1897
5337
1897
5337
1897
1145
1897
1145
58108
67051
1897
5337
102165
65256
1897
1145
58576
65256
1897
5337
102165
65256
1897
5337
102165
65256
58108
65256
57892
250001
58576
65256
58700
1145
57892
1145
1897
5337
58108
65256
1897
5337
57892
1145
1897
5337
57892
65256
1897
5337
69421
162287
1897
5337
57892
65256
58108
113525
58108
1145
57892
1145
1897
5337
58700
65330
1897
5337
57892
1145
1897
5337
57892
65330
1897
5337
58108
65256
1897
5337
57892
65256
57892
1145
58733
1145
1897
5337
57892
65256
1897
5337
58733
1145
1897
5337
100844
65256
1897
5337
57892
162287
1897
5337
58576
1145
57892
1145
1897
5337
58108
65330
1897
5337
57892
1145
1897
5337
57892
65330
1897
5337
58576
65256
1897
5337
57892
64284
1897
1145
58108
1145
1897
1145
57892
64284
1897
1145
57892
1145
1897
1145
58700
1145
1897
1145
1897
1145
57892
1145
1897
1145
250001
67051
1897
1145
58733
1145
1897
1145
57892
1145
1897
1145
1897
5337
58108
65256
1897
1145
58108
65256
1897
5337
58108
65256
1897
5337
58108
65256
1897
5337
57892
1145
1897
5337
57892
68480
1897
5337
58108
65256
1897
5337
1897
1145
58576
211497
1897
5337
162033
250001
1897
5337
182430
211497
1897
1145
58733
1145
1897
1145
57892
1145
1897
1145
1897
5337
58576
211497
1897
5337
58576
227838
1897
5337
57892
65256
1897
5337
1897
5337
162033
211497
1897
5337
