39869
74831
39869
139539
104914
138832
25940
106290
25940
74558
141291
138832
25940
74713
25940
75131
25940
75131
25940
138832
39869
116882
39869
138832
39869
78511
25940
138832
141291
138832
39869
138832
39869
138832
39869
138832
25940
85897
141291
101347
25940
138832
39869
135024
25940
138832
25940
108108
39869
74558
39869
74558
82318
138832
39869
138832
25940
75792
25940
74558
39869
138832
25940
138832
25940
92113
25940
85897
25940
138832
108450
74831
39869
74831
25940
74831
25940
74558
39869
74831
25940
74713
25940
74831
25940
74831
25940
74831
250001
74831
250001
74831
250001
74831
25940
74831
39869
74831
44111
74831
44111
74831
147697
74831
25940
74831
39869
74831
25940
74831
250001
74831
25940
74831
25940
74831
102857
74558
104914
74558
39869
74831
250001
74831
25940
74831
25940
74558
250001
74831
25940
74831
25940
74831
25940
74831
25940
74831
39869
138832
25940
106290
25940
74558
39869
138832
25940
74713
25940
75131
25940
75131
25940
138832
108450
116882
108450
138832
108450
78511
25940
138832
39869
138832
44111
138832
44111
138832
108450
138832
25940
85897
39869
101347
25940
138832
108450
135024
25940
138832
25940
108108
102857
74558
104914
74558
39869
138832
108450
138832
25940
75792
25940
74558
108450
138832
25940
138832
25940
92113
25940
85897
25940
138832
25940
106290
25940
74558
104914
148552
25940
74713
25940
75131
25940
75131
25940
139732
39869
116882
39869
139732
39869
78511
25940
139597
104914
139732
39869
139732
39869
139732
39869
139732
25940
85897
104914
101347
25940
159260
39869
135024
25940
139732
25940
108108
39869
74558
39869
74558
82318
139539
39869
139732
25940
75792
25940
74558
39869
139732
25940
139732
25940
92113
25940
85897
25940
148552
40459
74558
25940
106290
40459
74713
244249
75131
25995
75131
25995
106290
25940
106290
25940
106290
25940
78511
25995
106290
25940
106290
25940
106290
25940
106290
25940
106290
40459
85897
25940
101347
25995
106290
25940
106290
40459
106290
40459
106290
25940
74558
25940
74558
25940
106290
25940
106290
40459
75792
40459
74558
25940
106290
25995
106290
25995
92113
25995
85897
65156
106290
25940
74558
104914
74558
40459
74558
25995
74558
25995
74558
25940
74558
25940
74558
25940
74558
25995
74558
25940
74558
25940
74558
25940
74558
25940
74558
149194
74558
25940
74558
25995
74558
25940
74558
43270
74558
149194
74558
25940
74713
25940
74713
25940
74558
25940
74558
104914
74558
43270
74713
25940
74558
25995
74558
25995
74558
25995
74558
40459
74558
25940
74713
25940
75131
25940
75131
25940
139732
39869
116882
39869
139732
39869
78511
25940
139597
158335
139732
39869
139732
39869
139732
39869
139732
25940
85897
224641
101347
25940
148552
39869
135024
25940
139732
25940
108108
39869
74558
39869
74558
82318
139539
39869
139732
25940
75792
25940
74558
39869
139732
25940
139732
25940
92113
25940
85897
25940
157802
40459
74713
25995
74713
25995
74713
25940
74713
25940
74713
25940
74713
25995
74713
25940
74713
25940
74713
25940
74713
25940
74713
104914
74713
25940
74713
25995
74713
25940
74713
43270
74713
104914
74713
25940
74558
25940
74558
25940
74713
25940
74713
141388
74713
43270
74558
25940
74713
25995
74713
25995
74713
25995
74713
40459
74713
25995
77607
25995
75131
25940
75131
25940
75131
25940
75131
25995
75131
25940
75131
25940
75131
25940
75131
25940
75131
40459
75131
25940
75131
25995
75131
25940
75131
40459
75131
40459
75131
25940
74558
25940
74558
25940
75131
25940
75131
40459
75131
40459
74558
25940
75131
25995
75131
25995
75131
25995
75131
65156
75131
26419
75131
25940
75131
25940
75131
25940
75131
27089
75131
25940
75131
25940
75131
25940
75131
25940
75131
25995
75131
25940
75131
54848
75131
25940
75131
25995
75131
25995
75131
25940
74558
25940
74558
25940
75131
25940
75131
25995
75131
25995
74558
25940
75131
54848
75131
54848
75131
27089
75131
25995
75131
25940
116882
25940
175712
25940
78511
26419
139597
25940
175712
25940
175712
25940
160143
25940
175712
25995
85897
25940
101347
26419
139732
25940
135024
25995
175712
25995
108108
25940
74558
25940
74558
25940
139539
25940
175712
25995
75792
25995
74558
25940
175712
26419
163387
26419
92113
26419
85897
25995
139732
250001
116882
250001
78511
25940
116882
39869
116882
44111
116882
44111
116882
147697
116882
25940
85897
39869
101347
25940
116882
250001
116882
25940
116882
25940
108108
102857
74558
104914
74558
39869
116882
250001
116882
25940
75792
25940
74558
250001
116882
25940
116882
25940
92113
25940
85897
25940
116882
250001
78511
25940
139597
39869
193156
44111
216099
44111
160143
147697
216099
25940
85897
39869
101347
25940
139732
250001
135024
25940
216099
25940
108108
102857
74558
104914
74558
39869
139539
250001
216099
25940
75792
25940
74558
250001
216099
25940
163387
25940
92113
25940
85897
25940
139732
25940
78511
39869
78511
44111
78511
44111
78511
147697
78511
25940
78511
39869
78511
25940
78511
250001
78511
25940
78511
25940
78511
102857
74558
104914
74558
39869
78511
250001
78511
25940
75792
25940
74558
250001
78511
25940
78511
25940
78511
25940
78511
25940
78511
25940
139597
25940
139597
25940
139597
25940
139597
25995
85897
25940
101347
27089
139597
25940
135024
25995
139597
25995
108108
25940
74558
25940
74558
25940
139539
25940
139597
25995
75792
25995
74558
25940
139597
27089
139597
27089
92113
106250
85897
25995
139597
39869
193156
39869
160143
39869
193156
25940
85897
158335
101347
25940
139732
39869
135024
25940
193156
25940
108108
39869
74558
39869
74558
82318
139539
39869
193156
25940
75792
25940
74558
39869
193156
25940
163387
25940
92113
25940
85897
25940
139732
139894
160143
44111
250001
25940
85897
39869
101347
25940
139732
44111
135024
25940
216474
25940
108108
44111
74558
44111
74558
39869
139539
44111
216474
25940
75792
25940
74558
44111
250001
25940
163387
25940
92113
25940
85897
25940
139732
44111
160143
25940
85897
39869
101347
25940
139732
44111
135024
25940
160143
25940
108108
44111
74558
44111
74558
39869
139539
44111
160143
25940
75792
25940
74558
44111
160143
25940
160143
25940
92113
25940
85897
25940
139732
25940
85897
39869
101347
25940
139732
147697
135024
25940
216474
25940
108108
102857
74558
104914
74558
39869
139539
147697
216474
25940
75792
25940
74558
147697
250001
25940
163387
25940
92113
25940
85897
25940
139732
25940
85897
25995
85897
25940
85897
43270
85897
153603
85897
25940
74558
25940
74558
25940
85897
25940
85897
104914
75792
43270
74558
25940
85897
25995
85897
25995
85897
25995
118403
40459
85897
25940
101347
39869
101347
25940
101347
25940
101347
39869
74558
39869
74558
82318
101347
39869
101347
25940
75792
25940
74558
39869
101347
25940
101347
25940
92113
25940
85897
25940
101347
25940
135024
25995
139732
25995
108108
25940
74558
25940
74558
25940
139539
25940
139732
25995
75792
25995
74558
25940
139732
223548
139732
81776
92113
27089
85897
25995
148552
25940
135024
25940
108108
102857
74558
104914
74558
39869
135024
250001
135024
25940
75792
25940
74558
250001
135024
25940
135024
25940
92113
25940
85897
25940
135024
43270
108108
25940
74558
25940
74558
25940
139539
25940
250001
43270
75792
104914
74558
25940
216474
25995
163387
25995
92113
25995
85897
40459
139732
25940
74558
25940
74558
25940
108108
25940
108108
104914
75792
43270
74558
25940
108108
25995
108108
25995
92113
25995
85897
40459
108108
102857
135024
39869
74558
102857
74558
25940
74558
25940
77607
102857
74558
25940
74558
25940
74558
25940
74558
25940
74558
39869
74558
104914
74558
25940
74558
25940
77607
104914
74558
25940
74558
25940
74558
25940
74558
25940
74558
39869
139539
25940
75792
25940
74558
39869
139539
25940
139539
25940
92113
25940
85897
25940
139539
25940
75792
25940
74558
250001
216474
25940
163387
25940
92113
25940
85897
25940
139732
43270
74558
25940
75792
25995
75792
25995
75792
25995
75792
40459
75792
25940
74558
25995
74558
25995
74558
25995
74558
40459
74558
25940
163387
25940
92113
25940
85897
25940
139732
81776
92113
27089
85897
25995
139732
27089
85897
25995
92113
25995
85897
