39660
44128
14568
46314
39660
44128
21189
44128
21189
44128
210844
44128
21189
44128
87071
44128
225080
44128
21189
44128
237766
44128
21189
44128
21001
112913
15262
44128
14568
44128
225080
44128
21189
44128
14568
44128
14568
44128
21189
44128
21189
44128
21189
44128
14568
44128
14568
44128
105556
44128
14568
44128
21189
44128
225080
44128
21189
44128
58608
44128
21189
44128
225080
44128
87071
44128
52517
44128
21189
44128
71879
44128
14568
44128
39693
112913
21189
174025
21189
238476
39660
174025
21189
164449
39660
46314
39660
174025
21189
250001
39660
174025
21189
250001
21001
44128
15262
250001
14568
112913
39660
112913
21189
174025
14568
112913
14568
112913
21189
250001
21189
174025
21189
250001
14568
112913
14568
112913
39660
159048
14568
112913
21189
250001
39660
174025
21189
174025
39660
112913
21189
112913
39660
174025
39660
112913
39660
250001
21189
112913
39660
112913
14568
44128
14568
44128
14568
44128
14568
44128
14568
44128
14568
44128
14568
44128
14568
44128
14568
44128
14568
44128
14568
46314
14568
44128
53734
44128
14568
44128
14568
44128
53734
44128
53734
44128
14568
44128
14568
44128
14568
44128
53734
44128
53734
44128
14568
44128
53734
44128
14568
44128
14568
44128
14568
44128
14568
44128
14568
44128
14568
44128
14568
44128
14568
44128
14568
44128
14568
44128
21189
112913
21189
112913
39660
112913
21189
112913
39660
46314
39660
112913
21189
112913
39660
112913
21189
112913
21001
44128
15262
112913
14568
250001
39660
159048
21189
112913
14568
238756
14568
238756
21189
112913
21189
112913
21189
112913
14568
238756
14568
204521
39660
112913
14568
238756
21189
112913
39660
112913
21189
112913
39660
250001
21189
250001
39660
112913
39660
250001
39660
112913
21189
238756
39660
250001
116873
174025
21189
204521
109297
164449
21189
46314
21189
204521
250001
174025
21189
204521
250001
174025
21001
44128
15262
174025
14568
112913
21189
112913
87071
204521
14568
112913
14568
112913
210844
174025
28226
204521
58608
174025
14568
112913
14568
112913
21189
159048
14568
112913
51521
174025
21189
204521
214271
204521
21189
112913
93708
112913
21189
204521
21189
112913
21189
174025
215108
112913
21189
112913
21189
174025
109297
164449
21189
46314
21189
174025
116873
238476
21189
174025
116873
238476
21001
44128
15262
238476
14568
112913
21189
112913
87071
174025
14568
112913
14568
112913
116873
238476
28226
174025
58608
238476
14568
112913
14568
112913
21189
159048
14568
112913
51521
238476
21189
174025
116873
174025
21189
112913
93708
112913
21189
174025
21189
112913
21189
238476
116873
112913
21189
112913
21189
164449
87071
46314
210844
238756
21189
174025
210844
236896
21189
174025
21001
44128
15262
174025
14568
112913
210844
112913
21189
238756
14568
112913
14568
112913
21189
174025
21189
238756
21189
174025
14568
112913
14568
112913
105556
159048
14568
112913
21189
174025
210844
238756
21189
238756
58608
112913
21189
112913
210844
238756
87071
112913
52517
174025
21189
112913
71879
112913
21189
46314
21189
164449
109297
164449
21189
164449
109297
164449
21001
44128
15262
164449
14568
112913
21189
112913
87071
164449
14568
112913
14568
112913
109297
164449
28226
164449
58608
164449
14568
112913
14568
112913
21189
159048
14568
112913
51521
164449
21189
164449
109297
164449
21189
112913
93708
112913
21189
164449
21189
112913
21189
164449
109297
112913
21189
112913
87071
46314
21189
46314
87071
46314
21189
46314
21001
44128
15262
46314
14568
46314
87071
46314
21189
46314
14568
46314
14568
46314
21189
46314
21189
46314
21189
46314
14568
46314
14568
46314
87071
46314
14568
46314
21189
46314
87071
46314
21189
46314
58608
46314
21189
46314
87071
46314
111761
46314
52517
46314
21189
46314
71879
46314
21189
174025
225080
236896
21189
174025
21001
44128
15262
174025
14568
112913
250001
112913
21189
241276
14568
112913
14568
112913
21189
174025
21189
250001
21189
174025
14568
112913
14568
112913
105556
159048
14568
112913
21189
174025
250001
250001
21189
250001
58608
112913
21189
112913
241438
250001
87071
112913
52517
174025
21189
112913
71879
112913
21189
174025
250001
250001
21001
44128
15262
250001
14568
112913
21189
112913
87071
174025
14568
112913
14568
112913
210844
250001
28226
174025
58608
250001
14568
112913
14568
112913
21189
159048
14568
112913
51521
250001
21189
174025
214271
174025
21189
112913
93708
112913
21189
174025
21189
112913
21189
250001
215108
112913
21189
112913
21189
174025
21001
44128
15262
174025
14568
112913
225080
112913
21189
236896
14568
112913
14568
112913
21189
174025
21189
236896
21189
174025
14568
112913
14568
112913
105556
159048
14568
112913
21189
174025
225080
236896
21189
236896
58608
112913
21189
112913
225080
236896
87071
112913
52517
174025
21189
112913
71879
112913
21001
44128
15262
250001
14568
112913
21189
112913
87071
174025
14568
112913
14568
112913
210844
250001
28226
174025
58608
250001
14568
112913
14568
112913
21189
159048
14568
112913
51521
250001
21189
174025
214271
174025
21189
112913
93708
112913
21189
174025
21189
112913
21189
250001
215108
112913
21189
112913
15262
44128
14568
44128
21001
44128
21001
44128
14568
44128
14568
44128
21001
44128
21001
44128
21001
44128
14568
44128
14568
44128
21001
44128
14568
44128
21001
44128
21001
44128
21001
44128
21001
44128
21001
44128
21001
44128
21001
44128
21001
44128
21001
44128
21001
44128
14568
112913
15262
112913
15262
174025
14568
112913
14568
112913
15262
250001
15262
174025
15262
250001
14568
112913
14568
112913
15262
159048
14568
112913
15262
250001
15262
174025
15262
174025
15262
112913
15262
112913
15262
174025
15262
112913
15262
250001
15262
112913
15262
112913
14568
159048
14568
112913
210844
238756
210844
238756
14568
112913
14568
112913
14568
112913
210844
238756
93708
204521
14568
112913
215005
238756
14568
112913
14568
112913
14568
112913
14568
250001
14568
250001
14568
112913
14568
250001
14568
112913
14568
238756
14568
250001
21189
112913
14568
159048
14568
159048
21189
112913
21189
112913
21189
112913
14568
159048
14568
159048
105556
112913
14568
159048
21189
112913
250001
112913
21189
112913
58608
159048
21189
159048
241438
112913
87071
159048
52517
112913
21189
159048
71879
159048
14568
112913
14568
112913
87071
174025
28226
241276
58608
174025
14568
112913
14568
112913
21189
159048
14568
112913
51521
174025
21189
241276
87071
241276
21189
112913
87071
112913
21189
241276
21189
112913
21189
174025
87071
112913
21189
112913
215108
250001
14568
112913
14568
112913
14568
112913
215108
250001
93708
204521
14568
112913
210844
250001
14568
112913
14568
112913
14568
112913
14568
238756
14568
238756
14568
112913
14568
238756
14568
112913
14568
250001
14568
238756
14568
112913
14568
112913
14568
112913
238444
250001
93708
204521
14568
112913
210844
250001
14568
112913
14568
112913
14568
112913
14568
238756
14568
238756
14568
112913
14568
238756
14568
112913
14568
250001
14568
238756
28226
174025
58608
250001
14568
112913
14568
112913
21189
159048
14568
112913
51521
250001
21189
174025
210844
174025
21189
112913
93708
112913
21189
174025
21189
112913
21189
250001
210844
112913
21189
112913
28226
174025
14568
112913
14568
112913
21189
159048
14568
112913
28226
174025
21189
250001
28226
250001
21189
112913
28226
112913
21189
250001
21189
112913
21189
174025
28226
112913
21189
112913
14568
112913
14568
112913
21189
159048
14568
112913
51521
250001
21189
174025
58608
174025
21189
112913
58608
112913
21189
174025
21189
112913
21189
250001
58608
112913
21189
112913
93708
204521
14568
112913
210844
250001
14568
112913
14568
112913
14568
112913
14568
238756
14568
238756
14568
112913
14568
238756
14568
112913
14568
250001
14568
238756
14568
112913
93708
204521
14568
112913
14568
112913
14568
112913
14568
204521
14568
204521
14568
112913
14568
204521
14568
112913
14568
204521
14568
204521
14568
112913
21189
159048
105556
159048
21189
159048
58608
112913
21189
112913
105556
159048
87071
112913
52517
159048
21189
112913
71879
112913
14568
112913
14568
112913
14568
112913
14568
238756
14568
238756
14568
112913
14568
238756
14568
112913
14568
250001
14568
238756
21189
174025
51521
174025
21189
112913
51521
112913
21189
174025
21189
112913
21189
250001
51521
112913
21189
112913
21189
250001
58608
112913
21189
112913
241438
250001
87071
112913
52517
174025
21189
112913
71879
112913
21189
112913
93708
112913
21189
250001
21189
112913
21189
174025
214271
112913
21189
112913
21189
250001
58608
112913
58608
250001
52517
112913
21189
238756
58608
250001
21189
112913
21189
250001
21189
112913
93708
238756
21189
250001
87071
112913
52517
174025
21189
112913
71879
112913
52517
112913
21189
238756
71879
250001
21189
112913
52517
112913
21189
238756
