9779
6959
67584
40062
10108
10539
10108
10539
71552
6959
71552
10133
10108
27711
102630
46000
71552
46000
66780
6959
71552
10133
16030
26063
80863
6959
71552
108875
71552
46000
61562
30398
10108
10539
43429
30398
43429
30398
16030
26063
71552
46000
65933
46000
10108
10539
10108
10133
71552
108875
43429
30398
72136
15930
18707
30398
71552
12157
43429
30398
58421
7581
9779
12157
9779
6959
9779
6959
9779
6959
9779
160573
9779
6959
9779
6959
9779
6959
9779
6959
9779
250001
9779
6959
9779
6959
9779
112821
9779
6959
9779
6959
9779
6959
9779
6959
9779
6959
9779
6959
9779
6959
9779
6959
9779
6959
9779
6959
9779
6959
9779
6959
9779
6959
9779
6959
9779
6959
9779
6959
9779
6959
9779
6959
16030
6959
10108
10539
10108
10539
67584
6959
67584
10133
10108
27711
67584
40062
67584
40062
66780
6959
67584
10133
16030
26063
67584
6959
67584
40062
67584
40062
61562
30398
10108
10539
43429
30398
43429
30398
16030
26063
67584
40062
65933
40062
10108
10539
10108
10133
67584
40062
43429
30398
67584
15930
18707
30398
67584
12157
43429
30398
58421
7581
9779
12157
43429
30398
10108
6959
10108
6959
10108
10133
10108
10133
66535
10539
43429
10539
10108
10539
10108
10539
10108
10539
10108
10539
10108
6959
10108
6959
10108
10133
10108
10133
10108
10539
10108
10539
10108
6959
10108
6959
10108
10539
10108
10539
10108
10539
10108
10539
10108
10539
10108
10539
16430
170557
16430
30398
10108
10539
10108
10539
10108
10539
10108
10539
10108
10539
10108
10539
10108
10539
10108
10539
10108
10539
10108
10539
54541
158902
43429
30398
66535
10133
43429
10133
10108
10539
10108
10539
10108
10539
10108
10539
10108
10539
10108
10539
10108
10539
10108
10539
10108
10539
10108
10539
10108
10539
10108
10539
10108
7581
10108
7581
9779
10539
9779
10539
80863
6959
10108
6959
71552
6959
97347
6959
66780
160573
77108
6959
16030
6959
71552
112821
105267
6959
105267
6959
61562
6959
10108
6959
43429
6959
43429
6959
16030
6959
105267
6959
65933
6959
10108
6959
10108
6959
105267
6959
43429
6959
71552
6959
18707
6959
105011
6959
43429
6959
58421
6959
9779
6959
10108
10133
71552
10133
80863
10133
66780
6959
77108
10233
16030
10133
71552
6959
80863
10133
80863
10133
61562
10133
10108
10133
43429
10133
43429
10133
16030
10133
80863
10133
65933
10133
10108
10133
10108
10233
80863
10133
43429
10133
71552
10133
18707
10133
80863
10133
43429
10133
58421
7581
9779
10133
10108
27711
10108
27711
10108
6959
10108
10133
10108
26063
10108
6959
10108
27711
10108
27711
10108
27711
16430
10539
10108
27711
10108
27711
10108
26063
10108
27711
10108
27711
54541
10539
104643
10133
10108
27711
10108
27711
10108
15930
10108
27711
10108
12157
10108
27711
10108
7581
9779
12157
71552
167658
66780
6959
71552
10133
16030
26063
80863
6959
71552
46000
71552
92761
61562
30398
10108
10539
43429
30398
43429
30398
16030
26063
71552
167658
65933
120756
10108
10539
10108
10133
71552
46000
43429
30398
72136
15930
18707
30398
71552
12157
43429
30398
58421
7581
9779
12157
66780
6959
77108
10133
16030
26063
71552
6959
97347
46000
97347
92761
61562
30398
10108
10539
43429
30398
43429
30398
16030
26063
97347
167691
65933
120756
10108
10539
10108
10133
97347
46000
43429
30398
71552
15930
18707
30398
97347
12157
43429
30398
58421
7581
9779
12157
66780
6959
16030
6959
66780
112821
66780
6959
66780
6959
61562
6959
10108
6959
43429
6959
43429
6959
16030
6959
66780
6959
65933
6959
10108
6959
10108
6959
66780
6959
43429
6959
66780
6959
18707
6959
66780
6959
43429
6959
58421
6959
9779
6959
16030
10133
71552
6959
77108
10133
77108
10133
61562
10133
10108
10133
43429
10133
43429
10133
16030
10133
77108
10133
65933
10133
10108
10133
10108
91991
77108
10133
43429
10133
71552
10133
18707
10133
77108
10133
43429
10133
58421
7581
9779
10133
16030
6959
16030
26063
16030
26063
16030
26063
10108
10539
16030
26063
16030
26063
120532
40062
16030
26063
16030
26063
10108
10539
10108
10133
16030
26063
16030
26063
16030
15930
16030
26063
16030
12157
16030
26063
16030
7581
9779
12157
71552
6959
71552
6959
61562
6959
10108
6959
43429
6959
43429
6959
16030
6959
71552
6959
65933
6959
10108
6959
10108
6959
71552
6959
43429
6959
72136
6959
18707
6959
71552
6959
43429
6959
58421
6959
9779
6959
171453
46000
61562
30398
10108
10539
43429
30398
43429
30398
16030
26063
105572
46000
65933
46000
10108
10539
10108
10133
228052
170557
43429
30398
71552
15930
18707
30398
105011
12157
43429
30398
58421
7581
9779
12157
61562
30398
10108
10539
43429
30398
43429
30398
16030
26063
105572
92761
65933
92761
10108
10539
10108
10133
171453
46000
43429
30398
71552
15930
18707
30398
105011
12157
43429
30398
58421
7581
9779
12157
10108
10539
43429
64426
43429
64426
16030
26063
61562
30398
61562
30398
10108
10539
10108
10133
61562
30398
43429
64426
61562
15930
18707
64426
61562
12157
43429
64426
58421
7581
9779
12157
10108
10539
10108
10539
10108
10539
10108
10539
10108
10539
16430
158902
16430
10133
10108
10539
10108
10539
10108
10539
10108
10539
10108
10539
10108
10539
10108
7581
9779
10539
97273
250001
16030
26063
43429
30398
43429
30398
10108
10539
10108
10133
43429
30398
120532
250001
43429
15930
18707
157825
43429
12157
75338
185203
43429
7581
9779
12157
16030
26063
43429
30398
43429
30398
10108
10539
10108
10133
43429
30398
97273
250001
43429
15930
18707
157825
43429
12157
75338
185203
43429
7581
9779
12157
16030
26063
16030
26063
10108
10539
10108
10133
16030
26063
16030
26063
16030
15930
16030
26063
16030
12157
16030
26063
16030
7581
9779
12157
65933
120756
10108
10539
10108
10133
105572
46000
43429
30398
71552
15930
18707
30398
105011
12157
43429
30398
58421
7581
9779
12157
10108
10539
10108
10133
65933
46000
43429
30398
65933
15930
18707
30398
65933
12157
43429
30398
58421
7581
9779
12157
54541
10133
10108
10539
10108
10539
10108
10539
10108
10539
10108
10539
10108
10539
10108
7581
9779
10539
10108
10133
10108
10133
10108
10133
10108
10133
10108
10133
10108
10133
10108
7581
9779
10133
43429
30398
71552
15930
18707
30398
105011
12157
43429
30398
58421
7581
9779
12157
43429
15930
18707
157825
43429
12157
75338
185203
43429
7581
9779
12157
18707
15930
71552
12157
43429
15930
58421
7581
9779
12157
18707
12157
18707
157825
18707
7581
9779
12157
43429
12157
58421
7581
9779
30124
43429
7581
9779
12157
9779
7581
