93755
102293
93755
102293
93755
81653
93755
102293
93755
25809
93755
102293
250001
184723
93755
102293
93755
97643
93755
77057
93755
102293
93755
102293
93755
81653
93755
102293
93755
102293
93755
102293
93755
102293
93755
12268
93755
102293
71493
102293
93755
102293
71493
38796
93755
102293
93755
102293
93755
102293
93755
102293
93755
102293
93755
14365
93755
38796
93755
14365
250001
38796
93755
38796
71493
12268
93755
102293
93755
102293
93755
102293
93755
92279
138525
243069
138525
81653
138525
250001
138525
25809
138525
250001
93755
102293
138525
250001
138525
97643
138525
77057
138525
129684
138525
117959
138525
81653
138525
250001
250001
250001
138525
243021
250001
110633
133945
12268
138525
191666
71493
117959
138525
206321
71493
38796
138525
250001
250001
250001
111335
117959
138525
250001
133945
147557
133945
14365
138525
38796
138525
14365
93755
38796
138525
38796
71493
12268
138525
250001
138525
206321
138525
245615
138525
92279
250001
81653
250001
243069
250001
25809
250001
243069
93755
102293
250001
243069
250001
97643
250001
77057
250001
129684
250001
117959
250001
81653
250001
243069
138525
243069
250001
243021
138525
110633
133945
12268
250001
191666
71493
117959
250001
206321
71493
38796
250001
243069
138525
243069
111335
117959
250001
243069
133945
147557
133945
14365
250001
38796
250001
14365
93755
38796
250001
38796
71493
12268
250001
243069
250001
206321
250001
243069
250001
92279
250001
81653
250001
25809
250001
81653
93755
81653
250001
81653
250001
81653
250001
77057
250001
81653
250001
81653
250001
81948
250001
81653
138525
81653
250001
81653
138525
81653
133945
12268
250001
81653
71493
81653
250001
81653
71493
38796
250001
81653
138525
81653
111335
81653
250001
81653
133945
81653
133945
14365
250001
38796
250001
14365
93755
38796
250001
38796
71493
12268
250001
81653
250001
81653
250001
81653
250001
81653
250001
25809
250001
250001
93755
102293
250001
250001
250001
97643
250001
77057
250001
129684
250001
117959
250001
81653
250001
250001
138525
250001
250001
243021
138525
110633
133945
12268
250001
191666
71493
117959
250001
206321
71493
38796
250001
250001
138525
250001
111335
117959
250001
250001
133945
147557
133945
14365
250001
38796
250001
14365
93755
38796
250001
38796
71493
12268
250001
250001
250001
206321
250001
245615
250001
92279
250001
25809
93755
25809
250001
25809
250001
25809
250001
25809
250001
25809
250001
25809
250001
25809
250001
25809
138525
25809
250001
25809
138525
25809
133945
12268
250001
25809
71493
25809
250001
25809
71493
25809
250001
25809
138525
25809
111335
25809
250001
25809
133945
25809
133945
14365
250001
25809
250001
14365
93755
25809
250001
25809
71493
12268
250001
25809
250001
25809
250001
25809
250001
25809
93755
102293
250001
250001
250001
97643
250001
77057
250001
129684
250001
117959
250001
81653
250001
250001
138525
250001
250001
243021
138525
110633
133945
12268
250001
191666
71493
117959
250001
206321
71493
38796
250001
250001
138525
250001
111335
117959
250001
250001
133945
147557
133945
14365
250001
38796
250001
14365
93755
38796
250001
38796
71493
12268
250001
250001
250001
206321
250001
245615
250001
92279
93755
102293
93755
97643
93755
77057
93755
102293
93755
102293
93755
81653
93755
102293
93755
102293
93755
102293
93755
102293
93755
12268
93755
102293
71493
102293
93755
102293
71493
38796
93755
102293
93755
102293
93755
102293
93755
102293
93755
102293
93755
14365
93755
38796
93755
14365
250001
38796
93755
38796
71493
12268
93755
102293
93755
102293
93755
102293
93755
92279
250001
97643
250001
77057
250001
129684
250001
117959
250001
81653
250001
250001
138525
250001
250001
243021
138525
110633
133945
12268
250001
191666
71493
117959
250001
206321
71493
38796
250001
250001
138525
250001
111335
117959
250001
250001
133945
147557
133945
14365
250001
38796
250001
14365
93755
38796
250001
38796
71493
12268
250001
250001
250001
206321
250001
245615
250001
92279
250001
77057
250001
97643
250001
97643
250001
81653
250001
97643
138525
97643
250001
97643
138525
97643
133945
12268
250001
97643
71493
97643
250001
97643
71493
38796
250001
97643
138525
97643
111335
97643
250001
97643
133945
97643
133945
14365
250001
38796
250001
14365
93755
38796
250001
38796
71493
12268
250001
97643
250001
97643
250001
97643
250001
92279
250001
77057
250001
77057
250001
77057
250001
77057
138525
77057
250001
77057
138525
77057
133945
12268
250001
77057
71493
77057
250001
77057
71493
38796
250001
77057
138525
77057
111335
77057
250001
77057
133945
77057
133945
14365
250001
38796
250001
14365
93755
38796
250001
38796
71493
12268
250001
77057
250001
77057
250001
77057
250001
77057
250001
117959
250001
81653
250001
129684
138525
129684
250001
129684
138525
110633
133945
12268
250001
129684
71493
117959
250001
129684
71493
38796
250001
129684
138525
129684
111335
117959
250001
129684
133945
129684
133945
14365
250001
38796
250001
14365
93755
38796
250001
38796
71493
12268
250001
129684
250001
129684
250001
129684
250001
92279
250001
81653
250001
117959
138525
117959
250001
117959
138525
110633
133945
12268
250001
117959
71493
118270
250001
117959
71493
38796
250001
117959
138525
117959
111335
134641
250001
117959
133945
117959
133945
14365
250001
38796
250001
14365
93755
38796
250001
38796
71493
12268
250001
117959
250001
117959
250001
117959
250001
92279
250001
81653
138525
81653
250001
81653
138525
81653
133945
12268
250001
81653
71493
81653
250001
81653
71493
38796
250001
81653
138525
81653
111335
81653
250001
81653
133945
81653
133945
14365
250001
38796
250001
14365
93755
38796
250001
38796
71493
12268
250001
81653
250001
81653
250001
81653
250001
81653
138525
250001
250001
243021
138525
110633
133945
12268
250001
191666
71493
117959
250001
206321
71493
38796
250001
250001
138525
250001
111335
117959
250001
250001
133945
147557
133945
14365
250001
38796
250001
14365
93755
38796
250001
38796
71493
12268
250001
250001
250001
206321
250001
245615
250001
92279
138525
243021
250001
110633
133945
12268
138525
191666
71493
117959
138525
206321
71493
38796
138525
250001
250001
250001
111335
117959
138525
250001
133945
147557
133945
14365
138525
38796
138525
14365
93755
38796
138525
38796
71493
12268
138525
250001
138525
206321
138525
245615
138525
92279
138525
110633
133945
12268
250001
191666
71493
117959
250001
206321
71493
38796
250001
243021
138525
243021
111335
117959
250001
243021
133945
147557
133945
14365
250001
38796
250001
14365
93755
38796
250001
38796
71493
12268
250001
243021
250001
206321
250001
243021
250001
92279
133945
12268
138525
110633
71493
110633
138525
110633
71493
38796
138525
110633
250001
110633
111335
110633
138525
110633
133945
110633
133945
14365
138525
38796
138525
14365
93755
38796
138525
38796
71493
12268
138525
110633
138525
110633
138525
110633
138525
92279
133945
12268
71493
12268
133945
12268
71493
12268
133945
12268
133945
12268
111335
12268
133945
12268
202403
12268
138525
12268
133945
12268
133945
12268
93755
12268
133945
12268
71493
14365
133945
12268
133945
12268
133945
12268
133945
12268
71493
117959
250001
191666
71493
38796
250001
191666
138525
191666
111335
117959
250001
191666
133945
147557
133945
14365
250001
38796
250001
14365
93755
38796
250001
38796
71493
12268
250001
191666
250001
191666
250001
191666
250001
92279
71493
117959
133945
38796
71493
117959
71493
117959
71493
118270
71493
117959
71493
117959
71493
14365
71493
38796
71493
14365
71493
38796
71493
38796
111335
12268
71493
117959
71493
117959
71493
117959
71493
92279
71493
38796
250001
206321
138525
206321
111335
117959
250001
206321
133945
147557
133945
14365
250001
38796
250001
14365
93755
38796
250001
38796
71493
12268
250001
206321
250001
250001
250001
206321
250001
92279
71493
38796
71493
38796
71493
38796
71493
38796
71493
38796
71493
14365
71493
48873
71493
14365
71493
48873
71493
48873
111335
12268
71493
38796
71493
38796
71493
38796
71493
38796
138525
250001
111335
117959
250001
250001
133945
147557
133945
14365
250001
38796
250001
14365
93755
38796
250001
38796
71493
12268
250001
250001
250001
206321
250001
245615
250001
92279
111335
117959
138525
250001
133945
147557
133945
14365
138525
38796
138525
14365
93755
38796
138525
38796
71493
12268
138525
250001
138525
206321
138525
245615
138525
92279
111335
117959
111335
117959
111335
14365
111335
38796
111335
14365
93755
38796
111335
38796
71493
12268
111335
117959
111335
117959
111335
117959
111335
92279
133945
147557
133945
14365
250001
38796
250001
14365
93755
38796
250001
38796
71493
12268
250001
250001
250001
206321
250001
245615
250001
92279
138525
14365
133945
38796
133945
14365
93755
38796
133945
38796
71493
12268
133945
147557
133945
147557
133945
147557
133945
92279
133945
14365
133945
16465
93755
14365
133945
14365
71493
12268
133945
14365
133945
14365
133945
14365
133945
14365
250001
14365
93755
81653
250001
66826
71493
12268
250001
38796
250001
38796
250001
38796
250001
38796
93755
14365
250001
14365
71493
12268
250001
14365
250001
14365
250001
14365
250001
14365
93755
66826
71493
12268
93755
38796
93755
38796
93755
38796
93755
38796
71493
12268
250001
38796
250001
38796
250001
38796
250001
38796
71493
12268
71493
12268
71493
12268
71493
12268
250001
206321
250001
245615
250001
92279
250001
206321
250001
92279
250001
92279
