183901
65598
20634
154842
250001
250001
10163
250001
64585
121477
250001
193694
20571
121477
250001
65598
64585
144850
55110
133073
64585
235645
250001
133131
20634
211818
20634
133073
250001
250001
250001
250001
250001
250001
64585
18337
10163
250001
20571
211818
20571
211818
73819
250001
20571
250001
64585
83980
20634
158440
20634
211818
20634
163282
21473
250001
20634
133131
20634
18337
20571
211818
250001
250001
55110
250001
20634
65598
183901
65598
10163
65598
64585
65598
183901
65598
20571
65598
183901
83980
64585
65598
55110
65598
64585
65598
183901
65598
20634
65598
20634
65598
183901
65598
183901
65598
183901
65598
64585
18337
10163
65598
20571
65598
20571
65598
73819
65598
20571
65598
64585
65598
20634
65598
20634
65598
20634
65598
21473
65598
20634
65598
20634
18337
20571
65598
183901
65598
55110
65598
20634
154842
10163
154842
20634
121477
20634
154842
20571
121477
20634
65598
20634
144850
20634
133073
20634
154842
20634
133131
250001
154842
250001
133073
20634
154842
20634
154842
20634
154842
20634
18337
10163
154842
20571
154842
20571
154842
20634
154842
20571
154842
20634
83980
250001
154842
250001
154842
64585
154842
20634
154842
84812
133131
250001
18337
20571
154842
20634
154842
20634
154842
10163
250001
64585
121477
250001
193694
20571
121477
250001
65598
64585
144850
55110
133073
64585
235645
250001
133131
20634
211818
20634
133073
250001
250001
250001
250001
250001
250001
64585
18337
10163
250001
20571
211818
20571
211818
73819
250001
20571
250001
64585
83980
20634
158440
20634
211818
20634
163282
21473
250001
20634
133131
20634
18337
20571
211818
250001
250001
55110
250001
10163
121477
10163
193694
10163
121477
10163
65598
10163
144850
10163
133073
10163
235645
10163
133131
10163
211818
10163
133073
10163
250001
10163
250001
10163
250001
10163
18337
21473
250001
10163
211818
10163
211818
10163
250001
10163
250001
10163
83980
10163
158440
10163
211818
10163
163282
10163
250001
10163
133131
10163
18337
10163
211818
10163
250001
10163
250001
64585
121477
20571
127023
64585
65598
250001
121477
55110
121477
95968
121477
64585
121477
20634
121477
20634
121477
64585
121477
64585
121477
64585
121477
119916
18337
10163
121477
20571
121477
20571
121477
64585
121477
20571
121477
250001
83980
20634
121477
20634
121477
20634
121477
21473
121477
20634
121477
20634
18337
20571
121477
64585
121477
55110
121477
20571
121477
250001
65598
64585
144850
55110
133073
64585
193694
250001
133131
20634
193694
20634
133073
250001
193694
250001
193694
250001
193694
64585
18337
10163
193694
20571
193694
20571
193694
73819
193694
20571
193694
64585
83980
20634
158440
20634
193694
20634
163282
21473
193694
20634
133131
20634
18337
20571
193694
250001
193694
55110
193694
20571
65598
20571
121477
20571
121477
20571
121477
20571
121477
20571
121477
20571
121477
20571
121477
20571
121477
20571
121477
20571
18337
10163
121477
116193
121477
20634
121477
20571
121477
64585
121477
20571
83980
20571
121477
20571
121477
20571
121477
20571
121477
20571
121477
20571
18337
20634
121477
20571
121477
20571
121477
64585
65598
55110
65598
64585
65598
250001
65598
20634
65598
20634
65598
250001
65598
250001
65598
250001
65598
64585
18337
10163
65598
20571
65598
20571
65598
73819
65598
20571
65598
64585
65598
20634
65598
20634
65598
20634
65598
21473
65598
20634
65598
20634
18337
20571
65598
250001
65598
55110
65598
55110
133073
95968
144850
64585
133131
20634
144850
20634
133073
64585
144850
64585
144850
64585
144850
119916
18337
10163
144850
20571
144850
20571
144850
64585
144850
20571
144850
250001
83980
20634
144850
20634
144850
20634
144850
21473
144850
20634
133131
20634
18337
20571
144850
64585
144850
55110
144850
55110
133073
55110
133073
20634
133073
20634
133131
55110
133073
55110
133073
55110
133073
55110
18337
10163
133073
20571
133073
20571
133073
55110
133073
20571
133073
55110
83980
20634
133073
20634
133073
20634
133073
21473
133073
20634
133073
20634
18337
20571
133073
55110
133073
219412
133073
64585
133131
20634
211818
20634
133073
64585
235645
64585
235645
64585
235645
95968
18337
10163
235645
20571
211818
20571
211818
64585
235645
20571
235645
95968
83980
20634
158440
20634
211818
20634
163282
21473
235645
20634
133131
20634
18337
20571
211818
64585
235645
55110
235645
20634
133131
20634
133073
250001
133131
250001
133131
250001
133131
64585
18337
10163
133131
20571
133131
20571
133131
73819
133131
20571
133131
64585
83980
20634
133131
20634
133131
20634
133131
21473
133131
20634
211818
20634
18337
20571
133131
250001
133131
55110
133131
250001
133073
20634
211818
20634
211818
20634
211818
20634
18337
10163
211818
20571
250001
20571
236646
20634
211818
20571
211818
20634
83980
250001
158440
250001
250001
64585
163282
20634
211818
84812
133131
250001
18337
20571
217795
20634
211818
20634
211818
20634
133073
20634
133073
20634
133073
20634
18337
10163
133073
20571
133073
20571
133073
20634
133073
20571
133073
20634
83980
250001
133073
250001
133073
64585
133073
20634
133073
84812
133073
250001
18337
20571
133073
20634
133073
20634
133073
250001
250001
250001
250001
64585
18337
10163
250001
20571
211818
20571
211818
73819
250001
20571
250001
64585
83980
20634
158440
20634
211818
20634
163282
21473
250001
20634
133131
20634
18337
20571
211818
250001
250001
55110
250001
250001
250001
64585
18337
10163
250001
20571
211818
20571
211818
73819
250001
20571
250001
64585
83980
20634
158440
20634
211818
20634
163282
21473
250001
20634
133131
20634
18337
20571
211818
250001
250001
55110
250001
64585
18337
10163
250001
20571
211818
20571
211818
73819
250001
20571
250001
64585
83980
20634
158440
20634
211818
20634
163282
21473
250001
20634
133131
20634
18337
20571
211818
250001
250001
55110
250001
10163
18337
20571
18337
20571
18337
64585
18337
20571
18337
119916
18337
20634
18337
20634
18337
20634
18337
21473
18337
20634
18337
20634
137489
20571
18337
64585
18337
55110
18337
10163
211818
10163
211818
10163
250001
10163
250001
10163
83980
10163
158440
10163
211818
10163
163282
10163
250001
10163
133131
10163
18337
10163
211818
10163
250001
10163
250001
20634
236646
20571
211818
64585
211818
20571
83980
20571
158440
20571
250001
20571
163282
20571
211818
20571
133131
20571
18337
20634
217795
20571
211818
20571
211818
20571
211818
20634
211818
20571
83980
20571
158440
20571
236646
20571
163282
20571
211818
20571
133131
20571
18337
163099
217795
20571
211818
20571
211818
20571
250001
64585
83980
20634
158440
20634
211818
20634
163282
21473
250001
20634
133131
20634
18337
20571
211818
73819
250001
55110
250001
20571
83980
20571
158440
20571
211818
20571
163282
20571
250001
20571
133131
20571
18337
20634
211818
20571
250001
20571
250001
20634
83980
20634
83980
20634
83980
21473
83980
20634
83980
20634
18337
20571
83980
64585
83980
55110
83980
250001
158440
64585
158440
20634
158440
84812
133131
250001
18337
20571
158440
20634
158440
20634
158440
64585
163282
20634
211818
84812
133131
250001
18337
20571
217795
20634
211818
20634
211818
20634
163282
64585
133131
64585
18337
20571
163282
20634
163282
20634
163282
20634
133131
20634
18337
20571
211818
21473
250001
21473
250001
84812
18337
20571
133131
20634
133131
20634
133131
20571
18337
20634
18337
20634
18337
20571
211818
20571
211818
55110
250001
