106623
53500
18666
53500
170906
53500
229435
53500
18666
53500
88975
53500
5465
42550
18666
13045
65750
53500
18666
33407
18666
53500
89500
53500
18666
53500
177305
53500
18666
53500
88975
53500
5465
53500
250001
53500
88975
53500
88975
26099
88975
26099
18666
136451
18666
13045
18666
53500
65750
40577
18666
53500
18666
7662
153734
42048
250001
53500
204347
53500
250001
53500
250001
53500
92348
7662
84195
53500
170906
53500
18666
53500
18666
94020
106623
124776
106623
124776
18666
124776
88975
124776
5465
42550
18666
13045
65750
95875
18666
33407
18666
124776
89500
124776
18666
124776
106623
124776
18666
94020
88975
124776
5465
66727
106623
124776
88975
124776
88975
26099
88975
26099
18666
53500
18666
13045
18666
123071
65750
40577
18666
124776
18666
7662
106623
42048
106623
124776
106623
94020
106623
124616
106623
124776
92348
7662
84195
124776
106623
124776
18666
124776
18666
94020
18666
94020
204347
94020
18666
94020
5465
42550
53667
13045
18666
94020
250001
33407
88975
94020
18666
94020
250001
94020
18666
94020
250001
94376
18666
94020
5465
66727
18666
94020
18666
94020
18666
26099
18666
26099
233472
53500
53667
13045
250001
94020
18666
40577
170773
94020
250001
7662
18666
42048
18666
94020
18666
94376
18666
94020
18666
94020
18666
7662
18666
94020
18666
94020
106623
94020
170906
138199
18666
160907
88975
179318
5465
42550
18666
13045
65750
95875
18666
33407
18666
138411
89500
160907
18666
160907
170906
160907
18666
94020
88975
136451
5465
66727
170906
160907
88975
181542
88975
26099
88975
26099
18666
53500
18666
13045
18666
123071
65750
40577
18666
128799
18666
7662
153734
42048
170906
160907
170906
94020
170906
124616
170906
160907
92348
7662
84195
138199
233472
160907
18666
160907
18666
138199
88975
138199
5465
42550
18666
13045
65750
95875
18666
33407
18666
138199
89500
138199
18666
138199
177305
138199
18666
94020
88975
136451
5465
66727
229435
138199
88975
138199
88975
26099
88975
26099
18666
53500
18666
13045
18666
123071
65750
40577
18666
128799
18666
7662
153734
42048
229435
138199
204347
94020
229435
124616
229435
138199
92348
7662
84195
183105
170906
138199
18666
138199
18666
160907
5465
42550
53667
13045
18666
95875
204347
33407
88975
138411
18666
179318
204347
177074
18666
179318
204347
94020
18666
136451
5465
66727
18666
179318
18666
160907
18666
26099
18666
26099
204347
53500
53667
13045
204347
123071
18666
40577
170773
128799
204347
7662
18666
42048
18666
179318
18666
94020
18666
124616
18666
163114
18666
7662
18666
138199
18666
179318
106623
179318
5465
42550
18666
13045
65750
95875
18666
33407
18666
138411
88975
160907
18666
160907
88975
160907
18666
94020
233472
136451
5465
66727
88975
160907
233472
179318
89009
26099
89009
26099
18666
53500
18666
13045
18666
123071
65750
40577
18666
128799
18666
7662
88975
42048
88975
160907
88975
94020
88975
124616
88975
160907
88975
7662
84195
138199
88975
160907
18666
160907
5465
13045
5465
42550
5465
33407
5465
42550
5465
42550
5465
42550
5465
42550
5465
42550
5465
42550
68196
42550
5465
42550
5465
42550
5465
26099
5465
26099
5465
42550
5465
13045
5465
42550
5465
40577
5465
42550
5465
7662
5465
42048
5465
42550
5465
42550
5465
42550
5465
42550
5465
7662
5465
42550
5465
42550
5465
42550
18666
13045
53667
13045
53667
13045
18666
13045
53667
13045
18666
13045
53667
13045
18666
13045
5465
13045
18666
13045
18666
13045
18666
13045
18666
13045
53667
13045
91084
66727
53667
13045
18666
13045
53667
13045
53667
7662
18666
13045
18666
13045
18666
13045
18666
13045
18666
13045
18666
7662
18666
13045
18666
13045
53667
13045
18666
33407
18666
95875
65750
95875
18666
95875
65750
95875
18666
94020
65750
95875
5465
66727
65750
95875
65750
95875
65750
26099
65750
26099
18666
53500
18666
13045
18666
95875
84195
40577
18666
95875
18666
7662
65750
42048
65750
95875
65750
94020
65750
95875
65750
95875
65750
7662
65750
95875
65750
95875
18666
95875
88975
33407
18666
33407
250001
33407
18666
33407
250001
33407
18666
33407
5465
33407
18666
33407
18666
33407
18666
26099
18666
26099
233472
33407
53667
13045
250001
33407
18666
33407
170773
33407
250001
7662
18666
33407
18666
33407
18666
33407
18666
33407
18666
33407
18666
7662
18666
33407
18666
33407
106623
33407
18666
138411
88975
138411
18666
138411
88975
94020
18666
136451
5465
66727
18666
138411
18666
138411
18666
26099
18666
26099
88975
53500
53667
13045
88975
123071
18666
40577
88975
128799
88975
7662
18666
42048
18666
138411
18666
94020
18666
124616
18666
138411
18666
7662
18666
138199
18666
138411
88975
138411
18666
177074
89500
222868
18666
94020
88975
136451
5465
66727
89500
250001
88975
160907
88975
26099
88975
26099
18666
53500
18666
13045
18666
123071
65750
40577
18666
128799
18666
7662
89500
42048
89500
210205
89500
94020
89500
124616
89500
163114
89500
7662
84195
138199
89500
207773
18666
250001
18666
177074
250001
94020
18666
136451
5465
66727
18666
177074
18666
160907
18666
26099
18666
26099
233472
53500
53667
13045
250001
123071
18666
40577
170773
128799
250001
7662
18666
42048
18666
177074
18666
94020
18666
124616
18666
163114
18666
7662
18666
138199
18666
177074
106623
177074
18666
94020
88975
136451
5465
66727
177305
222868
88975
160907
88975
26099
88975
26099
18666
53500
18666
13045
18666
123071
65750
40577
18666
128799
18666
7662
153734
42048
177305
210205
177305
94020
177305
124616
177305
163114
92348
7662
84195
138199
170906
207773
18666
222868
18666
94020
5465
66727
18666
94020
18666
94020
18666
26099
18666
26099
233472
53500
53667
13045
250001
94020
18666
40577
170773
94020
250001
7662
18666
42048
18666
94020
18666
97744
18666
94020
18666
94020
18666
7662
18666
94020
18666
94020
106623
94020
5465
66727
88975
136451
250001
136451
89009
26099
89009
26099
18666
53500
18666
13045
18666
123071
65750
40577
18666
128799
18666
7662
88975
42048
88975
136451
88975
94020
88975
124616
88975
136451
88975
7662
84195
136451
88975
136451
18666
136451
5465
66727
5465
66727
5465
26099
5465
26099
5465
53500
5465
13045
5465
66727
5465
40577
5465
66727
5465
7662
5465
42048
5465
66727
5465
66727
5465
66727
5465
66727
5465
7662
5465
66727
5465
66727
5465
66727
88975
160907
88975
26099
88975
26099
18666
53500
18666
13045
18666
123071
65750
40577
18666
128799
18666
7662
153734
42048
250001
210205
204347
94020
250001
124616
250001
163114
92348
7662
84195
138199
170906
207773
18666
250001
89009
26099
89009
26099
18666
53500
18666
13045
18666
123071
65750
40577
18666
128799
18666
7662
88975
42048
88975
160907
88975
94020
88975
124616
88975
160907
88975
7662
84195
138199
88975
160907
18666
160907
211554
26642
18666
26099
18666
13045
18666
26099
65750
26099
18666
26099
18666
7662
88975
26099
88975
26099
88975
26099
88975
26099
88975
26099
88975
7662
84195
26099
88975
26099
18666
26099
18666
26099
18666
13045
18666
26099
65750
26099
18666
26099
18666
7662
88975
26099
88975
26099
88975
26099
88975
26099
88975
26099
88975
7662
84195
26099
88975
26099
18666
26099
53667
13045
233472
53500
18666
40577
170773
53500
233472
7662
18666
42048
18666
53500
18666
53500
18666
53500
18666
53500
18666
7662
18666
53500
18666
53500
106623
53500
53667
13045
18666
13045
53667
13045
53667
7662
18666
13045
18666
13045
18666
13045
18666
13045
18666
13045
18666
7662
18666
13045
18666
13045
53667
13045
18666
40577
170773
123071
250001
7662
18666
42048
18666
123071
18666
94020
18666
123071
18666
123071
18666
7662
18666
123071
18666
123071
106623
123071
18666
40577
18666
7662
65750
40577
65750
40577
65750
40577
65750
40577
65750
40577
65750
7662
65750
40577
65750
40577
18666
40577
170773
7662
18666
42048
18666
128799
18666
94020
18666
124616
18666
128799
18666
7662
18666
128799
18666
128799
106623
128799
18666
7662
18666
7662
18666
7662
18666
7662
18666
7662
18666
26642
18666
7662
18666
7662
106623
7662
153734
42048
153734
42048
153734
42048
153734
42048
92348
7662
84195
42048
153734
42048
18666
42048
204347
94020
250001
124616
250001
163114
92348
7662
84195
138199
170906
207773
18666
210205
204347
94020
204347
94020
92348
7662
84195
94020
170906
94020
18666
94020
250001
124616
92348
7662
84195
124616
170906
124616
18666
124616
92348
7662
84195
138199
170906
163114
18666
163114
84195
7662
92348
7662
18666
7662
84195
138199
18666
138199
18666
207773
