17257
955
17257
955
6895
955
17257
955
6895
955
5461
955
17257
955
17257
955
5357
955
17257
955
5357
955
5461
955
17257
955
17257
955
17257
955
17257
955
47125
955
5357
955
17257
955
17257
955
17257
955
17257
955
6895
955
17257
6519
6895
955
17257
955
17257
955
17257
955
17257
955
5357
955
17257
955
17257
955
250001
60240
6895
6519
47813
6519
6895
6519
5461
60240
132573
60240
39235
60240
5357
6519
139951
60240
5357
60240
5461
60240
74951
6519
69727
60240
74951
5058
41640
39558
17257
60240
5357
60240
17539
250001
27919
12940
27919
12940
51601
6519
6895
6519
134759
955
6895
6519
132573
60240
20712
6519
58830
5058
24057
12940
5357
60240
51601
6519
27919
12940
6895
6519
47813
6519
6895
6519
5461
138826
132573
204879
39235
92484
5357
6519
139951
130140
5357
92484
5461
204879
74951
6519
69727
204879
74951
5058
41640
39558
17257
92484
5357
92484
17539
60240
27919
12940
27919
12940
51601
6519
6895
6519
134759
955
6895
6519
132573
134514
20712
6519
58830
5058
24057
12940
5357
92484
51601
6519
27919
12940
6895
36792
85684
10003
5461
6519
6895
6519
6895
6519
5357
36792
6895
6519
5357
6519
5461
6519
6895
10003
6895
6519
6895
5058
6895
6519
6895
6519
5357
6519
6895
6519
6895
6519
6895
6519
6895
34557
43647
38923
6895
955
39235
10003
6895
6519
6895
12316
6895
5058
6895
6519
5357
6519
6895
34557
6895
6519
6895
10003
5461
6519
47813
6519
39235
6519
5357
160162
47813
6519
5357
6519
5461
6519
47813
10003
47813
6519
47813
5058
41640
6519
17257
6519
5357
6519
17539
6519
27919
6519
27919
6519
47813
34557
6895
36792
47813
955
6895
10003
47813
6519
20712
12316
47813
5058
24057
6519
5357
6519
47813
34557
27919
6519
5461
6519
6895
6519
6895
6519
5357
10003
6895
6519
5357
6519
5461
6519
6895
154079
6895
6519
6895
5058
6895
6519
6895
6519
5357
6519
6895
6519
6895
6519
6895
6519
6895
10003
43647
10003
6895
955
39235
206487
6895
6519
6895
10003
6895
5058
6895
6519
5357
6519
6895
10003
6895
6519
5461
138826
5461
92484
5357
6519
5461
130140
5357
92484
132573
138826
5461
6519
5461
138826
5461
5058
5461
39558
5461
92484
5357
92484
5461
60240
5461
12940
5461
12940
5461
6519
5461
6519
5461
955
5461
6519
5461
134514
5461
6519
5461
5058
5461
12940
5357
92484
5461
6519
5461
12940
39235
92484
5357
6519
132573
130140
5357
92484
5461
205901
74951
6519
69727
225349
74951
5058
41640
39558
17257
92484
5357
92484
17539
60240
27919
12940
27919
12940
51601
6519
6895
6519
132573
955
6895
6519
250001
134514
20712
6519
58830
5058
24057
12940
5357
92484
51601
6519
27919
12940
5357
6519
39235
92484
5357
191245
5461
92484
39235
6519
39235
92484
39235
5058
39235
39558
17257
205350
5357
134514
17539
60240
27919
12940
27919
12940
39235
6519
6895
6519
39235
955
6895
6519
39235
92484
20712
6519
39235
5058
24057
12940
5357
191245
39235
6519
27919
12940
5357
6519
77636
6519
5357
6519
5357
10003
5357
6519
5357
5058
5357
6519
5357
6519
5461
6519
5357
6519
5357
6519
5357
6519
5357
34557
5357
36792
5357
955
5357
10003
5357
6519
5357
12316
5357
5058
5357
6519
38270
6519
5357
34557
5357
6519
5357
92484
5461
130140
74951
6519
69727
130140
74951
5058
41640
39558
17257
92484
5357
92484
17539
60240
27919
12940
27919
12940
51601
6519
6895
6519
134759
955
6895
6519
132573
130140
20712
6519
58830
5058
24057
12940
5357
92484
51601
6519
27919
12940
5357
92484
5357
6519
5357
92484
5357
5058
5357
39558
5357
191245
5461
134514
5357
60240
5357
12940
5357
12940
5357
6519
5357
6519
5357
955
5357
6519
5357
92484
5357
6519
5357
5058
5357
12940
38270
204640
5357
6519
5357
12940
5461
6519
5461
205901
5461
5058
5461
39558
5461
92484
5357
92484
5461
60240
5461
12940
5461
12940
5461
6519
5461
6519
5461
955
5461
6519
5461
134514
5461
6519
5461
5058
5461
12940
5357
92484
5461
6519
5461
12940
69727
6519
150124
5058
41640
6519
17257
6519
5357
6519
17539
6519
27919
6519
27919
6519
51601
10003
6895
10003
74951
955
6895
154079
74951
6519
20712
10003
58830
5058
24057
6519
5357
6519
51601
10003
27919
6519
69727
5058
41640
39558
17257
92484
5357
92484
17539
60240
27919
12940
27919
12940
51601
6519
6895
6519
69727
955
6895
6519
69727
134514
20712
6519
58830
5058
24057
12940
5357
92484
51601
6519
27919
12940
41640
5058
17257
5058
5357
5058
17539
5058
27919
5058
27919
5058
51601
5058
6895
5058
74951
955
6895
5058
74951
5058
20712
5058
58830
10003
24057
5058
5357
5058
51601
5058
27919
5058
17257
39558
5357
39558
17539
39558
27919
12940
27919
12940
41640
6519
6895
6519
41640
955
6895
6519
41640
39558
20712
6519
41640
5058
24057
12940
5357
39558
41640
6519
27919
12940
5357
134514
17257
60240
17257
12940
17257
12940
17257
6519
6895
6519
17257
955
6895
6519
17257
92484
17257
6519
17257
5058
17257
12940
5357
191245
17257
6519
17257
12940
5357
60240
5357
12940
5357
12940
5357
6519
5357
6519
5357
955
5357
6519
5357
92484
5357
6519
5357
5058
5357
12940
5461
134514
5357
6519
5357
12940
17539
12940
17539
12940
17539
6519
6895
6519
17539
955
6895
6519
17539
60240
17539
6519
17539
5058
17539
12940
5357
60240
17539
6519
17539
12940
117739
250001
27919
6519
6895
6519
27919
955
6895
6519
27919
12940
20712
6519
27919
5058
24057
76296
5357
12940
27919
6519
84390
202557
27919
6519
6895
6519
27919
955
6895
6519
27919
12940
20712
6519
27919
5058
24057
76296
5357
12940
27919
6519
84390
202557
6895
34557
51601
955
6895
10003
51601
6519
20712
12316
51601
5058
24057
6519
5357
6519
58830
160677
27919
6519
6895
955
39235
10003
6895
6519
6895
12316
6895
5058
6895
6519
5357
6519
6895
34557
6895
6519
6895
955
132573
955
20712
955
58830
955
24057
955
5357
955
51601
955
27919
955
6895
6519
6895
10003
6895
5058
6895
6519
5357
6519
6895
10003
6895
6519
20712
6519
58830
5058
24057
12940
5357
92484
51601
6519
27919
12940
20712
5058
20712
6519
5357
6519
20712
12316
20712
6519
24057
5058
5357
5058
51601
5058
27919
5058
5357
12940
24057
6519
24057
76296
5357
6519
5357
12940
27919
6519
