29471
2319
29471
2319
29471
2319
29471
2319
29471
2319
29471
2319
29471
2319
231179
2319
62570
2319
171214
2319
29471
4539
29471
2319
29471
2319
29471
2319
29471
2319
29471
2319
29471
2319
29471
2319
29471
2319
29471
2319
29471
2319
26201
2319
11366
2319
29471
2319
7849
2319
231179
2319
29471
2319
29471
2319
29471
2319
29471
2319
99109
2319
46187
2319
231179
2319
29471
2319
29471
2319
29471
2319
7849
2319
38185
40355
38185
40355
70627
40355
38185
29887
38185
29887
38185
40355
29471
38685
29471
38685
29471
38685
38185
2319
38185
29887
70627
29887
38185
40355
31721
40355
37094
29887
38185
40355
37094
32954
38185
40355
31721
40355
37094
40355
26201
38685
11366
4539
38185
40355
7849
5636
29471
38685
31721
51821
37094
40355
37094
40355
38185
40355
29471
38685
29471
38685
29471
38685
38185
40355
31517
40355
38185
40355
7849
37672
60778
41316
38185
41316
60778
29887
60778
29887
60778
41316
29471
38685
29471
38685
29471
38685
60778
2319
60778
29887
38185
29887
60778
41316
31721
41316
37094
29887
60778
41316
37094
32954
60778
41316
31721
41808
37094
41316
26201
38685
11366
4539
42215
41316
7849
5636
29471
38685
31721
40355
37094
41316
37094
41316
60778
41316
29471
38685
29471
38685
29471
38685
60778
41316
31517
41316
60778
41316
7849
37672
38185
60403
70627
29887
83340
29887
83340
52655
29471
38685
29471
38685
29471
38685
69679
2319
67149
29887
38185
29887
146113
51821
31721
43698
37094
29887
70627
52655
37094
32954
225330
87705
31721
41316
37094
52655
26201
38685
11366
4539
42215
51821
7849
5636
29471
38685
31721
40355
37094
51821
37094
51821
70627
51821
29471
38685
29471
38685
29471
38685
142796
51821
31517
52655
70627
43698
7849
37672
38185
29887
38185
29887
38185
52655
29471
38685
29471
38685
29471
38685
38185
2319
38185
29887
100297
29887
38185
51821
31721
43698
37094
29887
38185
52655
37094
32954
38185
60403
31721
41316
37094
52655
26201
38685
11366
4539
38185
51821
7849
5636
29471
38685
31721
40355
37094
51821
37094
51821
38185
51821
29471
38685
29471
38685
29471
38685
38185
51821
31517
52655
38185
43698
7849
37672
70627
40355
70627
29887
29471
29887
29471
29887
29471
29887
69679
2319
67149
53138
38185
53138
70627
29887
31721
29887
37094
53138
91917
29887
37094
29887
70627
29887
31721
29887
37094
29887
26201
29887
11366
4539
42215
29887
7849
5636
29471
29887
31721
29887
37094
29887
37094
29887
101845
29887
29471
29887
29471
29887
29471
29887
70627
29887
31517
29887
101845
29887
7849
29887
100297
29887
29471
29887
29471
29887
29471
29887
69679
2319
67149
40355
38185
40355
83340
29887
31721
29887
37094
40355
70627
29887
37094
29887
83340
29887
31721
29887
37094
29887
26201
29887
11366
4539
42215
29887
7849
5636
29471
29887
31721
29887
37094
29887
37094
29887
70627
29887
29471
29887
29471
29887
29471
29887
83340
29887
31517
29887
70627
29887
7849
29887
29471
38685
29471
38685
29471
38685
69679
2319
67149
29887
38185
29887
83340
51821
31721
43698
37094
29887
70627
55875
37094
32954
83340
52655
31721
41316
37094
115572
26201
38685
11366
4539
42215
51821
7849
5636
29471
38685
31721
40355
37094
51821
37094
51821
70627
51821
29471
38685
29471
38685
29471
38685
83340
51821
31517
53138
70627
43698
7849
37672
62570
84306
171214
68082
29471
2319
29471
29887
29471
29887
29471
38685
29471
38685
29471
29887
29471
38685
29471
32954
29471
38685
29471
38685
29471
38685
26201
84306
11366
4539
29471
38685
7849
5636
232077
84306
29471
38685
29471
38685
29471
38685
29471
38685
99109
84306
46187
84306
232077
84306
29471
38685
29471
38685
29471
38685
7849
37672
62570
68082
29471
2319
29471
29887
29471
29887
29471
38685
29471
38685
29471
29887
29471
38685
29471
32954
29471
38685
29471
38685
29471
38685
26201
111339
11366
4539
29471
38685
7849
5636
62570
111339
29471
38685
29471
38685
29471
38685
29471
38685
62570
111339
46187
111339
62570
111339
29471
38685
29471
38685
29471
38685
7849
37672
29471
2319
29471
29887
29471
29887
29471
38685
29471
38685
29471
29887
29471
38685
29471
32954
29471
38685
29471
38685
29471
38685
26201
68082
11366
4539
29471
38685
7849
5636
171214
68082
29471
38685
29471
38685
29471
38685
29471
38685
99109
68082
46187
68082
171214
68082
29471
38685
29471
38685
29471
38685
7849
37672
67149
2319
38185
2319
69679
2319
31721
2319
37094
2319
69679
2319
37094
2319
69679
2319
31721
2319
37094
2319
26201
2319
11366
2319
42215
2319
7849
2319
29471
2319
31721
2319
37094
2319
37094
2319
69679
2319
29471
2319
29471
2319
29471
2319
69679
2319
31517
2319
69679
2319
7849
2319
38185
111933
67149
29887
31721
29887
37094
71760
67149
29887
37094
29887
67149
29887
31721
29887
37094
29887
26201
29887
11366
4539
42215
29887
7849
5636
29471
29887
31721
29887
37094
29887
37094
29887
67149
29887
29471
29887
29471
29887
29471
29887
67149
29887
31517
29887
67149
29887
7849
29887
38185
29887
31721
29887
37094
71760
38185
29887
37094
29887
38185
29887
31721
29887
37094
29887
26201
29887
11366
4539
38185
29887
7849
5636
29471
29887
31721
29887
37094
29887
37094
29887
38185
29887
29471
29887
29471
29887
29471
29887
38185
29887
31517
29887
38185
29887
7849
29887
31721
43698
37094
29887
70627
51821
37094
32954
146113
51821
31721
41316
37094
51821
26201
38685
11366
4539
42215
60403
7849
5636
29471
38685
31721
40355
37094
60403
37094
60403
70627
60403
29471
38685
29471
38685
29471
38685
142796
60403
31517
51821
70627
43698
7849
37672
31721
29887
31721
43698
31721
32954
31721
43698
229223
41316
31721
43698
26201
38685
11366
4539
31721
43698
7849
5636
29471
38685
32492
40355
31721
43698
31721
43698
31721
43698
29471
38685
29471
38685
29471
38685
31721
43698
31517
43698
31721
53030
7849
37672
37094
29887
70627
29887
37094
29887
31721
29887
70627
29887
26201
29887
11366
4539
37094
29887
7849
5636
29471
29887
31721
29887
70627
29887
70627
29887
37094
29887
29471
29887
29471
29887
29471
29887
37094
29887
31517
29887
37094
29887
7849
29887
37094
32954
70627
52655
31721
41316
37094
55875
26201
38685
11366
4539
42215
51821
7849
5636
29471
38685
31721
40355
37094
51821
37094
51821
91917
51821
29471
38685
29471
38685
29471
38685
70627
51821
31517
53138
91917
43698
7849
37672
37094
32954
31721
32954
250001
32954
26201
32954
11366
4539
37094
32954
7849
5636
29471
32954
31721
32954
250001
32954
232077
32954
37094
32954
29471
32954
29471
32954
29471
32954
37094
32954
31517
32954
37094
32954
7849
32954
31721
41316
37094
52655
26201
38685
11366
4539
42215
51821
7849
5636
29471
38685
31721
40355
37094
51821
37094
51821
70627
51821
29471
38685
29471
38685
29471
38685
142796
51821
31517
52655
70627
43698
7849
37672
31721
41316
26201
38685
11366
4539
31721
41316
7849
5636
29471
38685
32492
40355
31721
41316
31721
41316
31721
41316
29471
38685
29471
38685
29471
38685
31721
41316
31517
41316
31721
41316
7849
37672
26201
38685
11366
4539
37094
51821
7849
5636
29471
38685
31721
40355
250001
51821
232077
51821
37094
51821
29471
38685
29471
38685
29471
38685
37094
51821
31517
53138
37094
43698
7849
37672
11366
4539
26201
38685
7849
5636
26201
111933
26201
38685
26201
38685
26201
38685
26201
38685
26201
119553
26201
202357
26201
229994
26201
38685
26201
38685
26201
38685
7849
37672
11366
4539
7849
4539
11366
4539
11366
4539
11366
4539
11366
4539
11366
4539
11366
4539
11366
4539
11366
4539
11366
4539
11366
4539
11366
4539
7849
4539
7849
5636
29471
38685
31721
40355
37094
69198
37094
69198
42215
70281
29471
38685
29471
38685
29471
38685
42215
69198
31517
51821
42215
43698
7849
37672
7849
5636
7849
5636
7849
5636
7849
5636
7849
5636
7849
5636
7849
5636
7849
5636
7849
5636
7849
5636
7849
5636
31517
5636
29471
38685
29471
38685
29471
38685
29471
38685
99109
111933
46187
111933
248514
111933
29471
38685
29471
38685
29471
38685
7849
37672
31721
40355
31721
40355
31721
40355
29471
38685
29471
38685
29471
38685
31721
40355
31517
40355
31721
40355
7849
37672
232077
250001
37094
69198
29471
38685
29471
38685
29471
38685
37094
88814
31517
51821
37094
43698
7849
37672
37094
69198
29471
38685
29471
38685
29471
38685
37094
88814
31517
51821
37094
43698
7849
37672
29471
38685
29471
38685
29471
38685
70627
69198
31517
51821
250001
43698
7849
37672
46187
119553
99109
119553
29471
38685
29471
38685
29471
38685
7849
37672
46187
202357
29471
38685
29471
38685
29471
38685
7849
37672
29471
38685
29471
38685
29471
38685
7849
37672
31517
51821
70627
43698
7849
37672
31517
43698
7849
37672
7849
37672
