25514
13935
250001
57172
190628
48376
250001
57172
54035
57172
25514
13935
29368
57172
13812
13935
147092
57172
135903
57172
20036
13935
250001
13935
190628
48376
190628
57172
45172
48376
20036
13935
54035
57172
13812
13935
13812
13935
135903
57172
55823
57172
135903
57172
20036
13935
13812
13935
135903
57172
54035
57172
135903
57172
190628
57172
13812
13935
44538
57172
55823
57172
20036
13935
55823
57172
25514
13935
25514
13935
25514
13935
25514
13935
29368
250001
25514
13935
13812
127182
25514
13935
25514
13935
20036
140633
25514
211771
25514
13935
25514
13935
25514
13935
20036
211920
25514
13935
13812
127182
13812
120063
25514
13935
25514
13935
25514
13935
20036
140633
13812
140254
25514
13935
25514
13935
25514
13935
25514
13935
13812
57172
25514
13935
25514
13935
20036
211920
25514
13935
190628
48376
250001
76590
54035
120063
25514
13935
29368
202435
13812
13935
147092
223009
135903
76590
20036
13935
250001
13935
190628
48376
190628
223009
45172
48376
20036
13935
54035
120063
13812
13935
13812
13935
135903
75129
55823
223009
135903
223009
20036
13935
13812
13935
135903
223009
54035
223009
135903
223009
190628
223009
13812
13935
44538
223009
55823
223009
20036
13935
55823
75129
190628
48376
54035
48376
25514
13935
29368
48376
13812
13935
147092
48376
135903
48376
20036
13935
190628
13935
250001
250001
250001
48376
45172
123517
20036
13935
54035
48376
13812
13935
13812
13935
135903
48376
55823
48376
135903
48376
20036
13935
13812
13935
135903
48376
54035
48376
135903
48376
250001
48376
13812
13935
44538
48376
55823
48376
20036
13935
55823
48376
54035
76590
25514
13935
29368
76590
13812
13935
147092
76590
135903
250001
20036
13935
250001
13935
190628
48376
190628
76590
45172
48376
20036
13935
54035
76590
13812
13935
13812
13935
135903
75129
55823
76590
135903
76590
20036
13935
13812
13935
135903
76590
54035
76590
135903
76590
190628
76590
13812
13935
44538
76590
55823
76590
20036
13935
55823
75129
25514
13935
29368
120063
13812
13935
54035
120063
54035
76590
20036
13935
54035
13935
54035
48376
54035
120063
45172
48376
20036
13935
78995
123517
13812
13935
13812
13935
54035
75129
54035
120063
54035
120063
20036
13935
13812
13935
54035
120063
78995
120063
54035
120063
54035
120063
13812
13935
44538
120063
54035
120063
20036
13935
54035
75129
25514
13935
13812
127182
25514
13935
25514
13935
20036
140633
25514
211771
25514
13935
25514
13935
25514
13935
20036
211920
25514
13935
13812
127182
13812
120063
25514
13935
25514
13935
25514
13935
20036
140633
13812
140254
25514
13935
25514
13935
25514
13935
25514
13935
13812
57172
25514
13935
25514
13935
20036
211920
25514
13935
13812
13935
29368
202435
29368
76590
20036
13935
29368
13935
29368
48376
29368
202435
29368
48376
20036
13935
29368
120063
13812
13935
13812
13935
29368
75129
29368
202435
29368
202435
20036
13935
13812
13935
29368
202435
29368
202435
29368
202435
29368
202435
13812
13935
29368
202435
29368
202435
20036
13935
29368
75129
13812
13935
13812
13935
13812
127182
13812
127182
13812
13935
13812
13935
13812
13935
13812
127182
13812
13935
250001
140254
38039
120063
13812
13935
13812
13935
13812
13935
13812
127182
52922
127182
13812
13935
13812
13935
13812
13935
13812
13935
95863
57172
13812
13935
13812
13935
13812
127182
13812
13935
135903
76590
20036
13935
147092
13935
147092
48376
147092
250001
45172
48376
20036
13935
54035
120063
13812
13935
13812
13935
135903
75129
55823
250001
135903
250001
20036
13935
13812
13935
135903
250001
54035
250001
135903
250001
147092
250001
13812
13935
44538
250001
55823
250001
20036
13935
55823
75129
20036
13935
135903
13935
135903
48376
135903
76590
45172
48376
20036
13935
54035
76590
13812
13935
13812
13935
250001
75129
55823
76590
250001
76590
20036
13935
13812
13935
250001
76590
54035
76590
250001
76590
135903
76590
13812
13935
44538
76590
55823
76590
20036
13935
55823
75129
20036
140633
20036
13935
20036
13935
20036
13935
44538
140633
20036
13935
13812
127182
13812
120063
20036
13935
20036
13935
20036
13935
52922
250001
13812
140254
20036
13935
20036
13935
20036
13935
20036
13935
13812
57172
20036
13935
20036
13935
54035
140633
20036
13935
190628
13935
190628
13935
45172
13935
20036
211771
54035
13935
13812
127182
13812
120063
135903
13935
55823
13935
135903
13935
20036
140633
13812
140254
135903
13935
54035
13935
135903
13935
190628
13935
13812
57172
44538
13935
55823
13935
20036
211771
55823
13935
250001
48376
45172
123517
20036
13935
54035
48376
13812
13935
13812
13935
135903
48376
55823
48376
135903
48376
20036
13935
13812
13935
135903
48376
54035
48376
135903
48376
250001
48376
13812
13935
44538
48376
55823
48376
20036
13935
55823
48376
45172
48376
20036
13935
54035
120063
13812
13935
13812
13935
135903
75129
55823
250001
135903
250001
20036
13935
13812
13935
135903
250001
54035
250001
135903
250001
250001
250001
13812
13935
44538
250001
55823
250001
20036
13935
55823
75129
20036
13935
45172
48376
13812
13935
13812
13935
45172
48376
45172
48376
45172
48376
20036
13935
13812
13935
45172
48376
45172
48376
45172
48376
45172
48376
13812
13935
44538
48376
45172
48376
20036
13935
45172
48376
20036
13935
13812
127182
13812
120063
20036
13935
20036
13935
20036
13935
44538
140633
13812
140254
20036
13935
20036
13935
20036
13935
20036
13935
13812
57172
20036
13935
20036
13935
44538
250001
20036
13935
13812
13935
13812
13935
54035
75129
54035
120063
54035
120063
20036
13935
13812
13935
54035
120063
206994
120063
54035
120063
54035
120063
13812
13935
44538
120063
54035
120063
20036
13935
54035
75129
38039
120063
13812
13935
13812
13935
13812
13935
13812
127182
52922
127182
13812
13935
13812
13935
13812
13935
13812
13935
95863
57172
13812
13935
13812
13935
13812
127182
13812
13935
13812
13935
13812
13935
13812
13935
13812
120063
38039
120063
13812
13935
13812
13935
13812
13935
13812
13935
38039
57172
13812
13935
13812
13935
13812
120063
13812
13935
55823
75129
250001
75129
20036
13935
13812
13935
250001
75129
54035
75129
250001
75129
135903
75129
13812
13935
44538
75129
55823
75129
20036
13935
55823
250001
55823
250001
20036
13935
13812
13935
55823
250001
54035
250001
55823
250001
55823
250001
13812
13935
44538
250001
68385
250001
20036
13935
68385
75129
20036
13935
13812
13935
250001
250001
54035
250001
250001
250001
135903
250001
13812
13935
44538
250001
55823
250001
20036
13935
55823
75129
13812
140254
20036
13935
20036
13935
20036
13935
20036
13935
13812
57172
20036
13935
20036
13935
52922
140633
20036
13935
13812
13935
13812
13935
13812
13935
13812
13935
52922
57172
13812
13935
13812
13935
13812
140254
13812
13935
54035
250001
250001
250001
135903
250001
13812
13935
44538
250001
55823
250001
20036
13935
55823
75129
54035
250001
54035
250001
13812
13935
44538
250001
54035
250001
20036
13935
54035
75129
135903
250001
13812
13935
44538
250001
55823
250001
20036
13935
55823
75129
13812
13935
44538
250001
55823
250001
20036
13935
55823
75129
13812
13935
13812
13935
13812
57172
13812
13935
44538
250001
20036
13935
44538
75129
20036
13935
148076
75129
20036
13935
