50548
137861
250001
137861
250001
62339
250001
59275
50548
137861
250001
137861
250001
62339
156884
53369
120890
59275
250001
137861
250001
137861
50548
33557
185936
46371
175944
137861
238344
137861
250001
137861
45963
46240
45963
46240
50548
53369
250001
134720
250001
53369
250001
137861
120890
137861
160993
59275
50548
137861
250001
53369
198457
46240
185936
137861
159229
33557
50548
134720
250001
137861
175944
116077
50548
250001
50548
62339
50548
59275
156884
250001
50548
157712
50548
62339
50548
53369
50548
59275
50548
150743
50548
171668
156884
33557
50548
46371
50548
157931
50548
149755
50548
157712
45963
46240
45963
46240
156884
53369
50548
134720
50548
53369
50548
250001
50548
157712
50548
59275
156884
250001
50548
53369
50548
46240
50548
250001
50548
33557
156884
134720
50548
250001
50548
116077
250001
62339
250001
59275
50548
250001
250001
157712
250001
62339
156884
53369
120890
59275
250001
150743
250001
171668
50548
33557
185936
46371
175944
157931
238344
149755
250001
157712
45963
46240
45963
46240
50548
53369
250001
134720
250001
53369
250001
250001
120890
157712
160993
59275
50548
250001
250001
53369
198457
46240
185936
250001
159229
33557
50548
134720
250001
250001
175944
116077
250001
59275
50548
62339
250001
62339
250001
157931
156884
53369
120890
59275
250001
62339
250001
62339
50548
33557
185936
46371
175944
62339
238344
62339
250001
62339
45963
46240
45963
46240
50548
53369
250001
62339
250001
53369
250001
62339
120890
62339
160993
59275
50548
62339
250001
53369
198457
46240
185936
62339
159229
33557
50548
62339
250001
62339
175944
62339
50548
59275
250001
59275
250001
59275
156884
53369
120890
250001
250001
59275
250001
59275
50548
33557
185936
46371
175944
59275
238344
59275
250001
59275
45963
46240
45963
46240
50548
53369
250001
59275
250001
53369
250001
59275
120890
59275
160993
158132
50548
59275
250001
53369
198457
46240
185936
59275
159229
33557
50548
59275
250001
59275
175944
59275
50548
157712
50548
62339
50548
53369
50548
59275
50548
150743
50548
171668
193297
33557
50548
46371
50548
157931
50548
149755
50548
157712
45963
46240
45963
46240
185936
53369
50548
134720
50548
53369
50548
250001
50548
157712
50548
59275
202301
250001
50548
53369
50548
46240
50548
250001
50548
33557
175944
134720
50548
250001
50548
116077
250001
62339
156884
53369
120890
59275
250001
150743
250001
157712
50548
33557
185936
46371
175944
157712
238344
149755
250001
250001
45963
46240
45963
46240
50548
53369
250001
134720
250001
53369
250001
157712
120890
250001
160993
59275
50548
157712
250001
53369
198457
46240
185936
157712
159229
33557
50548
134720
250001
157712
175944
116077
156884
53369
120890
59275
250001
62339
250001
62339
50548
33557
185936
46371
175944
62339
238344
62339
250001
62339
45963
46240
45963
46240
50548
53369
250001
62339
250001
53369
250001
62339
120890
62339
160993
59275
50548
62339
250001
53369
198457
46240
185936
62339
159229
33557
50548
62339
250001
62339
175944
62339
120890
53369
156884
53369
156884
53369
50548
33557
156884
46371
156884
53369
156884
53369
156884
53369
45963
46240
45963
46240
50548
250001
156884
53369
156884
250001
156884
53369
120890
53369
156884
53369
50548
53369
156884
250001
156884
46240
156884
53369
156884
33557
50548
53369
156884
53369
156884
53369
120890
59275
120890
59275
50548
33557
120890
46371
120890
59275
120890
59275
120890
59275
45963
46240
45963
46240
50548
53369
120890
59275
120890
53369
120890
59275
159229
59275
120890
158132
50548
59275
120890
53369
120890
46240
120890
59275
120890
33557
50548
59275
120890
59275
120890
59275
250001
150743
50548
33557
185936
46371
175944
150743
238344
149755
250001
150743
45963
46240
45963
46240
50548
53369
250001
134720
250001
53369
250001
150743
120890
150743
160993
59275
50548
150743
250001
53369
198457
46240
185936
150743
159229
33557
50548
134720
250001
150743
175944
116077
50548
33557
185936
46371
175944
157931
238344
149755
250001
157712
45963
46240
45963
46240
50548
53369
250001
134720
250001
53369
250001
171668
120890
157712
160993
59275
50548
171668
250001
53369
198457
46240
185936
171668
159229
33557
50548
134720
250001
171668
175944
116077
50548
33557
50548
33557
50548
33557
50548
33557
45963
33557
45963
33557
185936
33557
50548
33557
50548
33557
50548
33557
50548
33557
50548
33557
193297
33557
50548
33557
50548
33557
50548
33557
50548
59275
175944
33557
50548
33557
50548
33557
175944
46371
185936
46371
185936
46371
45963
46240
45963
46240
50548
46371
185936
46371
185936
46371
185936
46371
120890
46371
160993
46371
50548
46371
185936
46371
185936
46240
250001
46371
159229
33557
50548
46371
185936
46371
175944
46371
175944
149755
175944
157712
45963
46240
45963
46240
50548
53369
175944
134720
175944
53369
175944
157931
120890
157712
160993
59275
50548
157931
175944
53369
175944
46240
175944
157931
159229
33557
50548
134720
175944
157931
180226
116077
238344
149755
45963
46240
45963
46240
50548
53369
238344
134720
238344
53369
238344
149755
120890
149755
160993
59275
50548
149755
238344
53369
198457
46240
185936
149755
159229
33557
50548
134720
238344
149755
175944
116077
45963
46240
45963
46240
50548
53369
250001
134720
250001
53369
250001
157712
120890
250001
160993
59275
50548
157712
250001
53369
198457
46240
185936
157712
159229
33557
50548
134720
250001
157712
175944
116077
156884
157712
45963
46240
45963
46240
45963
46240
45963
46240
45963
46240
45963
46240
45963
46240
45963
46240
45963
250001
45963
46240
45963
33557
45963
46240
45963
46240
45963
46240
45963
46240
45963
46240
45963
46240
45963
46240
45963
46240
45963
46240
45963
46240
45963
46240
45963
157712
45963
46240
45963
33557
45963
46240
45963
46240
45963
46240
50548
53369
50548
250001
50548
53369
50548
53369
50548
53369
185936
53369
50548
250001
50548
46240
50548
53369
50548
33557
175944
53369
50548
53369
50548
53369
250001
53369
250001
134720
120890
134720
160993
59275
50548
134720
250001
53369
198457
46240
185936
134720
159229
33557
50548
250001
250001
134720
175944
116077
250001
53369
120890
53369
160993
53369
50548
53369
250001
250001
198457
46240
185936
53369
159229
33557
50548
53369
250001
53369
175944
53369
120890
157712
160993
59275
50548
250001
250001
53369
198457
46240
185936
250001
159229
33557
50548
134720
250001
250001
175944
116077
120890
59275
50548
157712
120890
53369
120890
46240
120890
157712
120890
33557
50548
134720
120890
157712
120890
116077
50548
59275
160993
53369
160993
46240
160993
59275
159229
33557
50548
59275
160993
59275
160993
59275
50548
53369
50548
46240
50548
250001
50548
33557
175944
134720
50548
250001
50548
116077
198457
46240
185936
53369
159229
33557
50548
53369
250001
53369
175944
53369
185936
46240
159229
33557
50548
46240
198457
46240
175944
46240
159229
33557
50548
134720
185936
250001
175944
116077
50548
33557
159229
33557
159229
33557
50548
134720
50548
116077
175944
116077
