12243
17503
30959
66081
30959
250001
30959
68619
30959
66081
111334
66081
30959
66081
30959
66081
30959
66081
30959
66081
30959
66081
30959
75452
30959
66081
30959
66081
30959
65036
30959
66081
30959
66081
30959
250001
30959
66081
30959
66081
30959
66081
30959
66081
30959
66081
30959
66081
30959
3003
30959
65036
12243
66081
30959
17503
28032
3003
30959
66081
30959
66081
30959
66081
16172
66081
30959
66081
28032
66081
28032
66081
30959
66081
30959
66081
12243
17503
12243
17503
12243
17503
12243
17503
12243
17503
12243
17503
12243
17503
12243
17503
12243
17503
12243
17503
12243
17503
12243
17503
12243
17503
12243
17503
12243
17503
12243
17503
12243
17503
12243
17503
12243
17503
12243
17503
12243
17503
12243
17503
12243
17503
12243
3003
12243
17503
16172
17503
12243
68619
12243
3003
12243
17503
12243
17503
12243
17503
12243
17503
12243
17503
12243
17503
12243
17503
12243
17503
12243
17503
179799
66081
218978
66081
149098
68619
30959
68619
216599
250001
114532
250001
218978
250001
107963
75452
218978
68619
218978
66081
110914
68619
218978
250001
185413
65036
216599
250001
107963
250001
218978
66081
94380
250001
218978
68619
218978
250001
218978
68619
65110
68619
218978
68619
219480
3003
110914
65036
12243
68619
218978
17503
28032
3003
185413
68619
109887
68619
149098
250001
16172
74626
164006
68619
28032
68619
28032
68619
65110
68619
219480
68619
179799
68619
149098
66081
30959
66081
179799
66081
114532
66081
179799
66081
107963
66081
179799
66081
179799
75452
110914
66081
179799
66081
179799
65036
179799
66081
107963
66081
179799
250001
94380
66081
179799
66081
179799
66081
179799
66081
65110
66081
179799
66081
179799
3003
110914
65036
12243
66081
179799
17503
28032
3003
179799
66081
109887
66081
149098
66081
16172
66081
164006
66081
28032
66081
28032
66081
65110
66081
179799
66081
149098
66081
30959
66081
216599
66081
114532
66081
250001
66081
107963
66081
250001
66081
250001
68619
110914
66081
226806
66081
185413
65036
216599
66081
107963
66081
250001
68619
94380
66081
226806
66081
226806
66081
220898
66081
65110
66081
250001
66081
218978
3003
110914
65036
12243
66081
250001
17503
28032
3003
185413
66081
109887
66081
149098
66081
16172
66081
164006
66081
28032
66081
28032
66081
65110
66081
218978
66081
30959
74626
149098
68619
114532
68619
149098
68619
107963
68619
149098
250001
149098
66081
110914
250001
149098
68619
149098
65036
149098
68619
107963
68619
149098
66081
94380
68619
149098
250001
149098
68619
149098
250001
65110
250001
149098
250001
149098
3003
110914
65036
12243
250001
149098
17503
28032
3003
149098
250001
109887
250001
149829
68619
16172
68619
149098
250001
28032
250001
28032
250001
65110
250001
149098
250001
30959
68619
30959
68619
30959
68619
30959
68619
30959
74626
30959
66081
30959
74626
30959
68619
30959
65036
30959
68619
30959
68619
30959
66081
30959
68619
30959
74626
30959
68619
30959
74626
30959
74626
30959
74626
30959
3003
30959
65036
12243
74626
30959
17503
28032
3003
30959
74626
30959
74626
30959
68619
16172
68619
30959
74626
28032
74626
28032
74626
30959
74626
30959
74626
114532
250001
216599
250001
107963
75452
216599
68619
216599
66081
110914
68619
216599
250001
185413
65036
238042
250001
107963
250001
216599
66081
94380
250001
216599
68619
216599
250001
216599
68619
65110
68619
216599
68619
216599
3003
110914
65036
12243
68619
216599
17503
28032
3003
185413
68619
109887
68619
149098
250001
16172
74626
164006
68619
28032
68619
28032
68619
65110
68619
216599
68619
114532
250001
107963
75452
114532
68619
114532
66081
110914
68619
114532
250001
114532
65036
114532
250001
107963
250001
114532
66081
94380
250001
114532
68619
114532
250001
114532
68619
65110
68619
114532
68619
114532
3003
110914
65036
12243
68619
114532
17503
28032
3003
114532
68619
109887
68619
114532
250001
16172
74626
114532
68619
28032
68619
28032
68619
65110
68619
114532
68619
107963
75452
250001
68619
250001
66081
110914
68619
226806
250001
185413
65036
216599
250001
107963
250001
250001
66081
94380
250001
226806
68619
226806
250001
220898
68619
65110
68619
250001
68619
218978
3003
110914
65036
12243
68619
250001
17503
28032
3003
185413
68619
109887
68619
149098
250001
16172
74626
164006
68619
28032
68619
28032
68619
65110
68619
218978
68619
107963
68619
107963
66081
107963
68619
107963
75452
107963
65036
107963
75452
116093
75452
107963
66081
94380
75452
107963
68619
107963
75452
107963
68619
65110
68619
107963
68619
107963
3003
107963
65036
12243
68619
107963
17503
28032
3003
107963
68619
107963
68619
107963
75452
16172
74626
107963
68619
28032
68619
28032
68619
65110
68619
107963
68619
250001
66081
110914
250001
226806
68619
185413
65036
216599
68619
107963
68619
250001
66081
94380
68619
226806
250001
226806
68619
220898
250001
65110
250001
250001
250001
218978
3003
110914
65036
12243
250001
250001
17503
28032
3003
185413
250001
109887
250001
149098
68619
16172
68619
164006
250001
28032
250001
28032
250001
65110
250001
218978
250001
110914
66081
226806
66081
185413
65036
216599
66081
107963
66081
250001
75452
94380
66081
226806
66081
226806
66081
220898
66081
65110
66081
250001
66081
218978
3003
110914
65036
12243
66081
250001
17503
28032
3003
185413
66081
109887
66081
149098
66081
16172
66081
164006
66081
28032
66081
28032
66081
65110
66081
218978
66081
110914
68619
110914
65036
110914
68619
107963
68619
110914
66081
94380
68619
110914
250001
110914
68619
110914
250001
65110
250001
110914
250001
110914
3003
111334
65036
12243
250001
110914
17503
28032
3003
110914
250001
109887
250001
110914
68619
16172
68619
110914
250001
28032
250001
28032
250001
65110
250001
110914
250001
185413
65036
216599
250001
107963
250001
226806
66081
94380
250001
250001
68619
250001
250001
220898
68619
65110
68619
226806
68619
218978
3003
110914
65036
12243
68619
226806
17503
28032
3003
185413
68619
109887
68619
149098
250001
16172
74626
164006
68619
28032
68619
28032
68619
65110
68619
218978
68619
185413
65036
107963
65036
185413
65036
94380
65036
185413
65036
185413
65036
185413
65036
65110
65036
185413
65036
185413
3003
110914
68619
12243
65036
185413
17503
28032
3003
190716
65036
109887
65036
149098
65036
16172
65036
164006
65036
28032
65036
28032
65036
65110
65036
185413
65036
107963
250001
216599
66081
94380
250001
216599
68619
216599
250001
216599
68619
65110
68619
216599
68619
216599
3003
110914
65036
12243
68619
216599
17503
28032
3003
185413
68619
109887
68619
149098
250001
16172
74626
164006
68619
28032
68619
28032
68619
65110
68619
216599
68619
107963
66081
94380
250001
107963
68619
107963
250001
107963
68619
65110
68619
107963
68619
107963
3003
107963
65036
12243
68619
107963
17503
28032
3003
107963
68619
107963
68619
107963
250001
16172
74626
107963
68619
28032
68619
28032
68619
65110
68619
107963
68619
94380
66081
226806
66081
226806
66081
220898
66081
65110
66081
250001
66081
218978
3003
110914
65036
12243
66081
250001
17503
28032
3003
185413
66081
109887
66081
149098
66081
16172
66081
164006
66081
28032
66081
28032
66081
65110
66081
218978
66081
94380
68619
94380
250001
94380
68619
65110
68619
94380
68619
94380
3003
94380
65036
12243
68619
94380
17503
28032
3003
94380
68619
94380
68619
94380
250001
16172
74626
94380
68619
28032
68619
28032
68619
65110
68619
94380
68619
250001
68619
220898
250001
65110
250001
226806
250001
218978
3003
110914
65036
12243
250001
226806
17503
28032
3003
185413
250001
109887
250001
149098
68619
16172
68619
164006
250001
28032
250001
28032
250001
65110
250001
218978
250001
220898
68619
65110
68619
226806
68619
218978
3003
110914
65036
12243
68619
226806
17503
28032
3003
185413
68619
109887
68619
149098
250001
16172
74626
164006
68619
28032
68619
28032
68619
65110
68619
218978
68619
65110
250001
220898
250001
218978
3003
110914
65036
12243
250001
220898
17503
28032
3003
185413
250001
109887
250001
149098
68619
16172
68619
164006
250001
28032
250001
28032
250001
65110
250001
218978
250001
65110
250001
65110
3003
65110
65036
12243
250001
65110
17503
28032
3003
65110
250001
65110
250001
65110
68619
16172
68619
65110
250001
28032
250001
28032
250001
250001
250001
65110
250001
218978
3003
110914
65036
12243
250001
250001
17503
28032
3003
185413
250001
109887
250001
149098
68619
16172
68619
164006
250001
28032
250001
28032
250001
65110
250001
218978
250001
110914
3003
12243
3003
218978
3003
28032
68619
185413
3003
109887
3003
149098
3003
16172
3003
164006
3003
28032
3003
28032
3003
65110
3003
250001
3003
12243
65036
110914
17503
28032
3003
110914
65036
109887
65036
110914
65036
16172
65036
110914
65036
28032
65036
28032
65036
65110
65036
110914
65036
12243
17503
12243
3003
12243
250001
12243
250001
12243
68619
12243
68619
12243
250001
12243
250001
12243
250001
12243
250001
12243
250001
28032
3003
185413
17503
109887
17503
149098
17503
16172
17503
164006
17503
28032
17503
28032
17503
65110
17503
218978
17503
28032
3003
28032
3003
28032
3003
16172
3003
28032
3003
67763
3003
31044
3003
28032
3003
28032
3003
109887
250001
149098
68619
16172
68619
164006
250001
28032
250001
28032
250001
65110
250001
185413
250001
109887
68619
16172
68619
109887
250001
28032
250001
28032
250001
65110
250001
109887
250001
16172
74626
149098
68619
28032
68619
28032
68619
65110
68619
149098
68619
16172
68619
16172
68619
16172
68619
16172
68619
16172
68619
28032
250001
28032
250001
65110
250001
164006
250001
31044
250001
28032
250001
28032
250001
28032
250001
28032
250001
65110
250001
