70027
25055
103038
25055
250001
63248
103038
63248
81817
63248
250001
63248
101108
52665
250001
63248
70027
25055
51335
63248
103038
63248
228739
63248
50944
63248
50944
63248
103038
71638
101108
25055
228739
63248
62023
63248
52224
63248
250001
63248
103038
63248
71822
63248
51335
63248
103038
63248
250001
25055
250001
25055
51689
63248
103038
63248
169650
63248
250001
52665
203590
52665
103038
63248
221810
63248
70027
35307
70027
25055
70027
25055
70027
25055
70027
25055
70027
25055
70027
25055
250001
176577
51335
25055
70027
25055
70027
25055
50944
25055
50944
25055
70027
25055
70027
35307
70027
25055
62023
25055
52224
25055
70027
25055
70027
25055
70027
25055
51335
25055
70027
25055
70027
35307
70027
35307
51689
25055
70027
25055
70027
25055
70027
25055
70027
25055
70027
25055
70027
25055
103038
25055
169663
25055
81817
25055
103038
25055
101108
25055
103038
25055
70027
35307
51335
25055
110378
25055
103038
25055
50944
25055
50944
25055
110378
25055
101108
71638
103038
25055
62023
25055
52224
25055
103038
25055
110378
25055
71822
25055
51335
25055
110378
25055
103038
112858
103038
94281
51689
25055
110378
25055
103038
25055
103038
25055
103038
25055
110378
25055
103038
25055
103038
110470
81817
110470
250001
72843
101108
52665
250001
110470
70027
25055
51335
110470
103038
110470
228739
110470
50944
110470
50944
71945
103038
63248
101108
25055
228739
110470
62023
110470
52224
110470
250001
110470
103038
110470
71822
110470
51335
110470
103038
110470
250001
25055
250001
25055
51689
110470
103038
110470
169650
110470
250001
52665
203590
52665
103038
110470
221810
110470
81817
161414
103038
72843
101108
52665
103038
161414
70027
25055
51335
161414
110378
161414
103038
161980
50944
161414
50944
71945
110378
63248
101108
25055
103038
111615
62023
161414
52224
162073
103038
161414
110378
161414
71822
156935
51335
161414
110378
161414
103038
25055
103038
25055
51689
161414
110378
161414
103038
161414
103038
52665
103038
52665
110378
161414
103038
161414
81817
72843
81817
52665
81817
162755
70027
25055
51335
162755
81817
162755
81817
161414
50944
162755
50944
71945
81817
63248
81817
25055
81817
111615
62023
162755
52224
161414
81817
162755
81817
162755
71822
156935
51335
162755
81817
162755
81817
25055
81817
25055
51689
162755
81817
162755
81817
162755
81817
52665
81817
52665
81817
162755
81817
162755
101108
52665
250001
72843
70027
25055
51335
72843
103038
72843
228739
72843
50944
72843
50944
71945
103038
63248
101108
25055
228739
72843
62023
72843
52224
72843
250001
72843
103038
72843
71822
72843
51335
72843
103038
72843
250001
25055
250001
25055
51689
72843
103038
72843
169650
72843
250001
52665
203590
52665
103038
72843
221810
72843
101108
52665
70027
25055
51335
52665
101108
52665
101108
52665
50944
52665
50944
52665
101108
52665
250001
25055
101108
52665
62023
52665
52224
52665
101108
52665
101108
52665
71822
52665
51335
52665
101108
52665
101108
25055
101108
25055
51689
52665
101108
52665
101108
52665
101108
110470
101108
173464
101108
52665
101108
52665
70027
25055
51335
178096
103038
162928
228739
161414
50944
174416
50944
71945
103038
63248
101108
25055
228739
111615
62023
173464
52224
161414
250001
178096
103038
190280
71822
156935
51335
190280
103038
190280
250001
25055
250001
25055
51689
190280
103038
190280
169650
173464
250001
52665
203590
52665
103038
190280
221810
178096
51335
25055
70027
25055
70027
25055
50944
25055
50944
25055
70027
25055
70027
35307
70027
25055
62023
25055
52224
25055
70027
25055
70027
25055
70027
25055
51335
25055
70027
25055
70027
35307
70027
35307
51689
25055
70027
25055
70027
25055
70027
25055
70027
25055
70027
25055
70027
25055
51335
162928
51335
161414
50944
174416
50944
71945
51335
63248
51335
25055
51335
111615
51335
173464
51335
161414
51335
211352
51335
178096
51335
156935
101650
178096
51335
178096
51335
25055
51335
25055
51335
178096
51335
178096
51335
173464
51335
52665
51335
52665
51335
178096
51335
211352
103038
161414
50944
162928
50944
71945
250001
63248
101108
25055
103038
111615
62023
162928
52224
161414
103038
162928
250001
162928
71822
156935
51335
162928
250001
162928
103038
25055
103038
25055
51689
162928
111403
162928
103038
162928
103038
52665
103038
52665
250001
162928
103038
162928
50944
161414
50944
71945
103038
63248
101108
25055
250001
111615
62023
161414
52224
161980
228739
161414
103038
161414
71822
156935
51335
161414
103038
161414
228739
25055
228739
25055
51689
161414
103038
161414
169650
161414
228739
52665
203590
52665
103038
161414
221810
161414
250001
71945
50944
63248
50944
25055
50944
111615
50944
173464
50944
161414
50944
174416
50944
174416
50944
156935
50944
174416
50944
174416
50944
25055
50944
25055
50944
174416
50944
174416
50944
173464
50944
52665
50944
52665
50944
174416
50944
174416
50944
63248
50944
25055
50944
71945
50944
71945
50944
71945
50944
71945
50944
71945
50944
71945
50944
71945
50944
71945
50944
25055
50944
25055
50944
71945
50944
71945
50944
71945
50944
52665
50944
52665
50944
71945
50944
71945
101108
25055
103038
63248
62023
63248
52224
63248
103038
63248
250001
63248
71822
63248
51335
63248
250001
63248
103038
25055
103038
25055
51689
63248
111403
63248
103038
63248
103038
52665
103038
52665
250001
63248
103038
63248
101108
25055
62023
25055
52224
25055
101108
25055
101108
25055
71822
25055
51335
25055
101108
25055
101108
71638
101108
71638
51689
25055
101108
25055
101108
25055
101108
25055
101108
25055
101108
25055
101108
25055
62023
111615
52224
111615
228739
111615
103038
111615
71822
111615
51335
111615
103038
111615
228739
25055
228739
25055
51689
111615
103038
111615
169650
111615
228739
52665
203590
52665
103038
111615
221810
111615
52224
161414
62023
173464
62023
173464
62023
156935
51335
173464
62023
173464
62023
25055
62023
25055
51689
173464
62023
173464
62023
174348
62023
52665
62023
52665
62023
173464
62023
173464
52224
161414
52224
161414
52224
156935
51335
161414
52224
161414
52224
25055
52224
25055
51689
161414
52224
161414
52224
161414
52224
52665
52224
52665
52224
161414
52224
161414
103038
178096
71822
156935
71822
156935
51335
178096
51335
250001
103038
178096
250001
250001
250001
25055
103038
25055
250001
25055
103038
25055
51689
178096
51689
250001
103038
178096
111403
250001
169650
173464
103038
173464
250001
52665
103038
52665
203590
52665
103038
52665
103038
178096
250001
212645
221810
235868
103038
178096
51335
156935
71822
156935
71822
25055
71822
25055
51689
156935
71822
156935
71822
156935
71822
52665
71822
52665
71822
156935
71822
156935
51335
250001
51335
25055
51335
25055
51335
250001
51335
250001
51335
173464
51335
52665
51335
52665
51335
212645
51335
178096
103038
25055
103038
25055
51689
250001
111403
250001
103038
173464
103038
52665
103038
52665
250001
212645
103038
178096
250001
94281
51689
25055
103038
25055
169650
25055
250001
25055
203590
25055
103038
25055
221810
25055
51689
25055
103038
25055
169650
25055
250001
25055
203590
25055
103038
25055
221810
25055
51689
250001
51689
173464
51689
52665
51689
52665
51689
212645
51689
178096
103038
173464
103038
52665
103038
52665
111403
212645
103038
178096
169650
52665
169650
52665
103038
173464
169650
173464
203590
110470
103038
52665
221810
52665
103038
52665
203590
52665
103038
178096
