12270
6875
19170
34966
12270
6875
12270
6875
12019
6875
12270
6875
19170
34966
12270
6875
12019
6875
11553
6875
37040
119513
12019
6875
12270
6875
12019
6875
12019
6875
11553
34966
20842
34744
12019
6875
12270
6875
20842
34744
12270
6875
19170
56386
12270
6875
12270
6875
12270
6875
12270
6875
11553
34966
12270
6875
12270
6875
12270
6875
12270
6875
11553
34744
12270
6875
12270
6875
29466
20253
29466
20253
12019
20253
79167
37263
12270
6875
83904
91085
12019
20253
11553
91085
12270
6875
12019
20253
83904
39089
12019
20253
12019
20253
11553
6875
12270
6875
12019
20253
35221
91085
12270
6875
83904
39089
12270
6875
51826
91085
19130
20253
83904
91085
79167
77411
11553
6875
35221
39089
79167
39089
19130
20253
35221
20253
11553
6875
35221
91085
12270
6875
12270
6875
12019
6875
12270
6875
66303
77411
12270
6875
12019
6875
11553
6875
19170
34966
12019
6875
12270
6875
12019
6875
12019
6875
11553
148311
19170
34744
12019
6875
12270
6875
19170
34744
12270
6875
66303
34966
12270
6875
12270
6875
12270
6875
12270
6875
11553
77411
12270
6875
12270
6875
12270
6875
12270
6875
11553
34744
12270
6875
78827
44174
12019
154477
29466
20253
12270
6875
29466
20253
12019
154477
11553
20253
12270
6875
12019
207463
29466
20253
12019
154477
12019
187721
11553
6875
12270
6875
12019
144028
29466
20253
12270
6875
29466
20253
12270
6875
29466
20253
19130
32078
29466
20253
29466
20253
11553
6875
29466
20253
29466
20253
19130
32078
29466
33408
11553
6875
29466
20253
12019
44174
29466
20253
12270
6875
29466
20253
12019
44174
11553
20253
12270
6875
12019
44174
29466
20253
12019
44174
12019
44174
11553
6875
12270
6875
12019
44174
29466
20253
12270
6875
29466
20253
12270
6875
29466
20253
19130
32078
29466
20253
29466
20253
11553
6875
29466
20253
29466
20253
19130
32078
29466
33408
11553
6875
29466
20253
12019
20253
12019
6875
12019
20253
37040
243542
11553
20253
12019
6875
37040
154477
12019
20253
37040
250001
37040
154477
11553
6875
12019
6875
37040
144028
12019
20253
12019
6875
12019
20253
12019
6875
12019
20253
12019
32078
12019
20253
12019
20253
11553
6875
12019
20253
12019
20253
12019
32078
12019
33408
11553
6875
12019
20253
12270
6875
79167
37263
12019
20253
11553
37263
12270
6875
12019
20253
79167
37263
12019
20253
12019
20253
11553
6875
12270
6875
12019
20253
35221
37263
12270
6875
79167
37263
12270
6875
51826
37263
19130
20253
79167
37263
104383
37263
11553
6875
35221
37263
250001
37263
19130
20253
35221
20253
11553
6875
35221
37263
12270
6875
12019
6875
11553
6875
19170
34966
12019
6875
12270
6875
12019
6875
12019
6875
11553
77411
19170
34744
12019
6875
12270
6875
19170
34744
12270
6875
142673
34966
12270
6875
12270
6875
12270
6875
12270
6875
11553
144028
12270
6875
12270
6875
12270
6875
12270
6875
11553
34744
12270
6875
12019
20253
11553
111847
12270
6875
12019
20253
106777
39089
12019
20253
12019
20253
11553
6875
12270
6875
12019
20253
35221
250001
12270
6875
250001
39089
12270
6875
51826
111847
19130
20253
221342
250001
79167
77411
11553
6875
35221
39089
79167
39089
19130
20253
35221
20253
11553
6875
35221
250001
11553
20253
12019
6875
63619
154477
12019
20253
250001
243542
43921
154477
11553
6875
12019
6875
68104
144028
12019
20253
12019
6875
12019
20253
12019
6875
12019
20253
12019
32078
12019
20253
12019
20253
11553
6875
12019
20253
12019
20253
12019
32078
12019
33408
11553
6875
12019
20253
11553
6875
11553
20253
11553
39089
11553
20253
11553
20253
12270
6875
11553
6875
11553
20253
11553
111847
11553
6875
11553
39089
11553
6875
11553
160476
11553
20253
11553
111847
11553
77411
12270
6875
11553
39089
11553
39089
11553
20253
11553
20253
12270
6875
11553
111847
12019
6875
12270
6875
12019
6875
12019
6875
11553
34966
20842
34744
12019
6875
12270
6875
20842
34744
12270
6875
19170
56386
12270
6875
12270
6875
12270
6875
12270
6875
11553
34966
12270
6875
12270
6875
12270
6875
12270
6875
11553
34744
12270
6875
12019
20253
63619
154477
43921
187721
11553
6875
12019
6875
63619
144028
12019
20253
12019
6875
12019
20253
12019
6875
12019
20253
12019
32078
12019
20253
12019
20253
11553
6875
12019
20253
12019
20253
12019
32078
12019
33408
11553
6875
12019
20253
12019
20253
12019
20253
11553
6875
12270
6875
12019
20253
35221
39089
12270
6875
106777
250001
12270
6875
51826
39089
19130
20253
106777
39089
79167
39089
11553
6875
35221
250001
79167
250001
19130
20253
35221
20253
11553
6875
35221
39089
43921
154477
11553
6875
12019
6875
68104
144028
12019
20253
12019
6875
12019
20253
12019
6875
12019
20253
12019
32078
12019
20253
12019
20253
11553
6875
12019
20253
12019
20253
12019
32078
12019
33408
11553
6875
12019
20253
11553
6875
12019
6875
43921
144028
12019
20253
12019
6875
12019
20253
12019
6875
12019
20253
12019
32078
12019
20253
12019
20253
11553
6875
12019
20253
12019
20253
12019
32078
12019
33408
11553
6875
12019
20253
11553
34744
11553
6875
11553
6875
11553
34744
11553
6875
11553
34966
11553
6875
11553
6875
11553
6875
11553
6875
78827
77411
11553
6875
11553
6875
11553
6875
11553
6875
19170
34744
11553
6875
12019
6875
12270
6875
67534
188629
12270
6875
19170
34744
12270
6875
12270
6875
12270
6875
12270
6875
11553
34744
12270
6875
12270
6875
12270
6875
12270
6875
11553
133509
12270
6875
12019
20253
12019
6875
12019
20253
12019
6875
12019
20253
12019
32078
12019
20253
12019
20253
11553
6875
12019
20253
12019
20253
12019
32078
12019
33408
11553
6875
12019
20253
12270
6875
35221
39089
12270
6875
35221
111847
19130
20253
35221
250001
35221
77411
11553
6875
44855
39089
35221
39089
19130
20253
43921
20253
11553
6875
43921
250001
12270
6875
19170
34744
12270
6875
12270
6875
12270
6875
12270
6875
11553
34744
12270
6875
12270
6875
12270
6875
12270
6875
11553
133509
12270
6875
12270
6875
51826
39089
19130
20253
221342
39089
79167
39089
11553
6875
35221
250001
79167
250001
19130
20253
35221
20253
11553
6875
35221
39089
12270
6875
12270
6875
12270
6875
12270
6875
11553
34966
12270
6875
12270
6875
12270
6875
12270
6875
11553
34744
12270
6875
19130
20253
51826
111847
51826
77411
11553
6875
35221
39089
51826
39089
19130
20253
35221
20253
11553
6875
35221
111847
19130
20253
19130
20253
11553
6875
19130
20253
19130
20253
250001
37263
19130
32078
11553
6875
19130
20253
79167
77411
11553
6875
35221
39089
79167
39089
19130
20253
35221
20253
11553
6875
35221
250001
11553
6875
35221
39089
104383
39089
19130
20253
35221
20253
11553
6875
35221
77411
11553
6875
11553
6875
11553
6875
11553
6875
19170
34744
11553
6875
35221
250001
19130
20253
43921
20253
11553
6875
43921
39089
19130
20253
35221
20253
11553
6875
35221
39089
19130
32078
11553
6875
19130
20253
11553
6875
53426
20253
11553
6875
