142132
93624
142132
89975
142132
93624
142132
93624
66990
93624
142132
93624
142132
93624
142132
89975
142132
93624
142132
92828
142132
93624
142132
93371
142132
93624
142132
93624
142132
93624
142132
89975
142132
93624
142132
93624
124544
93624
142132
93624
142132
93371
142132
250001
142132
93624
142132
93624
142132
93624
142132
93624
66990
93624
142132
93624
124544
93624
142132
93624
142132
93624
142132
93624
154205
89975
154205
95087
154205
104219
66990
102221
154205
95087
154205
104219
154205
89975
154205
104219
154205
92828
154205
104219
154205
93371
154205
104219
154205
95442
154205
95442
154205
89975
154205
95836
154205
95325
124544
104219
154205
104219
154205
93371
143179
93624
154205
104219
154205
94870
154205
104219
143179
104219
66990
104219
154205
104219
124544
104219
154205
104219
154205
104219
154205
104219
154608
89975
250001
89975
66990
89975
225006
89975
250001
89975
235752
92828
250001
89975
238057
89975
225715
89975
154608
89975
201663
89975
250001
89975
250001
89975
182133
92828
201663
89975
201663
89975
124544
89975
154608
89975
250001
89975
143179
89975
250001
89975
182133
89975
203888
89975
143179
89975
66990
89975
250001
89975
124544
89975
250001
89975
250001
89975
154608
89975
154608
95087
66990
95087
154608
95776
154608
95087
154608
89975
154608
95087
154608
92828
154608
95087
201663
93371
154608
95087
154608
95087
154608
95087
154608
89975
154608
95087
154608
95087
124544
95087
225715
95087
154608
93371
143179
93624
154608
95087
154608
94870
154608
95087
143179
95087
66990
95087
154608
95087
124544
95087
154608
95087
154608
95087
203888
95087
66990
102221
225006
95087
250001
129702
235752
89975
250001
129702
238057
92828
225715
129702
154608
93371
201663
129702
250001
95442
250001
95442
182133
89975
201663
95836
201663
95325
124544
129702
154608
185876
250001
93371
143179
93624
250001
185876
182133
94870
203888
129605
143179
185876
66990
104764
250001
129702
124544
129702
250001
129702
250001
129702
154608
185876
66990
95087
66990
102221
66990
89975
66990
102221
66990
92828
66990
102221
66990
93371
66990
102221
66990
95442
66990
95442
66990
89975
66990
95836
66990
95325
66990
102221
66990
102221
66990
93371
66990
93624
66990
102221
66990
94870
66990
102221
66990
102221
162104
102221
66990
102221
66990
102221
66990
102221
66990
102221
66990
102221
225006
95087
225006
89975
225006
95087
225006
92828
225006
95087
154608
93371
201663
95087
225006
95087
225006
95087
182133
89975
201663
95087
201663
95087
124544
95087
154608
95087
225006
93371
143179
93624
225006
95087
182133
94870
203888
95087
143179
95087
66990
95087
225006
95087
124544
95087
225006
95087
225006
95087
154608
95087
235752
89975
250001
250001
235752
89975
238057
92828
235752
89975
225715
250001
225715
89975
154608
93371
154608
89975
201663
250001
201663
89975
250001
95442
235752
89975
250001
95442
235752
89975
182133
89975
182133
93624
201663
95836
201663
89975
201663
95325
201663
89975
124544
229235
124544
89975
154608
129702
154608
89975
250001
93371
235752
89975
143179
93624
143179
89975
250001
129702
235752
89975
182133
94870
182133
89975
203888
129605
203888
89975
143179
129702
143179
89975
66990
104764
66990
89975
250001
229235
235752
89975
124544
250001
124544
89975
250001
250001
235752
89975
250001
250001
235752
89975
154608
129702
154608
89975
238057
92828
225715
250001
154608
93371
201663
250001
250001
95442
250001
95442
182133
89975
201663
95836
201663
95325
124544
229235
154608
129702
250001
93371
143179
93624
250001
129702
182133
94870
203888
129605
143179
129702
66990
104764
250001
229235
124544
250001
250001
250001
250001
250001
154608
129702
225715
92828
154608
92828
201663
92828
238057
92828
238057
92828
182133
89975
201663
92828
201663
92828
124544
92828
154608
92828
238057
92828
143179
92828
238057
92828
182133
92828
203888
92828
143179
92828
66990
92828
238057
92828
124544
92828
238057
92828
238057
92828
154608
92828
154608
93371
201663
250001
225715
95442
225715
95442
182133
89975
201663
95836
201663
95325
124544
229235
154608
129702
225715
93371
143179
93624
225715
129702
182133
94870
203888
129605
143179
129702
66990
104764
225715
229235
124544
250001
225715
250001
225715
250001
154608
129702
154608
93371
154608
93371
154608
93371
154608
89975
154608
93371
154608
93371
124544
93371
201663
93371
154608
93624
143179
93371
154608
93371
154608
93371
154608
93371
143179
93371
66990
93371
154608
93371
124544
93371
154608
93371
154608
93371
201663
93371
201663
95442
201663
95442
182133
89975
225006
95836
250001
95325
124544
229235
154608
129702
201663
93371
143179
93624
201663
129702
182133
94870
201663
129605
143179
129702
66990
104764
201663
229235
124544
250001
201663
250001
201663
250001
154608
129702
250001
95518
182133
89975
201663
95442
201663
95325
124544
95442
154608
95442
250001
93371
143179
93624
250001
95442
182133
94870
203888
95442
143179
95442
66990
95442
250001
95442
124544
95442
250001
95442
250001
95442
154608
95442
182133
89975
201663
95442
201663
95325
124544
95442
154608
95442
250001
93371
143179
93624
250001
95442
182133
94870
203888
95442
143179
95442
66990
95442
250001
95442
124544
95442
250001
95442
250001
95442
154608
95442
182133
89975
182133
89975
124544
89975
154608
89975
182133
89975
143179
89975
182133
89975
250001
89975
182133
89975
143179
89975
66990
89975
182133
89975
124544
89975
182133
89975
182133
89975
154608
89975
225006
95325
124544
95836
154608
95836
201663
93371
143179
93624
201663
95836
182133
94870
201663
95836
143179
95836
66990
95836
201663
95836
124544
95836
201663
95836
201663
95836
154608
95836
124544
95325
154608
95325
201663
93371
143179
93624
201663
95325
182133
94870
201663
95325
143179
95325
66990
95325
201663
95325
124544
95325
201663
95325
201663
95325
154608
95325
124544
129702
124544
93371
124544
93624
124544
129702
124544
94870
124544
129605
124544
129702
66990
104764
124544
250001
142132
229235
124544
229235
124544
229235
124544
129702
154608
93371
143179
93624
154608
229235
154608
94870
154608
129605
143179
250001
66990
104764
154608
129702
124544
129702
154608
129702
154608
129702
203888
250001
143179
93371
250001
93371
182133
93371
203888
93371
143179
93371
66990
93371
250001
93371
124544
93371
250001
93371
250001
93371
154608
93371
143179
93624
143179
93624
143179
93624
201663
93624
66990
93624
143179
93624
124544
93624
143179
93624
143179
93624
143179
93624
182133
94870
203888
129605
143179
229235
66990
104764
250001
129702
124544
129702
250001
129702
250001
129702
154608
229235
182133
94870
143179
94870
66990
94870
182133
94870
124544
94870
182133
94870
182133
94870
154608
94870
143179
129605
66990
104764
203888
129605
124544
129605
203888
129605
203888
129605
154608
129605
66990
104764
143179
129702
124544
129702
143179
129702
143179
129702
143179
250001
66990
104764
66990
104764
66990
104764
66990
104764
66990
104764
124544
229235
250001
229235
250001
229235
154608
129702
124544
250001
124544
250001
124544
129702
250001
250001
154608
129702
154608
129702
