227137
109215
33547
109215
250001
109215
33547
109215
33547
109215
250001
109215
250001
109215
250001
109215
194422
109215
76166
20454
250001
20454
33547
107566
250001
13113
250001
20454
227137
13113
250001
109215
33547
23791
33547
109215
33547
20454
76166
109215
33547
13113
250001
20454
194422
109215
194422
109215
250001
109215
33547
109215
250001
109215
250001
109215
227137
109215
250001
109215
134541
109215
250001
109215
203314
109215
33547
250001
227137
114684
33547
250001
33547
250001
227137
250001
227137
111126
227137
111126
194422
170589
76166
20454
227137
20454
33547
107566
227137
13113
227137
20454
250001
13113
227137
250001
33547
23791
33547
250001
33547
20454
76166
250001
33547
13113
227137
20454
194422
113081
194422
170589
227137
170589
33547
250001
227137
250001
227137
111126
230174
116309
227137
111126
134541
250001
227137
111126
203314
209503
33547
114684
211950
250001
211950
250001
33547
250001
33547
111126
33547
111126
33547
170589
33547
20454
33547
20454
211950
107566
33547
13113
33547
20454
33547
13113
33547
250001
211950
23791
211950
250001
176558
20454
33547
250001
211950
13113
33547
20454
33547
113081
33547
170589
33547
170589
211950
250001
33547
250001
33547
111126
33547
116309
33547
111126
33547
250001
33547
111126
33547
209503
33547
114684
33547
114684
250001
114684
250001
111126
250001
111126
194422
114684
76166
20454
250001
20454
33547
107566
250001
13113
250001
20454
227137
13113
250001
114684
33547
23791
33547
114684
33547
20454
76166
114684
33547
13113
250001
20454
194422
113081
194422
114684
250001
114684
33547
114684
250001
114684
250001
111126
227137
114684
250001
111126
134541
114684
250001
111126
203314
114684
231391
250001
33547
250001
33547
111126
33547
111126
33547
170589
33547
20454
33547
20454
250001
107566
33547
13113
33547
20454
33547
13113
33547
250001
250001
23791
250001
250001
176558
20454
33547
250001
250001
13113
33547
20454
33547
113081
33547
170589
33547
170589
250001
250001
33547
250001
33547
111126
33547
116309
33547
111126
33547
250001
33547
111126
33547
209503
33547
250001
33547
111126
33547
111126
33547
170589
33547
20454
33547
20454
231391
107566
33547
13113
33547
20454
33547
13113
33547
250001
231391
23791
231391
250001
176558
20454
33547
250001
231391
13113
33547
20454
33547
113081
33547
170589
33547
170589
231391
250001
33547
250001
33547
111126
33547
116309
33547
111126
33547
250001
33547
111126
33547
209503
250001
111126
250001
111126
194422
170589
76166
20454
250001
20454
33547
107566
250001
13113
250001
20454
227137
13113
250001
250001
33547
23791
33547
250001
33547
20454
76166
250001
33547
13113
250001
20454
194422
113081
194422
170589
250001
170589
33547
250001
250001
250001
250001
111126
227137
116309
250001
111126
134541
250001
250001
111126
203314
209503
250001
124761
194422
111126
76166
20454
250001
20454
33547
107566
250001
13113
250001
20454
227137
13113
250001
111126
33547
23791
33547
111126
33547
20454
76166
111126
33547
13113
250001
20454
194422
111126
194422
111126
250001
111126
33547
111126
250001
111126
250001
250001
227137
111126
250001
124761
134541
111126
250001
124761
203314
111126
194422
111126
76166
20454
250001
20454
33547
107566
250001
13113
250001
20454
227137
13113
250001
111126
33547
23791
33547
111126
33547
20454
76166
111126
33547
13113
250001
20454
194422
111126
194422
111126
250001
111126
33547
111126
250001
111126
250001
124761
227137
111126
250001
150277
134541
111126
250001
209503
203314
111126
76166
20454
194422
20454
33547
107566
194422
13113
194422
20454
194422
13113
194422
170589
33547
23791
33547
170589
33547
20454
76166
170589
33547
13113
194422
20454
249953
113081
250001
250001
194422
250001
33547
170589
194422
170589
194422
111126
194422
116309
194422
111126
134541
170589
194422
111126
194422
170589
76166
58371
33547
20454
76166
13113
76166
111126
76166
13113
76166
20454
33547
20454
33547
20454
33547
23791
134541
20454
33547
13113
76166
47633
76166
20454
76166
20454
76166
20454
33547
20454
76166
20454
76166
20454
76166
20454
76166
20454
76166
20454
76166
20454
76166
20454
33547
20454
250001
13113
250001
58371
227137
13113
250001
20454
33547
20454
33547
20454
33547
23791
76166
20454
33547
13113
250001
47633
194422
20454
194422
20454
250001
20454
33547
20454
250001
20454
250001
20454
227137
20454
250001
20454
134541
20454
250001
20454
203314
20454
33547
13113
33547
20454
33547
13113
33547
107566
250001
23791
250001
107566
176558
20454
33547
107566
250001
13113
33547
20454
33547
107566
33547
107566
33547
107566
250001
107566
33547
107566
33547
107566
33547
107566
33547
107566
33547
107566
33547
107566
33547
107566
250001
13113
227137
58371
250001
13113
33547
13113
33547
13113
33547
13113
76166
13113
33547
20454
250001
13113
194422
13113
194422
13113
250001
13113
33547
13113
250001
13113
250001
13113
227137
13113
250001
13113
134541
13113
250001
13113
203314
13113
227137
13113
250001
20454
33547
20454
33547
20454
33547
23791
76166
20454
33547
13113
250001
47633
194422
20454
194422
20454
250001
20454
33547
20454
250001
20454
250001
20454
227137
20454
250001
20454
134541
20454
250001
20454
203314
20454
227137
13113
33547
13113
33547
13113
33547
13113
76166
13113
33547
20454
227137
13113
194422
13113
194422
13113
227137
13113
33547
13113
227137
13113
227137
13113
230174
13113
227137
13113
134541
13113
227137
13113
203314
13113
33547
23791
33547
250001
33547
20454
76166
250001
33547
13113
250001
20454
194422
113081
194422
170589
250001
170589
33547
250001
250001
250001
250001
111126
227137
116309
250001
111126
134541
250001
250001
111126
203314
209503
250001
23791
176558
20454
33547
23791
250001
13113
33547
20454
33547
23791
33547
23791
33547
23791
250001
23791
33547
23791
33547
23791
33547
23791
33547
23791
33547
23791
33547
23791
33547
23791
176558
20454
33547
250001
250001
13113
33547
20454
33547
113081
33547
170589
33547
170589
250001
250001
33547
250001
33547
111126
33547
116309
33547
111126
33547
250001
33547
111126
33547
209503
33547
20454
176558
13113
33547
23791
33547
20454
33547
20454
33547
20454
176558
20454
33547
20454
33547
20454
33547
20454
33547
20454
33547
20454
33547
20454
33547
20454
33547
13113
76166
20454
76166
113081
76166
170589
76166
170589
33547
250001
76166
250001
76166
111126
76166
116309
76166
111126
76166
250001
76166
111126
76166
209503
33547
13113
33547
13113
33547
13113
33547
13113
250001
13113
33547
13113
33547
13113
33547
13113
33547
13113
33547
13113
33547
13113
33547
13113
194422
20454
194422
20454
250001
20454
33547
20454
250001
20454
250001
20454
227137
20454
250001
20454
134541
20454
250001
20454
203314
20454
249953
113081
194422
113081
33547
113081
194422
113081
194422
111126
194422
113081
194422
111126
134541
113081
194422
111126
194422
113081
194422
250001
33547
170589
194422
170589
194422
111126
194422
116309
194422
111126
134541
170589
194422
111126
194422
170589
33547
170589
250001
170589
250001
111126
227137
116309
250001
111126
134541
170589
250001
111126
203314
170589
33547
250001
33547
111126
33547
116309
33547
111126
33547
250001
33547
111126
33547
209503
250001
111126
227137
116309
250001
111126
134541
250001
250001
111126
203314
209503
227137
111126
250001
124761
134541
111126
250001
124761
203314
111126
227137
111126
134541
116309
227137
111126
203314
116309
134541
111126
250001
150277
203314
111126
134541
111126
134541
209503
203314
111126
