54372
14319
95095
7911
95095
14319
35830
90872
95095
90872
95095
90872
95095
84984
65974
7911
23713
54059
22039
54059
22039
54059
54372
90872
95156
7911
30520
90872
95095
90872
95095
90872
26685
90872
23503
45702
22039
90872
95095
90872
95095
90872
68485
90872
22039
90872
94049
49524
49230
33956
95095
90872
95095
90872
70337
90872
102062
90872
54372
33956
95095
49649
65974
45488
35830
90872
95095
7911
54372
45702
22039
90872
31724
90872
95095
90872
87025
90872
95095
49524
70337
84956
95095
90872
22039
14319
54372
14319
95095
90872
36186
90872
94049
84956
95095
33956
22039
90872
95095
90872
95095
90872
48808
90872
66684
45488
95095
67862
95095
90872
95095
45702
94049
121730
6133
90872
54408
45488
40952
90872
95095
77428
22039
46352
22039
62953
95095
90872
95095
90872
54372
90872
6133
54059
56684
33956
95095
90872
95095
87253
87025
90872
67307
47741
95095
90872
54372
7911
54372
33956
35830
14319
54372
14319
54372
14319
54372
14319
54372
7911
23713
14319
22039
14319
22039
14319
95095
14319
54372
7911
30520
14319
54372
14319
54372
14319
26685
14319
23503
14319
22039
14319
54372
14319
54372
14319
54372
14319
22039
14319
54372
14319
49230
14319
54372
14319
54372
14319
54372
14319
54372
14319
117112
14319
54372
14319
54372
14319
35830
14319
54372
7911
123342
14319
22039
14319
31724
14319
54372
14319
54372
14319
54372
14319
54372
14319
54372
14319
22039
190503
106541
33956
54372
14319
36186
14319
54372
14319
54372
14319
22039
14319
54372
14319
54372
14319
48808
14319
54372
14319
54372
14319
54372
14319
54372
14319
54372
14319
6133
14319
54372
14319
40952
14319
54372
14319
22039
14319
22039
14319
54372
14319
54372
14319
122848
14319
6133
14319
54372
14319
54372
14319
54372
14319
54372
14319
54372
14319
54372
14319
116522
7911
35830
7911
116522
7911
116522
7911
116522
7911
65974
250001
23713
7911
22039
7911
22039
7911
54372
7911
95095
14319
30520
7911
96115
7911
116522
7911
26685
7911
23503
7911
22039
7911
109865
7911
116522
7911
68485
7911
22039
7911
94049
7911
49230
7911
116522
7911
116522
7911
70337
7911
95095
7911
54372
7911
116522
7911
65974
7911
35830
7911
116522
202837
54372
7911
22039
7911
31724
7911
116522
7911
87025
7911
116522
7911
70337
7911
116522
7911
22039
7911
54372
7911
116522
7911
36186
7911
94049
7911
116522
7911
22039
7911
116522
7911
116522
7911
48808
7911
66684
7911
116522
7911
116522
7911
116522
7911
94049
7911
6133
7911
54408
7911
40952
7911
112972
7911
22039
7911
22039
7911
116522
7911
116522
7911
54372
7911
6133
7911
56684
7911
116522
7911
102350
7911
87025
7911
67307
7911
116522
7911
35830
14319
122735
14319
136727
14319
125586
14319
65974
7911
23713
14319
22039
14319
22039
14319
54372
14319
95095
7911
30520
14319
96115
14319
127252
14319
26685
14319
23503
14319
22039
14319
109865
14319
117235
14319
68485
14319
22039
14319
94049
14319
49230
14319
122848
14319
124651
14319
70337
14319
95095
14319
54372
14319
127252
14319
65974
14319
35830
14319
122417
7911
54372
14319
22039
14319
31724
14319
117112
14319
87025
14319
250001
14319
70337
14319
122894
14319
22039
33956
54372
45702
157340
14319
36186
14319
94049
14319
122894
14319
22039
14319
250001
14319
117112
14319
48808
14319
66684
14319
122417
14319
157340
14319
175689
14319
94049
14319
6133
14319
54408
14319
40952
14319
112972
14319
22039
14319
22039
14319
123342
14319
122608
14319
54372
14319
6133
14319
56684
14319
123342
14319
102350
14319
87025
14319
67307
14319
250001
14319
35830
142191
35830
98430
35830
84984
35830
7911
23713
54059
22039
54059
22039
54059
35830
142191
35830
7911
30520
142191
35830
136749
35830
142191
26685
142191
23503
45702
22039
142191
35830
142191
35830
142191
35830
142191
22039
121730
35830
49524
35830
33956
35830
142191
35830
142191
35830
142191
35830
142191
35830
33956
35830
49649
35830
45488
55916
142191
35830
7911
35830
45702
22039
142191
31724
142191
35830
142191
35830
142191
35830
49524
35830
84956
35830
142191
22039
14319
35830
14319
35830
95503
35830
142191
35830
84956
35830
33956
22039
142191
35830
142191
35830
95503
35830
142191
35830
45488
35830
67862
35830
121730
35830
45702
35830
90872
6133
99867
35830
45488
35830
142191
35830
77428
22039
46352
22039
62953
35830
142191
35830
142191
35830
142191
6133
54059
35830
33956
35830
142191
35830
87253
35830
91578
35830
47741
35830
95503
122735
98430
122735
84984
65974
7911
23713
54059
22039
54059
22039
54059
54372
152998
95095
7911
30520
152998
96115
136749
122735
152998
26685
152998
23503
45702
22039
152998
109865
152998
117235
152998
68485
152998
22039
121730
94049
49524
49230
33956
122735
142880
122735
152481
70337
152998
95095
152998
54372
33956
122735
49649
65974
45488
35830
152998
122417
7911
54372
45702
22039
152998
31724
152998
117112
152998
87025
152998
122735
49524
70337
84956
122735
154005
22039
14319
54372
14319
122735
95503
36186
152998
94049
84956
122735
33956
22039
152998
122735
150056
117112
95503
48808
152998
66684
45488
122417
67862
122735
121730
122735
45702
94049
90872
6133
99867
54408
45488
40952
152998
112972
77428
22039
46352
22039
62953
122735
152998
122608
152998
54372
152998
6133
54059
56684
33956
122735
152998
102350
87253
87025
91578
67307
47741
122735
95503
125586
84984
65974
7911
23713
54059
22039
54059
22039
54059
54372
98430
95095
7911
30520
98430
96115
98430
127252
98430
26685
98430
23503
45702
22039
98430
109865
98430
117235
98430
68485
98430
22039
98430
94049
49524
49230
33956
122848
98430
124651
98430
70337
98430
95095
98430
54372
33956
127252
49649
65974
45488
35830
98430
122417
7911
54372
45702
22039
98430
31724
98430
117112
98430
87025
98430
136727
49524
70337
84956
122894
98430
22039
14319
54372
14319
136727
95503
36186
98430
94049
84956
122894
33956
22039
98430
136727
98430
117112
95503
48808
98430
66684
45488
122417
67862
136727
98430
136727
45702
94049
90872
6133
98430
54408
45488
40952
98430
112972
77428
22039
46352
22039
62953
123342
98430
122608
98430
54372
98430
6133
54059
56684
33956
123342
98430
102350
87253
87025
91578
67307
47741
136727
95503
65974
7911
23713
54059
22039
54059
22039
54059
54372
84984
95095
7911
30520
84984
96115
84984
125586
84984
26685
84984
23503
45702
22039
84984
109865
84984
117235
84984
68485
84984
22039
84984
94049
49524
49230
33956
122848
84984
124651
84984
70337
84984
95095
84984
54372
33956
125586
49649
65974
45488
35830
84984
122417
7911
54372
45702
22039
84984
31724
84984
117112
84984
87025
84984
125586
49524
70337
84956
122894
84984
22039
14319
54372
14319
125586
84984
36186
84984
94049
84956
122894
33956
22039
84984
125586
84984
117112
84984
48808
84984
66684
45488
122417
67862
125586
84984
125586
45702
94049
84984
6133
84984
54408
45488
40952
84984
112972
77428
22039
46352
22039
62953
123342
84984
122608
84984
54372
84984
6133
54059
56684
33956
123342
84984
102350
84984
87025
84984
67307
47741
125586
84984
23713
7911
22039
7911
22039
7911
54372
7911
65974
14319
30520
7911
65974
7911
65974
7911
26685
7911
23503
7911
22039
7911
65974
7911
65974
7911
65974
7911
22039
7911
65974
7911
49230
7911
65974
7911
65974
7911
65974
7911
65974
7911
54372
7911
65974
7911
67363
7911
35830
7911
65974
202837
54372
7911
22039
7911
31724
7911
65974
7911
65974
7911
65974
7911
65974
7911
65974
7911
22039
7911
54372
7911
65974
7911
36186
7911
65974
7911
65974
7911
22039
7911
65974
7911
65974
7911
48808
7911
65974
7911
65974
7911
65974
7911
65974
7911
65974
7911
6133
7911
54408
7911
40952
7911
65974
7911
22039
7911
22039
7911
65974
7911
65974
7911
54372
7911
6133
7911
56684
7911
65974
7911
65974
7911
65974
7911
65974
7911
65974
7911
22039
221458
22039
221458
23713
54059
23713
7911
23713
54059
23713
54059
23713
54059
23713
54059
23503
45702
22039
54059
23713
54059
23713
54059
23713
54059
22039
54059
23713
49524
23713
33956
23713
54059
23713
54059
23713
54059
23713
54059
23713
33956
23713
49649
23713
45488
23713
54059
23713
7911
23713
45702
22039
54059
23713
54059
23713
54059
23713
54059
23713
49524
23713
54059
23713
54059
22039
14319
23713
14319
23713
54059
23713
54059
23713
54059
23713
33956
22039
54059
23713
54059
23713
54059
23713
54059
23713
45488
23713
54059
23713
54059
23713
45702
23713
54059
6133
54059
23713
45488
23713
54059
23713
54059
22039
46352
22039
54059
23713
54059
23713
54059
23713
54059
6133
73823
23713
33956
23713
54059
23713
54059
23713
54059
23713
47741
23713
54059
22170
221667
22039
54059
22039
7911
22039
54059
22039
54059
22039
54059
22039
54059
22039
45702
22170
54059
22039
54059
22039
54059
22039
54059
22170
54059
22039
49524
22039
33956
22039
54059
22039
54059
22039
54059
22039
54059
22039
33956
22039
49649
22039
45488
22039
54059
22039
7911
22039
45702
22170
54059
22039
54059
22039
54059
22039
54059
22039
49524
22039
54059
22039
54059
22170
14319
22039
14319
22039
54059
22039
54059
22039
54059
22039
33956
22170
54059
22039
54059
22039
54059
22039
54059
22039
45488
22039
54059
22039
54059
22039
45702
22039
54059
6133
54059
22039
45488
22039
54059
22039
54059
45808
46352
22170
54059
22039
54059
22039
54059
22039
54059
6133
73823
22039
33956
22039
54059
22039
54059
22039
54059
22039
47741
22039
54059
22039
54059
22039
7911
22039
54059
22039
54059
22039
54059
22039
54059
22039
45702
24302
54059
22039
54059
22039
54059
22039
54059
23503
54059
22039
49524
22039
33956
22039
54059
22039
54059
22039
54059
22039
54059
22039
33956
22039
49649
22039
45488
22039
54059
22039
7911
22039
45702
24302
54059
22039
54059
22039
54059
22039
54059
22039
49524
22039
54059
22039
54059
23713
14319
22039
14319
22039
54059
22039
54059
22039
54059
22039
33956
24302
54059
22039
54059
22039
54059
22039
54059
22039
45488
22039
54059
22039
54059
22039
45702
22039
54059
6133
54059
22039
45488
22039
54059
22039
54059
22170
46352
23713
54059
22039
54059
22039
54059
22039
54059
6133
73823
22039
33956
22039
54059
22039
54059
22039
54059
22039
47741
22039
54059
54372
7911
30520
158807
54372
136749
54372
158807
26685
158807
23503
45702
22039
158807
54372
158807
54372
158807
54372
158807
22039
121730
54372
49524
49230
33956
54372
142880
54372
152481
54372
158807
54372
158807
95095
33956
54372
49649
54372
45488
35830
158807
54372
7911
95095
45702
22039
154005
31724
158807
54372
154005
54372
158807
54372
49524
54372
84956
54372
152998
22039
14319
95095
14319
54372
95503
36186
158807
54372
84956
54372
33956
22039
158807
54372
150056
54372
95503
48808
158807
54372
45488
54372
67862
54372
121730
54372
45702
54372
90872
6133
99867
54372
45488
40952
158807
54372
77428
22039
46352
22039
62953
54372
158807
54372
158807
95095
158807
6133
54059
54372
33956
54372
154005
54372
87253
54372
91578
54372
47741
54372
95503
30520
7911
95095
7911
95095
7911
26685
7911
23503
7911
22039
7911
95095
7911
95095
7911
68485
7911
22039
7911
94049
7911
49230
7911
95095
7911
95095
7911
70337
7911
95156
7911
54372
7911
95095
7911
65974
7911
35830
7911
95095
14319
54372
7911
22039
7911
31724
7911
95095
7911
87025
7911
95095
7911
70337
7911
95095
7911
22039
7911
54372
7911
95095
7911
36186
7911
94049
7911
95095
7911
22039
7911
95095
7911
95095
7911
48808
7911
66684
7911
95095
7911
95095
7911
95095
7911
94049
7911
6133
7911
54408
7911
40952
7911
95095
7911
22039
7911
22039
7911
95095
7911
95095
7911
54372
7911
6133
7911
56684
7911
95095
7911
95095
7911
87025
7911
67307
7911
95095
7911
30520
136749
30520
201891
26685
199617
23503
45702
22039
199617
30520
172553
30520
199719
30520
199617
22039
121730
30520
49524
30520
33956
30520
142880
30520
152481
30520
199719
30520
199617
30520
33956
30520
49649
30520
45488
30520
199617
30520
7911
30520
45702
22039
154005
30520
199617
30520
154005
30520
199617
30520
49524
30520
84956
30520
152998
22039
14319
30520
14319
30520
95503
30520
199617
30520
84956
30520
33956
22039
199617
30520
150056
30520
95503
30520
199719
30520
45488
30520
67862
30520
121730
30520
45702
30520
90872
6133
99867
30520
45488
30520
191292
30520
77428
22039
46352
22039
62953
30520
201891
30520
185300
30520
194575
6133
54059
30520
33956
30520
154005
30520
87253
30520
91578
30520
47741
30520
95503
96115
136749
26685
136749
23503
45702
22039
136749
96115
136749
96115
136749
68485
136749
22039
121730
94049
49524
49230
33956
96115
136749
96115
136749
70337
136749
95095
136749
54372
33956
96115
49649
65974
45488
35830
136749
96115
7911
54372
45702
22039
136749
31724
136749
96115
136749
87025
136749
96115
49524
70337
84956
96115
136749
22039
14319
54372
14319
96115
95503
36186
136749
94049
84956
96115
33956
22039
136749
96115
136749
96115
95503
48808
136749
66684
45488
96115
67862
96115
121730
96115
45702
94049
90872
6133
99867
54408
45488
40952
136749
96115
77428
22039
46352
22039
62953
96115
136749
96115
136749
54372
136749
6133
54059
56684
33956
96115
136749
96115
87253
87025
91578
67307
47741
96115
95503
26685
199617
23503
45702
22039
199617
109865
172553
117235
199719
68485
199617
22039
121730
94049
49524
49230
33956
122848
142880
124651
152481
70337
199719
95095
199617
54372
33956
132108
49649
65974
45488
35830
199617
122417
7911
54372
45702
22039
154005
31724
199617
117112
154005
87025
199617
127252
49524
70337
84956
122894
152998
22039
14319
54372
14319
127252
95503
36186
199617
94049
84956
122894
33956
22039
199617
127252
150056
117112
95503
48808
199719
66684
45488
122417
67862
127252
121730
127252
45702
94049
90872
6133
99867
54408
45488
40952
191292
112972
77428
22039
46352
22039
62953
123342
202352
122608
185300
54372
194575
6133
54059
56684
33956
123342
154005
102350
87253
87025
91578
67307
47741
127252
95503
23503
45702
22039
250001
26685
172553
26685
199617
26685
250001
22039
121730
26685
49524
26685
33956
26685
142880
26685
152481
26685
199617
26685
224642
26685
33956
26685
49649
26685
45488
26685
250001
26685
7911
26685
45702
22039
154005
26685
224153
26685
154005
26685
250001
26685
49524
26685
84956
26685
152998
22039
14319
26685
14319
26685
95503
26685
221458
26685
84956
26685
33956
22039
242663
26685
150056
26685
95503
26685
199617
26685
45488
26685
67862
26685
121730
26685
45702
26685
90872
6133
99867
26685
45488
26685
191292
26685
77428
22039
46352
22039
62953
26685
199617
26685
185300
26685
194575
6133
54059
26685
33956
26685
154005
26685
87253
26685
91578
26685
47741
26685
95503
22039
45702
23503
45702
23503
45702
23503
45702
22039
45702
23503
45702
23503
33956
23503
45702
23503
45702
23503
45702
23503
45702
23503
33956
23503
45702
23503
45488
23503
45702
23503
7911
23503
84657
22039
45702
23503
45702
23503
45702
23503
45702
23503
45702
23503
45702
23503
45702
22039
14319
23503
14319
23503
45702
23503
45702
23503
45702
23503
33956
22039
45702
23503
45702
23503
45702
23503
45702
23503
45488
23503
45702
23503
45702
23503
69585
23503
45702
6133
45702
23503
45488
23503
45702
23503
45702
22039
45702
22039
45702
23503
45702
23503
45702
23503
45702
6133
45702
23503
33956
23503
45702
23503
45702
23503
45702
23503
45702
23503
45702
22039
172553
22039
199617
22039
250001
23503
121730
22039
49524
22039
33956
22039
142880
22039
152481
22039
199617
22039
224642
22039
33956
22039
49649
22039
45488
22039
250001
22039
7911
22039
45702
25553
154005
22039
224153
22039
154005
22039
250001
22039
49524
22039
84956
22039
152998
23713
14319
22039
14319
22039
95503
22039
221458
22039
84956
22039
33956
25553
242663
22039
150056
22039
95503
22039
199617
22039
45488
22039
67862
22039
121730
22039
45702
22039
90872
6133
99867
22039
45488
22039
191292
22039
77428
22170
46352
23713
62953
22039
199617
22039
185300
22039
194575
6133
54059
22039
33956
22039
154005
22039
87253
22039
91578
22039
47741
22039
95503
109865
172553
68485
172553
22039
121730
94049
49524
49230
33956
109865
142880
109865
152481
70337
172553
95095
172553
54372
33956
109865
49649
65974
45488
35830
172553
109865
7911
54372
45702
22039
154005
31724
172553
109865
154005
87025
172553
109865
49524
70337
84956
109865
152998
22039
14319
54372
14319
109865
95503
36186
172553
94049
84956
109865
33956
22039
172553
109865
150056
109865
95503
48808
172553
66684
45488
109865
67862
109865
121730
109865
45702
94049
90872
6133
99867
54408
45488
40952
172553
109865
77428
22039
46352
22039
62953
109865
172553
109865
172553
54372
172553
6133
54059
56684
33956
109865
154005
102350
87253
87025
91578
67307
47741
109865
95503
68485
199617
22039
121730
94049
49524
49230
33956
117235
142880
117235
152481
70337
204967
95095
199617
54372
33956
117235
49649
65974
45488
35830
199617
117235
7911
54372
45702
22039
154005
31724
199617
117112
154005
87025
199617
117235
49524
70337
84956
117235
152998
22039
14319
54372
14319
117235
95503
36186
199617
94049
84956
117235
33956
22039
199617
117235
150056
117112
95503
48808
242519
66684
45488
117235
67862
117235
121730
117235
45702
94049
90872
6133
99867
54408
45488
40952
191292
112972
77428
22039
46352
22039
62953
117235
199719
117235
185300
54372
194575
6133
54059
56684
33956
117235
154005
102350
87253
87025
91578
67307
47741
117235
95503
22039
121730
68485
49524
49230
33956
68485
142880
68485
152481
68485
199617
68485
224642
54372
33956
68485
49649
65974
45488
35830
250001
68485
7911
54372
45702
22039
154005
31724
224153
68485
154005
68485
250001
68485
49524
68485
84956
68485
152998
22039
14319
54372
14319
68485
95503
36186
221458
68485
84956
68485
33956
22039
242663
68485
150056
68485
95503
48808
199617
66684
45488
68485
67862
68485
121730
68485
45702
68485
90872
6133
99867
54408
45488
40952
191292
68485
77428
22039
46352
22039
62953
68485
199617
68485
185300
54372
194575
6133
54059
56684
33956
68485
154005
68485
87253
68485
91578
67307
47741
68485
95503
22039
49524
22039
33956
22039
121730
22039
121730
22039
121730
22039
121730
22039
33956
22039
49649
22039
45488
22039
121730
22039
7911
22039
45702
23503
121730
22039
121730
22039
121730
22039
121730
22039
49524
22039
84956
22039
121730
23503
14319
22039
14319
22039
95503
22039
121730
22039
84956
22039
33956
23503
121730
22039
121730
22039
95503
22039
121730
22039
45488
22039
67862
22039
123369
22039
45702
22039
90872
6133
99867
22039
45488
22039
121730
22039
77428
22170
46352
23503
62953
22039
121730
22039
121730
22039
121730
6133
54059
22039
33956
22039
121730
22039
87253
22039
91578
22039
47741
22039
95503
49230
33956
94049
49524
94049
49524
70337
49524
94049
49524
54372
33956
94049
49524
65974
45488
35830
49524
94049
7911
54372
45702
22039
49524
31724
49524
94049
49524
87025
49524
94049
63212
70337
49524
94049
49524
22039
14319
54372
14319
94049
49524
36186
49524
95095
49524
94049
33956
22039
49524
94049
49524
94049
49524
48808
49524
66684
45488
94049
49524
94049
49524
94049
45702
95095
49524
6133
49524
54408
45488
40952
49524
94049
49524
22039
46352
22039
49524
94049
49524
94049
49524
54372
49524
6133
49524
56684
33956
94049
49524
94049
49524
87025
49524
67307
47741
94049
49524
49230
33956
49230
33956
49230
33956
49230
33956
49230
50242
49230
33956
49230
33956
35830
33956
49230
7911
49230
33956
22039
33956
31724
33956
49230
33956
49230
33956
49230
33956
49230
33956
49230
33956
22039
14319
49230
14319
49230
33956
36186
33956
49230
33956
49230
50242
22039
33956
49230
33956
49230
33956
48808
33956
49230
33956
49230
33956
49230
33956
49230
33956
49230
33956
6133
33956
49230
33956
40952
33956
49230
33956
22039
33956
22039
33956
49230
33956
49230
33956
49230
33956
6133
33956
49230
50242
49230
33956
49230
33956
49230
33956
49230
33956
49230
33956
122848
142880
70337
142880
95095
142880
54372
33956
122848
49649
65974
45488
35830
142880
122417
7911
54372
45702
22039
142880
31724
142880
117112
142880
87025
142880
122848
49524
70337
84956
122848
142880
22039
14319
54372
14319
122848
95503
36186
142880
94049
84956
122848
33956
22039
142880
122848
142880
117112
95503
48808
142880
66684
45488
122417
67862
122848
121730
122848
45702
94049
90872
6133
99867
54408
45488
40952
142880
112972
77428
22039
46352
22039
62953
122848
142880
122608
142880
54372
142880
6133
54059
56684
33956
122848
142880
102350
87253
87025
91578
67307
47741
122848
95503
70337
152481
95095
152481
54372
33956
124651
49649
65974
45488
35830
152481
122417
7911
54372
45702
22039
152481
31724
152481
117112
152481
87025
152481
124651
49524
70337
84956
122894
152481
22039
14319
54372
14319
124651
95503
36186
152481
94049
84956
122894
33956
22039
152481
124651
150056
117112
95503
48808
152481
66684
45488
122417
67862
124651
121730
124651
45702
94049
90872
6133
99867
54408
45488
40952
152481
112972
77428
22039
46352
22039
62953
123342
152481
122608
152481
54372
152481
6133
54059
56684
33956
123342
152481
102350
87253
87025
91578
67307
47741
124651
95503
70337
199617
54372
33956
70337
49649
65974
45488
35830
199617
70337
7911
54372
45702
22039
154005
31724
199617
70337
154005
70337
199617
70337
49524
94049
84956
70337
152998
22039
14319
54372
14319
70337
95503
36186
199617
70337
84956
70337
33956
22039
199617
70337
150056
70337
95503
48808
204967
66684
45488
70337
67862
70337
121730
70337
45702
70337
90872
6133
99867
54408
45488
40952
191292
70337
77428
22039
46352
22039
62953
70337
199719
70337
185300
54372
194575
6133
54059
56684
33956
70337
154005
70337
87253
70337
91578
67307
47741
70337
95503
54372
33956
95095
49649
65974
45488
35830
224642
95095
7911
54372
45702
22039
154005
31724
224153
95095
154005
87025
224642
95095
49524
70337
84956
95095
152998
22039
14319
54372
14319
95095
95503
36186
221458
94049
84956
95095
33956
22039
224642
95095
150056
95095
95503
48808
199617
66684
45488
95095
67862
95095
121730
95095
45702
94049
90872
6133
99867
54408
45488
40952
191292
95095
77428
22039
46352
22039
62953
95095
199617
95095
185300
54372
194575
6133
54059
56684
33956
95095
154005
95095
87253
87025
91578
67307
47741
95095
95503
54372
33956
54372
33956
35830
33956
54372
7911
117112
33956
22039
33956
31724
33956
54372
33956
54372
33956
54372
33956
54372
33956
54372
33956
22039
14319
106541
14319
54372
33956
36186
33956
54372
33956
54372
152998
22039
33956
54372
33956
54372
33956
48808
33956
54372
33956
54372
33956
54372
33956
54372
33956
54372
33956
6133
33956
54372
33956
40952
33956
54372
33956
22039
33956
22039
33956
54372
33956
54372
33956
117112
33956
6133
33956
54372
54059
54372
33956
54372
33956
54372
33956
54372
33956
54372
33956
65974
45488
35830
49649
122417
7911
54372
45702
22039
49649
31724
49649
117112
49649
87025
49649
127252
49524
70337
49649
122894
49649
22039
14319
54372
14319
127252
49649
36186
49649
94049
49649
122894
33956
22039
49649
127252
49649
117112
49649
48808
49649
66684
45488
122417
49649
127252
49649
127252
45702
94049
49649
6133
49649
54408
45488
40952
49649
112972
49649
22039
46352
22039
49649
123342
49649
122608
49649
54372
49649
6133
49649
56684
33956
123342
49649
102350
49649
87025
49649
67307
47741
127252
49649
35830
45488
65974
7911
54372
45488
22039
45488
31724
45488
65974
45488
65974
45488
65974
45488
65974
45488
65974
45488
22039
14319
54372
14319
65974
45488
36186
45488
65974
45488
65974
33956
22039
45488
65974
45488
65974
45488
48808
45488
65974
62949
65974
45488
65974
45488
65974
45488
65974
45488
6133
45488
54408
53809
40952
45488
65974
45488
22039
45488
22039
45488
65974
45488
65974
45488
54372
45488
6133
45488
56684
33956
65974
45488
65974
45488
65974
45488
65974
45488
65974
45488
35830
7911
35830
45702
22039
154005
31724
224153
35830
154005
35830
250001
35830
49524
35830
84956
35830
152998
22039
14319
35830
14319
35830
95503
35830
221458
35830
84956
35830
33956
22039
242663
35830
150056
35830
95503
35830
199617
35830
45488
35830
67862
35830
121730
35830
45702
35830
90872
6133
99867
35830
45488
35830
191292
35830
77428
22039
46352
22039
62953
35830
199617
35830
185300
35830
194575
6133
54059
35830
33956
35830
154005
35830
87253
35830
91578
35830
47741
35830
95503
54372
7911
22039
7911
31724
7911
117112
7911
87025
7911
122417
7911
70337
7911
122417
7911
22039
7911
54372
7911
122417
7911
36186
7911
94049
7911
122417
7911
22039
7911
122417
7911
117112
7911
48808
7911
66684
7911
122735
7911
122417
7911
122417
7911
94049
7911
6133
7911
54408
7911
40952
7911
112972
7911
22039
7911
22039
7911
122417
7911
122417
7911
54372
7911
6133
7911
56684
7911
122417
7911
102350
7911
87025
7911
67307
7911
122417
7911
22039
45702
31724
45702
54372
45702
54372
45702
54372
45702
54372
45702
54372
45702
22039
14319
106541
14319
54372
45702
36186
45702
54372
45702
54372
33956
22039
45702
54372
45702
54372
45702
48808
45702
54372
45488
54372
45702
54372
45702
54372
69585
54372
45702
6133
45702
54372
45488
40952
45702
54372
45702
22039
45702
22039
45702
54372
45702
54372
45702
122848
45702
6133
45702
54372
33956
54372
45702
54372
45702
54372
45702
54372
45702
54372
45702
22039
154005
22039
154742
22039
154005
22039
49524
22039
84956
22039
152998
23713
14319
22039
14319
22039
95503
22039
154005
22039
84956
22039
33956
122608
154005
22039
150056
22039
95503
22039
154005
22039
45488
22039
67862
22039
121730
22039
45702
22039
90872
6133
99867
22039
45488
22039
154005
22039
77428
22170
46352
23713
62953
22039
154005
22039
154005
22039
154005
6133
54059
22039
33956
22039
177061
22039
87253
22039
91578
22039
47741
22039
95503
31724
154005
31724
224153
31724
49524
31724
84956
31724
152998
22039
14319
31724
14319
31724
95503
31724
221458
31724
84956
31724
33956
22039
224153
31724
150056
31724
95503
31724
199617
31724
45488
31724
67862
31724
121730
31724
45702
31724
90872
6133
99867
31724
45488
31724
191292
31724
77428
22039
46352
22039
62953
31724
199617
31724
185300
31724
194575
6133
54059
31724
33956
31724
154005
31724
87253
31724
91578
31724
47741
31724
95503
87025
154005
117112
49524
70337
84956
117112
152998
22039
14319
54372
14319
117112
95503
36186
154005
94049
84956
117112
33956
22039
154005
117112
150056
122848
95503
48808
154005
66684
45488
117112
67862
117112
121730
117112
45702
94049
90872
6133
99867
54408
45488
40952
154005
112972
77428
22039
46352
22039
62953
117112
154005
117112
154005
54372
154005
6133
54059
56684
33956
117112
154742
102350
87253
87025
91578
67307
47741
117112
95503
87025
49524
70337
84956
87025
152998
22039
14319
54372
14319
87025
95503
36186
221458
87025
84956
87025
33956
22039
242663
87025
150056
87025
95503
48808
199617
66684
45488
87025
67862
87025
121730
87025
45702
87025
90872
6133
99867
54408
45488
40952
191292
87025
77428
22039
46352
22039
62953
87025
199617
87025
185300
54372
194575
6133
54059
56684
33956
87025
154005
87025
87253
117112
91578
67307
47741
87025
95503
70337
49524
122894
49524
22039
14319
54372
14319
157340
49524
36186
49524
94049
49524
122894
33956
22039
49524
250001
49524
117112
49524
48808
49524
66684
45488
122417
49524
157340
49524
175689
45702
94049
49524
6133
49524
54408
45488
40952
49524
112972
49524
22039
46352
22039
49524
123342
49524
122608
49524
54372
49524
6133
49524
56684
33956
123342
49524
102350
49524
87025
49524
67307
47741
250001
49524
70337
84956
22039
14319
54372
14319
70337
84956
36186
84956
70337
84984
70337
33956
22039
84956
70337
84956
70337
84956
48808
84956
66684
45488
70337
67862
70337
84956
70337
45702
70337
84956
6133
84956
54408
45488
40952
84956
70337
77428
22039
46352
22039
62953
70337
84956
70337
84956
54372
84956
6133
54059
56684
33956
70337
84956
70337
84956
70337
84956
67307
47741
70337
84956
22039
14319
54372
14319
122894
95503
36186
152998
94049
84956
124651
33956
22039
152998
122894
150056
117112
95503
48808
152998
66684
45488
122417
67862
122894
121730
122894
45702
94049
90872
6133
99867
54408
45488
40952
152998
112972
77428
22039
46352
22039
62953
122894
152998
122608
152998
54372
152998
6133
54059
56684
33956
122894
152998
102350
87253
87025
91578
67307
47741
122894
95503
22039
33956
22039
14319
22039
14319
22039
14319
22039
14319
23713
14319
22039
14319
22039
14319
22039
14319
22039
14319
22039
14319
22039
14319
22039
14319
22039
14319
6133
14319
22039
14319
22039
14319
22039
14319
22170
14319
25929
14319
22039
14319
22039
14319
22039
14319
6133
14319
22039
14319
22039
14319
22039
14319
22039
14319
22039
14319
22039
14319
54372
14319
36186
14319
54372
14319
54372
14319
22039
14319
54372
14319
54372
14319
48808
14319
54372
14319
54372
14319
54372
14319
54372
14319
54372
14319
6133
14319
54372
14319
40952
14319
54372
14319
22039
14319
22039
14319
54372
14319
54372
14319
106541
14319
6133
14319
54372
14319
54372
14319
54372
14319
54372
14319
54372
14319
54372
14319
36186
95503
94049
84956
122894
33956
22039
95503
157340
95503
117112
168836
48808
95503
66684
45488
122417
67862
250001
95503
157340
45702
94049
90872
6133
95503
54408
45488
40952
95503
112972
77428
22039
46352
22039
62953
123342
95503
122608
95503
54372
95503
6133
54059
56684
33956
123342
95503
102350
87253
87025
91578
67307
47741
157340
168836
36186
84956
36186
33956
22039
221458
36186
150056
36186
95503
36186
199617
36186
45488
36186
67862
36186
121730
36186
45702
36186
90872
6133
99867
36186
45488
36186
191292
36186
77428
22039
46352
22039
62953
36186
199617
36186
185300
36186
194575
6133
54059
36186
33956
36186
154005
36186
87253
36186
91578
36186
47741
36186
95503
94049
33956
22039
84956
94049
84956
94049
84956
48808
84956
66684
45488
94049
67862
94049
84956
94049
45702
113431
84956
6133
84956
54408
45488
40952
84956
94049
77428
22039
46352
22039
62953
94049
84956
94049
84956
54372
84956
6133
54059
56684
33956
94049
84956
94049
84956
87025
84956
67307
47741
94049
84956
22039
33956
122894
33956
117112
33956
48808
33956
66684
33956
122417
33956
122894
33956
122894
33956
94049
33956
6133
33956
54408
33956
40952
33956
112972
33956
22039
33956
22039
33956
122894
33956
122608
33956
54372
33956
6133
33956
56684
54059
122894
33956
102350
33956
87025
33956
67307
33956
122894
33956
22039
150056
22039
95503
22039
199617
22039
45488
22039
67862
22039
121730
22039
45702
22039
90872
6133
99867
22039
45488
22039
191292
22039
77428
22170
46352
23713
62953
22039
199617
22039
185300
22039
194575
6133
54059
22039
33956
22039
154005
22039
87253
22039
91578
22039
47741
22039
95503
117112
95503
48808
150056
66684
45488
122417
67862
157340
121730
175689
45702
94049
90872
6133
99867
54408
45488
40952
150056
112972
77428
22039
46352
22039
62953
123342
150056
122608
150056
54372
150056
6133
54059
56684
33956
123342
150056
102350
87253
87025
91578
67307
47741
250001
95503
48808
95503
66684
45488
117112
67862
117112
95503
117112
45702
94049
90872
6133
95503
54408
45488
40952
95503
112972
77428
22039
46352
22039
62953
117112
95503
117112
95503
54372
95503
6133
54059
56684
33956
117112
95503
102350
87253
87025
91578
67307
47741
117112
191292
48808
45488
48808
67862
48808
121730
48808
45702
48808
90872
6133
99867
48808
45488
40952
191292
48808
77428
22039
46352
22039
62953
48808
199719
48808
185300
48808
194575
6133
54059
48808
33956
48808
154005
48808
87253
48808
91578
48808
47741
48808
95503
66684
45488
66684
45488
66684
45488
66684
45488
6133
45488
54408
53809
40952
45488
66684
45488
22039
45488
22039
45488
66684
45488
66684
45488
54372
45488
6133
45488
56684
33956
66684
45488
66684
45488
66684
45488
66684
45488
66684
45488
122417
67862
122417
45702
94049
67862
6133
67862
54408
45488
40952
67862
112972
67862
22039
46352
22039
62953
122417
67862
122417
67862
54372
67862
6133
54059
56684
33956
122417
67862
102350
67862
87025
67862
67307
47741
122417
67862
157340
45702
94049
90872
6133
99867
54408
45488
40952
121730
112972
77428
22039
46352
22039
62953
123342
121730
122608
121730
54372
121730
6133
54059
56684
33956
123342
121730
102350
87253
87025
91578
67307
47741
157340
95503
94049
45702
6133
45702
54408
45488
40952
45702
112972
45702
22039
45702
22039
45702
123342
45702
122608
45702
54372
45702
6133
45702
56684
33956
123342
45702
102350
45702
87025
45702
67307
45702
175689
45702
6133
90872
54408
45488
40952
90872
94049
77428
22039
46352
22039
62953
94049
90872
94049
90872
54372
90872
6133
54059
56684
33956
94049
90872
94049
87253
87025
90872
67307
47741
94049
90872
6133
45488
6133
99867
6133
77428
6133
46352
6133
62953
6133
99867
6133
99867
6133
99867
111330
54059
6133
33956
6133
99867
6133
87253
6133
91578
6133
47741
6133
95503
40952
45488
54408
45488
22039
45488
22039
45488
54408
45488
54408
45488
54372
45488
6133
45488
54408
33956
54408
45488
54408
45488
54408
45488
54408
45488
54408
45488
40952
77428
22039
46352
22039
62953
40952
191292
40952
185300
40952
191292
6133
54059
40952
33956
40952
154005
40952
87253
40952
91578
40952
47741
40952
95503
22039
46352
22039
62953
112972
77428
112972
77428
54372
77428
6133
54059
56684
33956
112972
77428
102350
77428
87025
77428
67307
47741
112972
77428
22170
46352
22039
46352
22039
46352
22039
46352
6133
46352
22039
33956
22039
46352
22039
46352
22039
46352
22039
46352
22039
46352
22039
62953
22039
62953
22039
62953
6133
54059
22039
33956
22039
62953
22039
62953
22039
62953
22039
47741
22039
62953
122608
185300
54372
194575
6133
54059
56684
33956
132268
154005
102350
87253
87025
91578
67307
47741
123342
95503
54372
185300
6133
54059
56684
33956
122608
154005
102350
87253
87025
91578
67307
47741
122608
95503
6133
54059
54372
33956
54372
154005
54372
87253
54372
91578
54372
47741
54372
95503
6133
33956
6133
54059
6133
54059
6133
54059
6133
47741
6133
54059
56684
33956
56684
33956
56684
33956
56684
33956
56684
33956
102350
87253
87025
91578
67307
47741
123342
95503
87025
87253
67307
47741
102350
87253
67307
47741
87025
91578
67307
47741
