168087
125405
188938
136391
10278
250001
188938
233452
39258
200039
150787
44696
188938
250001
168087
250001
13195
22746
39679
249204
39258
250001
31953
75986
10278
75986
168087
75986
250001
75986
188938
250001
13860
40252
188938
75986
38607
250001
39258
233452
188938
125405
188938
136391
39258
250001
26710
44696
162120
250001
162120
246984
162120
75986
188938
246984
188938
250001
188938
74791
168087
75986
13195
22746
168087
125405
10278
125405
168087
125405
39258
125405
150787
44696
168087
125405
250001
125405
13195
22746
39679
125405
39258
125405
31953
75986
10278
75986
250001
75986
168087
75986
168087
125405
13860
40252
168087
75986
38607
125405
39258
125405
168087
126090
168087
125405
39258
125405
26710
44696
162120
125405
162120
125405
162120
75986
168087
125405
168087
125405
168087
74791
250001
75986
13195
22746
10278
136391
250001
136391
39258
136391
150787
44696
250001
136391
168087
136391
13195
22746
39679
136391
39258
136391
31953
75986
10278
75986
168087
75986
188938
75986
250001
136391
13860
40252
233593
75986
38607
136391
39258
136391
250001
125405
250001
140376
39258
136391
26710
44696
162120
136391
162120
136391
162120
75986
237755
136391
250001
136391
211811
74791
168087
75986
13195
22746
10278
233452
10278
200039
10278
44696
10278
250001
10278
250001
10278
22746
10278
249204
10278
250001
10278
75986
162120
75986
10278
75986
10278
75986
10278
250001
10278
40252
10278
75986
10278
250001
10278
233452
10278
125405
10278
136391
10278
250001
10278
44696
10278
250001
10278
246984
10278
75986
10278
246984
10278
250001
10278
74791
10278
75986
10278
22746
39258
200039
150787
44696
250001
233452
168087
233452
13195
22746
39679
233452
39258
233452
31953
75986
10278
75986
168087
75986
188938
75986
250001
233452
13860
40252
233593
75986
38607
233452
39258
250001
250001
125405
250001
136391
39258
233452
26710
44696
162120
233452
162120
233452
162120
75986
237755
233452
250001
233452
211811
74791
168087
75986
13195
22746
39258
44696
39258
200039
39258
200039
13195
22746
39258
200039
94448
200039
31953
75986
10278
75986
39258
75986
39258
75986
39258
200039
13860
40252
39258
75986
38607
200039
94448
200039
39258
125405
39258
136391
94448
200039
26710
44696
39258
200039
39258
200039
39258
75986
39258
200039
39258
200039
39258
74791
39258
75986
13195
22746
150787
44696
150787
44696
13195
22746
39679
44696
39258
44696
31953
44696
10278
44696
150787
44696
150787
44696
150787
44696
13860
40252
150787
44696
38607
44696
39258
44696
150787
44696
150787
44696
39258
44696
26710
75986
150787
44696
150787
44696
150787
44696
150787
44696
150787
44696
150787
44696
150787
44696
13195
22746
168087
250001
13195
22746
39679
249204
39258
250001
31953
75986
10278
75986
168087
75986
188938
75986
250001
250001
13860
40252
233593
75986
38607
250001
39258
233452
250001
125405
250001
136391
39258
250001
26710
44696
162120
250001
162120
246984
162120
75986
237755
246984
250001
250001
211811
74791
168087
75986
13195
22746
13195
22746
39679
249204
39258
250001
31953
75986
10278
75986
250001
75986
168087
75986
168087
250001
13860
40252
168087
75986
38607
250001
39258
233452
168087
125405
168087
136391
39258
250001
26710
44696
162120
250001
162120
246984
162120
75986
168087
246984
168087
250001
168087
74791
250001
75986
13195
22746
13195
22746
13195
22746
13195
22746
10278
22746
13195
22746
13195
22746
13195
22746
13195
22746
13195
22746
13195
22746
13195
22746
13195
22746
13195
22746
13195
22746
13195
22746
13195
22746
13195
22746
13195
22746
13195
22746
13195
22746
13195
22746
13195
22746
26710
90954
39258
249204
31953
75986
10278
75986
39679
75986
39679
75986
39679
249204
13860
40252
39679
75986
38607
249204
39258
233452
39679
125405
39679
136391
39258
249204
26710
44696
39679
249204
39679
246984
39679
75986
39679
246984
39679
249204
39679
74791
39679
75986
13195
22746
31953
75986
10278
75986
39258
75986
39258
75986
39258
250001
13860
40252
39258
75986
38607
250001
246180
233452
39258
125405
39258
136391
106998
250001
26710
44696
39258
250001
39258
246984
39258
75986
39258
246984
39258
250001
39258
74791
39258
75986
13195
22746
10278
82013
31953
113585
31953
82013
31953
75986
13860
40252
31953
113585
31953
75986
31953
75986
31953
75986
31953
75986
31953
75986
26710
44696
31953
75986
31953
75986
31953
82013
31953
75986
31953
75986
31953
74791
31953
87489
13195
22746
10278
82013
10278
246984
10278
75986
10278
40252
10278
82013
10278
75986
10278
75986
10278
75986
10278
75986
10278
75986
10278
44696
10278
75986
10278
75986
10278
250001
10278
75986
10278
75986
10278
74791
10278
82013
10278
22746
168087
82013
168087
75986
13860
40252
168087
120276
38607
75986
39258
75986
168087
75986
168087
75986
39258
75986
26710
44696
162120
75986
162120
75986
162120
82013
168087
75986
168087
75986
168087
74791
250001
87489
13195
22746
188938
75986
13860
40252
188938
82013
38607
75986
39258
75986
188938
75986
188938
75986
39258
75986
26710
44696
162120
75986
162120
75986
162120
246984
188938
75986
188938
75986
188938
74791
168087
82013
13195
22746
13860
40252
233593
75986
38607
250001
39258
233452
250001
125405
250001
136391
39258
250001
26710
44696
162120
250001
162120
246984
162120
75986
237755
246984
250001
250001
211811
74791
168087
75986
13195
22746
13860
40252
13860
40252
13860
40252
13860
40252
13860
40252
13860
40252
13860
40252
13860
40252
13860
40252
13860
40252
13860
40252
13860
40252
13860
40252
13860
40252
13195
22746
38607
75986
39258
75986
233593
75986
233593
75986
39258
75986
26710
44696
162120
75986
162120
75986
162120
82013
233593
75986
233593
75986
211811
74791
168087
87489
13195
22746
38607
233452
38607
125405
38607
136391
38607
250001
26710
44696
38607
250001
38607
246984
38607
75986
38607
246984
38607
250001
38607
74791
38607
75986
13195
22746
39258
125405
39258
136391
106998
233452
26710
44696
39258
233452
39258
233452
39258
75986
39258
233452
39258
233452
39258
74791
39258
75986
13195
22746
250001
125405
39258
125405
26710
44696
162120
125405
162120
125405
162120
75986
237755
125405
250001
125405
211811
74791
168087
75986
13195
22746
39258
136391
26710
44696
162120
136391
162120
136391
162120
75986
237755
136391
250001
136391
211811
74791
168087
75986
13195
22746
26710
44696
39258
250001
39258
246984
39258
75986
39258
246984
39258
250001
39258
74791
39258
75986
13195
22746
26710
44696
26710
44696
26710
44696
26710
44696
26710
44696
26710
44696
26710
44696
13195
22746
237755
246984
168087
75986
162120
246984
162120
250001
162120
74791
162120
75986
13195
22746
168087
75986
162120
250001
162120
246984
162120
74791
162120
75986
13195
22746
162120
75986
162120
75986
162120
74791
162120
82013
13195
22746
237755
246984
211811
74791
168087
75986
13195
22746
211811
74791
168087
75986
13195
22746
168087
74791
13195
22746
13195
22746
