67638
20956
137774
20245
20381
20245
17434
20245
12855
131227
12855
117613
12855
131227
12855
131227
137774
20184
12855
131227
67638
34210
26301
20245
17123
21121
12855
35726
26301
20184
137774
20245
17434
34210
14968
20245
12855
131227
12855
34210
20334
20451
233980
20184
199669
20956
20334
74825
12855
131227
236244
34210
135568
20245
250001
20245
137774
20245
137774
20245
20381
20245
64399
20996
40692
20245
67638
20245
20381
20245
17434
20245
12855
20956
12855
20956
12855
20956
12855
20956
67638
20184
12855
20956
144041
20956
26301
20245
17123
20956
12855
20956
26301
20184
67638
20245
17434
20956
14968
20245
12855
20956
12855
20956
20334
20451
67638
20184
67638
34613
20334
20956
12855
20956
67638
20956
67638
20245
67638
20245
67638
20245
67638
20245
20381
20245
64399
20956
40692
20245
20381
20956
17434
35842
12855
20245
12855
20245
12855
20245
12855
20245
139980
20184
12855
20245
67638
20245
26301
102335
17123
20245
12855
20245
26301
20184
236244
102335
17434
20245
14968
102335
12855
20245
12855
20245
20334
20245
137774
20184
137774
20245
20334
20245
12855
20245
137774
20245
135568
102335
137774
102335
236244
74168
236244
74168
20381
102335
64399
20245
40692
34970
17434
20956
12855
20245
12855
20245
12855
20245
12855
20245
20381
20184
12855
20245
20381
20245
20381
20956
17123
20245
12855
20245
20381
20184
20381
20956
17434
20245
14968
20956
12855
20245
12855
20245
20334
20245
20381
20184
20381
20245
20334
20245
12855
20245
20381
20245
20381
20956
20381
20956
20381
20956
20381
20956
26301
20956
20381
20245
20381
20956
12855
20245
12855
20245
12855
20245
12855
20245
17434
20184
12855
20245
17434
20245
17434
35842
17123
20245
12855
20245
17434
20184
17434
35842
23475
20245
14968
35842
12855
20245
12855
20245
17434
20245
17434
20184
17434
20245
17434
20245
12855
20245
17434
20245
17434
35842
17434
35842
17434
35842
17434
35842
17434
35842
17434
20245
17434
34970
26301
117613
26301
212677
17123
207195
12855
20184
26301
188156
12855
34210
12855
20245
12855
21121
26301
35726
12855
20184
12855
20245
12855
34210
12855
20245
26301
250001
14968
34210
12855
20451
12855
20184
12855
20956
12855
74825
250001
250001
12855
34210
12855
20245
12855
20245
12855
20245
12855
20245
12855
20245
12855
20996
12855
20245
250001
117613
17123
117613
12855
20184
250001
117613
12855
34210
12855
20245
12855
21121
250001
35726
12855
20184
12855
20245
12855
34210
12855
20245
250001
117613
14968
34210
12855
20451
12855
20184
12855
20956
12855
74825
26301
117613
12855
34210
12855
20245
12855
20245
12855
20245
12855
20245
12855
20245
12855
20996
12855
20245
17123
207195
12855
20184
250001
188156
12855
34210
12855
20245
12855
21121
250001
35726
12855
20184
12855
20245
12855
34210
12855
20245
250001
212677
14968
34210
12855
20451
12855
20184
12855
20956
12855
74825
26301
212677
12855
34210
12855
20245
12855
20245
12855
20245
12855
20245
12855
20245
12855
20996
12855
20245
12855
20184
17123
188156
12855
34210
12855
20245
12855
21121
17123
35726
12855
20184
12855
20245
12855
34210
12855
20245
17123
207195
14968
34210
12855
20451
12855
20184
12855
20956
12855
74825
17123
207195
12855
34210
12855
20245
12855
20245
12855
20245
12855
20245
12855
20245
12855
20996
12855
20245
12855
20184
67638
20184
26301
20184
17123
20184
12855
20184
26301
20245
139980
20184
17434
20184
14968
20184
12855
20184
12855
20184
20334
20184
137774
20245
137774
20184
20334
20184
12855
20184
137774
20184
135568
20184
137774
20184
139980
20184
139980
20184
20381
20184
64399
20184
40692
20184
12855
34210
12855
20245
12855
21121
250001
35726
12855
20184
12855
20245
12855
34210
12855
20245
250001
188156
14968
34210
12855
20451
12855
20184
12855
20956
12855
74825
26301
188156
12855
34210
12855
20245
12855
20245
12855
20245
12855
20245
12855
20245
12855
20996
12855
20245
26301
20245
17123
21121
12855
34210
26301
20184
67638
20245
17434
34613
14968
20245
12855
34210
12855
39918
20334
20451
67638
20184
67638
20956
20334
34210
12855
34210
67638
34613
67638
20245
67638
20245
67638
20245
67638
20245
20381
20245
64399
20996
40692
20245
17123
20245
12855
20245
137774
20184
26301
164480
17434
20245
14968
130396
12855
20245
12855
20245
20334
20245
26301
20184
26301
20245
20334
20245
12855
20245
26301
20245
26301
130396
26301
130396
26301
74168
26301
74168
20381
130396
26301
20245
26301
34970
12855
21121
17123
20184
17123
20245
17123
21121
14968
20245
12855
21121
12855
21121
17123
20451
17123
20184
17123
20956
17123
21121
12855
21121
17123
21121
17123
20245
17123
20245
17123
20245
17123
20245
17123
20245
17123
20996
17123
20245
12855
20184
12855
20245
12855
34210
12855
20245
250001
35726
14968
34210
12855
20451
12855
20184
12855
20956
12855
35726
26301
35726
12855
34210
12855
20245
12855
20245
12855
20245
12855
20245
12855
20245
12855
20996
12855
20245
26301
20184
17434
20184
14968
20184
12855
20184
12855
20184
20334
20184
26301
20956
26301
20184
20334
20184
12855
20184
26301
20184
26301
20184
26301
20184
26301
20184
26301
20184
20381
20184
26301
20184
26301
20184
17434
20245
14968
130396
12855
20245
12855
20245
20334
20245
137774
20184
137774
20245
20334
20245
12855
20245
137774
20245
135568
130396
137774
130396
250001
74168
236854
74168
20381
130396
64399
20245
40692
34970
14968
20245
12855
34210
12855
34613
17434
20451
17434
20184
17434
20956
17434
34210
12855
34210
17434
97451
17434
20245
17434
20245
17434
20245
17434
20245
17434
20245
17434
20996
17434
20245
12855
20245
12855
20245
14968
20245
14968
20184
14968
20245
14968
20245
12855
20245
14968
20245
14968
187934
14968
187934
14968
74168
14968
74168
14968
205329
14968
20245
14968
34970
14968
34210
12855
20451
12855
20184
12855
20956
12855
74825
26301
250001
12855
34210
12855
20245
12855
20245
12855
20245
12855
20245
12855
20245
12855
20996
12855
20245
12855
20451
12855
20184
12855
20956
12855
34210
14968
34210
12855
34613
12855
20245
12855
20245
12855
20245
12855
20245
12855
20245
12855
20996
12855
20245
20334
20184
20334
20451
43178
20451
12855
20451
20334
20451
20334
20245
20334
20245
20334
20245
20334
20245
20334
20245
20334
20451
20334
20245
199669
20184
20334
20184
12855
20184
233980
20184
135568
20184
233980
20184
137774
20184
137774
20184
20381
20184
64399
20184
40692
20184
20334
20956
12855
20956
199669
20956
135568
20245
199669
20245
137774
20245
137774
20245
20381
20245
64399
20956
40692
20245
12855
74825
20334
34210
20334
20245
20334
20245
20334
20245
20334
20245
20334
20245
20334
20996
20334
20245
12855
34210
12855
20245
12855
20245
12855
20245
12855
20245
12855
20245
12855
20996
12855
20245
135568
20245
236244
20245
137774
20245
137774
20245
20381
20245
64399
20996
40692
20245
135568
188185
135568
74168
135568
74168
20381
187934
64399
20245
40692
34970
137774
74168
137774
74168
20381
187934
64399
20245
40692
34970
236854
134050
20381
74168
64399
20245
40692
34970
20381
74168
64399
20245
40692
34970
20381
20245
20381
34970
40692
20245
