145010
112140
99033
112140
145010
75881
145010
148864
145010
148864
145010
138186
145010
148864
250001
148864
145010
148864
250001
148864
145010
148864
145010
148864
145010
75881
145010
148864
145010
112140
145010
148864
145010
148864
145010
104308
145010
112140
99033
148864
85481
148864
250001
241128
145010
104308
145010
148864
85481
148864
250001
112140
145010
148864
145010
148864
145010
148864
145010
138186
145010
112140
145010
148864
99033
138186
250001
75881
250001
112140
250001
112140
250001
112140
224140
112140
145010
112140
242787
112140
145010
112140
250001
112140
250001
112140
250001
75881
250001
112140
250001
152857
250001
112140
250001
112140
250001
104308
242787
199871
99033
112140
85481
112140
145010
112140
250001
104308
250001
112140
85481
112140
145010
207790
250001
112140
250001
112140
224140
112140
250001
112140
250001
199871
250001
112140
99033
75881
99033
112140
99033
112140
99033
112140
99033
112140
99033
112140
99033
112140
99033
112140
99033
112140
99033
112140
99033
75881
99033
112140
99033
138186
99033
112140
99033
112140
99033
104308
99033
138186
250001
112140
85481
112140
99033
112140
99033
104308
99033
112140
85481
112140
99033
138186
99033
112140
99033
112140
99033
112140
99033
112140
99033
138186
99033
112140
250001
75881
250001
75881
250001
75881
224140
75881
145010
75881
242787
75881
145010
75881
250001
75881
250001
75881
250001
112140
250001
75881
250001
75881
250001
75881
250001
75881
250001
75881
242787
75881
99033
75881
85481
75881
145010
75881
250001
75881
250001
75881
85481
75881
145010
75881
250001
75881
250001
75881
224140
75881
250001
75881
250001
75881
250001
75881
250001
152855
250001
138186
224140
250001
145010
201699
242787
250001
145010
152857
250001
152879
250001
250001
250001
75881
250001
152879
250001
112140
250001
250001
250001
152855
250001
104308
242787
112140
99033
152855
85481
176263
145010
148864
250001
104308
250001
250001
85481
176263
145010
112140
250001
205232
250001
250001
224140
250001
250001
138186
250001
112140
250001
152855
250001
138186
224140
152855
145010
152855
242787
152855
145010
152855
250001
152855
250001
152855
250001
75881
250001
152855
250001
112140
250001
152855
250001
199871
250001
104308
242787
112140
99033
199871
85481
152855
145010
148864
250001
104308
250001
152855
85481
152855
145010
112140
250001
152855
250001
152855
224140
152855
250001
138186
250001
112140
250001
199871
224140
138186
145010
138186
242787
138186
145010
138186
250001
138186
250001
138186
250001
75881
250001
138186
250001
112140
250001
138186
250001
138186
250001
104308
242787
112140
99033
138186
85481
138186
145010
138186
250001
104308
250001
138186
85481
138186
145010
112140
250001
138186
250001
138186
224140
138186
250001
141433
250001
112140
250001
138186
145010
201699
224140
250001
145010
152857
224140
152879
224140
250001
224140
75881
224140
152879
224140
112140
224140
250001
224140
152855
224140
104308
224140
112140
99033
152855
85481
176263
145010
148864
224140
104308
224140
250001
85481
176263
145010
112140
224140
205232
224140
250001
241586
250001
224140
138186
224140
112140
224140
152855
145010
201699
250001
152857
145010
152879
145010
201699
145010
75881
145010
152879
145010
112140
145010
201699
145010
152855
145010
104308
145010
112140
99033
152855
85481
176263
250001
148864
145010
104308
145010
201699
85481
176263
250001
112140
145010
201699
145010
201699
145010
201699
145010
138186
145010
112140
145010
152855
145010
152857
242787
152879
242787
250001
242787
75881
242787
152879
242787
112140
242787
250001
242787
152855
242787
104308
250001
112140
99033
152855
85481
176263
145010
148864
242787
104308
242787
250001
85481
176263
145010
112140
242787
205232
242787
250001
224140
250001
242787
138186
242787
112140
242787
152855
145010
152857
145010
152857
145010
75881
145010
152857
145010
112140
145010
152857
145010
152855
145010
104308
145010
112140
99033
152855
85481
152857
250001
148864
145010
104308
145010
152857
85481
152857
250001
112140
145010
152857
145010
152857
145010
152857
145010
138186
145010
112140
145010
152855
250001
152879
250001
75881
250001
199871
250001
112140
250001
152879
250001
152855
250001
104308
242787
112140
99033
152855
85481
152879
145010
148864
250001
104308
250001
152879
85481
152879
145010
112140
250001
152879
250001
152879
224140
152879
250001
138186
250001
112140
250001
152855
250001
75881
250001
152879
250001
112140
250001
250001
250001
152855
250001
104308
242787
112140
99033
152855
85481
176263
145010
148864
250001
104308
250001
250001
85481
176263
145010
112140
250001
205232
250001
250001
224140
250001
250001
138186
250001
112140
250001
152855
250001
75881
250001
75881
250001
75881
250001
75881
250001
75881
242787
75881
99033
75881
85481
75881
145010
75881
250001
75881
250001
75881
85481
75881
145010
75881
250001
75881
250001
75881
224140
75881
250001
75881
250001
75881
250001
75881
250001
112140
250001
152879
250001
152855
250001
104308
242787
112140
99033
152855
85481
152879
145010
148864
250001
104308
250001
152879
85481
152879
145010
112140
250001
152879
250001
152879
224140
152879
250001
138186
250001
112140
250001
152855
250001
112140
250001
112140
250001
104308
242787
152857
99033
112140
85481
112140
145010
112140
250001
104308
250001
112140
85481
112140
145010
152857
250001
112140
250001
112140
224140
112140
250001
112140
250001
152857
250001
112140
250001
152855
250001
104308
242787
112140
99033
152855
85481
176263
145010
148864
250001
104308
250001
250001
85481
176263
145010
112140
250001
205232
250001
250001
224140
250001
250001
138186
250001
112140
250001
152855
250001
104308
242787
112140
99033
205232
85481
152855
145010
148864
250001
104308
250001
152855
85481
152855
145010
112140
250001
152855
250001
152855
224140
152855
250001
138186
250001
112140
250001
250001
242787
104308
99033
104308
85481
104308
145010
104308
250001
208027
250001
104308
85481
104308
145010
104308
250001
104308
250001
104308
224140
104308
250001
104308
250001
104308
250001
104308
99033
112140
85481
112140
145010
112140
242787
104308
242787
112140
85481
112140
145010
199871
242787
112140
242787
112140
224140
112140
242787
112140
242787
250001
242787
112140
85481
152855
99033
148864
99033
104308
99033
152855
85481
152855
99033
112140
99033
152855
99033
152855
99033
152855
99033
138186
99033
112140
99033
205232
85481
148864
85481
104308
85481
176263
250001
250001
85481
112140
85481
176263
85481
176263
85481
176263
85481
138186
85481
112140
85481
152855
145010
104308
145010
148864
85481
148864
250001
112140
145010
148864
145010
148864
145010
148864
145010
138186
145010
112140
145010
148864
250001
104308
85481
104308
145010
104308
250001
104308
250001
104308
224140
104308
250001
104308
250001
104308
250001
104308
85481
176263
145010
112140
250001
205232
250001
250001
224140
250001
250001
138186
250001
112140
250001
152855
85481
112140
85481
176263
85481
176263
85481
176263
85481
138186
85481
112140
85481
152855
145010
112140
145010
112140
145010
112140
145010
112140
145010
199871
145010
112140
250001
205232
224140
205232
250001
138186
250001
112140
250001
152855
224140
250001
250001
138186
250001
112140
250001
152855
224140
138186
224140
112140
224140
152855
250001
112140
250001
138186
250001
112140
