31649
54527
31649
54527
31649
54527
31649
54527
59636
2093
59636
14623
31649
54527
31649
54527
59636
54527
59636
19121
59636
54527
31649
62025
31649
54527
31649
54527
59636
54527
59636
19121
59636
54527
59636
54527
59636
54527
31649
54527
31649
2093
59636
91395
31649
54527
112242
250001
31649
250001
59636
54527
31649
24006
31649
54527
59636
54527
31649
54527
31649
54527
59636
54527
31649
243568
31649
54527
31649
2093
59636
19121
31649
19121
31649
54527
58069
63902
250001
62025
250001
183797
31649
2093
31649
14623
250001
250001
250001
183797
31649
150578
31649
19121
31649
183797
58069
54527
250001
183797
250001
62025
31649
83451
31649
19121
31649
183797
31649
183797
31649
99010
59099
62025
250001
2093
31649
54527
89392
74154
31649
54527
250001
54527
31649
150578
59099
24006
58069
183797
31649
62025
250001
62025
250001
250001
31649
83451
250001
54527
60216
183797
58069
2093
31649
19121
58069
19121
51847
183797
58069
62025
58069
63902
31649
2093
31649
14623
58069
63902
58069
63902
31649
63902
31649
19121
31649
63902
135537
54527
58069
63902
58069
62025
31649
63902
31649
19121
31649
63902
31649
63902
31649
63902
58069
62025
58069
2093
31649
54527
58069
63902
31649
54527
58069
54527
31649
63902
58069
24006
59099
63902
31649
62025
58069
62025
58069
63902
31649
63902
58069
54527
58069
63902
59099
2093
31649
19121
59099
19121
51847
63902
250001
62025
31649
2093
31649
14623
250001
62025
250001
62025
31649
62025
31649
19121
31649
62025
58069
54527
250001
62025
250001
250001
31649
62025
31649
19121
31649
62025
31649
62025
31649
62025
59099
178785
250001
2093
31649
54527
89392
62025
31649
54527
250001
54527
31649
62025
59099
24006
58069
62025
31649
90702
250001
242947
250001
62025
31649
62025
250001
54527
60216
62025
58069
2093
31649
19121
58069
19121
51847
62025
31649
2093
31649
14623
250001
183797
250001
250001
31649
150578
31649
19121
31649
250001
58069
54527
250001
250001
250001
62025
31649
83451
31649
19121
31649
250001
31649
222357
31649
99010
59099
62025
250001
2093
31649
54527
89392
74154
31649
54527
250001
54527
31649
150578
59099
24006
58069
227918
31649
62025
250001
62025
250001
183797
31649
83451
250001
54527
60216
250001
58069
2093
31649
19121
58069
19121
51847
250001
79064
2093
31649
2093
31649
2093
79064
2093
60216
2093
79064
2093
31649
2093
31649
2093
31649
2093
79064
2093
79064
2093
60216
2093
79064
2093
79064
2093
31649
2093
31649
21235
79064
2093
31649
2093
59636
2093
31649
2093
79064
2093
31649
2093
31649
2093
79064
2093
31649
2093
31649
2093
79064
2093
31649
2093
31649
2093
31649
10698
79064
2093
31649
2093
31649
2093
31649
14623
31649
14623
165166
14623
60216
14623
165166
14623
31649
14623
31649
14623
31649
14623
165166
14623
165166
14623
60216
14623
165166
14623
165166
14623
31649
14623
31649
2093
165166
14623
31649
14623
59636
14623
31649
14623
165166
14623
31649
14623
31649
14623
165166
14623
31649
14623
31649
14623
165166
14623
31649
14623
31649
14623
31649
2093
165166
14623
31649
14623
31649
14623
250001
183797
31649
150578
31649
19121
31649
183797
58069
54527
250001
183797
250001
62025
31649
83451
31649
19121
31649
183797
31649
183797
31649
99010
59099
62025
250001
2093
31649
54527
89392
74154
31649
54527
250001
54527
31649
150578
59099
24006
58069
183797
31649
62025
250001
62025
250001
250001
31649
83451
250001
54527
60216
183797
58069
2093
31649
19121
58069
19121
51847
183797
31649
150578
31649
19121
31649
250001
58069
54527
250001
250001
250001
62025
31649
83451
31649
19121
31649
250001
31649
222357
31649
99010
59099
62025
250001
2093
31649
54527
89392
74154
31649
54527
250001
54527
31649
150578
59099
24006
58069
227918
31649
62025
250001
62025
250001
183797
31649
83451
250001
54527
60216
250001
58069
2093
31649
19121
58069
19121
51847
250001
60216
19121
250001
150578
31649
54527
31649
150578
31649
62025
168120
83451
250001
19121
60216
150578
250001
150578
250001
99010
31649
62025
31649
2093
250001
54527
31649
74154
59636
54527
31649
54527
250001
183797
31649
24006
31649
150578
250001
62025
31649
62025
31649
150578
168120
83451
31649
54527
31649
150578
31649
2093
250001
19121
31649
19121
31649
150578
60216
19121
31649
19121
31649
19121
31649
19121
60216
19121
60216
54527
250001
19121
60216
19121
60216
19121
31649
19121
31649
2093
60216
19121
31649
19121
59636
19121
31649
19121
60216
19121
31649
19121
31649
19121
60216
19121
31649
19121
31649
19121
60216
19121
31649
19121
31649
19121
31649
2093
60216
29609
31649
21235
31649
19121
31649
54527
31649
250001
31649
62025
168120
83451
250001
19121
60216
250001
250001
222357
250001
99010
31649
62025
31649
2093
250001
54527
31649
74154
59636
54527
31649
54527
250001
150578
31649
24006
31649
227918
250001
62025
31649
62025
31649
183797
168120
83451
31649
54527
31649
250001
31649
2093
250001
19121
31649
19121
31649
250001
58069
54527
58069
54527
31649
54527
31649
19121
31649
54527
31649
54527
31649
54527
58069
54527
58069
2093
31649
62025
58069
54527
31649
62025
58069
62025
31649
54527
58069
24006
59099
54527
31649
54527
58069
54527
58069
54527
31649
54527
58069
62025
58069
54527
59099
2093
31649
19121
59099
19121
51847
54527
250001
62025
31649
83451
31649
19121
31649
250001
31649
222357
31649
99010
59099
62025
250001
2093
31649
54527
89392
74154
31649
54527
250001
54527
31649
150578
59099
24006
58069
227918
31649
62025
250001
62025
250001
183797
31649
83451
250001
54527
60216
250001
58069
2093
31649
19121
58069
19121
51847
250001
31649
62025
31649
19121
31649
62025
31649
62025
31649
62025
59099
178785
250001
2093
31649
54527
89392
62025
31649
54527
250001
54527
31649
62025
59099
24006
58069
62025
31649
90702
250001
242947
250001
62025
31649
62025
250001
54527
60216
62025
58069
2093
31649
19121
58069
19121
51847
62025
168120
19121
60216
83451
168120
83451
168120
83451
31649
62025
31649
2093
168120
54527
31649
74154
59636
54527
31649
54527
168120
83451
31649
24006
31649
83451
168120
62025
31649
62025
31649
83451
250001
222357
31649
54527
31649
83451
31649
2093
168120
19121
31649
19121
31649
83451
60216
19121
250001
19121
250001
19121
31649
19121
31649
2093
250001
19121
31649
19121
59636
19121
31649
19121
250001
19121
31649
19121
31649
19121
250001
19121
31649
19121
31649
19121
168120
19121
31649
19121
31649
19121
31649
2093
250001
29609
31649
21235
31649
19121
60216
222357
60216
99010
31649
62025
31649
2093
60216
54527
31649
74154
59636
54527
31649
54527
60216
150578
31649
24006
31649
227918
60216
62025
31649
62025
31649
183797
60216
83451
31649
54527
31649
250001
31649
2093
60216
19121
31649
19121
31649
250001
250001
99010
31649
62025
31649
2093
250001
54527
31649
74154
59636
54527
31649
54527
250001
150578
31649
24006
31649
222357
250001
62025
31649
62025
31649
183797
168120
83451
31649
54527
31649
222357
31649
2093
250001
19121
31649
19121
31649
222357
31649
62025
31649
2093
250001
54527
31649
74154
59636
54527
31649
54527
250001
99010
31649
24006
31649
99010
250001
62025
31649
62025
31649
99010
168120
83451
31649
54527
31649
99010
31649
2093
250001
19121
31649
19121
31649
99010
59099
2093
31649
54527
59099
62025
31649
54527
59099
54527
31649
62025
59250
24006
58069
62025
31649
90702
59099
178785
59099
62025
31649
62025
59099
54527
59099
62025
58069
2093
31649
19121
58069
19121
51847
62025
31649
2093
89392
2093
31649
2093
250001
2093
31649
2093
59099
2093
58069
2093
31649
2093
250001
2093
250001
2093
31649
2093
250001
2093
60216
2093
58069
10698
31649
2093
58069
2093
51847
2093
31649
54527
59636
91395
31649
91395
250001
54527
31649
24006
31649
54527
250001
54527
31649
54527
31649
54527
168120
54527
31649
91395
31649
54527
31649
2093
250001
19121
31649
19121
31649
54527
31649
54527
89392
54527
31649
74154
59099
24006
58069
74154
31649
62025
89392
62025
89392
74154
31649
74154
89392
54527
60216
74154
58069
2093
31649
19121
58069
19121
51847
74154
31649
250001
59636
54527
31649
24006
31649
54527
59636
54527
31649
54527
31649
54527
59636
54527
31649
243568
31649
54527
31649
2093
59636
19121
31649
19121
31649
54527
31649
54527
59099
24006
58069
54527
31649
54527
250001
54527
250001
54527
31649
54527
250001
243568
60216
54527
58069
2093
31649
19121
58069
19121
51847
54527
31649
24006
31649
150578
250001
62025
31649
62025
31649
150578
168120
83451
31649
54527
31649
150578
31649
2093
250001
19121
31649
19121
31649
150578
58069
24006
31649
24006
59099
24006
59099
24006
31649
24006
59099
24006
59099
24006
58069
2093
31649
19121
58069
19121
51847
24006
31649
62025
58069
62025
58069
183797
31649
83451
58069
54527
58069
227918
79064
2093
31649
19121
172644
19121
51847
227918
31649
90702
31649
62025
168120
62025
31649
54527
31649
62025
31649
2093
250001
19121
31649
19121
31649
62025
250001
62025
31649
62025
250001
54527
60216
62025
58069
2093
31649
19121
58069
19121
51847
62025
31649
83451
250001
54527
60216
183797
58069
2093
31649
19121
58069
19121
51847
183797
31649
54527
31649
83451
31649
2093
168120
19121
31649
19121
31649
83451
60216
54527
58069
2093
31649
19121
58069
19121
51847
54527
58069
2093
31649
19121
58069
19121
51847
250001
31649
2093
79064
2093
51847
2093
31649
21235
31649
19121
51847
19121
