89408
33069
17655
54599
17655
33069
97624
33069
87622
115924
97624
65152
49160
33069
60031
216313
50292
65152
97624
250001
89408
33069
52804
41301
50292
65152
44001
37461
87832
65576
97624
19600
42992
41301
59847
37461
50292
111203
44122
216313
97624
216313
49160
65152
50764
8565
50764
34834
50292
65152
44122
250001
97624
33069
44001
37461
250001
250001
60107
37461
50292
54599
97624
236261
43976
19600
97624
250001
97624
65152
97624
8565
87622
33069
17655
33069
17655
54599
89408
54599
87622
33069
89408
33069
49160
54599
60031
33069
50292
33069
89408
33069
119570
54599
52804
33069
50292
33069
44001
33069
87832
33069
89408
19600
42992
33069
59847
33069
50292
33069
44122
33069
89408
33069
49160
33069
50764
8565
50764
33069
50292
33069
44122
33069
89408
54599
44001
33069
89408
33069
60107
33069
50292
33069
89408
33069
43976
19600
89408
33069
89408
33069
89408
8565
87622
54599
49160
33069
17655
33069
17655
54599
17655
54599
17655
33069
17655
54599
17655
54599
17655
54599
17655
33069
17655
41301
17655
54599
17655
37461
17655
54599
17655
19600
17655
41301
17655
37461
17655
54599
17655
54599
17655
54599
17655
54599
17655
8565
17655
34834
17655
54599
17655
54599
17655
33069
17655
37461
17655
54599
17655
37461
17655
58699
17655
54599
17655
19600
17655
54599
17655
54599
17655
8565
17655
33069
17655
90096
17655
33069
17655
33069
17655
65152
17655
33069
17655
33069
17655
33069
17655
144495
17655
33069
17655
33069
17655
33069
17655
33069
17655
19600
17655
33069
17655
33069
17655
33069
17655
33069
17655
33069
17655
33069
17655
8565
17655
33069
17655
33069
17655
33069
17655
162916
17655
33069
17655
33069
17655
33069
17655
33069
17655
33069
17655
19600
17655
33069
17655
33069
17655
8565
17655
111206
87622
33069
110096
33069
49160
65152
60031
33069
50292
33069
98398
33069
89408
90096
52804
33069
50292
33069
44001
33069
87832
33069
147281
19600
42992
33069
59847
33069
50292
33069
44122
33069
98398
33069
49160
33069
50764
8565
50764
33069
50292
33069
44122
33069
119570
90096
44001
33069
97624
33069
60107
33069
50292
33069
119570
33069
43976
19600
147281
33069
147281
33069
98398
8565
87622
90096
87622
65152
49160
33069
60031
115924
50292
65152
87622
115924
87622
33069
52804
41301
50292
65152
44001
37461
87622
65576
87622
19600
42992
41301
59847
37461
50292
111203
44122
115924
87622
115924
49160
65152
50764
8565
50764
34834
50292
65152
44122
115924
87622
33069
44001
37461
87622
115924
60107
37461
50292
54599
87622
115924
43976
19600
87622
115924
87622
65152
87622
8565
91175
33069
49160
33069
60031
65152
50292
162916
98398
65152
89408
33069
52804
41301
50292
162916
44001
37461
87832
65152
110096
19600
42992
41301
59847
37461
50292
65152
44122
65152
98398
65152
49160
182718
50764
8565
50764
34834
50292
162916
44122
65152
110096
33069
44001
37461
97624
65152
60107
37461
50292
54599
110096
65152
43976
19600
110096
65152
110096
203715
98398
8565
87622
33069
49160
33069
49160
33069
49160
33069
49160
65152
49160
33069
49160
33069
44001
33069
49160
33069
49160
19600
42992
33069
49160
33069
49160
33069
44122
33069
49160
33069
87661
33069
49160
8565
49160
33069
49160
33069
44122
33069
49160
65152
44001
33069
49160
33069
49160
33069
49160
33069
49160
33069
43976
19600
49160
33069
49160
33069
49160
8565
49160
65152
50292
65152
60031
216313
60031
33069
52804
41301
50292
65152
44001
37461
60031
65576
60031
19600
42992
41301
59847
37461
50292
111203
44122
236261
60031
236261
49160
65152
50764
8565
50764
34834
50292
65152
44122
216313
60031
33069
44001
37461
60031
216313
60031
37461
50292
54599
60031
216313
43976
19600
60031
216313
60031
65152
60031
8565
60031
33069
50292
65152
50292
33069
50292
41301
52490
164634
44001
37461
50292
65152
50292
19600
42992
41301
50292
37461
59664
65152
44122
65152
50292
65152
49160
162916
50292
8565
50292
34834
52517
164634
44122
65152
50292
33069
44001
37461
50292
65152
50292
37461
59664
54599
50292
65152
43976
19600
50292
65152
50292
162916
50292
8565
50292
33069
89408
33069
52804
41301
50292
65152
44001
37461
87832
65576
98398
19600
42992
41301
59847
37461
50292
111203
44122
216313
183945
216313
49160
65152
50764
8565
50764
34834
50292
65152
44122
250001
98398
33069
44001
37461
97624
250001
60107
37461
50292
54599
98398
236261
43976
19600
98398
250001
98398
65152
131587
8565
87622
33069
52804
33069
50292
33069
44001
33069
87832
33069
89408
19600
42992
33069
59847
33069
50292
33069
44122
33069
89408
33069
49160
33069
50764
8565
50764
33069
50292
33069
44122
33069
89408
144495
44001
33069
89408
33069
60107
33069
50292
33069
89408
33069
43976
19600
89408
33069
89408
33069
89408
8565
87622
111206
50292
41301
44001
37461
52804
41301
52804
19600
42992
65152
52804
37461
50292
41301
44122
41301
52804
41301
49160
41301
50764
8565
50764
34834
50292
41301
44122
41301
52804
33069
44001
37461
52804
41301
52804
37461
50292
41301
52804
41301
43976
19600
52804
41301
52804
41301
52804
8565
52804
33069
44001
37461
50292
65152
50292
19600
42992
41301
50292
37461
52490
65152
44122
65152
50292
65152
49160
162916
50292
8565
50292
34834
52490
250001
44122
65152
50292
33069
44001
37461
50292
65152
50292
37461
52490
54599
50292
65152
43976
19600
50292
65152
50292
162916
50292
8565
50292
33069
44001
37461
44001
19600
42992
37461
44001
54599
44001
37461
44001
37461
44001
37461
44001
37461
44001
8565
44001
34834
44001
37461
44001
37461
44001
33069
60031
133356
44001
37461
44001
133356
44001
37461
44001
37461
43976
19600
44001
37461
44001
37461
44001
8565
44001
33069
87832
19600
42992
41301
59847
37461
50292
65576
44122
65576
87832
65576
49160
65152
50764
8565
50764
34834
50292
65152
44122
65576
87832
33069
44001
37461
87832
65576
60107
37461
50292
54599
87832
65576
43976
19600
87832
65576
87832
65152
87832
8565
87622
33069
42992
19600
59847
19600
50292
19600
44122
19600
98398
19600
49160
19600
50764
8565
50764
19600
50292
19600
44122
19600
119570
19600
44001
19600
97624
19600
60107
19600
50292
19600
119570
19600
43976
33069
158648
19600
157519
19600
98398
8565
87622
19600
42992
37461
42992
41301
42992
41301
42992
41301
42992
41301
42992
8565
42992
34834
42992
41301
42992
41301
42992
33069
42992
37461
42992
41301
42992
37461
42992
41301
42992
41301
42992
19600
42992
41301
42992
41301
42992
8565
42992
33069
50292
37461
44122
37461
59847
37461
49160
37461
50764
8565
50764
34834
50292
37461
44122
37461
59847
33069
44001
54599
59847
37461
59847
54599
50292
37461
59847
37461
43976
19600
59847
37461
59847
37461
59847
8565
59847
33069
44122
111203
50292
111203
49160
65152
50292
8565
50292
34834
52517
65152
44122
111203
50292
33069
44001
37461
50292
111203
50292
37461
59847
54599
50292
111203
43976
19600
50292
111203
50292
65152
50292
8565
50292
33069
44122
250001
44122
65152
44122
8565
44122
34834
44122
65152
132329
216313
44122
33069
44001
37461
44122
216313
44122
37461
44122
54599
44122
216313
43976
19600
44122
216313
44122
65152
44122
8565
44122
33069
49160
65152
50764
8565
50764
34834
50292
65152
44122
216313
98398
33069
44001
37461
97624
216313
60107
37461
50292
54599
98398
216313
43976
19600
98398
216313
98398
65152
131587
8565
87622
33069
49160
8565
49160
34834
49160
162916
44122
65152
49160
33069
44001
37461
49160
65152
49160
37461
49160
54599
49160
65152
43976
19600
49160
65152
49160
182718
49160
8565
49160
33069
91749
8565
50292
8565
44122
8565
50764
8565
44001
8565
50764
8565
50764
8565
50292
8565
50764
8565
43976
8565
50764
8565
50764
8565
50764
34834
50764
8565
50292
34834
44122
34834
50764
33069
44001
34834
50764
34834
50764
34834
50292
34834
50764
34834
43976
19600
50764
34834
50764
34834
50764
8565
50764
33069
44122
65152
50292
33069
44001
37461
50292
65152
50292
37461
52517
54599
50292
65152
43976
19600
50292
65152
50292
162916
50292
8565
50292
33069
44122
33069
44001
37461
44122
250001
44122
37461
44122
54599
44122
236261
43976
19600
44122
250001
44122
65152
44122
8565
44122
33069
44001
33069
97624
33069
60107
33069
50292
33069
147281
33069
43976
19600
119570
33069
119570
33069
98398
8565
87622
111206
44001
37461
44001
162916
44001
37461
44001
37461
43976
19600
44001
37461
44001
37461
44001
8565
44001
33069
60107
37461
50292
54599
97624
236261
43976
19600
97624
250001
97624
65152
97624
8565
87622
33069
50292
37461
60107
37461
43976
19600
60107
37461
60107
37461
60107
8565
60107
33069
50292
54599
43976
19600
50292
54599
50292
54599
50292
8565
50292
33069
43976
19600
119570
236261
119570
65152
98398
8565
87622
33069
43976
19600
43976
19600
43976
8565
43976
19600
157519
65152
98398
8565
87622
33069
98398
8565
87622
33069
87622
8565
