18710
54765
96626
56162
63579
176641
187337
100102
63579
173407
63579
176641
79387
146117
18710
54765
63579
123643
110126
250001
250001
250001
250001
56162
250001
174479
23664
93901
176009
250001
250001
60422
250001
56321
81995
56162
63579
56162
250001
70280
250001
70163
63579
54765
63579
54765
63579
176641
47213
56162
47213
56587
47627
56162
63579
33425
18710
93851
63579
250001
96626
33425
250001
56321
63579
56162
63579
60143
18710
54765
18710
54765
18710
54765
18710
54765
18710
54765
18710
54765
23664
69794
18710
54765
18710
54765
18710
54765
18710
54765
18710
54765
18710
54765
18710
54765
18710
54765
18710
54765
18710
54765
18710
54765
18710
54765
18710
54765
18710
69794
18710
69794
18710
54765
18710
54765
18710
54765
18710
54765
18710
33425
31715
54765
18710
54765
18710
33425
18710
54765
18710
54765
18710
54765
63579
56162
96626
56162
63579
56162
63579
56162
79387
56162
18710
54765
63579
56162
96626
56162
96626
56162
96626
64112
96626
56162
23664
56162
96626
56162
96626
56162
96626
56162
81995
70500
63579
87504
96626
56162
96626
56162
63579
54765
63579
54765
63579
56162
47213
87504
47213
56162
47627
93851
63579
33425
18710
56162
63579
56162
101267
33425
96626
56162
63579
87504
63579
56162
63579
100102
73466
173407
96626
250001
63579
146117
18710
54765
73466
123643
63579
176641
63579
176641
63579
56162
63579
174479
23664
93901
63579
176641
63579
60422
63579
56321
63579
56162
73466
56162
63579
70280
63579
70163
134225
54765
134225
54765
68819
216313
47213
56162
47213
56587
47627
56162
134225
33425
18710
93851
96626
176641
63579
33425
63579
56321
134225
56162
96626
60143
63579
100102
63579
100102
79387
100102
18710
54765
63579
100102
110126
100102
187337
100102
187337
56162
187337
100102
23664
93901
176009
100102
187337
60422
187337
56321
81995
56162
63579
56162
187337
70280
187337
70163
63579
54765
63579
54765
63579
100102
47213
56162
47213
56587
47627
56162
63579
33425
18710
93851
63579
100102
96626
33425
187337
56321
63579
56162
63579
60143
73466
173407
63579
146117
18710
54765
95627
123643
63579
173407
63579
173407
63579
56162
63579
173407
23664
93901
63579
173407
63579
60422
63579
56321
63579
56162
95627
56162
63579
70280
63579
70163
73466
54765
73466
54765
68819
173407
47213
56162
47213
56587
47627
56162
73466
33425
18710
93851
73466
173407
63579
33425
63579
56321
73466
56162
73466
60143
63579
146117
18710
54765
73466
123643
63579
176641
63579
176641
63579
56162
63579
174479
23664
93901
63579
176641
63579
60422
63579
56321
63579
56162
73466
56162
63579
70280
63579
70163
96626
54765
96626
54765
68819
216313
47213
56162
47213
56587
47627
56162
96626
33425
18710
93851
109951
176641
63579
33425
63579
56321
96626
56162
109951
60143
18710
54765
63579
123643
79387
146117
79387
146117
79387
56162
79387
146117
23664
93901
79387
146117
79387
60422
79387
56321
79387
56162
63579
56162
79387
70280
79387
70163
63579
54765
63579
54765
63579
146117
47213
56162
47213
56587
47627
56162
63579
33425
18710
93851
63579
146117
79387
33425
79387
56321
63579
56162
63579
60143
18710
54765
18710
54765
18710
54765
18710
54765
18710
54765
18710
54765
18710
54765
18710
54765
18710
54765
18710
54765
18710
54765
18710
54765
18710
54765
18710
87504
18710
87504
18710
54765
18710
54765
18710
54765
18710
54765
18710
33425
23664
54765
18710
54765
18710
33425
18710
54765
18710
54765
18710
54765
63579
123643
63579
123643
63579
56162
63579
123643
23664
93901
63579
123643
63579
60422
63579
56321
63579
56162
175811
56162
63579
70280
63579
70163
73466
54765
73466
54765
68819
123643
47213
56162
47213
56587
47627
56162
73466
33425
18710
93851
73466
123643
63579
33425
63579
56321
73466
56162
73466
60143
110126
250001
110126
56162
110126
174479
23664
93901
110126
250001
110126
60422
110126
56321
81995
56162
63579
56162
110126
70280
110126
70163
63579
54765
63579
54765
63579
176641
47213
56162
47213
56587
47627
56162
63579
33425
18710
93851
63579
250001
96626
33425
110126
56321
63579
56162
63579
60143
250001
56162
250001
174479
23664
93901
176009
250001
250001
60422
250001
56321
81995
56162
63579
56162
250001
70280
250001
70163
63579
54765
63579
54765
63579
176641
47213
56162
47213
56587
47627
56162
63579
33425
18710
93851
63579
250001
96626
33425
250001
56321
63579
56162
63579
60143
250001
56162
23664
56162
176009
56162
250001
56162
250001
56162
81995
64112
63579
64112
250001
56162
250001
56162
63579
54765
63579
54765
63579
56162
47213
64112
47213
56162
47627
64112
63579
33425
18710
56162
63579
56162
96626
33425
250001
56162
63579
64112
63579
56162
23664
93901
176009
174479
250001
60422
250001
56321
81995
56162
63579
56162
250001
70280
250001
70163
63579
54765
63579
54765
63579
174479
47213
56162
47213
56587
47627
56162
63579
33425
18710
93851
63579
174479
96626
33425
250001
56321
63579
56162
63579
60143
23664
93901
23664
60422
23664
56321
23664
56162
23664
56162
23664
70280
23664
70163
23664
54765
23664
54765
23664
93901
23664
56162
23664
56587
23664
56162
23664
33425
18710
93851
23664
93901
23664
33425
23664
56321
23664
56162
23664
60143
176009
60422
176009
56321
81995
56162
63579
56162
176009
70280
176009
70163
63579
54765
63579
54765
63579
176641
47213
56162
47213
56587
47627
56162
63579
33425
18710
93851
63579
250001
96626
33425
176009
56321
63579
56162
63579
60143
250001
56321
81995
56162
63579
56162
250001
60422
250001
60422
63579
54765
63579
54765
63579
60422
47213
56162
47213
56587
47627
56162
63579
33425
18710
60422
63579
60422
96626
33425
250001
56321
63579
56162
63579
60143
81995
56162
63579
56162
250001
56321
250001
56321
63579
54765
63579
54765
63579
56321
47213
56162
47213
56321
47627
56162
63579
33425
18710
56321
63579
56321
96626
33425
250001
64112
63579
56162
63579
56321
63579
70500
81995
56162
81995
56162
63579
54765
63579
54765
63579
56162
47213
70500
47213
56162
47627
70500
63579
33425
18710
56162
63579
56162
81995
33425
81995
56162
63579
70500
63579
56162
63579
56162
63579
56162
73466
54765
73466
54765
68819
56162
47213
93851
47213
56162
47627
87504
73466
33425
18710
56162
73466
56162
63579
33425
63579
56162
73466
93851
73466
56162
250001
70163
63579
54765
63579
54765
63579
70280
47213
56162
47213
56587
47627
56162
63579
33425
18710
70280
63579
70280
96626
33425
250001
56321
63579
56162
63579
60143
63579
54765
63579
54765
63579
70163
47213
56162
47213
56587
47627
56162
63579
33425
18710
70163
63579
70163
96626
33425
250001
56321
63579
56162
63579
60143
135461
117267
68819
54765
47213
54765
47213
54765
47627
54765
135461
33425
18710
54765
96626
54765
63579
33425
63579
54765
135461
54765
96626
54765
68819
54765
47213
54765
47213
54765
47627
54765
175811
33425
18710
54765
96626
54765
63579
33425
63579
54765
175811
54765
96626
54765
47213
56162
47213
56587
47627
56162
68819
33425
18710
93851
68819
176641
63579
33425
63579
56321
68819
56162
68819
60143
47627
56162
47213
87504
47213
33425
18710
56162
47213
56162
47213
33425
47213
56162
47213
120691
47213
56162
47213
56162
47213
33425
18710
56587
47213
56587
47213
33425
47213
56321
47213
56162
47213
56587
47627
33425
18710
56162
47627
56162
47627
33425
47627
56162
47627
87504
47627
56162
18710
33425
96626
33425
63579
56162
63579
33425
250001
33425
96626
33425
18710
93851
18710
33425
18710
56321
18710
56162
18710
60143
63579
33425
63579
56321
96626
56162
176009
60143
96626
33425
63579
33425
63579
33425
63579
56162
63579
56321
96626
56162
