37845
103663
37845
211699
37845
211699
37845
211699
37845
138315
37845
113131
37845
185625
37845
139664
37845
211699
37205
211699
37205
211699
37205
68331
37845
211699
37845
45619
36353
143025
37845
211699
37845
132602
37845
78161
36353
151256
37845
211699
37845
152227
37845
211699
36521
155410
37845
152227
37909
52027
37845
152227
37845
76699
37845
143025
37845
45619
37845
211699
36521
52027
37845
211699
109274
103663
144757
103663
144757
103663
53874
103663
109274
103663
109274
103663
94209
103663
144757
103663
37205
103663
37205
103663
37205
68331
58539
103663
37909
45619
36353
103663
109274
103663
53874
103663
144757
78161
36353
103663
109274
103663
211646
103663
109274
103663
36521
103663
250001
103663
37845
52027
93805
103663
78124
76699
93805
103663
37909
45619
109274
103663
36521
52027
53874
103663
109274
250001
109274
250001
53874
138315
250001
113131
125714
185625
94209
139664
109274
250001
37205
250001
37205
250001
37205
68331
58539
250001
37909
45619
36353
143025
250001
250001
53874
132602
109274
78161
36353
151256
250001
250001
109274
152227
250001
250001
36521
155410
109274
152227
37845
52027
93805
152227
78124
76699
93805
143025
37909
45619
250001
250001
36521
52027
53874
250001
248918
250001
53874
138315
109274
113131
109274
185625
94209
139664
250001
250001
37205
250001
37205
250001
37205
68331
58539
250001
37909
45619
36353
143025
109274
250001
53874
132602
248918
78161
36353
151256
109274
250001
144757
152227
109274
250001
36521
155410
144757
152227
37845
52027
93805
152227
78124
76699
93805
143025
37909
45619
109274
250001
36521
52027
53874
250001
53874
138315
109274
113131
109274
185625
94209
139664
248918
250001
37205
250001
37205
250001
37205
68331
58539
250001
37909
45619
36353
143025
109274
250001
53874
132602
250001
78161
36353
151256
109274
250001
144757
152227
109274
250001
36521
155410
144757
152227
37845
52027
93805
152227
78124
76699
93805
143025
37909
45619
109274
250001
36521
52027
53874
250001
53874
113131
53874
138315
53874
138315
53874
138315
37205
138315
37205
138315
37205
68331
53874
138315
37909
45619
36353
138315
53874
138315
93805
132602
53874
78161
36353
138315
53874
138315
53874
138315
53874
138315
36521
138315
53874
138315
37845
52027
53874
138315
53874
76699
53874
138315
37909
45619
53874
138315
36521
52027
211646
138315
125714
113131
94209
113131
109274
113131
37205
113131
37205
113131
37205
68331
58539
113131
37909
45619
36353
113131
250001
113131
53874
113131
109274
78161
36353
113131
250001
113131
109274
113131
250001
113131
36521
113131
109274
113131
37845
52027
93805
113131
78124
76699
93805
113131
37909
45619
250001
113131
36521
52027
53874
113131
94209
139664
109274
185625
37205
185625
37205
185625
37205
68331
58539
185625
37909
45619
36353
143025
125714
185625
53874
132602
109274
78161
36353
151256
125714
185625
109274
152227
125714
185625
36521
155410
109274
152227
37845
52027
93805
152227
78124
76699
93805
143025
37909
45619
125714
185625
36521
52027
53874
185625
94209
139664
37205
139664
37205
139664
37205
68331
58539
139664
37909
45619
36353
139664
94209
139664
53874
132602
94209
78161
36353
139664
94209
139664
94209
139664
94209
139664
36521
139664
94209
139664
37845
52027
93805
139664
78124
76699
93805
139664
37909
45619
94209
139664
36521
52027
53874
139664
37205
250001
37205
250001
37205
68331
58539
250001
37909
45619
36353
143025
109274
250001
53874
132602
248918
78161
36353
151256
109274
250001
144757
152227
109274
250001
36521
155410
144757
152227
37845
52027
93805
152227
78124
76699
93805
143025
37909
45619
109274
250001
36521
52027
53874
250001
37909
250001
93805
68331
37205
250001
37205
45619
36353
143025
37205
250001
37205
132602
37205
78161
36353
151256
37205
250001
37205
152227
37205
250001
36521
155410
37205
152227
37205
52027
37205
152227
37205
76699
37205
143025
37205
45619
37205
250001
36521
52027
37205
250001
37909
68331
37205
250001
37205
45619
36353
143025
37205
250001
37205
132602
37205
78161
36353
151256
37205
250001
37205
152227
37205
250001
36521
155410
37205
152227
37205
52027
37205
152227
37205
76699
37205
143025
37205
45619
37205
250001
36521
52027
37205
250001
37205
68331
37205
45619
36353
68331
37205
68331
37205
68331
37205
68331
36353
68331
37205
68331
37205
68331
37205
68331
36521
68331
37205
68331
37205
52027
37205
68331
37205
68331
37205
68331
37205
45619
37205
68331
36521
52027
37205
68331
37909
45619
36353
143025
58539
250001
53874
132602
58539
78161
36353
151256
58539
250001
58539
152227
58539
250001
36521
155410
58539
152227
37845
52027
58539
152227
58539
76699
58539
143025
37909
45619
58539
250001
36521
52027
53874
250001
36353
45619
37909
45619
37909
45619
37909
45619
36353
45619
37909
45619
37909
45619
37909
45619
36521
45619
37909
45619
37845
45619
37909
45619
37909
45619
37909
45619
121226
250001
37909
45619
36521
45619
37909
45619
36353
143025
36353
132602
36353
78161
50119
143025
36353
143025
36353
143025
36353
143025
36353
143025
36353
143025
36353
52027
36353
143025
36353
76699
36353
143962
36353
45619
36353
143025
36353
52027
36353
143025
53874
132602
109274
78161
36353
151256
250001
250001
109274
152227
250001
250001
36521
155410
109274
152227
37845
52027
93805
152227
78124
76699
93805
143025
37909
45619
250001
250001
36521
52027
53874
250001
53874
78161
36353
132602
53874
132602
53874
132602
53874
132602
36521
132602
53874
132602
37845
52027
53874
132602
53874
76699
53874
132602
37909
45619
53874
132602
36521
52027
93805
132602
36353
78161
109274
78161
144757
78161
109274
78161
36521
78161
144757
78161
37845
52027
93805
78161
78124
76699
93805
78161
37909
45619
109274
78161
36521
52027
53874
78161
36353
151256
36353
151256
36353
151256
36353
151256
36353
151256
36353
52027
36353
151256
36353
76699
36353
143025
36353
45619
36353
151256
36353
52027
36353
151256
109274
152227
250001
250001
36521
155410
109274
152227
37845
52027
93805
152227
78124
76699
93805
143025
37909
45619
250001
250001
36521
52027
53874
250001
109274
152227
36521
152227
211646
250001
37845
52027
93805
250001
78124
76699
93805
143025
37909
45619
109274
152227
36521
52027
53874
152227
36521
155410
109274
152227
37845
52027
93805
152227
78124
76699
93805
143025
37909
45619
250001
250001
36521
52027
53874
250001
36521
152227
36521
52027
36521
152227
36521
76699
36521
143025
36521
45619
36521
155410
37205
52027
36521
155410
37845
52027
93805
250001
78124
76699
93805
143025
37909
45619
109274
152227
36521
52027
53874
152227
37845
52027
37845
52027
37845
52027
37845
45619
37845
52027
36521
68331
37845
52027
78124
76699
250001
143025
37909
45619
93805
152227
36521
52027
53874
152227
78124
76699
37909
45619
78124
76699
36521
52027
53874
76699
37909
45619
93805
143025
36521
52027
53874
143025
37909
45619
36521
45619
37909
45619
36521
52027
53874
250001
36521
52027
