15660
250001
15660
128573
15660
91095
250001
76600
15660
89882
15660
250001
15660
250001
15660
250001
15660
250001
15660
47257
15660
250001
15660
90065
15660
250001
15660
250001
15660
46823
15660
250001
15660
250001
15660
46823
15660
91095
15660
250001
15660
250001
15660
76600
15660
250001
15660
250001
15660
250001
15660
47257
15660
47257
15660
46823
15660
250001
15660
250001
15660
250001
15660
250001
250001
89882
15660
47257
15660
47257
42185
128573
134699
91095
15660
76600
25942
89882
134699
250001
42185
250001
41749
250001
42185
250001
134699
47257
42185
250001
25942
90065
42185
250001
57361
250001
42601
46823
134699
250001
75495
250001
75589
46823
134699
91095
42185
250001
41749
250001
134699
76600
25942
250001
134699
250001
42601
250001
75495
47257
78134
47257
54576
46823
42699
250001
134699
250001
41749
250001
75495
250001
15660
89882
134699
47257
134699
47257
42185
91095
15660
76600
25942
89882
42185
128573
42625
128573
41749
128573
65612
128573
42185
47257
62462
128573
25942
90065
42601
128573
42185
128573
42185
46823
42185
128573
42185
128573
42185
46823
42185
91095
42601
128573
41749
128573
42185
76600
25942
128573
42185
128573
42185
128573
42185
47257
42185
47257
42185
46823
42185
128573
42185
128573
41749
128573
42185
128573
15660
89882
42185
47257
42185
47257
15660
76600
25942
89882
250001
91095
42185
91095
41749
91095
42185
91095
250001
47257
42185
91095
25942
90065
42185
91095
57361
91095
42601
46823
197825
91095
75495
91095
75589
46823
250001
212267
42185
91095
41749
91095
250001
76600
25942
91095
250001
91095
42601
91095
75495
47257
78134
47257
54576
46823
42699
91095
250001
91095
41749
91095
75495
91095
15660
89882
250001
47257
250001
47257
15660
76600
15660
76600
15660
76600
15660
76600
15660
76600
15660
47257
15660
76600
15660
76600
15660
76600
15660
76600
15660
46823
15660
76600
15660
76600
15660
46823
15660
76600
15660
76600
15660
76600
15660
250001
15660
76600
15660
76600
15660
76600
15660
47257
15660
47257
15660
46823
15660
76600
15660
76600
15660
76600
15660
76600
250001
76600
15660
47257
15660
47257
25942
89882
25942
89882
25942
89882
25942
89882
25942
47257
25942
89882
42699
89882
25942
89882
25942
89882
25942
46823
25942
89882
25942
89882
25942
46823
25942
89882
25942
89882
25942
89882
25942
76600
43035
89882
25942
89882
25942
89882
25942
47257
25942
47257
25942
46823
25942
89882
25942
89882
25942
89882
25942
89882
15660
99031
25942
47257
25942
47257
42185
250001
41749
250001
42185
250001
250001
47257
42185
250001
25942
90065
42185
250001
57361
250001
42601
46823
197825
250001
75495
250001
75589
46823
250001
91095
42185
250001
41749
250001
250001
76600
25942
250001
250001
250001
42601
250001
75495
47257
78134
47257
54576
46823
42699
250001
250001
250001
41749
250001
75495
250001
15660
89882
250001
47257
250001
47257
41749
250001
42625
250001
42185
47257
42625
250001
25942
90065
42601
250001
42185
250001
42185
46823
42185
250001
42185
250001
42185
46823
42185
91095
42601
250001
41749
250001
42185
76600
25942
250001
42185
250001
42185
250001
42185
47257
42185
47257
42185
46823
42185
250001
42185
250001
41749
250001
42185
250001
15660
89882
42185
47257
42185
47257
41749
250001
41749
47257
41749
250001
25942
90065
41749
250001
41749
250001
41749
46823
41749
250001
41749
250001
41749
46823
41749
91095
41749
250001
42601
250001
41749
76600
25942
250001
41749
250001
41749
250001
41749
47257
41749
47257
41749
46823
41749
250001
41749
250001
42890
250001
41749
250001
15660
89882
41749
47257
41749
47257
42185
47257
62462
250001
25942
90065
42601
250001
42185
250001
42185
46823
42185
250001
42185
250001
42185
46823
42185
91095
42601
250001
41749
250001
42185
76600
25942
250001
42185
250001
42185
250001
42185
47257
42185
47257
42185
46823
42185
250001
42185
250001
41749
250001
42185
250001
15660
89882
42185
47257
42185
47257
42185
47257
25942
47257
42185
47257
57361
47257
42601
46823
197825
47257
75495
47257
75589
46823
250001
47257
42185
47257
41749
47257
250001
47257
25942
47257
250001
47257
42601
47257
75495
53458
78134
89611
54576
46823
42699
47257
250001
47257
41749
47257
75495
47257
15660
47257
250001
89882
250001
89882
25942
90065
42601
250001
42185
250001
42185
46823
42185
250001
42185
250001
42185
46823
42185
91095
42601
250001
41749
250001
42185
76600
25942
250001
42185
250001
42185
250001
42185
47257
42185
47257
42185
46823
42185
250001
42185
250001
41749
250001
42185
250001
15660
89882
42185
47257
42185
47257
25942
90065
25942
90065
25942
46823
25942
90065
25942
90065
25942
46823
25942
90065
25942
90065
25942
90065
25942
76600
42699
90065
25942
90065
25942
90065
25942
47257
25942
47257
25942
46823
25942
90065
25942
90065
25942
90065
25942
90065
15660
89882
25942
47257
25942
47257
42185
250001
42185
46823
42185
250001
42185
250001
42185
46823
42185
91095
60360
250001
41749
250001
42185
76600
25942
250001
42185
250001
42185
250001
42185
47257
42185
47257
42185
46823
42185
250001
42185
250001
41749
250001
42185
250001
15660
89882
42185
47257
42185
47257
42601
46823
57361
250001
57361
250001
57361
46823
57361
91095
42185
250001
41749
250001
57361
76600
25942
250001
57361
250001
42601
250001
57361
47257
57361
47257
54576
46823
42699
250001
57361
250001
41749
250001
57361
250001
15660
89882
57361
47257
57361
47257
42601
46823
42601
46823
42601
250001
42601
46823
42185
46823
41749
46823
42601
46823
25942
46823
42601
46823
250001
46823
42601
46823
42601
46823
42601
56439
42601
46823
42601
46823
41749
46823
42601
46823
15660
46823
42601
46823
42601
46823
75495
250001
75589
46823
197825
91095
42185
250001
41749
250001
197825
76600
25942
250001
197825
250001
42601
250001
75495
47257
78134
47257
54576
46823
42699
250001
197825
250001
41749
250001
75495
250001
15660
89882
197825
47257
197825
47257
75495
46823
75495
91095
42185
250001
41749
250001
75495
76600
25942
250001
75495
250001
42601
250001
231773
47257
75495
47257
54576
46823
42699
250001
75495
250001
41749
250001
250001
250001
15660
89882
75495
47257
75495
47257
75589
46823
42185
46823
41749
46823
75589
46823
25942
46823
75589
46823
42601
46823
75495
46823
75589
46823
54576
56439
42699
46823
75589
46823
41749
46823
75495
46823
15660
46823
75589
46823
75589
46823
42185
91095
41749
91095
250001
76600
25942
91095
250001
91095
42601
91095
75495
47257
78134
47257
54576
46823
42699
91095
250001
91095
41749
91095
75495
91095
15660
89882
250001
47257
250001
47257
41749
250001
42185
76600
25942
250001
42185
250001
42185
250001
42185
47257
42185
47257
42185
46823
42185
250001
42185
250001
41749
250001
42185
250001
15660
89882
42185
47257
42185
47257
41749
76600
25942
250001
41749
250001
41749
250001
41749
47257
41749
47257
41749
46823
41749
250001
41749
250001
42601
250001
41749
250001
15660
89882
41749
47257
41749
47257
25942
76600
250001
76600
42601
76600
75495
47257
78134
47257
54576
46823
42699
76600
250001
76600
41749
76600
75495
76600
15660
76600
250001
47257
250001
47257
25942
250001
25942
250001
25942
47257
25942
47257
25942
46823
25942
250001
25942
250001
25942
250001
25942
250001
15660
89882
25942
47257
25942
47257
42601
250001
75495
47257
78134
47257
54576
46823
42699
250001
250001
250001
41749
250001
75495
250001
15660
89882
250001
47257
250001
47257
42601
47257
42601
47257
42601
46823
42601
250001
42601
250001
41749
250001
42601
250001
15660
89882
42601
47257
42601
47257
75495
53458
54576
46823
42699
47257
75495
47257
41749
47257
231773
47257
15660
47257
75495
53458
75495
53458
54576
46823
42699
47257
78134
47257
41749
47257
75495
47257
15660
47257
78134
89611
78134
89611
42699
46823
54576
46823
41749
46823
54576
46823
15660
46823
54576
46823
54576
46823
42699
250001
41749
250001
42699
250001
15660
89882
42699
47257
42699
47257
41749
250001
75495
250001
15660
89882
250001
47257
250001
47257
41749
250001
15660
89882
41749
47257
41749
47257
15660
89882
75495
47257
75495
47257
15660
47257
15660
47257
250001
123157
