28786
51360
28786
51360
44579
51360
28786
51360
28786
51360
28786
51360
28786
51360
28786
51360
28786
51360
44579
51360
28786
51360
28786
51360
28786
51360
28786
51360
28786
14361
28786
51360
28786
51360
44579
51360
28786
43076
28786
14361
28786
51360
28786
51360
28786
51360
28786
51360
28786
51360
28786
51360
28786
43076
28786
51360
28786
51360
28786
51360
28786
51360
28786
74082
28786
51360
28786
74082
28786
43076
28786
51360
28786
51360
44223
133179
28786
133179
46263
133179
64115
133179
44579
133179
64115
133179
44223
133179
44579
133179
28786
74082
44579
133179
64115
129373
44223
133179
250001
133179
44223
14361
44223
133179
30560
133179
28786
133179
64115
43076
44223
14361
250001
205691
244774
205691
44579
133179
64115
133179
30560
115225
46263
133179
64115
43076
250001
133179
64115
133179
64115
120480
64115
133179
250001
51360
64115
133179
44579
51360
64115
43076
64115
133179
64115
133179
28786
152998
44223
151109
44223
152998
44223
152998
44223
152998
250001
152998
44223
152998
28786
74082
44223
152998
44223
129373
250001
152998
44223
152998
250001
14361
76138
152998
30560
175212
28786
152998
44223
43076
250001
14361
44223
133179
44223
133179
44223
152998
44223
175212
30560
115225
44223
151109
44223
43076
44223
152998
44223
152998
44223
120480
44223
152998
44223
51360
44223
175212
44223
51360
44223
43076
44223
152998
44223
152998
28786
151109
28786
155915
28786
198395
28786
155915
28786
198395
28786
155915
97995
74082
28786
250001
28786
129373
28786
198395
28786
155915
28786
14361
28786
198395
28786
152998
165196
198395
28786
43076
28786
14361
28786
133179
28786
133179
28786
198395
28786
152998
28786
115225
28786
151109
28786
43076
28786
155915
28786
175212
28786
120480
28786
155915
28786
51360
28786
152998
28786
51360
28786
43076
28786
203588
28786
155915
46263
151109
44579
151109
46263
151109
44223
151109
44579
151109
28786
74082
44579
151109
46263
129373
44223
151109
46263
151109
44223
14361
44223
151109
30560
151109
28786
151109
46263
43076
44223
14361
46263
133179
46263
133179
44579
151109
46263
151109
30560
115225
250001
250001
46263
43076
46263
151109
46263
151109
46263
120480
46263
151109
46263
51360
46263
151109
44579
51360
46263
43076
46263
151109
46263
151109
44579
155915
224586
203105
44223
155915
44579
198395
28786
74082
44579
155915
224586
129373
44223
155915
64115
198395
44223
14361
44223
155915
30560
152998
28786
155915
97995
43076
44223
14361
64115
133179
64115
133179
44579
155915
209040
152998
30560
115225
46263
151109
97995
43076
64115
198395
250001
155915
250001
120480
77845
198395
64115
51360
250001
152998
44579
51360
97995
43076
97995
155915
224586
204095
44579
155915
44223
250001
64115
155915
28786
74082
64115
198395
44579
129373
44223
250001
44579
155915
44223
14361
44223
204095
30560
152998
28786
250001
44579
43076
44223
14361
44579
133179
44579
133179
64115
250001
44579
152998
30560
115225
44579
151109
44579
43076
44579
155915
44579
175212
44579
120480
44579
155915
44579
51360
44579
152998
46263
51360
44579
43076
44579
198395
44579
155915
44223
155915
44579
198395
28786
74082
44579
155915
250001
129373
44223
155915
64115
198395
44223
14361
44223
155915
30560
152998
28786
155915
97995
43076
44223
14361
64115
133179
64115
133179
44579
155915
209040
152998
30560
115225
46263
151109
97995
43076
64115
198395
224586
155915
224586
120480
77845
198395
64115
51360
224586
152998
44579
51360
97995
43076
97995
155915
250001
203105
44223
155915
28786
74082
44223
198395
44223
129373
250001
250001
44223
155915
250001
14361
76138
204095
30560
152998
28786
250001
44223
43076
250001
14361
44223
133179
44223
133179
44223
250001
44223
152998
30560
115225
44223
151109
44223
43076
44223
155915
44223
175212
44223
120480
44223
155915
44223
51360
44223
152998
44223
51360
44223
43076
44223
198395
44223
155915
28786
74082
250001
155915
44579
129373
44223
155915
44579
205691
44223
14361
44223
155915
30560
152998
28786
155915
44579
43076
44223
14361
44579
133179
44579
133179
224586
155915
44579
152998
30560
115225
44579
151109
44579
43076
44579
203588
44579
155915
44579
120480
44579
204842
44579
51360
44579
152998
46263
51360
44579
43076
44579
155915
44579
198395
28786
74082
28786
74082
28786
74082
28786
74082
28786
14361
28786
74082
28786
74082
97995
74082
28786
43076
28786
14361
28786
74082
28786
74082
28786
74082
28786
74082
28786
74082
28786
74082
28786
43076
28786
74082
28786
74082
28786
74082
28786
74082
28786
51360
28786
74082
28786
51360
28786
43076
28786
74082
28786
74082
44579
129373
44223
198395
44579
155915
44223
14361
44223
198395
30560
152998
28786
198395
44579
43076
44223
14361
44579
133179
44579
133179
224586
198395
44579
152998
30560
115225
44579
151109
44579
43076
44579
155915
44579
175212
44579
120480
44579
155915
44579
51360
44579
152998
46263
51360
44579
43076
44579
203588
44579
155915
44223
129373
64115
129373
44223
14361
44223
129373
30560
129373
28786
129373
97995
43076
44223
14361
64115
129373
64115
129373
44579
129373
209040
129373
30560
115225
46263
129373
97995
43076
64115
129373
224586
129373
224586
120480
77845
129373
64115
51360
224586
129373
44579
51360
97995
43076
97995
129373
250001
129373
44223
155915
250001
14361
76138
204095
30560
152998
28786
250001
44223
43076
250001
14361
44223
133179
44223
133179
44223
250001
44223
152998
30560
115225
44223
151109
44223
43076
44223
155915
44223
175212
44223
120480
44223
155915
44223
51360
44223
152998
44223
51360
44223
43076
44223
198395
44223
155915
44223
14361
44223
155915
30560
152998
28786
155915
64115
43076
44223
14361
250001
133179
244774
133179
44579
155915
64115
152998
30560
115225
46263
151109
64115
43076
250001
203588
64115
155915
64115
120480
64115
204842
250001
51360
64115
152998
44579
51360
64115
43076
64115
155915
64115
198395
76138
14361
30560
14361
28786
14361
44223
14361
250001
51360
44223
14361
44223
14361
44223
14361
44223
14361
30560
14361
44223
14361
44223
14361
44223
14361
44223
14361
44223
14361
44223
14361
44223
14361
44223
14361
44223
14361
44223
14361
44223
14361
44223
14361
30560
152998
28786
204095
44223
43076
76138
14361
44223
133179
44223
133179
44223
204095
44223
152998
30560
115225
44223
151109
44223
43076
44223
155915
44223
175212
44223
120480
44223
155915
44223
51360
44223
152998
44223
51360
44223
43076
44223
198395
44223
155915
28786
152998
30560
43076
30560
14361
30560
133179
30560
133179
30560
152998
30560
239522
169206
115225
30560
151109
30560
43076
30560
152998
30560
152998
30560
120480
30560
152998
30560
51360
30560
239522
30560
51360
30560
43076
30560
152998
30560
152998
28786
43076
28786
14361
28786
133179
28786
133179
28786
250001
28786
152998
28786
115225
28786
151109
28786
43076
28786
155915
28786
175212
28786
120480
28786
155915
28786
51360
28786
152998
28786
51360
28786
43076
28786
198395
28786
155915
44223
14361
64115
43076
64115
43076
44579
43076
97995
43076
30560
43076
46263
43076
250001
250001
64115
43076
97995
43076
97995
43076
77845
43076
64115
43076
97995
43076
44579
43076
250001
198395
244774
43076
97995
43076
44223
14361
44223
14361
44223
14361
44223
14361
30560
14361
44223
14361
44223
14361
44223
14361
44223
14361
44223
14361
44223
14361
44223
14361
44223
14361
44223
14361
44223
14361
44223
14361
44223
14361
244774
250001
44579
133179
64115
133179
30560
115225
46263
133179
64115
43076
250001
133179
64115
133179
64115
120480
64115
133179
250001
51360
64115
133179
44579
51360
64115
43076
64115
133179
64115
133179
44579
133179
64115
133179
30560
115225
46263
133179
64115
43076
244774
133179
64115
133179
64115
120480
64115
133179
244774
51360
64115
133179
44579
51360
64115
43076
64115
133179
64115
133179
44579
152998
30560
115225
44579
151109
44579
43076
44579
155915
44579
175212
44579
120480
44579
155915
44579
51360
44579
152998
46263
51360
44579
43076
44579
198395
44579
155915
30560
115225
46263
151109
97995
43076
64115
152998
209040
152998
209040
120480
77845
152998
64115
51360
209040
243054
44579
51360
97995
43076
97995
152998
209040
152998
30560
115225
30560
43076
30560
115225
30560
115225
30560
115225
30560
115225
30560
51360
30560
115225
30560
51360
30560
43076
30560
115225
30560
115225
46263
43076
46263
151109
46263
151109
46263
120480
46263
151109
46263
51360
46263
151109
44579
51360
46263
43076
46263
151109
46263
151109
64115
43076
97995
43076
97995
43076
77845
43076
64115
43076
97995
43076
44579
43076
250001
198395
244774
43076
97995
43076
64115
155915
64115
120480
64115
203588
250001
51360
64115
152998
44579
51360
64115
43076
64115
155915
64115
198395
250001
120480
77845
155915
64115
51360
250001
152998
44579
51360
97995
43076
97995
175212
224586
155915
77845
120480
64115
51360
250001
120480
44579
51360
97995
43076
97995
120480
224586
120480
64115
51360
77845
152998
44579
51360
77845
43076
77845
155915
77845
198395
64115
51360
44579
133179
64115
43076
64115
51360
64115
51360
44579
51360
97995
43076
97995
152998
224586
152998
44579
43076
44579
51360
44579
51360
244774
43076
97995
43076
97995
155915
