148852
198228
148852
80260
122756
80260
125914
80260
150431
62239
148852
62239
148852
250001
148852
125297
148852
34246
148852
84272
148852
34246
148852
80260
148852
250001
148852
250001
122788
34246
148852
250001
148852
80260
148852
62239
38615
80260
148852
34246
38615
198228
122756
67075
148852
250001
148852
62239
148852
155090
148852
34246
148852
80260
148852
80260
148852
77575
148852
80260
148852
80260
122788
173630
125914
62239
148852
84272
122788
34246
150431
67075
148852
198228
148852
80260
220448
80260
122756
80260
125914
80260
148852
62239
220448
62239
220448
198228
161787
125297
220448
34246
220448
84272
220448
34246
220448
80260
220448
198228
220448
198228
122788
34246
176389
198228
220448
80260
220448
62239
38615
80260
220448
34246
38615
250001
122756
67075
220448
198228
150446
62239
220448
155090
220448
34246
207738
80260
220448
80260
167612
77575
162563
80260
207738
80260
122788
173630
125914
62239
220448
84272
122788
34246
148852
67075
220448
250001
176389
80260
122756
250001
125914
250001
148852
62239
246758
62239
246758
80260
161787
80260
250001
34246
250001
80260
250001
34246
250001
238222
246758
80260
246758
80260
122788
34246
176389
80260
250001
250001
246758
62239
38615
226011
250001
34246
38615
80260
122756
67075
246758
80260
150446
62239
246758
80260
224122
34246
207738
117125
250001
143618
167612
77575
162563
250001
207738
226011
122788
80260
125914
62239
250001
80260
122788
34246
148852
67075
250001
80260
176389
125297
122756
250001
122756
62239
122756
62239
122756
80260
122756
80260
122756
34246
122756
80260
122756
34246
122756
238222
122756
80260
122756
80260
122756
34246
122756
80260
122756
250001
122756
62239
38615
226011
122756
34246
38615
80260
181066
67075
122756
80260
122756
62239
122756
80260
122756
34246
122756
117125
122756
143618
122756
77575
122756
250001
122756
226011
122756
80260
122756
62239
122756
80260
122756
34246
122756
67075
122756
80260
122756
125297
125914
62239
125914
62239
125914
80260
125914
80260
125914
34246
125914
80260
125914
34246
125914
238222
125914
80260
125914
80260
122788
34246
125914
80260
125914
250001
125914
62239
38615
226011
125914
34246
38615
80260
122756
67075
125914
80260
125914
62239
125914
80260
125914
34246
125914
117125
125914
143618
125914
77575
125914
250001
125914
226011
122788
80260
246758
62239
125914
80260
122788
34246
125914
67075
125914
80260
125914
125297
148852
67075
148852
62239
148852
62239
148852
34246
148852
62239
148852
34246
148852
62239
148852
62239
148852
62239
122788
34246
148852
62239
148852
62239
148852
67075
38615
62239
148852
34246
38615
62239
122756
62239
148852
62239
148852
67075
148852
62239
148852
34246
148852
62239
148852
62239
148852
62239
148852
62239
148852
62239
122788
62239
125914
67075
148852
62239
122788
34246
246758
62239
148852
62239
148852
62239
250001
62239
161787
62239
246758
34246
246758
62239
246758
34246
246758
62239
250001
62239
250001
62239
122788
34246
176389
62239
246758
62239
250001
125297
38615
62239
246758
34246
38615
62239
122756
62239
250001
62239
150446
87288
250001
62239
224122
34246
207738
62239
246758
62239
167612
62239
162563
62239
207738
62239
122788
62239
125914
125297
246758
62239
122788
34246
148852
62239
246758
62239
176389
62239
161787
125297
246758
34246
246758
84272
246758
34246
246758
80260
250001
250001
250001
250001
122788
34246
176389
250001
246758
80260
250001
62239
38615
80260
246758
34246
38615
198228
122756
67075
250001
250001
150446
62239
250001
155090
224122
34246
207738
80260
246758
80260
167612
77575
162563
80260
207738
80260
122788
173630
125914
62239
246758
84272
122788
34246
148852
67075
246758
198228
176389
80260
161787
34246
161787
84272
161787
34246
161787
80260
161787
125297
161787
125297
122788
34246
161787
125297
161787
80260
161787
62239
38615
80260
161787
34246
38615
125297
122756
67075
161787
125297
150446
62239
161787
125297
161787
34246
161787
80260
161787
80260
161787
77575
161787
80260
161787
80260
122788
125297
125914
62239
161787
84272
122788
34246
148852
67075
161787
125297
161787
80260
250001
34246
250001
66197
250001
34246
246758
34246
246758
34246
122788
66197
176389
34246
250001
34246
246758
34246
38615
34246
250001
62239
38615
34246
122756
34246
246758
34246
150446
34246
246758
34246
224122
67075
207738
34246
250001
34246
167612
34246
162563
34246
207738
34246
122788
34246
125914
34246
250001
34246
122788
77379
148852
34246
250001
34246
176389
34246
250001
34246
250001
80260
246758
84272
246758
84272
122788
34246
176389
84272
250001
80260
246758
62239
38615
80260
250001
34246
38615
84272
122756
67075
246758
84272
150446
62239
246758
84272
224122
34246
207738
80260
250001
80260
167612
77575
162563
80260
207738
80260
122788
84272
125914
62239
250001
125297
122788
34246
148852
67075
250001
84272
176389
80260
250001
34246
246758
34246
246758
34246
122788
103320
176389
34246
250001
34246
246758
34246
38615
34246
250001
62239
38615
34246
122756
34246
246758
34246
150446
34246
246758
34246
224122
66197
207738
34246
250001
34246
167612
34246
162563
34246
207738
34246
122788
34246
125914
34246
250001
34246
122788
66197
148852
34246
250001
34246
176389
34246
246758
80260
246758
80260
122788
34246
176389
80260
250001
238222
246758
62239
38615
226011
250001
34246
38615
80260
122756
67075
246758
80260
150446
62239
246758
80260
224122
34246
207738
117125
250001
143618
167612
77575
162563
238222
207738
226011
122788
80260
125914
62239
250001
80260
122788
34246
148852
67075
250001
80260
176389
125297
250001
250001
122788
34246
176389
250001
246758
80260
250001
62239
38615
80260
246758
34246
38615
198228
122756
67075
250001
250001
150446
62239
250001
155090
224122
34246
207738
80260
246758
80260
167612
77575
162563
80260
207738
80260
122788
173630
125914
62239
246758
84272
122788
34246
148852
67075
246758
198228
176389
80260
122788
34246
176389
250001
246758
80260
250001
62239
38615
80260
246758
34246
38615
198228
122756
67075
250001
250001
150446
62239
250001
155090
224122
34246
207738
80260
246758
80260
167612
77575
162563
80260
207738
80260
122788
173630
125914
62239
246758
84272
122788
34246
148852
67075
246758
198228
176389
80260
122788
34246
122788
34246
122788
34246
38615
34246
122788
62239
38615
34246
122756
34246
122788
34246
122788
34246
122788
34246
122788
66197
122788
34246
122788
34246
122788
34246
122788
34246
122788
34246
148852
34246
122788
34246
122788
34246
150431
66197
122788
34246
122788
34246
122788
34246
176389
80260
176389
62239
38615
80260
176389
34246
38615
198228
122756
67075
176389
250001
150446
62239
176389
155090
176389
34246
176389
80260
176389
80260
167612
77575
162563
80260
176389
80260
122788
173630
125914
62239
176389
84272
122788
34246
148852
67075
176389
198228
231014
80260
246758
62239
38615
226011
250001
34246
38615
80260
122756
67075
246758
80260
150446
62239
246758
80260
224122
34246
207738
117125
250001
143618
167612
77575
162563
250001
207738
226011
122788
80260
125914
62239
250001
80260
122788
34246
148852
67075
250001
80260
176389
125297
38615
62239
246758
34246
38615
62239
122756
62239
250001
62239
150446
87288
250001
62239
224122
34246
207738
62239
246758
62239
167612
62239
162563
62239
207738
62239
122788
62239
125914
250001
246758
62239
122788
34246
148852
62239
246758
62239
176389
62239
38615
34246
161787
80260
38615
67075
38615
80260
38615
62239
38615
80260
38615
34246
38615
117125
38615
143618
38615
77575
38615
226011
38615
250001
38615
80260
38615
62239
38615
80260
38615
34246
38615
67075
38615
80260
38615
125297
38615
34246
122756
34246
246758
34246
150446
34246
246758
34246
224122
62239
207738
34246
250001
34246
167612
34246
162563
34246
207738
34246
122788
34246
125914
34246
250001
34246
122788
62239
148852
34246
250001
34246
176389
34246
38615
67075
38615
198228
38615
62239
38615
155090
38615
34246
38615
80260
38615
80260
38615
77575
38615
80260
38615
80260
38615
173630
38615
62239
38615
84272
38615
34246
38615
67075
38615
250001
38615
80260
122756
67075
122756
62239
122756
67075
122756
34246
122756
67075
122756
67075
122756
67075
122756
67075
122756
67075
122756
67075
122756
62239
122756
67075
122756
34246
122756
73610
122756
67075
122756
67075
150446
62239
250001
155090
224122
34246
207738
80260
246758
80260
167612
77575
162563
80260
207738
80260
122788
173630
125914
62239
246758
84272
122788
34246
148852
67075
246758
198228
176389
80260
150446
62239
150446
34246
150446
62239
150446
62239
150446
62239
150446
62239
150446
62239
122788
62239
125914
87288
150446
62239
122788
34246
148852
62239
150446
62239
150446
62239
224122
34246
207738
80260
246758
80260
167612
77575
162563
80260
207738
80260
122788
155090
125914
62239
246758
84272
122788
34246
148852
67075
246758
155090
176389
80260
207738
34246
224122
34246
167612
34246
162563
34246
207738
34246
122788
34246
125914
34246
224122
34246
122788
67075
148852
34246
224122
34246
176389
34246
207738
117125
167612
77575
162563
117125
250001
117125
122788
80260
125914
62239
207738
80260
122788
34246
148852
67075
207738
80260
176389
117125
167612
77575
162563
143618
207738
143618
122788
80260
125914
62239
250001
80260
122788
34246
148852
67075
250001
80260
176389
125297
162563
77575
167612
77575
122788
77575
125914
62239
167612
77575
122788
34246
148852
67075
167612
77575
167612
77575
162563
226011
122788
80260
125914
62239
162563
80260
122788
34246
148852
67075
162563
80260
162563
125297
122788
80260
125914
62239
207738
80260
122788
34246
148852
67075
207738
80260
176389
125297
122788
62239
122788
84272
148852
34246
122788
67075
122788
173630
122788
80260
125914
62239
122788
34246
125914
62239
125914
62239
125914
62239
122788
34246
148852
67075
250001
84272
176389
80260
122788
34246
122788
34246
122788
34246
148852
67075
148852
67075
176389
80260
