7352
36549
36013
11080
93023
61567
39753
40404
59468
3011
39753
3011
42549
3011
7938
11080
4728
61567
33018
48915
16505
33037
7352
61951
119735
62618
36013
60385
39753
60796
39753
48915
39753
3011
7938
3011
59468
61951
11859
33037
39490
61567
38538
61951
39753
3011
59468
22915
39753
35959
7352
11080
7352
35934
59468
22915
39753
48915
119735
62618
39753
61951
4728
61951
549
36549
39490
33037
30768
61951
7980
61951
549
35959
36013
60385
39753
61951
39753
28957
39753
61951
93023
35312
7980
36549
38920
60796
27916
33037
36013
3011
7938
62618
119735
3011
113801
28957
39753
60796
59468
61951
20936
33506
36013
60385
4728
3011
36013
33037
7352
61951
50113
61951
7352
36549
7352
57590
7352
169933
36013
60385
39753
55569
7352
36549
38538
62618
7980
40404
113285
120514
25628
33037
39753
61951
7938
33037
39753
33037
7352
11080
7352
36549
7352
36549
7352
3011
7352
3011
7352
3011
7352
11080
4728
36549
7352
36549
7352
33037
55508
36549
7352
36549
7352
36549
7352
36549
7352
36549
7352
3011
7352
3011
7352
36549
7352
33037
7352
36549
7352
36549
7352
3011
7352
22915
7352
35959
59826
11080
67018
35934
7352
22915
7352
36549
7352
36549
7352
36549
4728
36549
549
53599
7352
33037
7352
36549
7352
36549
549
35959
7352
36549
7352
36549
7352
28957
7352
36549
7352
35312
7352
53599
7352
36549
7352
33037
7352
3011
7352
36549
7352
3011
7352
28957
7352
36549
7352
36549
7352
33506
7352
36549
4728
3011
7352
33037
55508
36549
7352
36549
67018
53599
38920
36549
38731
36549
7352
36549
7352
36549
47765
53599
7352
36549
7352
36549
7352
36549
7352
33037
7352
36549
7352
33037
7352
33037
36013
11080
36013
11080
36013
3011
36013
3011
36013
3011
7938
36549
4728
11080
33018
11080
16505
11080
7352
11080
36013
11080
39753
11080
36013
11080
36013
11080
36013
3011
7938
3011
36013
11080
11859
11080
36013
11080
36013
11080
36013
3011
36013
11080
36013
11080
7352
36549
7352
11080
36013
11080
36013
11080
36013
11080
36013
11080
4728
11080
549
11080
36013
11080
30768
11080
7980
11080
549
11080
47765
11080
36013
11080
36013
11080
36013
11080
36013
11080
7980
11080
36013
11080
27916
11080
38482
3011
7938
11080
36013
3011
36013
11080
36013
11080
36013
11080
20936
11080
39753
11080
4728
3011
39753
11080
7352
11080
36013
11080
7352
11080
7352
11080
7352
11080
39753
11080
36013
11080
7352
11080
36013
11080
7980
11080
36013
11080
25628
11080
36013
11080
7938
11080
36013
11080
39753
40404
59468
3011
39753
3011
42549
3011
7938
11080
4728
62618
33018
48915
16505
33037
7352
61567
93023
61567
36013
60385
39753
60796
39753
48915
39753
3011
7938
3011
59468
61567
11859
33037
39490
61951
38538
61567
39753
3011
59468
22915
39753
35959
7352
11080
7352
35934
59468
22915
39753
48915
93023
61567
39753
61567
4728
61567
549
36549
39490
33037
30768
61567
7980
61567
549
35959
36013
60385
39753
61567
39753
28957
39753
61567
95068
35312
7980
36549
38920
60796
27916
33037
36013
3011
7938
61567
93023
3011
93023
28957
39753
60796
59468
61567
20936
33506
36013
60385
4728
3011
36013
33037
7352
61567
50113
61567
7352
36549
7352
57590
7352
61567
36013
60385
39753
55569
7352
36549
38538
61567
7980
40404
93023
61567
25628
33037
39753
61567
7938
33037
39753
33037
39753
3011
41217
3011
39753
3011
7938
11080
4728
40404
33018
40404
16505
33037
7352
40404
39753
40404
36013
40404
41217
40404
41217
40404
41217
3011
7938
3011
39753
40404
11859
33037
39490
40404
38538
40404
41217
3011
39753
22915
41217
35959
7352
11080
7352
35934
39753
22915
41217
40404
39753
40404
41217
40404
4728
40404
549
36549
39490
33037
30768
40404
7980
40404
549
35959
36013
40404
41217
40404
39983
28957
41217
40404
39753
35312
7980
36549
38920
40404
27916
33037
36013
3011
7938
40404
39753
3011
39753
28957
41217
40404
39753
40404
20936
33506
36013
40404
4728
3011
36013
33037
7352
40404
39753
40404
7352
36549
7352
40404
7352
40404
36013
40404
41217
40404
7352
36549
38538
40404
7980
40993
39753
40404
25628
33037
41217
40404
7938
33037
41217
33037
39753
61951
42549
35959
7938
3011
4728
3011
33018
3011
16505
3011
7352
3011
59468
3011
36013
3011
39753
3011
39753
3011
39753
99704
7938
60385
61996
3011
11859
3011
39490
3011
38538
3011
39753
33506
61996
3011
39753
3011
7352
3011
7352
3011
59493
3011
39753
3011
59468
3011
39753
3011
4728
3011
549
3011
39490
3011
30768
3011
7980
3011
549
3011
36013
3011
39753
3011
39753
3011
39753
3011
59468
3011
7980
3011
38920
3011
27916
3011
36013
60796
7938
3011
59468
61951
59468
3011
39753
3011
61996
3011
20936
3011
36013
3011
4728
11080
36013
3011
7352
3011
50113
3011
7352
3011
7352
3011
7352
3011
36013
3011
39753
3011
7352
3011
38538
3011
7980
3011
59468
3011
25628
3011
39753
3011
7938
3011
39753
3011
39753
35959
7938
3011
4728
3011
33018
3011
16505
3011
7352
3011
39753
3011
36013
3011
53379
3011
59468
3011
45636
61951
7938
60385
39753
3011
11859
3011
39490
3011
38538
3011
59468
33506
39753
3011
45715
3011
7352
3011
7352
3011
39753
3011
59468
3011
39753
3011
41969
3011
4728
3011
549
3011
39490
3011
30768
3011
7980
3011
549
3011
36013
3011
53379
3011
39983
3011
45715
3011
39753
3011
7980
3011
38920
3011
27916
3011
36013
60796
7938
3011
39753
62618
39753
3011
59468
3011
39753
3011
20936
3011
36013
3011
4728
11080
36013
3011
7352
3011
39753
3011
7352
3011
7352
3011
7352
3011
36013
3011
59468
3011
7352
3011
38538
3011
7980
3011
39753
3011
25628
3011
43479
3011
7938
3011
43479
3011
7938
3011
4728
3011
33018
3011
16505
3011
7352
3011
42549
3011
36013
3011
39753
3011
39753
3011
39753
35959
7938
35959
42549
3011
11859
3011
39490
3011
38538
3011
39753
33506
42549
3011
39753
3011
7352
3011
7352
3011
42549
3011
39753
3011
42549
3011
39753
3011
4728
3011
549
3011
39490
3011
30768
3011
7980
3011
549
3011
36013
3011
39753
3011
39753
3011
39753
3011
42549
3011
7980
3011
38920
3011
27916
3011
36013
35959
7938
3011
42549
35959
42549
3011
39753
3011
42549
3011
20936
3011
36013
3011
4728
11080
36013
3011
7352
3011
42549
3011
7352
3011
7352
3011
7352
3011
36013
3011
39753
3011
7352
3011
38538
3011
7980
3011
42549
3011
25628
3011
39753
3011
7938
3011
39753
3011
4728
11080
7938
11080
7938
11080
7352
11080
7938
11080
7938
11080
7938
11080
7938
11080
7938
3011
38920
3011
7938
11080
7938
11080
7938
11080
7938
11080
7938
3011
7938
11080
7938
11080
7352
80020
7352
11080
7938
11080
7938
11080
7938
11080
7938
11080
4728
11080
549
11080
7938
11080
7938
11080
7938
11080
549
11080
7938
11080
7938
11080
7938
11080
7938
11080
7938
11080
7938
11080
7938
11080
7938
11080
7938
3011
26318
11080
7938
3011
7938
11080
7938
11080
7938
11080
7938
11080
7938
11080
4728
3011
7938
11080
7352
11080
7938
11080
7352
11080
7352
11080
7352
11080
7938
11080
7938
11080
7352
11080
7938
11080
7938
11080
7938
11080
7938
11080
7938
11080
26318
11080
7938
11080
4728
48915
4728
33037
4728
61567
4728
61567
4728
60385
4728
60796
4728
48915
4728
3011
4728
3011
4728
61567
4728
33037
4728
61951
4728
61567
4728
3011
4728
22915
4728
35959
4728
11080
4728
35934
4728
22915
4728
48915
4728
61567
4728
61567
54988
61567
549
36549
4728
33037
4728
61567
4728
61567
549
35959
4728
60385
4728
61567
4728
28957
4728
61567
4728
35312
4728
36549
4728
60796
4728
33037
4728
3011
4728
61567
4728
3011
4728
28957
4728
60796
4728
61567
4728
33506
4728
60385
59493
3011
4728
33037
4728
61567
4728
61567
4728
36549
4728
57590
4728
61567
4728
60385
4728
55569
4728
36549
4728
61567
4728
40404
4728
61567
4728
33037
4728
61567
4728
33037
4728
33037
16505
33037
7352
48915
33018
48915
33018
48915
33018
48915
33018
51218
33018
3011
7938
3011
33018
48915
11859
33037
33018
48915
33018
48915
33018
3011
33018
22915
33018
35959
7352
11080
7352
35934
33018
22915
33018
51218
33018
48915
33018
48915
4728
48915
549
36549
33018
33037
30768
48915
7980
48915
549
35959
33018
48915
33018
48915
33018
28957
33018
48915
33018
35312
7980
36549
33018
48915
27916
33037
33018
3011
7938
48915
33018
3011
33018
28957
33018
48915
33018
48915
20936
33506
33018
48915
4728
3011
33018
33037
7352
48915
33018
48915
7352
36549
7352
48915
7352
48915
33018
48915
33018
48915
7352
36549
33018
48915
7980
40404
33018
48915
25628
33037
33018
48915
7938
33037
33018
33037
7352
33037
16505
33037
16505
33037
16505
33037
16505
33037
16505
3011
7938
3011
16505
33037
11859
47911
16505
33037
16505
33037
16505
3011
16505
22915
16505
33037
7352
11080
7352
33037
16505
22915
16505
33037
16505
33037
16505
33037
4728
33037
549
33037
16505
47911
16505
33037
7980
33037
549
33037
16505
33037
16505
33037
16505
28957
16505
33037
16505
33037
7980
33037
16505
33037
16505
47911
16505
3011
7938
33037
16505
3011
16505
28957
16505
33037
16505
33037
16505
33037
16505
33037
4728
3011
16505
36408
7352
33037
16505
33037
7352
33037
7352
33037
7352
33037
16505
33037
16505
33037
7352
33037
16505
33037
7980
33037
16505
33037
16505
47911
16505
33037
7938
47911
16505
47911
7352
61951
7352
60385
7352
60796
7352
48915
7352
3011
7352
3011
7352
62996
7352
33037
7352
61567
7352
62996
7352
3011
7352
22915
7352
35959
55508
11080
55508
35934
7352
22915
7352
48915
7352
61951
7352
62996
4728
62996
549
36549
7352
33037
7352
62281
7352
62996
549
35959
7352
60385
7352
62996
7352
28957
7352
62996
7352
35312
7352
36549
7352
60796
7352
33037
7352
3011
7352
61951
7352
3011
7352
28957
7352
60796
7352
62996
7352
33506
7352
60385
4728
3011
7352
33037
59493
110664
7352
62996
55508
36549
38920
57590
38731
61951
7352
60385
7352
55569
47765
36549
7352
61951
7352
40404
7352
61951
7352
33037
7352
62996
7352
33037
7352
33037
36013
60385
39753
60796
39753
48915
39753
3011
7938
3011
59468
61951
11859
33037
39490
61567
38538
61951
39753
3011
59468
22915
39753
35959
7352
11080
7352
35934
59468
22915
39753
48915
195116
84188
39753
61951
4728
61951
549
36549
39490
33037
30768
61951
7980
61951
549
35959
36013
60385
39753
61951
39753
28957
39753
61951
93023
35312
7980
36549
38920
60796
27916
33037
36013
3011
7938
84188
168490
3011
113801
28957
39753
60796
59468
61951
20936
33506
36013
60385
4728
3011
36013
33037
7352
61951
50113
61951
7352
36549
7352
57590
7352
62618
36013
60385
39753
55569
7352
36549
38538
84188
7980
40404
113285
62618
25628
33037
39753
61951
7938
33037
39753
33037
36013
60385
36013
48915
36013
3011
7938
3011
36013
60385
11859
33037
36013
60385
36013
60385
36013
3011
36013
22915
36013
35959
7352
11080
7352
35934
36013
22915
36013
48915
36013
60385
36013
60385
4728
60385
549
36549
36013
33037
30768
60385
7980
60385
549
35959
39753
61951
36013
60385
36013
28957
36013
60385
36013
35312
7980
36549
36013
60385
27916
33037
38482
3011
7938
60385
36013
3011
36013
28957
36013
60385
36013
60385
20936
33506
153173
89916
4728
3011
93023
33037
7352
60385
36013
60385
7352
36549
7352
57590
7352
60385
153173
89916
36013
55569
7352
36549
36013
60385
7980
40404
36013
60385
25628
33037
36013
60385
7938
33037
36013
33037
53379
48915
45636
3011
7938
3011
39753
60796
11859
33037
39490
60796
38538
60796
53379
3011
39753
22915
45715
35959
7352
11080
7352
35934
39753
22915
53379
48915
39753
60796
41969
60796
4728
60796
549
36549
39490
33037
30768
60796
7980
60796
549
35959
36013
60385
70363
60796
39983
28957
45715
60796
39753
35312
7980
36549
38920
61723
27916
33037
36013
3011
7938
60796
39753
3011
39753
28957
53379
61224
39753
60796
20936
33506
36013
60385
4728
3011
36013
33037
7352
60796
39753
60796
7352
36549
7352
57590
7352
60796
36013
60385
53379
55569
7352
36549
38538
60796
7980
40404
39753
60796
25628
33037
43479
60796
7938
33037
43479
33037
45636
3011
7938
3011
39753
48915
11859
33037
39490
48915
38538
48915
59493
3011
39753
22915
45715
35959
7352
11080
7352
35934
39753
22915
59493
61567
39753
48915
41969
48915
4728
48915
549
36549
39490
33037
30768
48915
7980
48915
549
35959
36013
48915
53379
48915
39983
28957
45715
48915
39753
35312
7980
36549
38920
48915
27916
33037
36013
3011
7938
48915
39753
3011
39753
28957
59493
48915
39753
48915
20936
33506
36013
48915
4728
3011
36013
33037
7352
48915
39753
48915
7352
36549
7352
48915
7352
48915
36013
48915
59493
48915
7352
36549
38538
48915
7980
40404
39753
48915
25628
33037
43479
48915
7938
33037
43479
33037
7938
60385
39753
3011
11859
3011
39490
3011
38538
3011
45636
33506
39753
3011
45636
3011
7352
3011
7352
3011
39753
3011
45636
3011
39753
3011
41969
3011
4728
3011
549
3011
39490
3011
30768
3011
7980
3011
549
3011
36013
3011
45636
3011
39983
3011
45636
3011
39753
3011
7980
3011
38920
3011
27916
3011
36013
60796
7938
3011
39753
61951
39753
3011
45636
3011
39753
3011
20936
3011
36013
3011
4728
11080
36013
3011
7352
3011
39753
3011
7352
3011
7352
3011
7352
3011
36013
3011
45636
3011
7352
3011
38538
3011
7980
3011
39753
3011
25628
3011
43479
3011
7938
3011
43479
3011
7938
3011
7938
3011
7938
3011
7938
3011
7938
33506
7938
3011
7938
3011
7352
3011
7352
3011
7938
3011
7938
3011
7938
3011
7938
3011
4728
3011
549
3011
7938
3011
7938
3011
7938
3011
549
3011
7938
3011
7938
3011
7938
3011
7938
3011
7938
3011
7938
3011
7938
3011
7938
3011
7938
60385
26318
3011
7938
60385
7938
3011
7938
3011
7938
3011
7938
3011
7938
3011
4728
11080
7938
3011
7352
3011
7938
3011
7352
3011
7352
3011
7352
3011
7938
3011
7938
3011
7352
3011
7938
3011
7938
3011
7938
3011
7938
3011
7938
3011
26318
3011
7938
3011
11859
33037
39490
61567
38538
64218
39753
3011
93023
22915
39753
35959
7352
11080
7352
35934
59493
22915
39753
48915
59468
61951
39753
80020
4728
80020
549
36549
39490
33037
30768
62281
7980
110664
549
35959
36013
60385
39753
80020
39753
28957
39753
80020
59468
35312
7980
36549
38920
60796
27916
33037
36013
3011
7938
61951
59468
3011
59468
28957
39753
60796
129156
80020
20936
33506
36013
60385
4728
3011
36013
33037
7352
62996
50113
79127
7352
36549
7352
57590
7352
61951
36013
60385
39753
55569
7352
36549
38538
61951
7980
40404
59468
61951
25628
33037
39753
80020
7938
33037
39753
33037
11859
33037
11859
33037
11859
3011
11859
22915
11859
33037
7352
11080
7352
33037
11859
22915
11859
33037
11859
33037
11859
33037
4728
33037
549
33037
11859
49624
11859
33037
7980
33037
549
33037
11859
33037
11859
33037
11859
28957
11859
33037
11859
33037
7980
33037
11859
33037
11859
61224
11859
3011
7938
33037
11859
3011
11859
28957
11859
33037
11859
33037
11859
33037
11859
33037
4728
3011
11859
36408
7352
33037
11859
33037
7352
33037
7352
33037
7352
33037
11859
33037
11859
33037
7352
33037
11859
33037
7980
33037
11859
33037
11859
61224
11859
33037
7938
62618
11859
49624
38538
61567
39490
3011
39490
22915
39490
35959
7352
11080
7352
35934
39490
22915
39490
48915
39490
61567
39490
61567
4728
61567
549
36549
59468
33037
30768
61567
7980
61567
549
35959
36013
60385
39490
61567
39490
28957
39490
61567
39490
35312
7980
36549
38920
60796
27916
33037
36013
3011
7938
61567
39490
3011
39490
28957
39490
60796
39490
61567
20936
33506
36013
60385
4728
3011
36013
33037
7352
61567
39490
61567
7352
36549
7352
57590
7352
61567
36013
60385
39490
55569
7352
36549
38538
61567
7980
40404
39490
61567
25628
33037
39490
61567
7938
33037
39490
33037
38538
3011
38538
22915
38538
35959
7352
11080
7352
35934
38538
22915
38538
48915
38538
61951
38538
64218
4728
64218
549
36549
38538
33037
30768
62281
7980
64218
549
35959
36013
60385
38538
64218
38538
28957
38538
64218
38538
35312
7980
36549
38538
60796
27916
33037
36013
3011
7938
61951
38538
3011
38538
28957
38538
60796
38538
64218
20936
33506
36013
60385
4728
3011
36013
33037
7352
62996
38538
64218
7352
36549
7352
57590
7352
61951
36013
60385
38538
55569
7352
36549
59468
61951
7980
40404
38538
61951
25628
33037
38538
64218
7938
33037
38538
33037
39753
3011
45715
3011
7352
3011
7352
3011
39753
3011
65385
3011
39753
3011
41969
3011
4728
3011
549
3011
39490
3011
30768
3011
7980
3011
549
3011
36013
3011
53379
3011
39983
3011
45715
3011
39753
3011
7980
3011
38920
3011
27916
3011
36013
33506
7938
3011
39753
33506
39753
3011
65385
3011
39753
3011
20936
3011
36013
3011
4728
11080
36013
3011
7352
3011
39753
3011
7352
3011
7352
3011
7352
3011
36013
3011
59896
3011
7352
3011
38538
3011
7980
3011
39753
3011
25628
3011
43479
3011
7938
3011
43479
3011
39753
22915
7352
11080
7352
22915
59493
33037
39753
22915
59468
22915
39753
22915
4728
22915
549
22915
39490
22915
30768
22915
7980
22915
549
22915
36013
22915
39753
22915
39753
22915
39753
22915
59468
22915
7980
22915
38920
22915
27916
22915
36013
3011
7938
22915
59468
3011
59468
22915
39753
22915
93023
22915
20936
22915
36013
22915
4728
3011
36013
22915
7352
22915
50113
22915
7352
22915
7352
22915
7352
22915
36013
22915
39753
22915
7352
22915
38538
22915
7980
22915
59468
22915
25628
22915
39753
22915
7938
22915
39753
22915
7352
11080
7352
35934
39753
22915
45715
35959
39753
35959
41969
35959
4728
35959
549
35959
39490
33037
30768
35959
7980
35959
549
40404
36013
35959
45715
35959
39983
28957
59468
35959
39753
35312
7980
35959
38920
35959
27916
33037
36013
3011
7938
35959
39753
3011
39753
28957
45715
35959
39753
35959
20936
33506
36013
35959
4728
3011
36013
33037
7352
35959
39753
35959
7352
35959
7352
35959
7352
35959
36013
35959
45715
35959
7352
35959
38538
35959
7980
35959
39753
35959
25628
33037
43479
35959
7938
33037
43479
33037
59826
11080
7352
11080
7352
11080
7352
11080
7352
11080
4728
11080
549
11080
7352
11080
7352
11080
7352
11080
549
11080
7352
11080
7352
11080
7352
11080
7352
11080
7352
11080
7352
11080
7352
11080
7352
11080
7352
3011
7352
11080
7352
3011
7352
11080
7352
11080
7352
11080
7352
11080
7352
11080
4728
3011
7352
11080
55508
11080
7352
11080
59826
11080
38920
11080
38731
11080
7352
11080
7352
11080
47765
11080
7352
11080
7352
11080
7352
11080
7352
11080
7352
11080
7352
11080
7352
11080
7352
22915
7352
35934
7352
35934
7352
35934
4728
35934
549
35934
7352
33037
7352
35934
7352
35934
549
35934
7352
35934
7352
35934
7352
28957
7352
35934
7352
35312
7352
35934
7352
35934
7352
33037
7352
3011
7352
35934
7352
3011
7352
28957
7352
35934
7352
35934
7352
33506
7352
35934
4728
3011
7352
33037
55508
35934
7352
35934
74218
35934
38920
35934
38731
35934
7352
35934
7352
35934
47765
35934
7352
35934
7352
35934
7352
35934
7352
33037
7352
35934
7352
33037
7352
33037
39753
22915
59468
22915
39753
22915
4728
22915
549
22915
39490
22915
30768
22915
7980
22915
549
22915
36013
22915
39753
22915
39753
22915
39753
22915
59468
22915
7980
22915
38920
22915
27916
22915
36013
3011
7938
22915
59468
3011
59468
22915
39753
22915
59493
22915
20936
22915
36013
22915
4728
3011
36013
22915
7352
22915
50113
22915
7352
22915
7352
22915
7352
22915
36013
22915
39753
22915
7352
22915
38538
22915
7980
22915
59468
22915
25628
22915
39753
22915
7938
22915
39753
22915
39753
48915
41969
48915
4728
48915
549
36549
39490
33037
30768
48915
7980
48915
549
35959
36013
48915
53379
48915
39983
28957
45715
48915
39753
35312
7980
36549
38920
48915
27916
33037
36013
3011
7938
48915
39753
3011
39753
28957
178747
48915
39753
48915
20936
33506
36013
48915
4728
3011
36013
33037
7352
48915
39753
48915
7352
36549
7352
48915
7352
48915
36013
48915
59896
48915
7352
36549
38538
48915
7980
40404
39753
48915
25628
33037
43479
48915
7938
33037
43479
33037
39753
61951
4728
61951
549
36549
39490
33037
30768
61951
7980
61951
549
35959
36013
60385
39753
61951
39753
28957
39753
61951
93023
35312
7980
36549
38920
60796
27916
33037
36013
3011
7938
94326
168490
3011
113801
28957
39753
60796
59468
61951
20936
33506
36013
60385
4728
3011
36013
33037
7352
61951
50113
61951
7352
36549
7352
57590
7352
62618
36013
60385
39753
55569
7352
36549
38538
98015
7980
40404
113285
62618
25628
33037
39753
61951
7938
33037
39753
33037
4728
130889
549
36549
39490
33037
30768
62281
7980
80020
549
35959
36013
60385
41969
134737
39983
28957
41969
191292
39753
35312
7980
36549
38920
60796
27916
33037
36013
3011
7938
61951
39753
3011
39753
28957
41969
60796
39753
99704
20936
33506
36013
60385
4728
3011
36013
33037
7352
62996
39753
79127
7352
36549
7352
57590
7352
61951
36013
60385
41969
55569
7352
36549
38538
61951
7980
40404
39753
61951
25628
33037
41969
124239
7938
33037
41969
33037
549
36549
4728
33037
4728
62281
4728
80020
549
35959
4728
60385
4728
130889
4728
28957
4728
130889
4728
35312
4728
36549
4728
60796
4728
33037
4728
3011
4728
61951
4728
3011
4728
28957
4728
60796
4728
99704
4728
33506
4728
60385
54988
3011
4728
33037
4728
62996
4728
79127
4728
36549
4728
57590
4728
61951
4728
60385
4728
55569
4728
36549
4728
61951
4728
40404
4728
61951
4728
33037
4728
124239
4728
33037
4728
33037
549
33037
549
36549
549
36549
7352
35959
549
36549
549
36549
549
28957
549
36549
549
35312
549
250001
549
36549
549
33037
549
3011
549
36549
549
3011
549
28957
549
36549
549
36549
549
33506
549
36549
549
3011
549
33037
549
36549
549
36549
549
180823
549
36549
549
36549
549
36549
549
36549
549
170138
549
36549
549
36549
549
36549
549
33037
549
36549
549
33037
549
33037
30768
33037
7980
33037
549
33037
36013
33037
39490
33037
39490
28957
39490
33037
39490
33037
7980
33037
38920
33037
27916
49624
36013
3011
7938
33037
39490
3011
39490
28957
39490
33037
39490
33037
20936
33037
36013
33037
4728
3011
36013
36408
7352
33037
39490
33037
7352
33037
7352
33037
7352
33037
36013
33037
39490
33037
7352
33037
38538
33037
7980
33037
39490
33037
25628
49624
39490
33037
7938
49624
39490
137113
7980
62281
549
35959
30768
60385
30768
62281
30768
28957
30768
62281
30768
35312
7980
36549
30768
60796
27916
33037
30768
3011
7938
61951
30768
3011
30768
28957
30768
60796
30768
62281
20936
33506
30768
60385
4728
3011
30768
33037
7352
62281
30768
62281
7352
36549
7352
57590
7352
61951
30768
60385
30768
55569
7352
36549
30768
61951
7980
40404
30768
61951
25628
33037
30768
62281
7938
33037
30768
33037
549
35959
7980
60385
7980
80020
7980
28957
7980
80020
7980
35312
18780
36549
7980
60796
7980
33037
7980
3011
7938
61951
7980
3011
7980
28957
7980
60796
7980
80020
7980
33506
7980
60385
4728
3011
7980
33037
7352
62996
7980
79127
7352
36549
7352
57590
7352
61951
7980
60385
7980
55569
7352
36549
7980
61951
18780
40404
7980
61951
7980
33037
7980
80020
7938
33037
7980
33037
549
35959
549
35959
549
28957
549
35959
549
35312
549
35959
549
35959
549
33037
549
3011
549
35959
549
3011
549
28957
549
35959
549
35959
549
33506
549
35959
549
3011
549
33037
549
35959
549
35959
549
35959
549
35959
549
35959
549
35959
549
35959
549
35959
549
35959
549
35959
549
35959
549
33037
549
35959
549
33037
549
33037
36013
60385
36013
28957
36013
60385
36013
35312
7980
36549
36013
60385
27916
33037
38482
3011
7938
60385
36013
3011
36013
28957
36013
60385
36013
60385
20936
33506
39753
61951
4728
3011
39753
33037
7352
60385
36013
60385
7352
36549
7352
57590
7352
60385
39753
61951
36013
55569
7352
36549
36013
60385
7980
40404
36013
60385
25628
33037
36013
60385
7938
33037
36013
33037
39983
28957
45715
134737
39753
35312
7980
36549
38920
60796
27916
33037
36013
3011
7938
61951
39753
3011
39753
28957
53379
60796
39753
99704
20936
33506
36013
60385
4728
3011
36013
33037
7352
62996
39753
79127
7352
36549
7352
57590
7352
61951
36013
60385
53379
55569
7352
36549
38538
61951
7980
40404
39753
61951
25628
33037
43479
124239
7938
33037
43479
33037
39983
28957
39753
28957
7980
28957
38920
28957
27916
28957
36013
3011
7938
28957
39753
3011
39753
33037
39983
28957
39753
28957
20936
28957
36013
28957
4728
3011
36013
28957
7352
28957
39753
28957
7352
28957
7352
28957
7352
28957
36013
28957
39983
28957
7352
28957
38538
28957
7980
28957
39753
28957
25628
28957
39983
28957
7938
28957
39983
28957
39753
35312
7980
36549
38920
60796
27916
33037
36013
3011
7938
61951
39753
3011
39753
28957
45715
60796
39753
99704
20936
33506
36013
60385
4728
3011
36013
33037
7352
62996
39753
79127
7352
36549
7352
57590
7352
61951
36013
60385
45715
55569
7352
36549
38538
61951
7980
40404
39753
61951
25628
33037
43479
124239
7938
33037
43479
33037
7980
35312
38920
35312
27916
33037
36013
3011
7938
35312
93023
3011
93023
28957
39753
35312
59468
35312
20936
33506
36013
35312
4728
3011
36013
33037
7352
35312
50113
35312
7352
35312
7352
35312
7352
35312
36013
35312
39753
35312
7352
35312
38538
35312
7980
35312
93023
35312
25628
33037
39753
35312
7938
33037
39753
33037
7980
36549
7980
33037
7980
3011
7938
36549
7980
3011
7980
28957
7980
36549
7980
36549
7980
33506
7980
36549
4728
3011
7980
33037
7352
36549
7980
36549
7352
180823
7352
36549
7352
36549
7980
36549
7980
36549
7352
170138
7980
36549
19413
36549
7980
36549
7980
33037
7980
36549
7938
33037
7980
33037
27916
33037
36013
3011
7938
60796
38920
3011
38920
28957
38920
61224
38920
60796
20936
33506
36013
60385
4728
3011
36013
33037
7352
60796
38920
60796
7352
36549
7352
57590
7352
60796
36013
60385
38920
55569
7352
36549
38538
60796
7980
40404
38920
60796
25628
33037
38920
60796
7938
33037
38920
33037
27916
3011
7938
33037
27916
3011
27916
28957
27916
33037
27916
33037
20936
33037
27916
33037
4728
3011
27916
36408
7352
33037
27916
33037
7352
33037
7352
33037
7352
33037
27916
33037
27916
33037
7352
33037
27916
33037
7980
33037
27916
33037
25628
124239
27916
33037
7938
61224
27916
49624
7938
3011
36013
60796
36013
3011
36013
3011
36013
3011
20936
3011
38482
3011
4728
11080
38482
3011
7352
3011
36013
3011
7352
3011
7352
3011
7352
3011
38482
3011
36013
3011
7352
3011
36013
3011
7980
3011
36013
3011
25628
3011
36013
3011
7938
3011
36013
3011
7938
3011
7938
28957
7938
60796
7938
61951
7938
33506
7938
60385
4728
3011
7938
33037
7352
61951
7938
61951
7352
36549
7352
57590
7352
62618
7938
60385
7938
55569
7352
36549
7938
94326
7938
40404
7938
62618
7938
33037
7938
61951
60994
33037
7938
33037
113801
3011
39753
3011
59468
3011
20936
3011
36013
3011
4728
11080
36013
3011
7352
3011
50113
3011
7352
3011
7352
3011
7352
3011
36013
3011
39753
3011
7352
3011
38538
3011
7980
3011
113285
3011
25628
3011
39753
3011
7938
3011
39753
3011
39753
28957
59468
28957
20936
28957
36013
28957
4728
3011
36013
28957
7352
28957
50113
28957
7352
28957
7352
28957
7352
28957
36013
28957
39753
28957
7352
28957
38538
28957
7980
28957
113285
28957
25628
28957
39753
28957
7938
28957
39753
28957
39753
60796
20936
33506
36013
60385
4728
3011
36013
33037
7352
60796
39753
60796
7352
36549
7352
57590
7352
60796
36013
60385
59896
55569
7352
36549
38538
60796
7980
40404
39753
60796
25628
33037
43479
60796
7938
33037
43479
33037
20936
33506
36013
60385
4728
3011
36013
33037
7352
62996
50113
79127
7352
36549
7352
57590
7352
61951
36013
60385
39753
55569
7352
36549
38538
61951
7980
40404
59468
61951
25628
33037
39753
99704
7938
33037
39753
33037
20936
33506
4728
3011
20936
33037
7352
33506
20936
33506
7352
33506
7352
33506
7352
33506
20936
33506
20936
33506
7352
33506
20936
33506
7980
33506
20936
33506
20936
33037
20936
33506
7938
33037
20936
33037
4728
3011
93023
33037
7352
60385
36013
60385
7352
36549
7352
57590
7352
60385
166254
108758
36013
55569
7352
36549
36013
60385
7980
40404
36013
60385
25628
33037
36013
60385
7938
33037
36013
33037
4728
3011
4728
3011
4728
3011
4728
3011
4728
3011
4728
3011
4728
3011
4728
3011
4728
3011
4728
3011
4728
3011
4728
3011
4728
3011
4728
3011
4728
3011
4728
3011
7352
33037
36013
33037
7352
33037
7352
33037
7352
33037
93023
33037
36013
33037
7352
33037
36013
33037
7980
33037
36013
33037
25628
36408
36013
33037
7938
36408
36013
36408
7352
62996
55508
36549
38920
57590
38731
61951
7352
60385
7352
55569
47765
36549
7352
61951
7352
40404
7352
61951
7352
33037
7352
62996
7352
33037
7352
33037
7352
36549
7352
57590
7352
61951
36013
60385
39753
55569
7352
36549
38538
61951
7980
40404
50113
61951
25628
33037
39753
79127
7938
33037
39753
33037
38920
36549
38731
36549
7352
36549
7352
36549
47765
170138
7352
36549
7352
36549
7352
36549
7352
33037
7352
36549
7352
33037
7352
33037
38731
57590
7352
57590
7352
55569
38920
36549
7352
57590
7352
40404
7352
57590
7352
33037
7352
57590
7352
33037
7352
33037
7352
60385
7352
55569
38731
36549
7352
62618
7352
40404
7352
120514
7352
33037
7352
61951
7352
33037
7352
33037
36013
55569
7352
36549
36013
60385
7980
40404
36013
60385
25628
33037
36013
60385
7938
33037
36013
33037
7352
36549
38538
55569
7980
40404
39753
55569
25628
33037
43479
55569
7938
33037
43479
33037
7352
36549
7352
36549
7352
36549
7352
33037
7352
36549
7352
33037
7352
33037
7980
40404
38538
62618
25628
33037
38538
61951
7938
33037
38538
33037
7980
40404
7980
33037
7980
40404
7938
33037
7980
33037
25628
33037
39753
61951
7938
33037
39753
33037
25628
33037
7938
61224
25628
49624
7938
33037
59468
33037
7938
49624
