46923
229645
56034
250001
60220
124320
28017
157079
66225
124320
58811
124320
56034
250001
58811
157079
59243
124320
59243
17258
99665
250001
58811
124320
59243
230159
37474
250001
58811
124320
66225
250001
46923
124320
39093
124320
59243
250001
39093
157079
55986
124320
58811
157079
46923
228509
22531
124320
58811
235786
58811
250001
58811
250001
58811
235786
39093
157079
58811
17258
22531
124320
28017
124320
39093
157079
46923
229645
46923
124320
28017
157079
46923
124320
46923
124320
46923
229645
46923
157079
46923
124320
46923
17258
46923
229645
46923
124320
46923
229645
37474
229645
46923
124320
46923
229645
57469
124320
39093
124320
46923
229645
39093
157079
46923
124320
46923
157079
57469
228509
22531
124320
46923
229645
46923
229645
46923
229645
46923
229645
39093
157079
46923
17258
22531
124320
28017
124320
39093
157079
56034
124320
28017
157079
56034
124320
56034
124320
58811
250001
56034
157079
56034
124320
56034
17258
56034
250001
56034
124320
56034
230159
37474
250001
56034
124320
56034
250001
46923
124320
39093
124320
56034
250001
39093
157079
55986
124320
56034
157079
46923
228509
22531
124320
56034
235786
56034
250001
56034
250001
56034
235786
39093
157079
56034
17258
22531
124320
28017
124320
39093
157079
28017
124320
60220
250001
58811
235786
56034
124320
58811
124320
59243
163657
59243
17258
60220
124320
58811
181857
59243
124320
37474
124320
58811
250001
60220
124320
46923
181857
39093
163657
59243
124320
39093
124320
55986
181857
58811
124320
46923
124320
22531
157079
58811
124320
58811
124320
58811
124320
58811
124320
39093
124320
58811
17258
22531
181857
28017
181857
39093
124320
28017
124320
28017
124320
28017
157079
28017
189628
28017
124320
28017
17258
28017
157079
28017
124320
28017
157079
28017
157079
28017
124320
28017
157079
28017
124320
28017
124320
28017
157079
28017
185519
28017
124320
28017
234353
28017
157079
22531
124320
28017
157079
28017
157079
28017
157079
28017
157079
28017
185519
28017
17258
22531
124320
67124
124320
28017
185519
58811
235786
56034
124320
58811
124320
59243
163657
59243
17258
66225
124320
58811
181857
59243
124320
37474
124320
58811
250001
84210
124320
46923
181857
39093
163657
59243
124320
39093
124320
55986
181857
58811
124320
46923
124320
22531
157079
58811
124320
58811
124320
58811
124320
58811
124320
39093
124320
58811
17258
22531
181857
28017
181857
39093
124320
56034
124320
187802
124320
58811
163657
58811
17258
58811
124320
139047
181857
58811
124320
37474
124320
187802
235786
58811
124320
46923
181857
39093
163657
58811
124320
39093
124320
55986
181857
187802
124320
46923
124320
22531
157079
187802
124320
110082
124320
97635
124320
73960
124320
39093
124320
139047
17258
22531
181857
28017
181857
39093
124320
56034
157079
56034
124320
56034
17258
56034
250001
56034
124320
56034
230159
37474
250001
56034
124320
56034
250001
46923
124320
39093
124320
56034
250001
39093
157079
55986
124320
56034
157079
46923
228509
22531
124320
56034
235786
56034
250001
56034
250001
56034
235786
39093
157079
56034
17258
22531
124320
28017
124320
39093
157079
58811
124320
58811
17258
58811
157079
139047
124320
58811
157079
37474
157079
228593
124320
58811
157079
46923
124320
39093
124320
58811
157079
39093
185519
55986
124320
250001
189628
46923
157079
22531
124320
250001
157079
110082
157079
97635
157079
73960
157079
39093
185519
139047
17258
22531
124320
28017
124320
39093
185519
73960
17258
59243
124320
58811
163657
73960
124320
37474
124320
58811
163657
59243
124320
46923
163657
39093
250001
73960
124320
39093
124320
55986
163657
58811
124320
46923
124320
22531
157079
58811
124320
58811
124320
58811
124320
58811
124320
39093
124320
58811
17258
22531
163657
28017
163657
39093
124320
59243
17258
58811
17258
112192
17258
37474
17258
58811
17258
59243
17258
46923
17258
39093
17258
74442
17258
39093
17258
55986
17258
58811
17258
46923
17258
22531
17258
58811
17258
58811
17258
58811
17258
58811
17258
39093
17258
58811
124320
22531
17258
28017
17258
39093
17258
58811
124320
59243
230159
37474
250001
58811
124320
66225
250001
46923
124320
39093
124320
59243
250001
39093
157079
55986
124320
58811
157079
46923
228509
22531
124320
58811
235786
58811
250001
58811
250001
58811
235786
39093
157079
58811
17258
22531
124320
28017
124320
39093
157079
58811
124320
37474
124320
139047
181857
58811
124320
46923
250001
39093
163657
58811
124320
39093
124320
55986
198331
139047
124320
46923
124320
22531
157079
139047
124320
110082
124320
97635
124320
73960
124320
39093
124320
187810
17258
22531
198331
28017
198331
39093
124320
37474
230159
58811
124320
59243
230159
46923
124320
39093
124320
74442
230159
39093
157079
55986
124320
58811
157079
46923
228509
22531
124320
58811
230159
58811
230159
58811
230159
58811
230159
39093
157079
58811
17258
22531
124320
28017
124320
39093
157079
37474
124320
37474
250001
37474
124320
37474
124320
37474
250001
37474
157079
37474
124320
37474
157079
37474
228509
22531
124320
37474
235786
37474
250001
37474
250001
37474
235786
37474
157079
37474
17258
22531
124320
28017
124320
37474
157079
58811
124320
46923
181857
39093
163657
58811
124320
39093
124320
55986
181857
228593
124320
46923
124320
22531
157079
228593
124320
110082
124320
97635
124320
73960
124320
39093
124320
139047
17258
22531
181857
28017
181857
39093
124320
46923
124320
39093
124320
59243
250001
39093
157079
55986
124320
58811
157079
46923
228509
22531
124320
58811
235786
58811
250001
58811
250001
58811
235786
39093
157079
58811
17258
22531
124320
28017
124320
39093
157079
39093
163657
46923
124320
39093
124320
46923
198331
46923
124320
84792
124320
22531
157079
46923
124320
46923
124320
46923
124320
46923
124320
39093
124320
46923
17258
22531
198331
28017
198331
39093
124320
39093
124320
99665
124320
39093
163657
39093
124320
39093
124320
22531
157079
39093
124320
39093
124320
39093
124320
39093
124320
111919
124320
39093
17258
22531
163657
28017
163657
140290
124320
39093
157079
55986
124320
58811
157079
46923
228509
22531
124320
58811
235786
58811
250001
58811
250001
58811
235786
39093
157079
58811
17258
22531
124320
28017
124320
39093
157079
39093
124320
39093
185519
39093
157079
22531
124320
39093
157079
39093
157079
39093
157079
39093
157079
99665
235786
39093
17258
22531
124320
28017
124320
99665
235786
55986
124320
46923
124320
22531
157079
55986
124320
55986
124320
55986
124320
55986
124320
39093
124320
55986
17258
22531
235786
28017
228509
39093
124320
46923
157079
22531
124320
250001
157079
110082
157079
97635
157079
73960
157079
39093
185519
139047
17258
22531
124320
28017
124320
39093
185519
22531
124320
46923
228509
46923
228509
46923
228509
46923
228509
39093
157079
46923
17258
22531
124320
28017
124320
39093
157079
22531
124320
22531
124320
22531
124320
22531
124320
22531
124320
22531
17258
188117
157079
22531
157079
22531
124320
110082
235786
97635
235786
73960
250001
39093
157079
139047
17258
22531
124320
28017
124320
39093
157079
97635
250001
73960
235786
39093
157079
110082
17258
22531
124320
28017
124320
39093
157079
73960
235786
39093
157079
97635
17258
22531
124320
28017
124320
39093
157079
39093
157079
73960
17258
22531
124320
28017
124320
39093
157079
39093
17258
22531
124320
28017
124320
111919
250001
22531
17258
28017
17258
39093
17258
22531
228509
22531
124320
28017
124320
