217310
18351
200524
34556
84805
23081
222620
34556
222620
34556
105810
18178
105810
34556
152530
34556
157527
34556
222620
34556
18821
34556
152530
34556
200524
34556
180289
34556
152530
18170
18821
34556
84805
34556
152530
18170
200524
34556
222620
34556
84805
34556
152530
34556
222620
18351
180289
34556
222620
34556
222620
34556
222620
34556
222620
18351
222620
34556
152530
34556
200524
34556
222620
34556
152530
34556
222620
34556
180289
34556
157527
34556
222620
34556
200524
18351
84805
18351
217310
18351
217310
18351
105810
18178
105810
18351
152530
18351
157527
18351
217310
18351
18821
18351
152530
18351
200524
18351
180289
18351
152530
18170
18821
18351
84805
18351
152530
18170
200524
18351
217310
18351
84805
18351
152530
18351
217310
23081
180289
18351
217310
18351
217310
18351
217310
18351
217310
23081
217310
18351
152530
18351
200524
18351
217310
18351
152530
18351
217310
18351
180289
18351
157527
18351
217310
18351
84805
23081
200524
92267
200524
92954
105810
18178
105810
44340
152530
111425
157527
92267
200524
44801
18821
92267
152530
92267
217310
92267
180289
92954
152530
18170
18821
92267
84805
44469
152530
18170
229724
44469
200524
92954
84805
92954
152530
92954
200524
18351
180289
92267
200524
92267
200524
92267
200524
92954
200524
18351
200524
92267
152530
111425
229724
92267
200524
92267
152530
92954
200524
92954
180289
44469
157527
92267
200524
92954
84805
23081
84805
23081
84805
18178
84805
23081
84805
23081
84805
23081
84805
23081
18821
23081
84805
23081
84805
23081
84805
23081
84805
18170
18821
23081
250001
23081
84805
18170
84805
23081
84805
23081
152530
23081
84805
23081
84805
18351
84805
23081
84805
23081
84805
23081
84805
23081
84805
18351
84805
23081
84805
23081
84805
23081
84805
23081
84805
23081
84805
23081
84805
23081
84805
23081
84805
23081
229724
92267
105810
18178
105810
44340
152530
92267
157527
100768
231011
44801
18821
92954
152530
92954
200524
92954
180289
92267
152530
18170
18821
92954
84805
44469
152530
18170
200524
44469
250001
92267
84805
92267
152530
92267
229724
18351
180289
92954
229724
92954
231011
92954
229724
92267
229724
18351
229293
92954
152530
92267
200524
92954
250001
92954
152530
92267
231011
92267
180289
44469
157527
100768
231011
92267
105810
18178
105810
44340
152530
92954
157527
92267
229724
44801
18821
92267
152530
92267
200524
92267
180289
97960
152530
18170
18821
92267
84805
44469
152530
18170
200524
44469
229724
97960
84805
195912
152530
195912
250001
18351
180289
92267
250001
92267
229724
92267
231011
172005
250001
18351
229293
92267
152530
92954
200524
92267
229724
92267
152530
195912
229724
97960
180289
44469
157527
92267
229724
97960
180289
18178
105810
18178
105810
18178
105810
18178
18821
18178
105810
18178
105810
18178
105810
18178
105810
18170
18821
18178
84805
18178
105810
18170
105810
18178
105810
18178
84805
18178
105810
18178
105810
18178
105810
18178
105810
18178
105810
18178
105810
18178
105810
18178
105810
18178
105810
18178
105810
18178
105810
18178
105810
18178
105810
18178
105810
18178
105810
18178
105810
18178
105810
44340
105810
44340
105810
44340
18821
44340
105810
44340
105810
44340
105810
44340
105810
18170
18821
44340
84805
44340
105810
18170
105810
44340
105810
44340
84805
44340
105810
44340
105810
18351
105810
44340
105810
44340
105810
44340
105810
44340
105810
18351
105810
44340
105810
44340
105810
44340
105810
44340
105810
44340
105810
44340
105810
44340
105810
44340
105810
44340
152530
92267
152530
44801
18821
92267
200524
92267
152530
92267
152530
92954
229724
18170
18821
92267
84805
44469
229724
18170
152530
44469
152530
92954
84805
92954
229724
92954
152530
18351
152530
92267
152530
92267
152530
92267
152530
92954
152530
18351
152530
92267
250001
223061
152530
92267
152530
92267
229724
92954
152530
92954
152530
44469
152530
92267
152530
92954
157527
44801
18821
92954
152530
92954
157527
92954
157527
92267
152530
18170
18821
92954
84805
44469
152530
18170
157527
44469
157527
92267
84805
92267
152530
92267
157527
18351
157527
92954
157527
92954
157527
92954
157527
92267
157527
18351
157527
92954
152530
92267
157527
92954
157527
92954
152530
92267
157527
92267
157527
44469
250001
155193
157527
92267
18821
44801
152530
44801
200524
44801
180289
44801
152530
18170
18821
44801
84805
44469
152530
18170
200524
44469
231011
44801
84805
44801
152530
44801
229724
18351
180289
44801
229724
44801
243134
44801
229724
44801
229724
18351
229293
44801
152530
44801
200524
44801
231011
44801
152530
44801
250001
44801
180289
44469
157527
44801
243134
44801
18821
94252
18821
94252
18821
92267
18821
18170
229671
250001
18821
44469
18821
18170
18821
44469
18821
92267
18821
92267
18821
92267
18821
18351
18821
94252
18821
94252
18821
94252
18821
92267
18821
18351
18821
94252
18821
92267
18821
94252
18821
250001
18821
92267
18821
92267
18821
44469
18821
92954
18821
92267
152530
94856
152530
92267
200524
18170
18821
94252
84805
44469
200524
18170
152530
44469
152530
92267
84805
92267
200524
92267
152530
18351
152530
111425
152530
111425
152530
126454
152530
92267
152530
18351
152530
113195
200524
92267
152530
111425
152530
94252
200524
92267
152530
92267
152530
44469
152530
92954
152530
92267
180289
92267
152530
18170
18821
94252
84805
44469
152530
18170
217310
44469
200524
92267
84805
92267
152530
92267
200524
18351
180289
94856
200524
94856
200524
94856
200524
92267
200524
18351
200524
94856
152530
92267
217310
94856
200524
94252
152530
92267
200524
92267
180289
44469
157527
92954
200524
92267
152530
18170
18821
92267
84805
44469
152530
18170
180289
44469
180289
100768
84805
97960
152530
97960
180289
18351
229671
92267
180289
92267
180289
92267
180289
97960
180289
18351
180289
92267
152530
92954
180289
92267
180289
92267
152530
97960
180289
226932
229671
44469
157527
92267
180289
226932
18821
18170
84805
18170
250001
44469
152530
18170
152530
18170
84805
18170
250001
18170
152530
18170
152530
18170
152530
18170
152530
18170
152530
18170
152530
18170
152530
18170
229724
18170
152530
18170
152530
18170
250001
18170
152530
18170
152530
18170
152530
18170
152530
18170
18821
44469
18821
18170
18821
44469
18821
92267
18821
92267
18821
92267
18821
18351
18821
94252
18821
94252
18821
94252
18821
92267
18821
18351
18821
94252
18821
92267
18821
94252
18821
250001
18821
92267
18821
92267
18821
44469
18821
92954
18821
92267
84805
18170
84805
97960
84805
44469
152530
44469
84805
44469
84805
18351
84805
44469
84805
44469
84805
44469
84805
44469
84805
18351
84805
44469
84805
44469
84805
44469
84805
44469
84805
44469
84805
44469
84805
44801
84805
44469
84805
44469
152530
18170
152530
18170
84805
18170
250001
18170
152530
18170
152530
18170
152530
18170
152530
18170
152530
18170
152530
18170
152530
18170
229724
18170
152530
18170
152530
18170
250001
18170
152530
18170
152530
18170
152530
18170
152530
18170
200524
44469
84805
44469
152530
44469
200524
18351
180289
44469
200524
44469
200524
44469
200524
44469
200524
18351
200524
44469
152530
44469
243134
44469
200524
44469
152530
44469
200524
44469
180289
44801
157527
44469
200524
44469
84805
97960
152530
97960
229724
18351
180289
92267
229724
92267
231011
92267
229724
97960
229724
18351
229293
92267
152530
92954
200524
92267
250001
92267
152530
97960
231011
100768
180289
44469
157527
92267
231011
100768
84805
250001
84805
18351
84805
92267
84805
92267
84805
92267
84805
172005
84805
18351
84805
92267
84805
92954
84805
92267
84805
92267
84805
250001
84805
97960
84805
44469
84805
92267
84805
97960
152530
18351
152530
92267
152530
92267
152530
92267
152530
172005
152530
18351
152530
92267
229724
92954
152530
92267
152530
92267
250001
250001
152530
97960
152530
44469
152530
92267
152530
97960
180289
18351
250001
18351
229724
18351
231011
18351
250001
44469
229293
18351
152530
18351
200524
18351
229724
18351
152530
18351
229724
18351
180289
18351
157527
18351
229724
18351
180289
224843
180289
111425
180289
92267
180289
18351
180289
111425
152530
92267
180289
191015
180289
94252
152530
92267
180289
92267
229724
44469
157527
92954
180289
92267
229724
111425
231011
92267
250001
18351
229293
111425
152530
92267
200524
191015
229724
94252
152530
92267
229724
92267
180289
44469
157527
92954
229724
92267
229724
92267
229724
18351
229293
113195
152530
92267
200524
111425
231011
94252
152530
92267
243134
92267
180289
44469
157527
92954
243950
92267
231011
18351
229293
92267
152530
92954
200524
92267
229724
92267
152530
172005
229724
97960
180289
44469
157527
92267
229724
97960
229293
18351
152530
18351
200524
18351
229724
18351
152530
18351
229724
18351
180289
18351
157527
18351
229724
18351
152530
92267
200524
111425
229293
94252
152530
92267
229293
92267
180289
44469
157527
92954
229293
92267
152530
92267
152530
92267
229724
92954
152530
92954
152530
44469
152530
92267
152530
92954
200524
94252
152530
92267
200524
92267
180289
44469
157527
92954
200524
92267
152530
92267
231011
92267
180289
44469
157527
92954
231011
92267
152530
97960
152530
44469
152530
92267
152530
97960
180289
44469
157527
92267
243134
250001
157527
44469
180289
44469
157527
92267
