46631
61633
46484
12497
46484
61633
46484
61633
46484
61633
47184
223883
46484
61633
46484
61633
46484
12497
47184
190248
46631
12497
47184
12497
46484
61633
45128
6405
46484
61633
47184
12497
46484
61633
46484
61633
45128
12497
45128
61633
47184
250001
47184
126327
46484
61633
46484
61633
45128
6405
47184
12497
46484
12497
46484
61633
46484
61633
46484
61633
47576
250001
46484
12497
46484
12497
46484
101629
46484
113641
46484
101629
46631
61633
46484
101629
46484
101629
46484
12497
46631
61633
46771
12497
46631
12497
46484
101629
45128
6405
46484
101629
46631
12497
46484
101629
46484
101629
45128
12497
45128
101629
46631
61633
46631
61633
46484
101629
46484
101629
45128
6405
46631
12497
46484
12497
46484
101629
46484
101629
46484
147998
46631
61633
46484
12497
175645
12497
48363
12497
139262
12497
46484
12497
110085
12497
177782
12497
175645
208079
46484
12497
46484
208079
46484
12498
152267
12497
45128
6405
175645
12497
46484
61633
152267
12497
175645
12497
45128
12498
45128
12497
46484
12497
46484
12497
48907
12497
154528
12497
45128
6405
46484
208079
48363
12498
165433
12497
152267
12497
175645
12497
46484
12497
48907
12498
48363
101629
139262
126327
46484
61633
110085
190853
175645
250001
246761
12497
46484
61633
46484
12497
46484
12497
152267
250001
45128
6405
250001
250001
46484
12497
152267
250001
201399
226029
45128
12497
45128
202175
46484
61633
46484
61633
48907
250001
154528
208079
45128
6405
46484
12497
48363
12497
165433
250001
152267
125481
246761
101629
46484
61633
48907
12497
48363
101629
46484
61633
48363
101629
48363
101629
48363
12497
46484
61633
46484
12497
46484
12497
48363
101629
45128
6405
48363
101629
46484
12497
48363
101629
48363
101629
45128
12497
45128
101629
46484
61633
46484
61633
48363
101629
48363
101629
45128
6405
46484
12497
48651
12497
48363
101629
48363
101629
48363
113641
46484
61633
48363
12497
46484
61633
110085
126327
139262
126327
139262
12497
46484
61633
46484
12497
46484
12497
139262
126327
45128
6405
139262
126327
46484
12497
139262
126327
139262
126327
45128
12497
45128
126327
46484
61633
46484
61633
48907
126327
139262
126327
45128
6405
46484
12497
48363
12497
139262
126327
139262
125481
139262
101629
46484
61633
48907
12497
46484
61633
46484
61633
46484
12497
250001
190248
46631
12497
250001
12497
46484
61633
45128
6405
46484
61633
68024
12497
46484
61633
46484
61633
45128
12497
45128
61633
47576
223883
49293
126327
46484
61633
46484
61633
45128
6405
48363
12497
46484
12497
46484
61633
46484
61633
46484
61633
47184
223883
46484
12497
110085
190853
110085
12497
46484
61633
46484
12497
46484
12497
110085
190853
45128
6405
110085
190853
46484
12497
110085
190853
110085
190853
45128
12497
45128
190853
46484
61633
46484
61633
48907
190853
110085
190853
45128
6405
46484
12497
48363
12497
110085
190853
110085
125481
110085
101629
46484
61633
48907
12497
175645
12497
46484
61633
46484
12497
46484
12497
152267
250001
45128
6405
175645
250001
46484
12497
152267
250001
175645
226029
45128
12497
45128
202175
46484
61633
46484
61633
48907
250001
154528
208079
45128
6405
46484
12497
48363
12497
165433
250001
152267
125481
175645
101629
46484
61633
48907
12497
46484
12497
46484
250001
46484
12498
152267
12497
45128
6405
246761
12497
46484
61633
152267
12497
201399
12497
45128
12498
45128
12497
46484
12497
46484
12497
48907
12497
154528
12497
45128
6405
46484
250001
48363
12498
165433
12497
152267
12497
250001
12497
46484
12497
48907
12498
46631
12497
250001
12497
46484
61633
45128
6405
46484
61633
68024
12497
46484
61633
46484
61633
45128
12497
45128
61633
47576
190248
49293
126327
46484
61633
46484
61633
45128
6405
48363
12497
46484
12497
46484
61633
46484
61633
46484
61633
47184
190248
46484
12497
46631
12498
46484
12497
45128
6405
46484
12497
46631
61633
46484
12497
46484
12497
45128
12498
45128
12497
46631
12497
46631
12497
46484
12497
46484
12497
45128
6405
46631
250001
46484
12498
46484
12497
46484
12497
46484
12497
46631
12497
46484
12498
46484
12497
45128
6405
46484
12497
68024
12498
46484
12497
46484
12497
45128
61633
45128
12497
47576
12497
49293
12497
46484
12497
46484
12497
45128
6405
48363
12498
46484
61633
46484
12497
46484
12497
46484
12497
47184
12497
46484
61633
45128
6405
152267
250001
46484
12497
250001
250001
152267
226029
45128
12497
45128
202175
46484
61633
46484
61633
48907
250001
152267
208079
45128
6405
46484
12497
48363
12497
152267
250001
250001
125481
152267
101629
46484
61633
48907
12497
45128
6405
45128
6405
45128
6405
45128
6405
48363
6405
79497
6405
45128
6405
45128
6405
45128
6405
45128
6405
250001
12497
45128
6405
45128
6405
45128
6405
45128
6405
45128
6405
45128
6405
45128
6405
46484
12497
152267
250001
201399
226029
45128
12497
45128
202175
46484
61633
46484
61633
48907
250001
154528
208079
45128
6405
46484
12497
48363
12497
165433
250001
152267
125481
246761
101629
46484
61633
48907
12497
46484
12497
46484
12497
45128
12498
45128
12497
47576
12497
49293
12497
46484
12497
46484
12497
45128
6405
48363
61633
46484
12498
46484
12497
46484
12497
46484
12497
47184
12497
46484
12498
152267
226029
45128
12497
45128
202175
46484
61633
46484
61633
48907
250001
152267
208079
45128
6405
46484
12497
48363
12497
152267
250001
250001
125481
152267
101629
46484
61633
48907
12497
45128
12497
45128
202175
46484
61633
46484
61633
48907
226029
154528
208079
45128
6405
46484
12497
48363
12497
165433
226029
152267
125481
201399
101629
46484
61633
48907
12497
48363
12497
45128
12497
45128
12497
45128
12497
45128
12497
48363
6405
45128
12498
45128
101629
45128
12497
45128
12497
45128
12497
45128
12497
45128
101629
45128
61633
45128
61633
45128
202175
45128
202175
79497
6405
45128
12497
45128
12497
45128
202175
45128
125481
45128
101629
45128
61633
45128
12497
47576
126327
46484
61633
46484
61633
45128
6405
47576
12497
46484
12497
46484
61633
46484
61633
46484
61633
47184
250001
46484
12497
46484
61633
46484
61633
45128
6405
48363
12497
46484
12497
46484
61633
46484
61633
46484
61633
47184
126327
46484
12497
48907
208079
45128
6405
46484
12497
48363
12497
48907
250001
48907
125481
48907
101629
46484
61633
55658
12497
45128
6405
46484
12497
48363
12497
154528
208079
152267
125481
154528
101629
46484
61633
48907
12497
45128
6405
45128
6405
45128
6405
45128
6405
45128
6405
45128
6405
45128
6405
46484
12498
46484
12497
46484
12497
46484
12497
47184
12497
46484
12498
48363
12497
48363
12497
48363
12497
46484
12497
48363
113641
152267
125481
165433
101629
46484
61633
48907
12497
152267
101629
46484
61633
48907
12497
46484
61633
48907
12497
46484
12497
