50302
155394
50302
60187
50302
116776
20168
208071
50302
25435
50302
25435
50302
60187
50302
250001
50302
208071
20168
208071
48475
25435
50302
25435
50302
24423
20168
155394
47492
60187
20168
25435
50302
25435
48475
25435
50302
41289
50302
90038
50302
114043
50302
188054
7079
127102
50302
25435
50302
155394
50302
154784
20168
154784
7079
41289
50302
60187
39648
24423
50302
25435
50302
149001
50302
90038
78844
60187
78844
116776
20168
155394
208865
25435
78844
25435
182756
60187
71984
155394
53748
155394
20168
155394
48475
25435
250001
25435
95871
24423
20168
169642
47492
60187
20168
25435
71984
25435
48475
25435
250001
41289
71995
90038
250001
114043
128466
155394
7079
127102
182756
25435
250001
169642
71984
154784
20168
154784
7079
41289
250001
60187
39648
24423
67718
25435
76528
149001
86255
90038
86594
60187
20168
60187
78844
25435
86594
25435
78844
90038
71984
60187
53748
60187
20168
60187
48475
25435
78844
25435
78844
24423
20168
60187
47492
114043
20168
25435
71984
25435
48475
25435
78844
41289
71995
60187
78844
60187
78844
60187
7079
60187
78844
25435
78844
60187
71984
60187
20168
60187
7079
41289
78844
110684
39648
24423
67718
25435
76528
60187
78844
60187
20168
116776
78844
25435
143311
25435
78844
60187
71984
116776
53748
116776
20168
116776
48475
25435
78844
25435
78844
24423
20168
116776
47492
60187
20168
25435
71984
25435
48475
25435
78844
41289
71995
90038
78844
114043
78844
116776
7079
116776
78844
25435
78844
116776
71984
116776
20168
116776
7079
41289
78844
60187
39648
24423
67718
25435
76528
116776
78844
90038
20168
25435
20168
25435
20168
60187
20168
208071
20168
211706
39648
250001
20168
25435
20168
25435
20168
24423
39648
155394
20168
60187
39648
25435
20168
25435
20168
25435
20168
41289
20168
90038
20168
114043
20168
188054
7079
127102
20168
25435
20168
155394
20168
154784
39648
154784
7079
41289
20168
60187
20168
24423
20168
25435
20168
149001
20168
90038
78844
59183
182756
25435
71984
25435
53748
25435
20168
25435
48475
88209
208865
72442
95871
24423
20168
25435
47492
25435
20168
72442
71984
88209
48475
88209
208865
25435
71995
25435
208865
25435
128466
25435
7079
25435
182756
58396
208865
25435
71984
25435
20168
25435
7079
25435
208865
25435
39648
24423
67718
88209
76528
25435
86255
25435
78844
25435
71984
25435
53748
25435
20168
25435
48475
59183
78844
59183
78844
24423
20168
25435
47492
25435
20168
59183
71984
59183
48475
59183
78844
25435
71995
25435
78844
25435
78844
25435
7079
25435
78844
58396
78844
25435
71984
25435
20168
25435
7079
25435
78844
25435
39648
24423
67718
59183
76528
25435
78844
25435
71984
60187
53748
60187
20168
60187
48475
25435
182756
25435
95871
24423
20168
60187
47492
90038
20168
25435
71984
25435
48475
25435
182756
41289
71995
60187
182756
60187
128466
60187
7079
60187
208865
25435
182756
60187
71984
60187
20168
60187
7079
41289
182756
90038
39648
24423
67718
25435
76528
60187
86255
60187
53748
208071
20168
208071
48475
25435
71984
25435
71984
24423
20168
155394
47492
60187
20168
25435
78844
25435
48475
25435
71984
41289
71984
90038
71984
114043
71984
188054
7079
127102
71984
25435
71984
155394
149325
154784
20168
154784
7079
41289
71984
60187
39648
24423
67718
25435
71984
149001
71984
90038
20168
211706
48475
25435
53748
25435
53748
24423
20168
155394
47492
60187
20168
25435
53748
25435
48475
25435
53748
41289
53748
90038
53748
114043
53748
188054
7079
127102
53748
25435
53748
155394
53748
154784
20168
154784
7079
41289
53748
60187
39648
24423
53748
25435
53748
149001
53748
90038
20168
25435
20168
25435
20168
24423
50302
155394
20168
60187
78844
25435
20168
25435
20168
25435
20168
41289
20168
90038
20168
114043
20168
188054
7079
127102
20168
25435
20168
155394
20168
154784
78844
154784
7079
41289
20168
60187
20168
24423
20168
25435
20168
149001
20168
90038
48475
72442
48475
24423
20168
25435
47492
25435
20168
72442
48475
95818
95871
250001
48475
25435
48475
25435
48475
25435
48475
25435
7079
25435
48475
58396
48475
25435
48475
25435
20168
25435
7079
25435
48475
25435
39648
24423
48475
91207
48475
25435
48475
25435
95871
24423
20168
25435
47492
25435
20168
77261
71984
72442
48475
72442
250001
25435
71995
25435
250001
25435
128466
25435
7079
25435
182756
58396
250001
25435
71984
25435
20168
25435
7079
25435
250001
25435
39648
24423
67718
72442
76528
25435
86255
25435
20168
24423
47492
24423
20168
24423
71984
24423
48475
24423
95871
24423
71995
24423
95871
24423
95871
24423
7079
24423
95871
24423
95871
24423
71984
24423
20168
24423
7079
24423
95871
24423
39648
58396
67718
24423
76528
24423
86255
24423
20168
60187
50302
25435
20168
25435
20168
25435
20168
41289
20168
90038
20168
114043
20168
155394
7079
127102
20168
25435
20168
207914
20168
154784
50302
154784
7079
41289
20168
60187
20168
24423
20168
25435
20168
149001
20168
90038
20168
25435
47492
25435
47492
25435
47492
41289
47492
60187
47492
60187
47492
60187
7079
60187
47492
25435
47492
60187
47492
60187
20168
60187
7079
41289
47492
110684
39648
24423
47492
25435
47492
60187
47492
60187
20168
72442
20168
72442
20168
25435
20168
25435
20168
25435
20168
25435
7079
25435
20168
58396
20168
25435
20168
25435
128466
25435
7079
25435
20168
25435
20168
24423
20168
72442
20168
25435
20168
25435
48475
95818
71984
25435
71984
25435
71984
25435
71984
25435
7079
25435
71984
58396
71984
25435
78844
25435
20168
25435
7079
25435
71984
25435
39648
24423
67718
91207
71984
25435
71984
25435
48475
25435
48475
25435
48475
25435
48475
25435
7079
25435
48475
58396
48475
25435
48475
25435
20168
25435
7079
25435
48475
25435
39648
24423
48475
91207
48475
25435
48475
25435
71995
41289
250001
41289
128466
41289
7079
41289
182756
25435
250001
41289
71984
41289
20168
41289
7079
153805
250001
41289
39648
24423
67718
25435
76528
41289
86255
41289
71995
90038
71995
90038
7079
90038
71995
25435
71995
90038
71984
90038
20168
90038
7079
41289
71995
60187
39648
24423
67718
25435
71995
90038
71995
207914
128466
114043
7079
114043
182756
25435
250001
114043
71984
114043
20168
114043
7079
41289
250001
60187
39648
24423
67718
25435
76528
114043
86255
90038
7079
127102
128466
25435
128466
155394
71984
154784
20168
154784
7079
41289
128466
60187
39648
24423
67718
25435
76528
149001
86255
90038
7079
25435
7079
127102
7079
127102
7079
127102
86894
41289
7079
60187
7079
24423
7079
25435
7079
127102
7079
90038
182756
25435
71984
25435
20168
25435
7079
25435
182756
25435
39648
24423
67718
58396
76528
25435
86255
25435
71984
154784
20168
154784
7079
41289
250001
60187
39648
24423
67718
25435
76528
149001
86255
90038
20168
250001
7079
41289
71984
60187
39648
24423
67718
25435
71984
149001
71984
90038
7079
41289
20168
60187
20168
24423
20168
25435
20168
149001
20168
90038
7079
41289
7079
24423
7079
25435
7079
41289
7079
41289
39648
24423
67718
25435
76528
60187
86255
60187
39648
24423
39648
24423
39648
24423
67718
25435
67718
25435
76528
90038
