211739
199972
167616
84685
239325
90788
249582
199873
249582
39349
249582
52797
249582
55067
211739
55067
249582
55067
229317
84685
211739
219175
14002
55067
249582
199873
14002
55067
249582
199873
14002
55067
14002
39349
249582
199873
249582
199972
62153
90788
211739
199873
211749
84685
249582
164190
249582
55067
249582
55067
249582
55067
62153
250001
14002
55067
62153
55067
14002
55067
249582
159849
14002
55067
14002
200208
249582
200208
14002
55067
14002
55067
14002
39349
211739
250001
167616
84685
211739
90788
211739
199873
211739
39349
211739
52797
211739
55067
249582
55067
211739
55067
211739
84685
250001
199972
14002
55067
211739
199873
14002
55067
211739
199873
14002
55067
14002
39349
211739
199873
211739
250001
62153
90788
250001
199873
211739
84685
211739
164190
211739
55067
211739
55067
211739
55067
62153
199972
14002
55067
62153
55067
14002
55067
211739
159849
14002
55067
14002
199972
211739
199972
14002
55067
14002
55067
14002
39349
250001
199972
167616
84685
167616
84685
167616
39349
167616
52797
167616
55067
167616
55067
167616
55067
167616
199873
167616
84685
14002
55067
167616
84685
14002
55067
167616
84685
14002
55067
14002
39349
167616
84685
167616
84685
62153
84685
167616
84685
167616
159849
167616
84685
167616
55067
167616
55067
167616
55067
62153
84685
14002
55067
62153
55067
14002
55067
167616
84685
14002
55067
14002
84685
167616
84685
14002
55067
14002
55067
14002
39349
167616
84685
239325
90788
239325
39349
239325
52797
239325
55067
211739
55067
239325
55067
229317
84685
211739
90788
14002
55067
239325
90788
14002
55067
239325
90788
14002
55067
14002
39349
239325
90788
239325
90788
62153
200208
211739
90788
211749
84685
239325
90788
239325
55067
239325
55067
239325
55067
62153
90788
14002
55067
62153
55067
14002
55067
239325
90788
14002
55067
14002
90788
239325
90788
14002
55067
14002
55067
14002
39349
211739
90788
250001
39349
250001
52797
250001
55067
211739
55067
250001
55067
229317
84685
211739
199873
14002
55067
250001
199972
14002
55067
250001
199972
14002
55067
14002
39349
250001
199972
250001
199873
62153
90788
211739
214237
211749
84685
250001
164190
250001
55067
250001
55067
250001
55067
62153
199873
14002
55067
62153
55067
14002
55067
250001
159849
14002
55067
14002
199873
250001
199873
14002
55067
14002
55067
14002
39349
211739
199873
250001
39349
250001
39349
211739
39349
250001
39349
229317
39349
211739
39349
14002
39349
250001
39349
14002
39349
250001
39349
14002
39349
14002
52797
250001
39349
250001
39349
62153
39349
211739
39349
211749
39349
250001
39349
250001
39349
250001
39349
250001
39349
62153
39349
14002
39349
62153
39349
14002
39349
250001
39349
14002
39349
14002
39349
250001
39349
14002
39349
14002
39349
14002
55067
211739
39349
250001
52797
211739
52797
250001
52797
229317
52797
211739
52797
14002
52797
250001
52797
14002
52797
250001
52797
14002
52797
14002
39349
250001
52797
250001
52797
62153
52797
211739
52797
211749
52797
250001
52797
250001
52797
250001
52797
250001
52797
62153
52797
14002
52797
62153
52797
14002
52797
250001
52797
14002
52797
14002
52797
250001
52797
14002
52797
14002
52797
14002
39349
211739
52797
211739
96429
250001
96429
229317
55067
211739
55067
14002
84685
250001
55067
14002
96429
250001
55067
14002
96429
14002
39349
250001
55067
250001
55067
62153
55067
211739
55067
211749
55067
250001
55067
250001
96429
250001
96429
250001
96429
62153
55067
14002
96429
62153
96429
14002
96429
250001
55067
14002
84685
14002
55067
250001
55067
14002
96429
14002
96429
14002
39349
211739
55067
211739
159849
211739
55067
249582
55067
14002
84685
211739
55067
14002
166826
211739
55067
14002
167772
14002
39349
211739
55067
211739
55067
62153
55067
249582
55067
211739
55067
211739
55067
211739
220056
211739
200208
211739
107734
62153
55067
14002
220056
62153
220056
14002
142061
211739
55067
14002
84685
14002
55067
211739
55067
14002
166826
14002
159849
14002
39349
249582
55067
229317
55067
211739
55067
14002
84685
250001
55067
14002
159849
250001
55067
14002
159849
14002
39349
250001
55067
250001
55067
62153
55067
211739
55067
211749
55067
250001
55067
250001
159849
250001
159849
250001
107734
62153
55067
14002
159849
62153
159849
14002
142061
250001
55067
14002
84685
14002
55067
250001
55067
14002
159849
14002
199873
14002
39349
211739
55067
211739
84685
14002
55067
229317
84685
14002
55067
229317
84685
14002
55067
14002
39349
229317
84685
229317
84685
62153
84685
211739
84685
211749
159849
229317
84685
229317
55067
229317
55067
229317
55067
62153
84685
14002
55067
62153
55067
14002
55067
229317
84685
14002
55067
14002
84685
229317
84685
14002
55067
14002
55067
14002
39349
211739
84685
14002
55067
211739
199873
14002
55067
211739
199873
14002
55067
14002
39349
211739
199873
211739
199972
62153
90788
250001
199873
211739
84685
211739
164190
211739
55067
211739
55067
211739
55067
62153
219175
14002
55067
62153
55067
14002
55067
211739
159849
14002
55067
14002
200208
211739
200208
14002
55067
14002
55067
14002
39349
250001
219175
14002
55067
229317
84685
14002
55067
229317
84685
149584
39349
14002
55067
14002
55067
14002
55067
14002
55067
14002
55067
14002
55067
14002
84685
14002
84685
14002
84685
14002
55067
167616
84685
14002
84685
229317
84685
14002
55067
211749
237416
229317
55067
14002
55067
229317
84685
229317
84685
149584
39349
14002
55067
14002
55067
250001
219614
14002
55067
14002
39349
250001
219175
250001
199873
62153
90788
211739
199972
211749
84685
250001
164190
250001
55067
250001
55067
250001
55067
62153
199873
14002
55067
62153
55067
14002
55067
250001
159849
14002
55067
14002
199873
250001
199873
14002
55067
14002
55067
14002
39349
211739
199873
14002
55067
250001
166826
149584
39349
14002
55067
14002
55067
14002
55067
14002
55067
14002
55067
14002
55067
14002
166826
14002
166826
14002
107734
14002
55067
167616
166826
14002
166826
250001
142061
14002
55067
211749
84685
239325
55067
14002
55067
250001
174471
249582
159849
149584
39349
14002
55067
14002
55067
14002
39349
250001
219175
250001
199873
62153
90788
211739
199972
211749
84685
250001
164190
250001
55067
250001
55067
250001
55067
62153
199873
14002
55067
62153
55067
14002
55067
250001
159849
14002
55067
14002
199873
250001
199873
14002
55067
14002
55067
14002
39349
211739
199873
149584
39349
14002
55067
14002
55067
14002
55067
14002
55067
14002
55067
14002
55067
14002
167772
14002
167772
14002
107734
14002
55067
167616
167772
14002
167772
250001
142061
14002
55067
211749
84685
239325
55067
14002
55067
250001
166826
249582
159849
149584
39349
14002
55067
14002
39349
14002
39349
14002
39349
14002
39349
14002
39349
14002
39349
14002
39349
14002
39349
14002
39349
14002
39349
149584
39349
14002
39349
149584
39349
14002
39349
149584
39349
149584
39349
14002
39349
149584
39349
149584
39349
211749
52797
14002
39349
250001
199873
62153
90788
211739
199972
211749
84685
250001
164190
250001
55067
250001
55067
250001
55067
62153
199873
14002
55067
62153
55067
14002
55067
250001
159849
14002
55067
14002
199873
250001
199873
14002
55067
14002
55067
14002
39349
211739
199873
62153
90788
211739
199873
211749
84685
250001
164190
250001
55067
250001
55067
250001
55067
62153
199972
14002
55067
62153
55067
14002
55067
250001
159849
14002
55067
14002
199972
250001
199972
14002
55067
14002
55067
14002
39349
211739
199972
62153
90788
62153
84685
62153
90788
62153
55067
62153
55067
62153
55067
211739
90788
14002
55067
250001
55067
14002
55067
62153
90788
14002
55067
14002
90788
62153
90788
14002
55067
14002
55067
14002
39349
62153
90788
211739
84685
211739
164190
211739
55067
211739
55067
211739
55067
62153
199873
14002
55067
62153
55067
14002
55067
211739
159849
14002
55067
14002
199873
211739
199873
14002
55067
14002
55067
14002
39349
250001
199873
211749
84685
211749
55067
211749
55067
211749
55067
62153
84685
14002
55067
62153
55067
14002
55067
211749
84685
14002
55067
14002
84685
211749
84685
14002
55067
14002
55067
14002
39349
211739
84685
250001
55067
250001
55067
250001
55067
62153
164190
14002
55067
62153
55067
14002
55067
250001
159849
14002
55067
14002
164190
250001
164190
14002
55067
14002
55067
14002
39349
211739
164190
250001
200208
250001
107734
62153
55067
14002
247418
62153
247418
14002
142061
250001
55067
14002
84685
14002
55067
250001
55067
14002
166826
14002
159849
14002
39349
211739
55067
250001
107734
62153
55067
14002
200208
62153
200208
14002
142061
250001
55067
14002
84685
14002
55067
250001
55067
14002
166826
14002
159849
14002
39349
211739
55067
62153
55067
14002
107734
62153
107734
14002
107734
250001
55067
14002
84685
14002
55067
250001
55067
14002
107734
14002
107734
14002
39349
211739
55067
14002
55067
211739
55067
14002
55067
62153
159849
14002
55067
14002
200208
62153
200208
14002
55067
14002
55067
14002
39349
62153
250001
14002
247450
167616
142061
14002
55067
167616
84685
167616
55067
14002
55067
167616
166826
167616
159849
149584
39349
14002
55067
14002
142061
62153
55067
14002
84685
14002
55067
62153
55067
14002
166826
14002
159849
14002
39349
62153
55067
14002
55067
211749
84685
239325
55067
14002
55067
250001
142061
249582
142061
149584
39349
14002
55067
14002
55067
14002
159849
250001
159849
14002
55067
14002
55067
14002
39349
211739
159849
211749
55067
14002
55067
211749
84685
211749
84685
149584
39349
14002
55067
14002
201083
239325
55067
239325
55067
149584
39349
14002
200208
14002
55067
14002
55067
14002
39349
211739
200208
249582
159849
149584
39349
14002
55067
149584
39349
14002
55067
14002
39349
