123552
13198
94616
215029
123552
27977
29040
135778
123552
215029
68097
195762
70111
74082
68097
248991
123552
13198
49019
116034
123552
190360
73560
190360
17286
28986
123552
179455
123552
13198
54417
14202
57330
116034
117150
177766
123552
13198
68604
13198
74262
74082
74644
74082
58924
179791
19849
248991
17286
28280
46172
248991
54417
13198
78290
27977
64469
177744
74262
231317
19849
155489
54417
146829
19849
13198
94616
13198
167580
13198
29040
13198
167580
13198
68097
13198
70111
13198
68097
13198
167580
36575
49019
13198
167580
13198
73560
13198
17286
13198
167580
13198
167580
36575
54417
13198
57330
13198
117150
13198
167580
36575
68604
36575
74262
13198
74644
13198
58924
13198
19849
13198
17286
13198
46172
13198
54417
36575
78290
13198
64469
13198
74262
13198
19849
13198
54417
13198
19849
36575
94616
27977
29040
135778
94616
250001
68097
195762
70111
74082
68097
215029
94616
13198
49019
116034
94616
190360
73560
190360
17286
28986
94616
179455
94616
13198
54417
14202
57330
116034
94616
177766
94616
13198
68604
13198
74262
74082
74644
74082
58924
179791
19849
215029
17286
28280
46172
215029
54417
13198
78290
27977
64469
177744
74262
215029
19849
155489
54417
146829
19849
13198
29040
27977
206830
27977
68097
27977
70111
27977
68097
27977
250001
13198
49019
27977
206830
27977
73560
27977
17286
27977
206830
27977
206830
13198
54417
14202
57330
27977
117150
27977
172753
13198
68604
13198
74262
27977
74644
27977
58924
27977
19849
27977
17286
27977
46172
27977
54417
13198
78290
28280
64469
27977
74262
27977
19849
27977
54417
27977
19849
13198
29040
135778
29040
135778
29040
74082
29040
135778
29040
13198
29040
116034
29040
135778
29040
135778
17286
28986
29040
135778
29040
13198
29040
14202
29040
116034
29040
135778
29040
13198
29040
13198
29040
74082
29040
74082
29040
135778
19849
135778
17286
28280
29040
135778
29040
13198
29040
27977
29040
135778
29040
135778
19849
135778
29040
135778
19849
13198
68097
195762
70111
74082
68097
215029
206830
13198
49019
116034
235899
190360
73560
190360
17286
28986
250001
179455
235899
13198
54417
14202
57330
116034
117150
177766
172753
13198
68604
13198
74262
74082
74644
74082
58924
179791
19849
215029
17286
28280
46172
215029
54417
13198
78290
27977
64469
177744
74262
215029
19849
155489
54417
146829
19849
13198
68097
74082
69404
195762
68097
13198
49019
116034
68097
190360
68097
190360
17286
28986
68097
179455
68097
13198
54417
14202
57330
116034
68097
177766
68097
13198
68097
13198
68097
74082
68097
74082
58924
179791
19849
195762
17286
28280
46172
195762
54417
13198
68097
27977
64469
177744
68097
195762
19849
155489
54417
146829
19849
13198
68097
74082
70111
13198
49019
74082
70111
74082
70111
74082
17286
28986
70111
74082
70111
13198
54417
14202
57330
74082
70111
74082
70111
13198
68604
13198
70111
213623
70111
250001
58924
74082
19849
74082
17286
28280
46172
74082
54417
13198
70111
27977
64469
74082
70111
74082
19849
74082
54417
74082
19849
13198
68097
13198
49019
116034
68097
190360
68097
190360
17286
28986
68097
179455
68097
13198
54417
14202
57330
116034
68097
177766
68097
13198
68097
13198
68097
74082
68097
74082
58924
179791
19849
250001
17286
28280
46172
250001
54417
13198
68097
27977
64469
177744
68097
231317
19849
155489
54417
146829
19849
13198
49019
13198
206830
13198
73560
13198
17286
13198
206830
13198
206830
96944
54417
13198
57330
13198
117150
13198
172753
37401
68604
110064
74262
13198
74644
13198
58924
13198
19849
13198
17286
13198
46172
13198
54417
110064
78290
13198
64469
13198
74262
13198
19849
13198
54417
13198
19849
110064
49019
116034
49019
116034
17286
28986
49019
116034
49019
13198
49019
14202
49019
148038
49019
116034
49019
13198
49019
13198
49019
74082
49019
74082
49019
116034
19849
116034
17286
28280
46172
116034
49019
13198
49019
27977
49019
116034
49019
116034
19849
116034
49019
116034
19849
13198
73560
250001
17286
28986
235899
179455
250001
13198
54417
14202
57330
116034
117150
177766
172753
13198
68604
13198
74262
74082
74644
74082
58924
179791
19849
190360
17286
28280
46172
190360
54417
13198
78290
27977
64469
177744
74262
190360
19849
155489
54417
146829
19849
13198
17286
28986
73560
179455
73560
13198
54417
14202
57330
116034
73560
177766
73560
13198
68604
13198
73560
74082
73560
74082
58924
179791
19849
190360
17286
28280
46172
190360
54417
13198
73560
27977
64469
177744
73560
190360
19849
155489
54417
146829
19849
13198
17286
28986
17286
13198
17286
14202
17286
28986
17286
28986
17286
13198
17286
13198
17286
28986
17286
28986
17286
28986
17286
28986
161143
28280
17286
28986
17286
13198
17286
27977
17286
28986
17286
28986
17286
28986
17286
28986
17286
13198
235899
13198
54417
14202
57330
116034
117150
177766
172753
13198
68604
13198
74262
74082
74644
74082
58924
179455
19849
179455
17286
28280
46172
179455
54417
13198
78290
27977
64469
177744
74262
179455
19849
155489
54417
146829
19849
13198
54417
13198
57330
13198
117150
13198
172753
37401
68604
96944
74262
13198
74644
13198
58924
13198
19849
13198
17286
13198
46172
13198
54417
96944
78290
13198
64469
13198
74262
13198
19849
13198
54417
13198
19849
96944
54417
14202
54417
14202
54417
13198
54417
13198
54417
14202
54417
14202
54417
14202
19849
14202
17286
14202
46172
14202
54553
13198
54417
14202
54417
14202
54417
14202
19849
14202
68574
14202
19849
13198
57330
116034
57330
13198
57330
13198
57330
74082
57330
74082
57330
116034
19849
116034
17286
28280
46172
116034
54417
13198
57330
27977
57330
116034
57330
116034
19849
116034
54417
116034
19849
13198
117150
13198
68604
13198
74262
74082
74644
74082
58924
177766
19849
177766
17286
28280
46172
177766
54417
13198
78290
27977
64469
177744
74262
177766
19849
155489
54417
146829
19849
13198
68604
37401
74262
13198
74644
13198
58924
13198
19849
13198
17286
13198
46172
13198
54417
37401
78290
13198
64469
13198
74262
13198
19849
13198
54417
13198
19849
37401
68604
13198
68604
13198
58924
13198
19849
13198
17286
13198
46172
13198
54417
112821
68604
13198
64469
13198
68604
13198
19849
13198
54417
13198
19849
112821
74262
213623
58924
74082
19849
74082
17286
28280
46172
74082
54417
13198
74262
27977
64469
74082
115937
74082
19849
74082
54417
74082
19849
13198
58924
74082
19849
74082
17286
28280
46172
74082
54417
13198
74644
27977
64469
74082
74262
74082
19849
74082
54417
74082
19849
13198
19849
179791
17286
28280
46172
179791
54417
13198
58924
27977
58924
177744
58924
179791
19849
155489
54417
146829
19849
13198
17286
28280
19849
250001
19849
13198
19849
27977
19849
177744
19849
231317
46172
155489
19849
146829
26937
13198
17286
28280
17286
13198
17286
27977
17286
28280
17286
28280
17286
28280
17286
28280
17286
13198
46172
13198
46172
27977
46172
177744
46172
231317
19849
155489
46172
146829
19849
13198
54417
13198
54417
13198
54417
13198
19849
13198
54553
13198
19849
177744
64469
27977
74262
27977
19849
27977
54417
27977
19849
13198
64469
177744
19849
155489
54417
146829
19849
13198
19849
155489
54417
146829
19849
13198
19849
146829
26937
13198
19849
13198
