13124
18014
94771
61866
600
4666
600
4666
94771
34218
29641
34218
94771
61866
94771
61866
85254
61866
94771
61866
94771
61866
13124
18014
600
4666
13124
18014
13124
18014
600
4666
94771
61866
8405
18014
600
4666
56594
34218
94771
34218
85254
25542
94771
61866
600
18014
600
4666
85254
61866
85254
25542
600
4666
90301
61866
13124
18014
600
4666
94771
61866
8405
18014
94771
61647
94771
61866
94771
61866
94771
61866
13124
18014
600
4666
600
4666
13124
18014
13124
18014
13124
18014
13124
18014
13124
18014
13124
18014
13124
18014
31707
34218
600
4666
31707
34218
69019
34218
600
4666
13124
18014
8405
34218
600
4666
13124
18014
13124
18014
13124
18014
13124
18014
600
34218
600
4666
13124
18014
13124
18014
600
4666
13124
18014
31707
61910
600
4666
13124
18014
8405
34218
13124
18014
13124
18014
13124
18014
13124
18014
600
4666
600
4666
137446
34218
29641
34218
113763
62750
134034
62750
85254
62275
134034
62750
137446
61910
13124
18014
600
4666
13124
18014
13124
18014
600
4666
113763
62750
8405
18014
600
4666
56594
34218
137446
34218
85254
25542
137446
62750
600
18014
600
4666
85254
62750
85254
25542
600
4666
90301
62750
13124
18014
600
4666
137446
62750
8405
18014
134034
61647
137446
62750
138542
62750
137446
61910
39965
25130
600
4666
600
4666
600
4666
600
4666
600
4666
600
4666
600
4666
600
4666
134034
61866
600
4666
600
4666
66989
61866
600
4666
600
4666
66989
61866
600
4666
600
4666
600
4666
600
4666
66989
4666
134034
61866
600
4666
600
4666
134034
61866
600
4666
600
4666
66989
25130
600
4666
600
4666
600
4666
600
4666
600
4666
600
4666
600
4666
600
4666
600
4666
600
4666
600
4666
600
4666
600
4666
600
4666
39965
25130
600
4666
600
4666
39965
25130
600
4666
600
4666
39965
25130
600
4666
600
4666
600
4666
600
4666
39965
4666
39965
25130
600
4666
600
4666
39965
25130
600
4666
600
4666
39965
62750
600
4666
600
4666
600
4666
600
4666
600
4666
600
4666
29641
138758
113763
34218
134034
34218
85254
34218
134034
34218
165643
34218
13124
18014
600
4666
13124
18014
13124
18014
600
4666
113763
34218
8405
18014
600
4666
56594
76678
151754
65053
85254
25542
151754
34218
600
18014
600
4666
85254
34218
85254
25542
600
4666
90301
34218
13124
18014
600
4666
165643
34218
8405
18014
134034
34218
151754
34218
137446
34218
151754
34218
29641
34218
29641
34218
29641
34218
29641
34218
29641
34218
13124
18014
600
4666
13124
18014
13124
18014
600
4666
29641
34218
8405
18014
600
4666
29641
76678
29641
65053
29641
25542
29641
34218
600
18014
600
4666
29641
34218
29641
25542
600
4666
29641
34218
13124
18014
600
4666
29641
34218
8405
18014
29641
34218
29641
34218
29641
34218
29641
34218
113763
65053
85254
62275
113763
65053
113763
61910
13124
18014
600
4666
13124
18014
13124
18014
600
4666
134034
136743
8405
18014
600
4666
56594
34218
113763
34218
85254
25542
113763
65053
600
18014
600
4666
85254
111833
85254
25542
600
4666
90301
65053
13124
18014
600
4666
113763
65053
8405
18014
113763
61647
113763
177556
113763
65053
113763
61910
85254
62275
150946
76678
134034
61910
13124
18014
600
4666
13124
18014
13124
18014
600
4666
113763
65053
8405
18014
600
4666
56594
34218
134034
34218
85254
25542
134034
247929
600
18014
600
4666
85254
65053
85254
25542
600
4666
90301
244442
13124
18014
600
4666
134034
135838
8405
18014
213871
61647
134034
65053
134034
66865
134034
61910
85254
62275
85254
61910
13124
18014
600
4666
13124
18014
13124
18014
600
4666
85254
62275
8405
18014
600
4666
56594
34218
85254
34218
85737
25542
85254
62275
600
18014
600
4666
90301
62275
85737
25542
600
4666
85254
62275
13124
18014
600
4666
85254
62275
8405
18014
85254
61647
85254
62275
85254
62275
85254
61910
134034
61910
13124
18014
600
4666
13124
18014
13124
18014
600
4666
113763
65053
8405
18014
600
4666
56594
34218
134034
34218
85254
25542
134034
76678
600
18014
600
4666
85254
65053
85254
25542
600
4666
90301
76678
13124
18014
600
4666
134034
76678
8405
18014
150946
61647
134034
65053
134034
66865
134034
61910
13124
18014
600
4666
13124
18014
13124
18014
600
4666
113763
61910
8405
18014
600
4666
56594
34218
151754
34218
85254
25542
151754
61910
600
18014
600
4666
85254
61910
85254
25542
600
4666
90301
61910
13124
18014
600
4666
214824
61910
8405
18014
134034
61647
151754
61910
137446
61910
151754
62750
600
4666
64439
84929
31707
61647
600
4666
13124
18014
8405
62275
600
4666
13124
18014
13124
18014
13124
18014
13124
18014
600
61910
600
4666
13124
18014
13124
18014
600
4666
13124
18014
47683
34218
600
4666
13124
18014
8405
84929
13124
18014
13124
18014
13124
18014
13124
18014
600
4666
600
4666
66989
65053
600
4666
600
4666
66989
61910
600
4666
600
4666
600
4666
600
4666
66989
4666
184452
62750
600
4666
600
4666
141298
62275
600
4666
600
4666
66989
25130
600
4666
600
4666
600
4666
600
4666
600
4666
600
4666
31707
61647
600
4666
13124
18014
8405
62275
600
4666
13124
18014
13124
18014
13124
18014
13124
18014
600
61910
600
4666
13124
18014
13124
18014
600
4666
13124
18014
47683
34218
600
4666
13124
18014
8405
97026
13124
18014
13124
18014
13124
18014
13124
18014
600
4666
13124
18014
8405
61647
600
4666
13124
18014
13124
18014
13124
18014
13124
18014
600
61647
600
4666
13124
18014
13124
18014
600
4666
13124
18014
31707
34218
600
4666
13124
18014
8405
61647
13124
18014
13124
18014
13124
18014
13124
18014
600
4666
600
4666
134034
61910
600
4666
600
4666
600
4666
600
4666
127605
4666
66989
62750
600
4666
600
4666
66989
62275
600
4666
600
4666
77072
25130
600
4666
600
4666
600
4666
600
4666
600
4666
600
4666
8405
18014
600
4666
56594
34218
113763
34218
85254
25542
113763
65053
600
18014
600
4666
85254
111833
85254
25542
600
4666
90301
65053
13124
18014
600
4666
113763
65053
8405
18014
113763
61647
113763
136743
113763
65053
113763
61910
600
4666
8405
18014
8405
18014
8405
18014
8405
18014
600
61910
600
4666
8405
18014
8405
18014
600
4666
8405
18014
8405
34218
600
4666
8405
18014
61105
62275
8405
18014
8405
18014
8405
18014
8405
18014
600
4666
600
4666
600
4666
600
4666
127605
4666
66989
61910
600
4666
600
4666
66989
61910
600
4666
600
4666
77072
25130
600
4666
600
4666
600
4666
600
4666
600
4666
600
4666
56594
65053
56594
25542
56594
34218
600
18014
600
4666
56594
34218
56594
25542
600
4666
56594
34218
13124
18014
600
4666
56594
34218
8405
18014
56594
34218
56594
34218
56594
34218
56594
34218
85254
25542
213871
34218
600
18014
600
4666
85254
34218
85254
25542
600
4666
90301
34218
13124
18014
600
4666
151754
34218
8405
18014
134034
34218
190256
34218
137446
34218
213871
34218
85254
25542
600
18014
600
4666
85737
25542
135807
34218
600
4666
85254
25542
13124
18014
600
4666
85254
25542
8405
18014
85254
25542
85254
25542
85254
25542
85254
25542
600
18014
600
4666
85254
65053
85254
25542
600
4666
90301
244442
13124
18014
600
4666
151754
135838
8405
18014
134034
61647
190256
65053
137446
66865
250001
61910
66989
4666
600
18014
600
18014
66989
4666
600
18014
600
34218
77072
4666
600
18014
600
61910
600
18014
600
18014
600
18014
600
18014
600
4666
600
4666
141298
62275
600
4666
600
4666
66989
25130
600
4666
600
4666
600
4666
600
4666
600
4666
600
4666
85737
25542
600
4666
85254
65053
13124
18014
600
4666
85254
65053
8405
18014
85254
61647
85254
111833
85254
65053
85254
61910
600
4666
85254
25542
13124
18014
600
4666
85254
25542
8405
18014
85254
25542
85254
25542
85254
25542
85254
25542
600
4666
600
4666
66989
25130
600
4666
600
4666
600
4666
600
4666
600
4666
600
4666
13124
18014
600
4666
90301
135838
8405
18014
90301
61647
90301
65053
90301
66865
90301
61910
600
4666
13124
18014
8405
34218
13124
18014
13124
18014
13124
18014
13124
18014
600
4666
600
4666
600
4666
600
4666
600
4666
600
4666
8405
18014
134034
61647
151754
65053
137446
66865
151754
61910
8405
18014
8405
18014
8405
18014
8405
18014
134034
61647
134034
61647
134034
61647
137446
65053
190256
61910
137446
61910
