30995
54845
14018
54845
14018
54845
14018
54845
14421
94939
193540
94939
14018
54845
14154
54845
14018
54845
250001
94939
14018
94939
14154
54845
34224
54845
30995
54845
14018
54845
30995
94939
14018
54845
14018
94939
14018
54845
34224
54845
250001
94939
34224
54845
14018
54845
14018
94939
34224
54845
34224
54845
14018
54845
14018
54845
14018
54845
250001
94939
14018
54845
34224
54845
14018
54845
14018
130691
14018
97534
14018
176109
14421
54845
30995
54845
14018
250001
14154
55969
14018
232753
30995
54845
14018
54845
14154
55969
30995
55969
39157
94939
14018
228231
39157
54845
14018
166036
14018
54845
14018
179741
30995
232753
30995
54845
30995
147077
14018
232753
14018
54845
30995
232753
30995
232753
14018
159985
14018
250001
14018
232753
30995
54845
14018
232753
30995
232753
14018
232753
30995
97534
14421
130691
14018
54845
14018
54845
30995
130691
14018
55969
30995
130691
14018
54845
34224
54845
14018
55969
14018
55969
14018
94939
30995
130691
14018
54845
30995
130691
30995
54845
30995
130691
14018
130691
14018
54845
14018
130691
30995
130691
16591
54845
14018
130691
14018
130691
41835
130691
30995
130691
14421
130691
14018
54845
30995
130691
14018
130691
30995
130691
14421
97534
14018
54845
14018
54845
39157
97534
14018
55969
149391
97534
14018
54845
30995
54845
14018
55969
14018
55969
14018
94939
149391
97534
14018
54845
149391
97534
149391
54845
39157
97534
14018
97534
14018
54845
14018
97534
149391
97534
16591
54845
14018
97534
14018
97534
30995
97534
149391
97534
14421
97534
14018
54845
149391
97534
14018
97534
149391
97534
14018
54845
14018
54845
14421
176109
14018
55969
14421
176109
14018
54845
14421
54845
14018
55969
14018
55969
14018
94939
14421
176109
14018
54845
14421
166036
14421
54845
14421
176109
14018
176109
14018
54845
14018
147077
14421
176109
14421
54845
14018
176109
14018
176109
14421
159985
14421
176109
160439
176109
14018
54845
14421
176109
14018
176109
14421
176109
14421
176109
14018
54845
14154
54845
14018
54845
14421
102742
14018
102742
14154
54845
14421
54845
14421
54845
14018
54845
14421
176109
14018
54845
14018
250001
14018
54845
14421
54845
14421
102742
14421
54845
14018
54845
14018
155475
14421
54845
14421
54845
14018
54845
14018
54845
14018
54845
14421
102742
14018
54845
14421
54845
14018
54845
14018
54845
14154
54845
14018
54845
193540
102742
14018
102742
14154
54845
34224
54845
30995
54845
14018
54845
30995
250001
14018
54845
14018
176109
14018
54845
34224
54845
193540
102742
34224
54845
14018
54845
14018
155475
34224
54845
34224
54845
14018
54845
14018
54845
14018
54845
193540
102742
14018
54845
34224
54845
14018
54845
14018
55969
39157
232753
14018
54845
30995
54845
14018
55969
14018
55969
14018
94939
39157
228231
14018
54845
39157
166036
39157
54845
250001
179741
14018
232753
14018
54845
14018
147077
39157
232753
16591
54845
14018
232753
14018
232753
30995
159985
39157
250001
14421
232753
14018
54845
39157
232753
14018
232753
39157
232753
14018
55969
14154
54845
14018
54845
250001
141179
14154
147077
14154
55969
14018
55969
14154
54845
14018
55969
14018
54845
14018
55969
14154
55969
14154
54845
14154
55969
14018
55969
14018
54845
14154
55969
14154
55969
14018
55969
14018
55969
14018
55969
14154
54845
14018
55969
14154
55969
14018
55969
14018
54845
30995
54845
14018
55969
14018
55969
14018
94939
222164
228231
14018
54845
250001
166036
184814
54845
39157
179741
14018
250001
14018
54845
14018
147077
222164
250001
16591
54845
14018
250001
14018
250001
30995
159985
222164
232753
14421
250001
14018
54845
250001
250001
14018
250001
222164
250001
14018
232611
14154
54845
34224
54845
30995
54845
14018
54845
30995
102742
14018
54845
14018
102742
14018
54845
34224
54845
250001
176109
34224
54845
14018
54845
14018
102742
34224
54845
34224
54845
14018
54845
14018
54845
14018
54845
250001
176109
14018
54845
34224
54845
14018
54845
14018
54845
14018
54845
14018
54845
30995
54845
14018
102742
30995
54845
30995
102742
30995
54845
14018
54845
14018
176109
14018
54845
30995
54845
16591
102742
14018
54845
14018
54845
34224
54845
30995
54845
14421
54845
14018
176109
30995
54845
14018
54845
30995
54845
14154
141179
14154
55969
14018
55969
14154
54845
14018
55969
14018
54845
14018
55969
14154
55969
14154
54845
14154
55969
14018
55969
14018
54845
14154
55969
14154
55969
14018
55969
14018
55969
14018
55969
14154
54845
14018
55969
14154
55969
14018
55969
30995
55969
14018
55969
30995
54845
14018
55969
14018
54845
14018
55969
102261
55969
34224
54845
102261
55969
14018
55969
14018
54845
250001
55969
102261
55969
14018
55969
14018
55969
14018
55969
34224
54845
14018
55969
102261
55969
14018
55969
14018
94939
234232
54845
14018
94939
14018
54845
14018
94939
30995
94939
30995
54845
30995
94939
14018
94939
14018
54845
30995
94939
30995
94939
14018
94939
14018
94939
14018
94939
30995
54845
14018
94939
30995
94939
14018
94939
14018
54845
222164
166036
184814
54845
39157
179741
14018
228231
14018
54845
14018
147077
250001
228231
16591
54845
14018
228231
14018
228231
30995
159985
250001
228231
14421
228231
14018
54845
222164
228231
14018
228231
250001
228231
14018
54845
14018
176109
14018
54845
30995
54845
30995
102742
30995
54845
14018
54845
14018
155475
30995
54845
30995
54845
14018
54845
14018
54845
14018
54845
30995
102742
14018
54845
30995
54845
14018
54845
184814
54845
39157
166036
14018
166036
14018
54845
14018
147077
222164
166036
16591
54845
14018
166036
14018
166036
30995
159985
222164
166036
14421
166036
14018
54845
250001
166036
14018
166036
222164
166036
39157
54845
14018
54845
14018
102742
14018
54845
184814
54845
16591
155475
14018
54845
14018
54845
30995
54845
184814
54845
14421
54845
14018
102742
184814
54845
14018
54845
184814
54845
14018
179741
14018
54845
14018
147077
39157
179741
16591
54845
14018
179741
14018
179741
30995
159985
39157
179741
14421
179741
14018
54845
39157
179741
14018
179741
39157
179741
34224
54845
250001
147077
14018
250001
14018
54845
102261
250001
250001
250001
14018
159985
14018
232753
14018
250001
34224
54845
14018
250001
250001
250001
14018
250001
34224
54845
14018
54845
14018
102742
34224
54845
34224
54845
14018
54845
14018
54845
14018
54845
250001
250001
14018
54845
34224
54845
14018
54845
14018
147077
14018
54845
102261
147077
250001
147077
14018
147077
14018
147077
14018
147077
34224
54845
14018
147077
250001
147077
14018
147077
16591
54845
14018
250001
14018
250001
30995
159985
250001
232753
14421
250001
14018
54845
222164
250001
14018
250001
250001
250001
14018
54845
14018
54845
16591
54845
16591
54845
14421
54845
14018
102742
16591
54845
14018
54845
16591
54845
102261
250001
14018
159985
14018
232753
14018
250001
34224
54845
14018
250001
102261
250001
14018
250001
14018
159985
14018
232753
14018
250001
34224
54845
14018
250001
250001
250001
14018
250001
30995
159985
14421
159985
14018
54845
30995
159985
14018
159985
30995
159985
14421
232753
14018
54845
222164
232753
14018
232753
250001
232753
14018
54845
14421
250001
14018
250001
14421
250001
14018
54845
34224
54845
14018
54845
14018
250001
222164
250001
14018
250001
