34444
86747
19501
69573
34444
86747
32355
69573
13720
85130
34417
10594
34417
10594
25385
10594
34417
86747
1099
52066
1099
86747
33197
52066
7010
89957
33932
86747
34417
17314
33038
79973
19501
10594
7010
40156
19501
52066
6762
17314
34417
52066
85349
86747
9563
86747
34417
86747
31417
10594
13720
107486
85349
17314
18358
78856
13720
250001
6151
17314
34417
10594
33038
79973
33932
86747
33287
17314
34417
69573
34417
86747
19501
10594
34417
52066
19501
69573
34464
89957
32355
69573
13720
85130
34417
10594
34417
10594
25385
10594
34417
89957
1099
52066
1099
107486
33197
52066
7010
86747
33932
89957
34417
17314
33038
79973
19501
10594
7010
40156
19501
52066
6762
17314
34417
52066
34444
89957
9563
89957
34417
89957
31417
10594
13720
86747
34444
17314
18358
78856
13720
86747
6151
17314
34417
10594
33038
79973
33932
89972
33287
17314
34417
69573
34417
89957
19501
10594
34417
52066
19501
69573
19501
113615
13720
69573
19501
10594
19501
10594
19501
10594
19501
69573
1099
52066
1099
69573
19501
52066
7010
69573
19501
69573
19501
17314
19501
69573
21001
10594
7010
40156
34417
52066
6762
17314
19501
52066
19501
69573
9563
69573
19501
69573
19501
10594
13720
69573
19501
17314
18358
69573
13720
69573
6151
17314
19501
10594
19501
69573
19501
69573
19501
17314
19501
89957
19501
69573
25385
10594
19501
52066
32355
69573
13720
85130
34417
10594
34417
10594
25385
10594
34417
91989
1099
52066
1099
89957
33197
52066
7010
86747
33932
99341
34417
17314
33038
79973
19501
10594
7010
40156
19501
52066
6762
17314
34417
52066
34444
100819
9563
100819
34417
100819
31417
10594
13720
86747
34444
17314
18358
78856
13720
86747
6151
17314
34417
10594
33038
79973
33932
89957
33287
17314
34417
69573
34417
89985
19501
10594
34417
52066
13720
69573
32355
10594
32355
10594
25385
10594
32355
69573
1099
52066
1099
69573
32355
52066
7010
69573
32355
69573
32355
17314
32355
69573
19501
10594
7010
40156
19501
52066
6762
17314
32355
52066
32355
69573
9563
69573
32355
69573
31417
10594
13720
69573
32355
17314
18358
69573
13720
69573
6151
17314
32355
10594
32355
69573
32355
69573
32355
17314
32355
89957
32355
69573
19501
10594
32355
52066
13720
10594
13720
10594
13720
10594
13720
85130
1099
52066
1099
85130
13720
52066
7010
85130
13720
85130
13720
17314
13720
79973
13720
10594
7010
40156
13720
52066
6762
17314
13720
52066
13720
85130
9563
85130
13720
85130
13720
10594
33287
85130
13720
17314
13720
78856
33287
85130
6151
17314
13720
10594
13720
79973
13720
85130
13720
17314
13720
69573
13720
85130
13720
10594
13720
52066
52520
250001
25385
236133
48741
10594
1099
10594
1099
10594
33197
10594
7010
10594
33932
10594
86586
10594
33038
10594
19501
26944
7010
10594
19501
10594
6762
10594
118450
10594
34417
10594
9563
10594
54811
10594
31417
43255
13720
10594
34417
10594
18358
10594
13720
10594
6151
10594
52520
43255
33038
10594
33932
10594
33287
10594
52520
10594
131547
10594
19501
236133
141078
10594
25385
236133
48741
10594
1099
10594
1099
10594
33197
10594
7010
10594
33932
10594
52520
10594
33038
10594
19501
26944
7010
10594
19501
10594
6762
10594
52520
10594
34417
10594
9563
10594
52520
10594
31417
43255
13720
10594
34417
10594
18358
10594
13720
10594
6151
10594
89247
43255
33038
10594
33932
10594
33287
10594
61424
10594
52520
10594
19501
236133
52520
10594
25385
10594
1099
10594
1099
10594
25385
10594
7010
10594
25385
10594
25385
10594
25385
10594
19501
26944
7010
10594
19501
10594
6762
10594
25385
10594
25385
10594
9563
10594
25385
10594
25385
43255
13720
10594
25385
10594
18358
10594
13720
10594
6151
10594
25385
43255
25385
10594
25385
10594
25385
10594
25385
10594
25385
10594
19501
250001
25385
10594
1099
52066
1099
89957
33197
52066
7010
86747
33932
91989
48741
17314
33038
79973
19501
10594
7010
40156
19501
52066
6762
17314
48741
52066
34417
91989
9563
91989
48741
91989
31417
10594
13720
86747
34417
17314
18358
78856
13720
86747
6151
17314
48741
10594
33038
79973
33932
89957
33287
17314
48741
69573
48741
89985
19501
10594
48741
52066
6151
52066
1099
164238
1099
52066
1099
52066
1099
17314
1099
52066
1099
10594
1099
40156
1099
58065
1099
17314
1099
250001
1099
52066
1099
52066
1099
52066
1099
10594
1099
52066
1099
17314
1099
52066
1099
52066
1099
17314
1099
10594
1099
52066
1099
52066
1099
17314
1099
52066
1099
52066
1099
10594
1099
69573
1099
52066
1099
86747
1099
89957
1099
17314
1099
79973
1099
10594
1099
40156
1099
52066
1099
17314
1099
52066
1099
89957
1099
89957
1099
89957
1099
10594
1099
86747
1099
17314
1099
78856
1099
86747
1099
17314
1099
10594
1099
79973
1099
89972
1099
17314
1099
69573
1099
89957
1099
10594
1099
52066
7010
52066
33197
52066
33197
17314
33038
52066
19501
10594
7010
40156
19501
58065
6762
17314
33197
164238
33197
52066
9563
52066
33197
52066
31417
10594
13720
52066
33197
17314
18358
52066
13720
52066
6151
17314
33197
10594
33038
52066
33197
52066
33197
17314
33197
52066
33197
52066
19501
10594
33197
69573
7010
86747
7010
17314
7010
79973
7010
10594
9563
40156
7010
52066
6762
17314
7010
52066
7010
86747
7010
86747
7010
86747
7010
10594
7010
89957
7010
17314
7010
78856
7010
89957
6151
17314
7010
10594
7010
79973
7010
86747
7010
17314
7010
69573
7010
86747
7010
10594
7010
52066
33932
17314
33038
79973
19501
10594
7010
40156
19501
52066
6762
17314
33932
52066
33932
99341
9563
99341
33932
99341
31417
10594
13720
86747
33932
17314
18358
78856
13720
86747
6151
17314
33932
10594
33038
79973
125448
89957
33287
17314
33932
69573
33932
89985
19501
10594
33932
52066
33038
17314
19501
10594
7010
17314
19501
17314
6762
67198
86586
17314
34417
17314
9563
17314
54811
17314
31417
10594
13720
17314
34417
20450
18358
17314
13720
17314
6151
20327
52520
10594
33038
17314
33932
17314
33287
20327
52520
17314
86586
17314
19501
10594
86586
17314
19501
10594
7010
40156
19501
52066
6762
17314
33038
52066
33038
79973
9563
79973
33038
79973
31417
10594
13720
79973
33038
17314
18358
78856
13720
79973
6151
17314
33038
10594
80928
185302
33038
79973
33038
17314
33038
69573
33038
79973
19501
10594
33038
52066
7010
10594
21001
10594
6762
10594
19501
10594
19501
10594
9563
10594
19501
10594
19501
26944
13720
10594
19501
10594
18358
10594
13720
10594
6151
10594
19501
26944
19501
10594
19501
10594
19501
10594
19501
10594
19501
10594
21001
26944
19501
10594
7010
40156
6762
17314
7010
40156
7010
40156
7010
40156
7010
40156
7010
10594
7010
40156
7010
17314
7010
40156
7010
40156
6151
17314
7010
10594
7010
40156
7010
40156
7010
17314
7010
40156
7010
40156
7010
10594
7010
40156
6762
17314
19501
58065
19501
52066
9563
52066
19501
52066
19501
10594
13720
52066
19501
17314
18358
52066
13720
52066
6151
17314
19501
10594
19501
52066
19501
52066
19501
17314
19501
52066
19501
52066
25385
10594
19501
58065
6762
17314
6762
17314
6762
17314
6762
17314
6762
10594
6762
17314
6762
20450
6762
17314
6762
17314
6151
20327
6762
10594
6762
17314
6762
17314
6762
20327
6762
17314
6762
17314
6762
10594
6762
17314
34417
52066
9563
52066
54811
52066
31417
10594
13720
52066
34417
17314
18358
52066
13720
52066
6151
17314
52520
10594
33038
52066
33932
52066
33287
17314
52520
52066
118450
52066
19501
10594
118450
69573
9563
107486
34417
130075
31417
10594
13720
86747
145271
17314
18358
78856
13720
86747
6151
17314
34417
10594
33038
79973
33932
89957
33287
17314
34417
69573
34417
89985
19501
10594
34417
52066
9563
107486
9563
10594
9563
86747
9563
17314
9563
78856
9563
86747
6151
17314
9563
10594
9563
79973
9563
89957
9563
17314
9563
69573
9563
89985
9563
10594
9563
52066
31417
10594
13720
86747
34417
17314
18358
78856
13720
86747
6151
17314
52520
10594
33038
79973
33932
89957
33287
17314
52520
69573
54811
89985
19501
10594
54811
52066
13720
10594
31417
10594
18358
10594
13720
10594
6151
10594
31417
151684
31417
10594
31417
10594
31417
10594
31417
10594
31417
10594
19501
43255
31417
10594
13720
17314
13720
78856
34417
107486
6151
17314
13720
10594
13720
79973
13720
86747
13720
17314
13720
69573
13720
86747
13720
10594
13720
52066
18358
17314
13720
17314
6151
20327
34417
10594
33038
17314
33932
17314
33287
20327
34417
17314
34417
17314
19501
10594
34417
17314
13720
78856
6151
17314
18358
10594
18358
78856
18358
78856
18358
17314
18358
69573
18358
78856
18358
10594
18358
52066
6151
17314
13720
10594
13720
79973
13720
86747
13720
17314
13720
69573
13720
86747
13720
10594
13720
52066
6151
10594
6151
17314
6151
17314
6151
21179
6151
17314
6151
17314
6151
10594
6151
17314
33038
10594
33932
10594
33287
10594
61424
10594
52520
10594
19501
43255
52520
10594
33038
79973
33038
17314
33038
69573
33038
79973
19501
10594
33038
52066
33287
17314
33932
69573
33932
89957
19501
10594
33932
52066
33287
17314
33287
17314
19501
10594
33287
17314
52520
69573
19501
10594
52520
52066
19501
10594
131547
52066
19501
10594
