167674
113718
2583
177573
22621
139029
239999
73678
239999
139029
239999
139029
239999
73678
103167
113718
84684
86707
103167
139029
22621
139029
22621
139029
239999
24415
103167
139029
239999
139029
103167
139029
106156
177573
239999
139029
106156
139029
239999
177573
239999
86707
103167
24415
239999
86707
2583
86707
239999
86707
196700
113718
103167
139029
239999
139029
103167
177573
239999
139029
239999
139029
239999
163348
106156
139029
2583
113718
22621
113718
167674
73678
167674
113718
167674
113718
167674
73678
103167
250001
84684
86707
103167
113718
22621
113718
22621
113718
167674
24415
103167
113718
167674
113718
103167
113718
106156
113718
167674
113718
106156
113718
167674
113718
167674
86707
103167
24415
167674
86707
2583
86707
167674
86707
167674
210146
103167
113718
167674
113718
103167
113718
167674
113718
167674
113718
167674
113718
106156
113718
2583
139029
2583
73678
2583
139029
2583
139029
2583
73678
2583
113718
2583
86707
2583
139029
2583
139029
2583
139029
2583
24415
2583
139029
2583
139029
2583
139029
2583
205126
2583
139029
2583
139029
2583
184377
2583
86707
2583
24415
2583
86707
103167
86707
2583
86707
2583
113718
2583
139029
2583
139029
2583
194848
2583
139029
2583
139029
2583
163348
2583
139029
22621
73678
22621
163348
22621
250001
22621
73678
22621
113718
22621
86707
22621
250001
84684
151801
103167
250001
22621
24415
22621
250001
22621
250001
22621
250001
22621
139029
22621
164672
22621
205126
22621
139029
22621
86707
22621
24415
22621
86707
2583
86707
22621
86707
22621
113718
22621
250001
22621
164672
22621
139029
22621
250001
22621
250001
22621
139029
22621
250001
250001
73678
250001
73678
250001
250001
103167
73678
84684
73678
103167
73678
22621
73678
22621
73678
250001
24415
103167
73678
250001
73678
103167
73678
106156
73678
250001
73678
106156
73678
250001
73678
250001
73678
103167
24415
250001
73678
2583
73678
250001
73678
196700
73678
103167
73678
250001
73678
103167
73678
250001
73678
250001
73678
250001
73678
106156
73678
250001
163348
250001
73678
103167
113718
84684
86707
103167
163348
22621
151801
22621
163348
250001
24415
103167
163348
250001
163348
103167
163348
106156
139029
250001
163348
106156
163348
250001
139029
250001
86707
103167
24415
250001
86707
2583
86707
250001
86707
196700
113718
103167
163348
250001
163348
103167
139029
250001
163348
250001
163348
250001
139029
106156
163348
250001
73678
103167
113718
84684
86707
103167
250001
22621
151801
22621
250001
250001
24415
103167
250001
250001
250001
103167
250001
106156
139029
250001
164672
106156
205126
250001
139029
250001
86707
103167
24415
250001
86707
2583
86707
250001
86707
196700
113718
103167
250001
250001
164672
103167
139029
250001
250001
250001
250001
250001
139029
106156
250001
103167
73678
84684
73678
103167
73678
22621
73678
22621
73678
250001
24415
103167
73678
250001
73678
103167
73678
106156
73678
250001
73678
106156
73678
250001
73678
250001
73678
103167
24415
250001
73678
2583
73678
250001
73678
196700
73678
103167
73678
250001
73678
103167
73678
250001
73678
250001
73678
250001
73678
106156
73678
84684
86707
151645
113718
22621
113718
22621
113718
103167
24415
250001
113718
103167
113718
250001
113718
103167
113718
103167
113718
103167
113718
103167
113718
103167
86707
250001
24415
103167
86707
2583
86707
103167
86707
103167
210146
250001
113718
103167
113718
250001
113718
103167
113718
103167
113718
103167
113718
103167
113718
84684
86707
22621
86707
22621
86707
84684
24415
84684
86707
84684
86707
84684
86707
84684
86707
84684
86707
84684
86707
84684
86707
84684
113718
84684
24415
84684
139029
2583
113718
84684
139029
84684
86707
84684
86707
84684
86707
84684
86707
84684
86707
84684
86707
84684
86707
84684
86707
22621
151801
22621
250001
103167
24415
151645
250001
103167
250001
151645
250001
103167
139029
103167
164672
103167
205126
103167
139029
103167
86707
151645
24415
103167
86707
2583
86707
103167
86707
103167
113718
151645
250001
103167
164672
151645
139029
103167
250001
103167
250001
103167
139029
103167
250001
84684
151801
22621
24415
22621
151801
22621
151801
22621
151801
22621
139029
22621
151801
22621
151801
22621
139029
22621
86707
22621
24415
22621
86707
2583
86707
22621
86707
22621
113718
22621
151801
22621
151801
22621
139029
22621
151801
22621
151801
22621
139029
22621
151801
22621
24415
22621
250001
22621
250001
22621
250001
22621
139029
22621
164672
22621
205126
22621
139029
22621
86707
22621
24415
22621
86707
2583
86707
22621
86707
22621
113718
22621
250001
22621
164672
22621
139029
22621
250001
22621
250001
22621
139029
22621
250001
103167
24415
250001
24415
103167
24415
106156
24415
250001
24415
106156
24415
250001
24415
250001
24415
103167
250001
250001
24415
2583
24415
250001
24415
196700
24415
103167
24415
250001
24415
103167
24415
250001
24415
250001
24415
250001
24415
106156
24415
103167
250001
250001
250001
103167
139029
103167
164672
103167
205126
103167
139029
103167
86707
250001
24415
103167
86707
2583
86707
103167
86707
103167
113718
250001
250001
103167
164672
250001
139029
103167
250001
103167
250001
103167
139029
103167
250001
103167
250001
106156
139029
250001
164672
106156
205126
250001
139029
250001
86707
103167
24415
250001
86707
2583
86707
250001
86707
196700
113718
103167
250001
250001
164672
103167
139029
250001
250001
250001
250001
250001
139029
106156
250001
103167
139029
103167
164672
103167
205126
103167
139029
103167
86707
250001
24415
103167
86707
2583
86707
103167
86707
103167
113718
250001
250001
103167
164672
250001
139029
103167
250001
103167
250001
103167
139029
103167
250001
106156
139029
172686
139029
106156
184377
106156
86707
103167
24415
106156
86707
2583
86707
106156
86707
106156
113718
103167
139029
106156
139029
103167
194848
106156
139029
106156
139029
106156
163348
250001
139029
106156
164672
250001
139029
250001
86707
103167
24415
250001
86707
2583
86707
250001
86707
196700
113718
103167
164672
250001
250001
103167
139029
250001
164672
250001
164672
250001
139029
106156
164672
106156
139029
106156
86707
103167
24415
106156
86707
2583
86707
106156
86707
106156
113718
103167
205126
106156
164672
103167
139029
106156
205126
106156
205126
106156
139029
172686
205126
250001
86707
103167
24415
250001
86707
2583
86707
250001
86707
196700
113718
103167
139029
250001
139029
103167
184377
250001
139029
250001
139029
250001
163348
106156
139029
103167
24415
250001
113718
103167
24415
2583
164672
2583
24415
250001
113718
103167
24415
196700
86707
103167
24415
103167
86707
250001
24415
250001
86707
103167
24415
103167
86707
250001
24415
250001
86707
103167
24415
250001
86707
103167
24415
250001
86707
103167
24415
106156
86707
103167
24415
2583
113718
250001
184377
196700
86707
103167
86707
250001
86707
103167
86707
250001
86707
250001
86707
250001
86707
106156
86707
2583
113718
2583
86707
2583
86707
2583
86707
2583
86707
2583
86707
2583
86707
2583
86707
2583
86707
196700
86707
103167
86707
250001
86707
103167
86707
250001
86707
250001
86707
250001
86707
106156
86707
103167
113718
196700
113718
103167
113718
196700
113718
196700
113718
196700
113718
106156
113718
103167
164672
250001
139029
103167
250001
103167
250001
103167
139029
103167
250001
103167
139029
250001
164672
250001
164672
250001
139029
106156
164672
103167
139029
103167
139029
103167
163348
103167
139029
250001
250001
250001
139029
106156
250001
250001
139029
106156
250001
106156
139029
