157382
27528
10583
27528
157382
27528
151841
128041
155091
27528
9129
128041
157382
27528
157382
128041
63939
27528
157382
27528
63939
5233
157382
27528
157382
25118
157382
27528
154594
27528
157382
128041
10583
27528
113994
128041
9129
24209
157382
27528
157382
27528
157382
27528
115572
128041
148971
27528
157382
27528
2646
27528
2646
5233
155839
27528
10583
5233
155839
27528
196630
27528
156171
27528
157382
27528
10583
48802
157437
127550
151841
27528
155091
127550
9129
27528
192930
130126
250001
27528
63939
130126
197660
48802
63939
5233
196360
128041
179159
25118
157437
127550
154594
130126
157437
27528
10583
48802
113994
27528
9129
24209
157437
48802
157437
48802
157437
130126
115572
27528
148971
48802
212079
130126
2646
48802
2646
5233
155839
31382
10583
5233
155839
41193
157382
48802
156171
130126
196630
48802
10583
48802
10583
27528
10583
48802
9129
27528
10583
48802
10583
27528
10583
48802
10583
96133
10583
5233
10583
48802
10583
25118
10583
48802
10583
48802
10583
27528
196550
235773
10583
27528
9129
24209
10583
96133
10583
96133
10583
48802
10583
27528
10583
96133
10583
48802
2646
96133
2646
5233
10583
31382
61413
5233
10583
41193
10583
96133
10583
48802
10583
96133
151841
27528
155091
143081
9129
27528
157437
127550
157437
27528
63939
127550
157437
48802
63939
5233
157437
127550
157437
25118
179159
128041
154594
127550
179159
27528
10583
48802
113994
27528
9129
24209
179159
48802
179159
48802
250001
127550
115572
27528
148971
48802
157437
127550
2646
48802
2646
5233
155839
31382
10583
5233
155839
41193
157382
48802
156171
127550
157437
48802
151841
27528
9129
177200
151841
27528
151841
163094
63939
27528
151841
27528
63939
5233
151841
27528
151841
25118
151841
27528
151841
27528
151841
170169
10583
27528
113994
178303
9129
24209
151841
27528
151841
27528
151841
27528
115572
163094
148971
27528
151841
27528
2646
27528
2646
5233
151841
27528
10583
5233
151841
27528
151841
27528
151841
27528
151841
27528
9129
27528
155091
127550
155091
27528
63939
127550
155091
48802
63939
5233
155091
127550
155091
25118
155091
128041
154594
127550
155091
27528
10583
48802
113994
27528
9129
24209
155091
48802
155091
48802
155091
127550
115572
27528
148971
48802
155091
127550
2646
48802
2646
5233
155091
31382
10583
5233
155091
41193
155091
48802
155091
127550
155091
48802
9129
27528
9129
163094
9129
27528
9129
27528
9129
5233
9129
27528
9129
25118
9129
27528
9129
27528
9129
170169
9129
27528
9129
177200
113994
24209
9129
27528
9129
27528
9129
27528
9129
163094
9129
27528
9129
27528
2646
27528
2646
5233
9129
27528
9129
5233
9129
27528
9129
27528
9129
27528
9129
27528
192930
27528
63939
150760
192930
48802
63939
5233
192930
128041
179159
25118
157437
127550
154594
150760
157437
27528
10583
48802
113994
27528
9129
24209
157437
48802
157437
48802
157437
150760
115572
27528
148971
48802
192930
150760
2646
48802
2646
5233
155839
31382
10583
5233
155839
41193
157382
48802
156171
150760
192930
48802
63939
27528
197660
27528
63939
5233
196360
27528
179159
25118
157437
27528
154594
27528
157437
163094
10583
27528
113994
163094
9129
24209
157437
27528
157437
27528
157437
27528
115572
176535
148971
27528
212079
27528
2646
27528
2646
5233
155839
27528
10583
5233
155839
27528
157382
27528
156171
27528
196630
27528
63939
48802
196630
5233
63939
128041
63939
25118
63939
127550
63939
176535
63939
27528
10583
48802
63939
27528
9129
24209
63939
48802
63939
48802
63939
163094
63939
27528
63939
48802
63939
163094
2646
48802
2646
5233
63939
31382
10583
5233
63939
41193
63939
48802
63939
163094
63939
48802
63939
5233
196360
48802
179159
25118
157437
48802
154594
48802
157437
27528
10583
96133
113994
27528
9129
24209
157437
103491
157437
130126
157437
48802
115572
27528
148971
130126
197660
48802
2646
127550
2646
5233
155839
31382
10583
5233
155839
41193
157382
130126
156171
48802
196630
127550
63939
5233
63939
5233
63939
5233
63939
5233
63939
5233
10583
5233
63939
5233
9129
5233
63939
5233
63939
5233
63939
5233
63939
5233
63939
5233
63939
5233
2646
5233
2646
30473
63939
5233
10583
6839
63939
5233
63939
5233
63939
5233
63939
5233
179159
25118
157437
127550
154594
128041
157437
27528
10583
48802
113994
27528
9129
24209
157437
48802
157437
48802
157437
128041
115572
27528
148971
48802
196360
128041
2646
48802
2646
5233
155839
31382
10583
5233
155839
41193
157382
48802
156171
128041
196360
48802
157437
25118
154594
25118
157437
25118
10583
25118
113994
25118
9129
24209
157437
25118
157437
25118
157437
25118
115572
25118
148971
25118
179159
25118
2646
25118
2646
5233
155839
25118
10583
5233
155839
25118
157382
25118
156171
25118
179159
25118
154594
127550
194505
27528
10583
48802
113994
27528
9129
24209
194505
48802
194505
48802
179159
127550
115572
27528
148971
48802
157437
127550
2646
48802
2646
5233
155839
31382
10583
5233
155839
41193
157382
48802
156171
127550
157437
48802
154594
27528
10583
48802
113994
27528
9129
24209
154594
48802
154594
48802
154594
163094
115572
27528
148971
48802
154594
163094
2646
48802
2646
5233
154594
31382
10583
5233
154594
41193
154594
48802
154594
163094
154594
48802
10583
27528
113994
170169
9129
24209
209890
27528
196630
27528
179159
27528
115572
163094
148971
27528
157437
27528
2646
27528
2646
5233
155839
27528
10583
5233
155839
27528
157382
27528
156171
27528
157437
27528
10583
27528
9129
24209
10583
96133
10583
96133
10583
48802
10583
27528
10583
96133
10583
48802
2646
96133
2646
5233
10583
31382
61413
5233
10583
41193
10583
96133
10583
48802
10583
96133
9129
24209
113994
27528
113994
27528
113994
27528
113994
163094
113994
27528
113994
27528
2646
27528
2646
5233
113994
27528
10583
5233
113994
27528
113994
27528
113994
27528
113994
27528
9129
24209
9129
24209
9129
24209
9129
24209
9129
24209
9129
24209
2646
24209
2646
5233
9129
24209
9129
5233
9129
24209
9129
24209
9129
24209
9129
24209
196630
103491
179159
48802
115572
27528
148971
103491
157437
48802
2646
103491
2646
5233
155839
31382
10583
5233
155839
41193
157382
103491
156171
48802
157437
103491
179159
48802
115572
27528
148971
218565
157437
48802
2646
127550
2646
5233
155839
31382
10583
5233
155839
41193
157382
146975
156171
48802
157437
127550
115572
27528
148971
48802
157437
249030
2646
48802
2646
5233
155839
31382
10583
5233
155839
41193
157382
48802
156171
170169
157437
48802
115572
27528
115572
27528
2646
27528
2646
5233
115572
27528
10583
5233
115572
27528
115572
27528
115572
27528
115572
27528
148971
48802
2646
127550
2646
5233
148971
31382
10583
5233
148971
41193
148971
146975
148971
48802
148971
127550
2646
48802
2646
5233
155839
31382
10583
5233
155839
41193
157382
48802
156171
170169
196630
48802
156171
5233
2646
31382
2646
5233
2646
41193
2646
127550
2646
48802
2646
175211
2646
5233
2646
6839
2646
5233
2646
5233
2646
5233
2646
5233
10583
5233
250001
31382
155839
31382
155839
31382
155839
31382
10583
5233
10583
5233
10583
5233
10583
5233
155839
41193
155839
41193
155839
41193
156171
48802
157382
127550
156171
48802
