229409
35556
146197
168573
74845
92391
74845
35556
74845
92320
229409
197796
74535
92320
74845
92320
74845
168573
74845
92391
74845
92391
103318
168573
74845
92391
74845
92320
74845
92320
74845
92391
8069
92391
74535
142968
229409
168573
74845
92320
74845
92391
74845
92320
74845
92320
8069
35556
74845
187848
74845
92391
74535
92320
229409
168573
163249
168573
74845
92391
74845
92391
74845
168573
146197
35556
74845
35556
74845
250001
74845
35556
233895
35556
74535
35556
74845
35556
74845
35556
74845
35556
74845
35556
103318
35556
74845
35556
74845
35556
74845
35556
74845
35556
8069
35556
74535
35556
233895
35556
74845
35556
74845
35556
74845
35556
74845
35556
8069
120788
74845
35556
74845
35556
74535
35556
233895
35556
163249
35556
74845
35556
74845
35556
74845
35556
74845
92391
74845
35556
74845
92320
146197
168573
74535
92320
74845
92320
74845
215004
74845
92391
74845
92391
103318
207255
74845
92391
74845
92320
74845
92320
74845
92391
8069
92391
74535
142968
146197
207255
74845
92320
74845
92391
74845
92320
74845
92320
8069
35556
74845
168573
74845
92391
74535
92320
146197
207255
146197
207255
74845
92391
74845
92391
74845
215004
79708
35556
79708
92320
74845
92391
74535
92320
79708
92320
79708
92391
250001
250001
250001
250001
74845
92391
250001
168573
79708
92320
79708
92320
79708
250001
8069
250001
74535
92391
74845
92391
79708
92320
250001
250001
250001
92320
250001
92320
8069
35556
79708
92391
79708
250001
74535
92320
74845
92391
74845
92391
79708
250001
173938
250001
132960
92391
250001
35556
74845
35556
74535
35556
182531
35556
173938
35556
79708
35556
79708
35556
74845
35556
79708
35556
250001
35556
163414
35556
250001
35556
8069
35556
74535
35556
74845
35556
250001
35556
79708
35556
79708
35556
79708
35556
8069
120788
250001
35556
139243
35556
74535
35556
74845
35556
74845
35556
163414
35556
79708
35556
79708
35556
74845
92320
74535
226518
182531
129154
173938
92320
79708
92320
79708
92320
74845
92320
79708
92320
250001
226518
163414
215004
250001
92320
8069
92320
74535
92320
74845
92320
250001
226518
79708
92320
79708
129154
79708
226518
8069
35556
250001
92320
139243
92320
74535
226518
74845
92320
74845
92320
163414
92320
79708
92320
79708
92320
74535
92320
74845
92320
74845
168573
74845
92391
74845
92391
103318
168573
74845
92391
74845
92320
74845
92320
74845
92391
8069
92391
74535
142968
240748
168573
74845
92320
74845
92391
74845
92320
74845
92320
8069
35556
74845
187848
74845
92391
74535
92320
250001
168573
163249
168573
74845
92391
74845
92391
74845
168573
74535
129154
74535
92320
74535
92320
74535
92320
74535
92320
74535
92320
74535
250001
74535
215004
74535
92320
8069
92320
178385
92320
74535
92320
74535
250001
74535
92320
74535
129154
74535
250001
8069
35556
74535
92320
74535
92320
87503
250001
74535
92320
74535
92320
74535
92320
74535
92320
74535
92320
173938
92320
79708
92320
79708
92320
74845
92320
79708
92320
182531
129154
163414
129154
182531
92320
8069
92320
74535
92320
74845
92320
182531
129154
79708
92320
79708
168573
79708
129154
8069
35556
182531
92320
139243
92320
74535
129154
74845
92320
74845
92320
163414
92320
79708
92320
79708
92320
79708
92391
79708
92391
74845
207255
79708
92391
173938
92320
163414
92320
173938
92391
8069
92391
74535
142968
74845
207255
173938
92320
79708
92391
79708
92320
79708
92320
8069
35556
173938
168573
139243
92391
74535
92320
74845
207255
74845
207255
163414
92391
79708
92391
79708
250001
250001
250001
74845
92391
250001
168573
79708
92320
79708
92320
79708
250001
8069
250001
74535
92391
74845
92391
79708
92320
250001
250001
250001
92320
250001
92320
8069
35556
79708
92391
79708
250001
74535
92320
74845
92391
74845
92391
79708
250001
173938
250001
132960
92391
74845
92391
250001
168573
79708
92320
79708
92320
79708
250001
8069
250001
74535
92391
74845
92391
79708
92320
250001
250001
250001
92320
250001
92320
8069
35556
79708
92391
79708
250001
74535
92320
74845
92391
74845
92391
79708
250001
173938
250001
132960
92391
74845
92391
74845
92320
74845
92320
74845
92391
8069
92391
74535
142968
103318
223113
74845
92320
74845
92391
74845
92320
74845
92320
8069
35556
74845
168573
74845
92391
74535
92320
103318
223113
103318
229544
74845
92391
74845
92391
74845
207255
79708
92320
79708
92320
79708
168573
8069
168573
74535
92391
74845
92391
79708
92320
250001
168573
250001
92320
250001
92320
8069
35556
79708
92391
79708
168573
74535
92320
74845
92391
74845
92391
79708
168573
173938
168573
132960
92391
163414
215004
250001
92320
8069
92320
74535
92320
74845
92320
250001
250001
79708
92320
79708
129154
79708
250001
8069
35556
250001
92320
139243
92320
74535
250001
74845
92320
74845
92320
163414
92320
79708
92320
79708
92320
163414
92320
8069
92320
74535
92320
74845
92320
163414
215004
79708
92320
79708
129154
79708
215004
8069
35556
163414
92320
139243
92320
74535
215004
74845
92320
74845
92320
204844
92320
79708
92320
79708
92320
8069
250001
74535
92391
74845
92391
250001
92320
79708
250001
79708
92320
79708
92320
8069
35556
250001
92391
139243
250001
74535
92320
74845
92391
74845
92391
163414
250001
79708
250001
79708
92391
8069
92391
8069
92391
8069
92320
8069
250001
8069
92320
8069
92320
79708
35556
8069
92391
8069
250001
8069
92320
8069
92391
8069
92391
8069
250001
8069
250001
8069
92391
74535
142968
74535
92320
74535
92391
74535
92320
74535
92320
8069
35556
74535
142968
74535
92391
87503
92320
74535
142968
74535
142968
74535
92391
74535
92391
74535
142968
74845
92320
74845
92391
74845
92320
74845
92320
8069
35556
74845
168573
74845
92391
74535
92320
240748
250001
163249
223113
74845
92391
74845
92391
74845
207255
79708
92320
79708
129154
79708
250001
8069
35556
250001
92320
139243
92320
74535
250001
74845
92320
74845
92320
163414
92320
79708
92320
79708
92320
250001
92320
250001
92320
8069
35556
79708
92391
79708
250001
74535
92320
74845
92391
74845
92391
79708
250001
173938
250001
132960
92391
250001
129154
8069
35556
79708
92320
79708
92320
74535
129154
74845
92320
74845
92320
79708
92320
173938
92320
132960
92320
8069
35556
79708
92320
79708
92320
74535
250001
74845
92320
74845
92320
79708
92320
173938
92320
132960
92320
8069
35556
8069
35556
8069
35556
8069
35556
8069
35556
8069
35556
8069
35556
8069
35556
139243
92391
74535
92320
74845
168573
74845
168573
163414
92391
79708
92391
79708
168573
74535
92320
74845
92391
74845
92391
139243
250001
79708
250001
79708
92391
74535
92320
74535
92320
74535
92320
74535
92320
74535
92320
163249
223113
74845
92391
74845
92391
74845
207255
74845
92391
74845
92391
74845
207255
79708
250001
79708
92391
132960
92391
