147749
250001
34903
250001
160139
250001
160139
250001
155610
250001
128708
250001
5378
250001
5378
250001
128708
250001
34893
250001
155383
250001
250001
250001
34957
250001
155610
250001
7183
250001
160139
250001
34986
250001
155383
250001
155610
250001
34816
250001
155610
250001
135072
250001
160139
250001
155610
250001
154856
250001
160139
250001
7183
250001
160139
250001
125370
250001
34816
250001
128708
250001
34903
250001
34903
250001
147749
250001
147749
250001
147749
250001
128708
250001
5378
250001
5378
250001
128708
250001
34893
250001
147749
250001
147749
250001
34957
250001
147749
250001
7183
250001
147749
250001
34986
250001
147749
250001
147749
250001
34816
250001
147749
250001
135072
250001
147749
250001
147749
250001
147749
250001
147749
250001
7183
250001
147749
250001
125370
250001
34816
250001
128708
250001
34903
250001
34903
250001
34903
250001
34903
250001
34903
250001
5378
250001
5378
250001
34903
250001
34893
250001
34903
250001
34903
250001
34903
250001
34903
250001
7183
250001
34903
250001
34903
250001
34903
250001
34903
250001
34816
250001
34903
250001
34903
250001
34903
250001
34903
250001
34903
250001
34903
250001
7183
250001
34903
250001
34903
250001
34816
250001
34903
250001
73341
250001
199534
250001
155610
250001
128708
250001
5378
250001
5378
250001
128708
250001
34893
250001
155383
250001
160139
250001
34957
250001
155610
250001
7183
250001
250001
250001
34986
250001
155383
250001
155610
250001
34816
250001
155610
250001
135072
250001
250001
250001
155610
250001
154856
250001
180821
250001
7183
250001
250001
250001
125370
250001
34816
250001
128708
250001
34903
250001
155610
250001
128708
250001
5378
250001
5378
250001
128708
250001
34893
250001
155383
250001
160139
250001
34957
250001
155610
250001
7183
250001
199534
250001
34986
250001
155383
250001
155610
250001
34816
250001
155610
250001
135072
250001
199534
250001
155610
250001
154856
250001
180821
250001
7183
250001
199534
250001
125370
250001
34816
250001
128708
250001
34903
250001
128708
250001
5378
250001
5378
250001
128708
250001
34893
250001
155383
250001
155610
250001
34957
250001
250001
250001
7183
250001
155610
250001
34986
250001
155383
250001
250001
250001
34816
250001
227790
250001
135072
250001
155610
250001
250001
250001
154856
250001
155610
250001
7183
250001
155610
250001
125370
250001
34816
250001
128708
250001
34903
250001
5378
250001
5378
250001
129895
250001
34893
250001
128708
250001
128708
250001
34957
250001
128708
250001
7183
250001
128708
250001
34986
250001
128708
250001
128708
250001
34816
250001
128708
250001
128708
250001
128708
250001
128708
250001
128708
250001
128708
250001
7183
250001
128708
250001
125370
250001
34816
250001
129895
250001
34903
250001
30614
250001
5378
250001
5378
250001
5378
250001
5378
250001
5378
250001
5378
250001
5378
250001
5378
250001
5378
250001
5378
250001
5378
250001
5378
250001
5378
250001
5378
250001
5378
250001
5378
250001
5378
250001
5378
250001
5378
250001
5378
250001
5378
250001
5378
250001
5378
250001
5378
250001
5378
250001
5378
250001
5378
250001
5378
250001
5378
250001
5378
250001
5378
250001
5378
250001
5378
250001
5378
250001
5378
250001
5378
250001
5378
250001
5378
250001
5378
250001
5378
250001
5378
250001
5378
250001
5378
250001
5378
250001
5378
250001
5378
250001
5378
250001
5378
250001
34893
250001
128708
250001
128708
250001
34957
250001
128708
250001
7183
250001
128708
250001
34986
250001
128708
250001
128708
250001
34816
250001
128708
250001
128708
250001
128708
250001
128708
250001
128708
250001
128708
250001
7183
250001
128708
250001
125370
250001
34816
250001
130138
250001
34903
250001
34893
250001
34893
250001
34893
250001
34893
250001
7183
250001
34893
250001
34893
250001
34893
250001
34893
250001
34816
250001
34893
250001
34893
250001
34893
250001
34893
250001
34893
250001
34893
250001
7183
250001
34893
250001
34893
250001
34816
250001
34893
250001
34893
250001
155383
250001
34957
250001
155383
250001
7183
250001
155383
250001
34986
250001
160139
250001
155383
250001
34816
250001
155383
250001
135072
250001
155383
250001
155383
250001
154856
250001
155383
250001
7183
250001
155383
250001
125370
250001
34816
250001
128708
250001
34903
250001
34957
250001
155610
250001
7183
250001
160139
250001
34986
250001
155383
250001
155610
250001
34816
250001
155610
250001
135072
250001
160139
250001
155610
250001
154856
250001
160139
250001
7183
250001
160139
250001
125370
250001
34816
250001
128708
250001
34903
250001
34957
250001
7183
250001
34957
250001
34957
250001
34957
250001
34957
250001
34816
250001
34957
250001
34957
250001
34957
250001
34957
250001
34957
250001
34957
250001
7183
250001
34957
250001
34957
250001
34816
250001
34957
250001
34903
250001
7183
250001
155610
250001
34986
250001
155383
250001
250001
250001
34816
250001
227790
250001
135072
250001
155610
250001
250001
250001
154856
250001
155610
250001
7183
250001
155610
250001
125370
250001
34816
250001
128708
250001
34903
250001
7183
250001
7183
250001
7183
250001
7183
250001
7183
250001
7183
250001
7183
250001
7183
250001
7183
250001
7183
250001
7183
250001
30614
250001
7183
250001
7183
250001
7183
250001
7183
250001
7183
250001
34986
250001
155383
250001
155610
250001
34816
250001
155610
250001
135072
250001
250001
250001
155610
250001
154856
250001
180821
250001
7183
250001
250001
250001
125370
250001
34816
250001
128708
250001
34903
250001
34986
250001
34986
250001
34816
250001
34986
250001
34986
250001
34986
250001
34986
250001
34986
250001
34986
250001
7183
250001
34986
250001
34986
250001
34816
250001
34986
250001
34903
250001
155383
250001
34816
250001
155383
250001
135072
250001
155383
250001
155383
250001
154856
250001
155383
250001
7183
250001
155383
250001
125370
250001
34816
250001
128708
250001
34903
250001
34816
250001
227790
250001
135072
250001
155610
250001
250001
250001
154856
250001
155610
250001
7183
250001
155610
250001
125370
250001
34816
250001
128708
250001
34903
250001
34816
250001
34816
250001
34816
250001
34816
250001
34816
250001
34816
250001
7183
250001
34816
250001
34816
250001
34893
250001
34816
250001
34816
250001
135072
250001
155610
250001
227790
250001
154856
250001
155610
250001
7183
250001
155610
250001
125370
250001
34816
250001
128708
250001
34903
250001
135072
250001
135072
250001
135072
250001
135072
250001
7183
250001
135072
250001
125370
250001
34816
250001
128708
250001
34903
250001
155610
250001
154856
250001
180821
250001
7183
250001
250001
250001
125370
250001
34816
250001
128708
250001
34903
250001
154856
250001
155610
250001
7183
250001
155610
250001
125370
250001
34816
250001
128708
250001
34903
250001
154856
250001
7183
250001
154856
250001
125370
250001
34816
250001
128708
250001
34903
250001
7183
250001
180821
250001
125370
250001
34816
250001
128708
250001
34903
250001
7183
250001
7183
250001
7183
250001
7183
250001
7183
250001
125370
250001
34816
250001
128708
250001
34903
250001
34816
250001
125370
250001
34903
250001
34816
250001
34816
250001
34903
250001
