74877
7911
74877
7911
96892
250001
1913
59561
24600
7911
103392
250001
24297
7911
61685
7911
34791
140578
24297
7911
103392
250001
74877
7911
74877
140642
24297
7911
74877
7911
1913
59561
27531
140578
61502
90769
1913
7911
17941
7911
1913
7911
74877
7911
70816
7911
70816
250001
103392
121675
32427
7911
1913
121675
103392
140578
74877
7911
17941
7911
63576
7911
17941
7911
1913
7911
125146
53795
74877
7911
1913
7911
24600
53795
74877
7911
24297
53795
61685
53795
34791
7911
24297
53795
74877
7911
191626
22987
191543
7911
24297
53795
191543
53795
1913
7911
27531
7911
61502
7911
1913
53795
17941
53795
1913
53795
76374
22987
70816
22987
70816
7911
74877
7911
32427
22987
1913
7911
74877
7911
191626
100355
17941
53795
63576
22987
17941
53795
1913
53795
74877
7911
1913
7911
24600
63677
74877
7911
24297
121675
61685
121675
34791
7911
24297
121675
74877
7911
125146
22987
125146
7911
24297
121675
125146
124554
1913
7911
27531
7911
61502
7911
1913
59561
17941
121675
1913
90769
76374
22987
70816
22987
70816
7911
74877
7911
32427
22987
1913
7911
74877
7911
125146
53795
17941
121675
63576
22987
17941
63677
1913
59561
1913
59561
24600
7911
96892
250001
24297
7911
61685
7911
34791
140578
24297
7911
96892
250001
74877
7911
74877
140642
24297
7911
74877
7911
1913
59561
27531
140578
61502
90769
1913
7911
17941
7911
1913
7911
74877
7911
70816
7911
70816
250001
96892
121675
32427
7911
1913
121675
96892
140578
74877
7911
17941
7911
63576
7911
17941
7911
1913
7911
1913
7911
1913
59561
1913
7911
1913
7911
1913
59561
1913
7911
1913
59561
1913
7911
1913
59561
1913
7911
1913
7911
61340
146867
1913
59561
1913
59561
191543
7911
1913
7911
235994
7911
1913
7911
1913
7911
1913
59561
1913
59561
1913
7911
61340
59561
1913
59561
1913
7911
1913
7911
1913
7911
1913
7911
61340
7911
24600
7911
24297
63677
24600
63677
24600
7911
24297
63677
24600
7911
24600
22987
24600
7911
24297
63677
24600
63677
1913
7911
24600
7911
24600
7911
1913
59561
17941
63677
1913
63677
24600
22987
24600
22987
24600
7911
24600
7911
24600
22987
1913
7911
24600
7911
24600
53795
17941
63677
24600
22987
17941
140474
1913
59561
24297
7911
61685
7911
34791
140578
24297
7911
175326
250001
74877
7911
74877
140642
24297
7911
74877
7911
1913
59561
27531
140578
61502
90769
1913
7911
17941
7911
1913
7911
74877
7911
70816
7911
70816
250001
191253
121675
32427
7911
1913
121675
175326
140578
74877
7911
17941
7911
63576
7911
17941
7911
1913
7911
24297
174344
24297
7911
139880
174344
24297
7911
24297
22987
24297
7911
96892
140642
24297
121675
1913
7911
24297
7911
24297
7911
1913
59561
17941
141183
1913
90769
24297
22987
24297
22987
24297
7911
24297
7911
24297
22987
1913
7911
24297
7911
24297
53795
17941
140578
24297
22987
17941
63677
1913
59561
34791
7911
24297
234761
61685
7911
61685
22987
61685
7911
24297
140642
61685
121675
1913
7911
27531
7911
61502
7911
1913
59561
17941
141183
1913
90769
61685
22987
61685
22987
61685
7911
61685
7911
32427
22987
1913
7911
61685
7911
61685
53795
17941
140578
61685
22987
17941
63677
1913
59561
24297
7911
34791
140578
34791
7911
34791
140578
24297
7911
34791
7911
1913
59561
27531
140642
34791
90769
1913
7911
17941
7911
1913
7911
34791
7911
34791
7911
34791
140578
34791
121675
32427
7911
1913
121675
34791
140642
34791
7911
17941
7911
34791
7911
17941
7911
1913
7911
24297
7911
24297
22987
24297
7911
96892
140642
24297
121675
1913
7911
24297
7911
24297
7911
1913
59561
17941
141183
1913
90769
24297
22987
24297
22987
24297
7911
24297
7911
24297
22987
1913
7911
24297
7911
24297
53795
17941
140578
24297
22987
17941
63677
1913
59561
74877
7911
74877
140642
24297
7911
74877
7911
1913
59561
27531
140578
61502
90769
1913
7911
17941
7911
1913
7911
74877
7911
70816
7911
70816
250001
175326
121675
32427
7911
1913
121675
250001
140578
74877
7911
17941
7911
63576
7911
17941
7911
1913
7911
191543
7911
24297
22987
191543
22987
1913
7911
27531
7911
61502
7911
1913
22987
17941
22987
1913
22987
76374
140474
70816
140642
70816
7911
74877
7911
32427
140474
1913
7911
74877
7911
191758
22987
17941
22987
63576
140474
17941
22987
1913
22987
24297
7911
191626
7911
1913
59561
27531
140578
61502
90769
1913
7911
17941
7911
1913
7911
76374
7911
70816
7911
70816
140642
74877
121675
32427
7911
1913
121675
74877
140578
191543
7911
17941
7911
63576
7911
17941
7911
1913
7911
24297
121675
1913
7911
24297
7911
24297
7911
1913
59561
17941
140642
1913
90769
24297
22987
24297
22987
24297
7911
24297
7911
24297
22987
1913
7911
24297
7911
24297
53795
17941
140578
24297
22987
17941
63677
1913
59561
1913
7911
27531
7911
61502
7911
1913
59561
17941
121675
1913
90769
76374
22987
70816
22987
70816
7911
74877
7911
32427
22987
1913
7911
74877
7911
191543
53795
17941
121675
63576
22987
17941
63677
1913
59561
1913
59561
1913
59561
61340
7911
1913
7911
61340
7911
1913
7911
1913
7911
1913
59561
1913
59561
1913
7911
250001
59561
1913
59561
1913
7911
1913
7911
1913
7911
1913
7911
250001
7911
27531
90769
1913
7911
17941
7911
1913
7911
27531
7911
27531
7911
27531
140578
27531
121675
27531
7911
1913
121675
27531
141183
27531
7911
17941
7911
27531
7911
17941
7911
1913
7911
1913
7911
17941
7911
1913
7911
61502
7911
61502
7911
61502
90769
61502
90769
32427
7911
1913
90769
61502
90769
61502
7911
17941
7911
61502
7911
17941
7911
1913
7911
1913
59561
191543
59561
1913
22987
1913
22987
1913
7911
1913
7911
1913
22987
61340
7911
1913
7911
1913
53795
1913
59561
1913
22987
1913
59561
61340
141166
1913
90769
17941
22987
17941
22987
17941
7911
17941
7911
17941
22987
1913
7911
17941
7911
17941
53795
29833
140578
17941
22987
114516
63677
1913
59561
1913
22987
1913
22987
1913
7911
1913
7911
1913
22987
61340
7911
1913
7911
1913
53795
1913
90769
1913
22987
1913
63677
61340
59561
70816
140474
70816
7911
74877
7911
32427
250001
1913
7911
74877
7911
76374
22987
17941
22987
63576
143061
17941
22987
1913
22987
71732
7911
70816
7911
32427
140474
1913
7911
70816
7911
70816
22987
17941
22987
63576
140474
17941
22987
1913
22987
70816
121675
32427
7911
1913
121675
70816
140578
70816
7911
17941
7911
63576
7911
17941
7911
1913
7911
32427
7911
1913
140474
175326
121675
74877
7911
17941
7911
63576
7911
17941
7911
1913
7911
1913
7911
32427
7911
32427
22987
17941
22987
32427
143061
17941
22987
1913
22987
1913
121675
1913
7911
1913
7911
1913
7911
1913
7911
250001
7911
74877
7911
17941
7911
63576
7911
17941
7911
1913
7911
17941
53795
63576
22987
17941
53795
1913
53795
17941
22987
29833
63677
1913
59561
17941
22987
1913
22987
1913
59561
