67970
1713
67970
1713
67970
9018
67970
13043
67970
1713
67970
9018
67970
1713
14566
13043
67970
1713
67970
14883
67970
1713
67970
13043
67970
1713
67970
1713
67970
1713
67970
1713
14566
1713
66068
1713
43485
13043
67970
1713
35859
13043
67970
1713
67970
1713
68334
1713
67970
1713
67970
13043
67970
1713
67970
1713
67970
1713
67970
1713
21787
14883
67970
1713
67970
1713
67970
1713
67970
1713
101230
15637
101230
1713
101230
1713
101230
15637
101230
1713
101230
15637
14566
1713
101230
15637
82101
1713
91443
15637
101230
1713
101230
15637
101230
13043
101230
13043
101230
13043
14566
15637
66068
15637
43485
1713
101230
15637
35859
1713
101230
15637
101230
15637
67970
14883
101230
15637
101230
1713
92483
15637
101230
15637
101230
15637
101230
15637
21787
1713
101230
13043
101230
15637
101230
15637
80882
15637
129035
1713
119127
1713
129035
95626
129035
1713
129035
89411
14566
1713
129035
89009
82101
1713
91443
95626
129035
1713
129035
95626
129035
13043
129035
13043
129035
13043
14566
53830
66068
22675
43485
1713
129035
22675
35859
1713
129035
37418
129035
37418
67970
14883
129035
95626
129035
1713
92483
37418
118947
50817
129035
37418
129035
37418
21787
1713
129035
13043
129035
37418
129035
37418
80882
37418
119127
9018
199066
1713
250001
25097
133533
1713
14566
9018
250001
1713
82101
9018
91443
1713
250001
9018
250001
1713
250001
1713
186311
1713
157192
1713
14566
1713
66068
1713
43485
9018
250001
1713
35859
9018
139339
1713
157192
1713
67970
1713
250001
1713
250001
9018
92483
1713
118947
1713
150655
1713
250001
1713
21787
9018
250001
1713
250001
1713
186311
1713
80882
1713
119127
1713
119127
9018
119127
1713
14566
57442
119127
1713
82101
13043
91443
1713
119127
37418
119127
1713
119127
1713
119127
1713
119127
1713
14566
1713
66068
1713
43485
26640
119127
1713
35859
29687
119127
1713
119127
1713
67970
1713
119127
1713
119127
57442
92483
1713
118947
1713
119127
1713
119127
1713
21787
13043
119127
1713
119127
1713
119127
1713
80882
1713
199066
1713
133533
89411
14566
1713
199066
89009
82101
1713
91443
108377
199066
1713
199066
102742
199066
13043
186311
13043
157192
13043
14566
53830
66068
22675
43485
1713
199066
22675
35859
1713
139339
37418
157192
37418
67970
14883
199066
133673
199066
1713
92483
37418
118947
50817
150655
37418
199066
37418
21787
1713
199066
13043
199066
37418
186311
37418
80882
37418
133533
1713
14566
9018
250001
1713
82101
9018
91443
1713
250001
9018
250001
1713
250001
1713
186311
1713
157192
1713
14566
1713
66068
1713
43485
9018
250001
1713
35859
9018
139339
1713
157192
1713
67970
1713
250001
1713
250001
9018
92483
1713
118947
1713
150655
1713
250001
1713
21787
9018
250001
1713
250001
1713
186311
1713
80882
1713
14566
1713
133533
89009
82101
1713
91443
89411
133533
1713
133533
89411
133533
13043
133533
13043
133533
13043
14566
53830
66068
22675
43485
1713
133533
22675
35859
1713
133533
37418
133533
37418
67970
14883
133533
89411
133533
1713
92483
37418
118947
50817
133533
37418
133533
37418
21787
1713
133533
13043
133533
37418
133533
37418
80882
37418
14566
1713
14566
13043
14566
1713
14566
37418
14566
1713
14566
1713
14566
1713
14566
1713
35859
1713
14566
1713
14566
26640
14566
1713
14566
29687
14566
1713
14566
1713
14566
1713
14566
1713
14566
80450
14566
1713
14566
1713
14566
1713
14566
1713
14566
13043
14566
1713
14566
1713
14566
1713
14566
1713
82101
1713
91443
89009
250001
1713
250001
89009
250001
13043
186311
13043
157192
13043
14566
53830
66068
22675
43485
1713
250001
22675
35859
1713
139339
37418
157192
37418
67970
14883
250001
89009
250001
1713
92483
37418
118947
50817
150655
37418
250001
37418
21787
1713
250001
13043
250001
37418
186311
37418
80882
37418
82101
1713
82101
13043
82101
1713
82101
1713
82101
1713
82101
1713
14566
1713
66068
1713
43485
13043
82101
1713
35859
13043
82101
1713
82101
1713
67970
1713
82101
1713
82101
13043
82101
1713
82101
1713
82101
1713
82101
1713
21787
26229
82101
1713
82101
1713
82101
1713
80882
1713
91443
1713
91443
102742
91443
13043
91443
13043
91443
13043
14566
53830
66068
22675
43485
1713
91443
22675
35859
1713
91443
37418
91443
37418
67970
14883
91443
108377
91443
1713
91443
37418
91443
50817
91443
37418
91443
37418
21787
1713
91443
13043
91443
37418
91443
37418
80882
37418
250001
1713
250001
1713
186311
1713
157192
1713
14566
1713
66068
1713
43485
26640
250001
1713
35859
29687
139339
1713
157192
1713
67970
1713
250001
1713
250001
37418
92483
1713
118947
1713
150655
1713
250001
1713
21787
13043
250001
1713
250001
1713
186311
1713
80882
1713
250001
13043
186311
13043
157192
13043
14566
53830
66068
22675
43485
1713
250001
22675
35859
1713
139339
37418
157192
37418
67970
14883
250001
102742
250001
1713
92483
37418
118947
50817
150655
37418
250001
37418
21787
1713
250001
13043
250001
37418
186311
37418
80882
37418
186311
26229
157192
26640
14566
13043
66068
13043
43485
1713
250001
13043
35859
1713
139339
13043
157192
13043
67970
13043
250001
13043
250001
1713
92483
13043
118947
13043
150655
13043
250001
13043
21787
1713
250001
80394
250001
13043
186311
13043
80882
13043
157192
26229
14566
13043
66068
13043
43485
1713
186311
13043
35859
1713
139339
13043
157192
13043
67970
13043
186311
13043
186311
1713
92483
13043
118947
13043
150655
13043
186311
13043
21787
1713
186311
26229
186311
13043
196661
13043
80882
13043
14566
13043
66068
13043
43485
1713
157192
13043
35859
1713
139339
13043
186311
13043
67970
13043
157192
13043
157192
1713
92483
13043
118947
13043
150655
13043
157192
13043
21787
1713
157192
26640
157192
13043
157192
13043
80882
13043
14566
22675
14566
1713
14566
22675
14566
1713
14566
37418
14566
37418
14566
14883
14566
53830
14566
1713
14566
37418
14566
50817
14566
37418
14566
37418
14566
1713
14566
13043
14566
37418
14566
37418
14566
37418
43485
1713
66068
37418
35859
1713
66068
22675
66068
22675
66068
14883
66068
22675
66068
1713
66068
22675
66068
22675
66068
22675
66068
22675
21787
1713
66068
13043
66068
22675
66068
22675
66068
22675
43485
1713
35859
26640
43485
1713
43485
1713
43485
1713
43485
1713
43485
26640
43485
1713
43485
1713
43485
1713
43485
1713
21787
13043
43485
1713
43485
1713
43485
1713
43485
1713
35859
1713
139339
22675
157192
22675
67970
14883
250001
22675
250001
1713
92483
22675
118947
22675
150655
22675
250001
22675
21787
1713
250001
13043
250001
22675
186311
22675
80882
22675
35859
1713
35859
1713
35859
1713
35859
1713
35859
29687
35859
1713
35859
1713
35859
1713
35859
1713
21787
13043
35859
1713
35859
1713
35859
1713
35859
1713
139339
53830
67970
14883
139339
37418
139339
1713
92483
53957
118947
37418
139339
53957
139339
53830
21787
1713
139339
13043
139339
53957
139339
53957
80882
53830
67970
14883
157192
37418
157192
1713
92483
53830
118947
37418
150655
53830
157192
65621
21787
1713
157192
13043
157192
53830
157192
53830
80882
65621
67970
14883
67970
1713
67970
14883
67970
14883
67970
14883
67970
14883
21787
1713
67970
13043
67970
14883
67970
14883
67970
14883
250001
1713
92483
37418
118947
50817
150655
37418
250001
37418
21787
1713
250001
13043
250001
37418
186311
37418
80882
37418
92483
1713
118947
1713
150655
1713
250001
1713
21787
13043
250001
1713
250001
1713
186311
1713
80882
1713
92483
37418
92483
78184
92483
53830
21787
1713
92483
13043
92483
116930
92483
116576
80882
53830
118947
37418
118947
37418
21787
1713
118947
13043
118947
37418
118947
37418
80882
37418
150655
53830
21787
1713
150655
13043
150655
78184
150655
78184
80882
53830
21787
1713
250001
13043
250001
53830
186311
53830
80882
116576
21787
1713
21787
1713
21787
1713
21787
1713
250001
13043
186311
13043
80882
13043
186311
116576
80882
53830
80882
53830
