102510
250001
100000
250001
100000
212819
6962
250001
100000
249519
6962
60978
6962
212131
6962
212131
6962
250001
6962
249519
102510
60978
92764
249214
100000
250001
87723
243844
71390
250001
80948
249519
100000
220329
40733
250001
40733
249519
100000
243844
100000
249519
100000
108759
40733
249519
24146
145424
100000
243127
98616
250001
80948
249519
102510
212131
6962
145424
71390
249519
87723
212704
100000
250001
80948
249519
100000
250001
100000
212819
6962
250001
100000
249519
6962
60978
6962
212131
6962
212131
6962
250001
6962
249519
126695
60978
92764
249214
100000
250001
87723
243844
71390
250001
80948
249519
100000
220329
40733
250001
40733
249519
100000
243844
100000
249519
100000
108759
40733
249519
24146
145424
100000
243127
98616
250001
80948
249519
109229
212131
6962
145424
71390
249519
87723
212704
100000
250001
80948
249519
128899
212819
6962
250001
127212
249519
6962
60978
6962
212131
6962
212131
6962
250001
6962
249519
100000
60978
92764
249214
137205
250001
87723
243844
71390
250001
80948
249519
152197
220329
40733
250001
40733
249519
191214
243844
250001
249519
159556
108759
40733
249519
24146
145424
137674
243127
98616
250001
80948
249519
100000
212131
6962
145424
71390
249519
87723
212704
127326
250001
80948
249519
6962
212819
127212
212819
6962
60978
6962
212131
6962
212131
6962
212819
6962
212819
100000
60978
92764
212819
128899
212819
87723
212819
71390
212819
80948
212819
128899
212819
40733
212819
40733
212819
128899
212819
128899
212819
128899
108759
40733
212819
24146
145424
128899
212819
98616
212819
80948
212819
100000
212131
6962
145424
71390
212819
87723
212704
127326
212819
80948
212819
6962
249519
40733
60978
24146
212131
40733
212131
127326
250001
24146
249519
6962
60978
6962
249214
6962
250001
6962
243844
6962
250001
6962
249519
6962
220329
6962
250001
6962
249519
6962
243844
6962
249519
6962
108759
6962
249519
6962
145424
6962
243127
6962
250001
6962
249519
6962
212131
24146
145424
6962
249519
6962
212704
6962
250001
6962
249519
6962
60978
6962
212131
6962
212131
6962
249519
6962
250001
100000
60978
92764
249214
127212
249519
87723
243844
71390
249519
80948
250001
127212
220329
40733
249519
40733
250001
127212
243844
127212
250001
127212
108759
40733
250001
24146
145424
127212
243127
98616
249519
80948
250001
100000
212131
6962
145424
71390
250001
87723
212704
127212
249519
80948
250001
24146
60978
100000
60978
40733
60978
24146
60978
6962
108759
6962
60978
6962
60978
6962
60978
6962
60978
6962
60978
6962
60978
6962
60978
6962
60978
6962
60978
6962
60978
6962
60978
6962
60978
6962
60978
6962
60978
6962
60978
6962
60978
6962
60978
24146
60978
6962
60978
6962
60978
6962
60978
6962
60978
24146
213207
24146
212131
126695
212131
6962
60978
6962
212131
6962
212131
6962
212131
6962
212131
6962
212131
6962
212131
6962
212131
6962
212131
6962
212131
6962
212131
6962
108759
6962
212131
6962
145424
6962
212131
6962
212131
6962
212131
6962
212920
80948
145424
6962
212131
6962
212131
6962
212131
6962
212131
40733
212131
24146
212131
6962
60978
6962
212131
6962
212131
6962
212131
6962
212131
6962
212131
6962
212131
6962
212131
6962
212131
6962
212131
6962
212131
6962
108759
6962
212131
6962
145424
6962
212131
6962
212131
6962
212131
6962
212920
24146
145424
6962
212131
6962
212131
6962
212131
6962
212131
24146
249519
6962
60978
6962
249214
6962
250001
6962
243844
6962
250001
6962
249519
6962
220329
6962
250001
6962
249519
6962
243844
6962
249519
6962
108759
6962
249519
6962
145424
6962
243127
6962
250001
6962
249519
6962
212131
24146
145424
6962
249519
6962
212704
6962
250001
6962
249519
6962
60978
6962
249214
6962
249519
6962
243844
6962
249519
6962
250001
6962
220329
6962
249519
6962
250001
6962
243844
6962
250001
6962
108759
6962
250001
6962
145424
6962
243127
6962
249519
6962
250001
6962
212131
80948
145424
6962
250001
6962
212704
6962
249519
6962
250001
92764
60978
100000
60978
87723
60978
71390
60978
80948
60978
100000
60978
40733
60978
40733
60978
100000
60978
100000
60978
100000
60978
40733
60978
24146
60978
100000
60978
98616
60978
80948
60978
109229
60978
6962
60978
71390
60978
87723
60978
100000
60978
80948
60978
92764
249214
87723
243844
71390
249214
80948
249214
92764
220329
40733
249214
40733
249214
92764
243844
92764
249214
92764
108759
40733
249214
24146
145424
92764
243127
92764
249214
80948
249214
92764
212131
6962
145424
71390
249214
87723
212704
92764
249214
80948
249214
87723
243844
71390
250001
80948
249519
137205
220329
40733
250001
40733
249519
137205
243844
137205
249519
137205
108759
40733
249519
24146
145424
137205
243127
98616
250001
80948
249519
100000
212131
6962
145424
71390
249519
87723
212704
127326
250001
80948
249519
71390
243844
80948
243844
87723
220329
40733
243844
40733
243844
87723
249519
87723
243844
87723
108759
40733
243844
24146
145424
87723
243127
87723
243844
80948
243844
87723
212131
6962
145424
71390
243844
101881
212704
87723
243844
80948
243844
71390
249519
71390
220329
40733
250001
40733
249519
71390
243844
71390
249519
71390
108759
40733
249519
24146
145424
71390
243127
71390
250001
71390
249519
71390
212131
6962
145424
75473
249519
71390
212704
71390
250001
71390
249519
80948
220329
40733
249519
40733
250001
80948
243844
80948
250001
80948
108759
40733
250001
24146
145424
80948
243127
80948
249519
85595
250001
80948
212131
6962
145424
71390
250001
80948
212704
80948
249519
85595
250001
40733
220329
40733
220329
152197
220329
152197
220329
152197
108759
40733
220329
24146
145424
137674
220329
98616
220329
80948
220329
100000
212131
6962
145424
71390
220329
87723
212704
127326
220329
80948
220329
75473
249519
40733
243844
40733
249519
40733
108759
75473
249519
24146
145424
40733
243127
40733
250001
40733
249519
40733
212131
6962
145424
40733
249519
40733
212704
40733
250001
40733
249519
40733
243844
40733
250001
40733
108759
80948
250001
24146
145424
40733
243127
40733
249519
40733
250001
40733
212131
6962
145424
40733
250001
40733
212704
40733
249519
40733
250001
191214
243844
159556
108759
40733
243844
24146
145424
137674
243127
98616
243844
80948
243844
100000
212131
6962
145424
71390
243844
87723
212704
127326
243844
80948
243844
159556
108759
40733
250001
24146
145424
137674
243127
98616
249519
80948
250001
100000
212131
6962
145424
71390
250001
87723
212704
127326
249519
80948
250001
40733
108759
24146
108759
137674
108759
98616
108759
80948
108759
100000
108759
6962
108759
71390
108759
87723
108759
127326
108759
80948
108759
24146
145424
40733
243127
40733
249519
40733
250001
40733
212131
6962
145424
40733
250001
40733
212704
40733
249519
40733
250001
24146
145424
24146
145424
24146
145424
24146
145424
6962
189590
24146
145424
24146
145424
24146
145424
24146
145424
98616
243127
80948
243127
100000
212131
6962
145424
71390
243127
87723
212704
127326
243127
80948
243127
80948
249519
98616
212131
6962
145424
71390
249519
87723
212704
98616
250001
80948
249519
80948
212131
6962
145424
71390
250001
80948
212704
80948
249519
117864
250001
6962
145424
71390
212131
87723
212131
100000
212131
80948
212131
6962
145424
6962
145424
6962
145424
6962
145424
71390
212704
71390
249519
71390
250001
87723
212704
80948
212704
80948
249519
