31376
250001
11950
250001
11950
151801
11950
250001
11950
250001
11246
125860
11950
250001
31376
2747
11246
82915
31376
250001
31376
79712
86755
250001
11950
151801
11950
151801
31376
194768
31376
26745
31376
250001
31376
250001
31376
250001
11950
151801
11950
250001
23703
250001
11246
125860
31376
26745
11950
151801
11950
151801
11950
151801
11246
250001
11950
151801
31376
250001
11950
82644
31376
2747
11950
250001
31376
250001
11950
250001
11950
250001
11950
151801
11950
250001
11950
250001
11246
125860
11950
250001
211379
2747
11246
82915
39611
250001
64491
79712
31376
250001
11950
151801
11950
151801
211379
194768
130627
26745
163324
250001
157063
250001
196017
250001
11950
151801
11950
250001
23703
250001
11246
125860
211379
26745
11950
151801
11950
151801
11950
151801
11246
250001
11950
151801
211379
250001
11950
82644
43331
2747
11950
250001
145059
250001
11950
250001
29690
151801
23703
250001
122326
250001
11246
125860
122326
250001
11950
2747
11246
82915
11950
250001
11950
79712
11950
250001
122326
151801
43331
151801
11950
194768
11950
26745
11950
250001
11950
250001
11950
250001
122326
151801
64747
250001
11950
250001
11246
125860
11950
26745
122326
151801
122326
151801
23703
151801
11246
250001
122326
151801
11950
250001
64747
82644
11950
2747
32999
250001
11950
250001
95919
250001
23703
151801
29690
151801
11246
125860
29690
151801
11950
2747
11246
82915
11950
151801
11950
79712
11950
151801
29690
238442
29690
250001
11950
151801
11950
26745
11950
151801
11950
151801
11950
151801
29690
250001
29690
151801
11950
151801
11246
125860
11950
26745
29690
250001
29690
250001
23703
194768
11246
151801
29690
250001
11950
151801
29690
82644
11950
2747
29690
151801
11950
151801
29690
151801
23703
250001
11246
125860
23703
250001
11950
2747
11246
82915
11950
250001
11950
79712
11950
250001
23703
151801
23703
151801
11950
194768
11950
26745
11950
250001
11950
250001
11950
250001
23703
151801
23703
250001
11950
250001
11246
125860
11950
26745
23703
151801
23703
151801
43171
151801
11246
250001
23703
151801
11950
250001
23703
82644
11950
2747
23703
250001
11950
250001
23703
250001
11246
125860
129468
250001
11950
2747
11246
82915
11950
250001
11950
79712
11950
250001
129468
151801
43331
151801
11950
194768
11950
26745
11950
250001
11950
250001
11950
250001
129468
151801
64747
250001
11950
250001
11246
125860
11950
26745
129468
151801
129468
151801
23703
151801
11246
250001
129468
151801
11950
250001
64747
82644
11950
2747
32999
250001
11950
250001
95919
250001
11246
125860
11246
2747
202610
82915
11246
125860
11246
79712
11246
125860
11246
125860
11246
125860
11246
125860
11246
26745
11246
125860
11246
125860
11246
125860
11246
125860
11246
125860
11246
125860
202610
250001
11246
26745
11246
125860
11246
125860
11246
125860
202610
125860
11246
125860
11246
125860
11246
82644
11246
2747
11246
125860
11246
125860
11246
125860
11950
2747
11246
82915
11950
250001
11950
79712
11950
250001
172870
151801
43331
151801
11950
194768
11950
26745
11950
250001
11950
250001
11950
250001
172870
151801
64747
250001
11950
250001
11246
125860
11950
26745
172870
151801
172870
151801
23703
151801
11246
250001
172870
151801
11950
250001
64747
82644
11950
2747
32999
250001
11950
250001
95919
250001
11246
2747
39611
2747
64491
2747
31376
2747
11950
2747
11950
2747
232387
2747
130627
2747
163324
2747
157063
2747
196017
2747
11950
2747
11950
2747
23703
2747
11246
2747
231736
2747
11950
2747
11950
2747
11950
2747
11246
2747
11950
2747
250001
2747
11950
2747
43331
250001
11950
2747
145059
2747
11950
2747
11246
82915
11246
79712
11246
82915
11246
82915
11246
82915
11246
82915
11246
26745
11246
82915
11246
82915
11246
82915
11246
82915
11246
82915
11246
82915
225787
82915
11246
26745
11246
82915
11246
82915
11246
82915
225751
82915
11246
82915
11246
82915
11246
82644
11246
2747
11246
82915
11246
82915
11246
82915
39611
79712
31376
250001
11950
151801
11950
151801
39611
194768
39611
26745
39611
250001
39611
250001
39611
250001
11950
151801
11950
250001
23703
250001
11246
125860
39611
26745
11950
151801
11950
151801
11950
151801
11246
250001
11950
151801
39611
250001
11950
82644
39611
2747
11950
250001
39611
250001
11950
250001
31376
79712
11950
79712
11950
79712
64491
79712
64491
26745
64491
79712
64491
79712
64491
79712
11950
79712
11950
79712
23703
79712
11246
79712
64491
26745
11950
79712
11950
79712
11950
79712
11246
79712
11950
79712
64491
79712
11950
79712
43331
2747
11950
79712
64491
79712
11950
79712
11950
151801
11950
151801
31376
194768
31376
26745
31376
250001
31376
250001
31376
250001
11950
151801
11950
250001
23703
250001
11246
125860
31376
26745
11950
151801
11950
151801
11950
151801
11246
250001
11950
151801
31376
250001
11950
82644
31376
2747
11950
250001
31376
250001
11950
250001
43331
238442
11950
151801
11950
26745
11950
151801
11950
151801
11950
151801
250001
238442
64747
151801
11950
151801
11246
125860
11950
26745
250001
238442
250001
238442
23703
194768
11246
151801
250001
238442
11950
151801
64747
82644
11950
2747
32999
151801
11950
151801
95919
151801
11950
151801
11950
26745
11950
151801
11950
151801
11950
151801
43331
250001
43331
151801
11950
151801
11246
125860
11950
26745
43331
250001
43331
250001
23703
194768
11246
151801
43331
250001
11950
151801
43331
82644
11950
2747
32999
151801
11950
151801
43331
151801
130627
26745
163324
194768
157063
194768
196017
194768
11950
151801
11950
194768
23703
194768
11246
125860
231736
26745
11950
151801
11950
151801
11950
151801
11246
194768
11950
151801
232387
194768
11950
82644
43331
2747
11950
194768
145059
194768
11950
194768
130627
26745
130627
26745
130627
26745
11950
26745
11950
26745
23703
26745
11246
26745
130627
250001
11950
26745
11950
26745
11950
26745
11246
26745
11950
26745
130627
26745
11950
26745
43331
2747
11950
26745
130627
26745
11950
26745
157063
250001
163324
250001
11950
151801
11950
250001
23703
250001
11246
125860
163324
26745
11950
151801
11950
151801
11950
151801
11246
250001
11950
151801
163324
250001
11950
82644
43331
2747
11950
250001
145059
250001
11950
250001
157063
250001
11950
151801
11950
250001
23703
250001
11246
125860
157063
26745
11950
151801
11950
151801
11950
151801
11246
250001
11950
151801
157063
250001
11950
82644
43331
2747
11950
250001
145059
250001
11950
250001
11950
151801
11950
250001
23703
250001
11246
125860
196017
26745
11950
151801
11950
151801
11950
151801
11246
250001
11950
151801
196017
250001
11950
82644
43331
2747
11950
250001
145059
250001
11950
250001
64747
151801
11950
151801
11246
125860
11950
26745
250001
250001
250001
250001
23703
194768
11246
151801
250001
250001
11950
151801
64747
82644
11950
2747
32999
151801
11950
151801
95919
151801
11950
250001
11246
125860
11950
26745
64747
151801
64747
151801
23703
151801
11246
250001
64747
151801
11950
250001
95919
82644
11950
2747
32999
250001
11950
250001
64747
250001
11246
125860
23703
26745
11950
151801
11950
151801
11950
151801
11246
250001
11950
151801
23703
250001
11950
82644
23703
2747
11950
250001
23703
250001
11950
250001
11246
26745
11246
125860
11246
125860
11246
125860
225751
125860
11246
125860
11246
125860
11246
82644
11246
2747
11246
125860
11246
125860
11246
125860
11950
26745
11950
26745
11950
26745
11246
26745
11950
26745
231736
26745
11950
26745
43331
2747
11950
26745
145059
26745
11950
26745
250001
250001
23703
194768
11246
151801
250001
250001
11950
151801
64747
82644
11950
2747
32999
151801
11950
151801
95919
151801
23703
194768
11246
151801
250001
250001
11950
151801
64747
82644
11950
2747
32999
151801
11950
151801
95919
151801
11246
151801
23703
194768
11950
151801
23703
82644
11950
2747
23703
151801
11950
151801
23703
151801
11246
151801
11246
250001
11246
82644
11246
2747
11246
250001
11246
250001
11246
250001
11950
151801
64747
82644
11950
2747
32999
151801
11950
151801
95919
151801
11950
82644
43331
2747
11950
250001
145059
250001
11950
250001
11950
2747
32999
82644
11950
82644
64747
82644
11950
2747
43331
2747
11950
2747
11950
250001
32999
250001
11950
250001
