36566
102853
250001
237114
181947
107326
170123
250001
50589
47109
250001
47109
250001
34373
171979
250001
181947
214693
50589
47109
87731
53938
250001
47109
250001
250001
50589
250001
36566
237114
135969
61236
250001
250001
154054
250001
36566
57804
36566
102853
36566
102853
140943
250001
87731
53938
250001
250001
50589
250001
170123
34373
250001
47109
87731
250001
184569
250001
87731
47109
87731
182301
250001
250001
171043
90984
50589
250001
36566
102853
36566
102853
36566
102853
36566
47109
36566
47109
36566
34373
36566
102853
36566
102853
36566
47109
36566
53938
36566
47109
36566
102853
36566
102853
171043
102853
36566
61236
36566
102853
36566
102853
155452
57804
250001
137373
250001
137373
36566
102853
36566
53938
36566
102853
36566
102853
36566
34373
36566
47109
36566
102853
36566
102853
36566
47109
36566
102853
36566
102853
36566
90984
36566
102853
181947
107326
170123
237114
50589
47109
250001
47109
250001
34373
171979
237114
181947
214693
50589
47109
87731
53938
250001
47109
250001
237114
50589
237114
36566
250001
135969
61236
250001
237114
154054
237114
36566
57804
36566
102853
36566
102853
140943
237114
87731
53938
250001
237114
50589
237114
170123
34373
250001
47109
87731
237114
184569
237114
87731
47109
87731
182301
250001
237114
171043
90984
50589
237114
170123
107326
50589
47109
181947
47109
181947
34373
171979
107326
184569
107326
50589
47109
87731
53938
181947
47109
181947
107326
50589
107326
36566
107326
135969
61236
181947
107326
154054
107326
36566
57804
36566
102853
36566
102853
140943
107326
87731
53938
181947
107326
50589
107326
170123
34373
181947
47109
87731
107326
181947
107326
87731
47109
87731
107326
181947
107326
171043
90984
50589
107326
50589
47109
170123
47109
170123
34373
170123
250001
170123
214693
50589
47109
87731
53938
170123
47109
170123
250001
50589
250001
36566
237114
135969
61236
170123
250001
154054
250001
36566
57804
36566
102853
36566
102853
140943
250001
87731
53938
170123
250001
50589
250001
250001
34373
170123
47109
87731
250001
170123
250001
87731
47109
87731
182301
170123
250001
170123
90984
50589
250001
50589
138059
50589
34373
50589
47109
50589
47109
122519
134058
50589
47109
50589
250001
50589
47109
122519
47109
36566
47109
50589
47109
50589
47109
50589
47109
36566
47109
36566
47109
36566
47109
50589
47109
50589
47109
50589
47109
87731
47109
50589
34373
50589
118588
50589
47109
50589
47109
50589
182301
50589
47109
50589
47109
50589
47109
122519
47109
250001
34373
171979
47109
181947
47109
50589
134058
87731
47109
250001
138059
250001
47109
50589
47109
36566
47109
135969
47109
250001
47109
154054
47109
36566
47109
36566
47109
36566
47109
140943
47109
87731
47109
250001
47109
50589
47109
170123
34373
250001
118588
87731
47109
184569
47109
87731
138059
87731
47109
250001
47109
171043
47109
50589
47109
171979
34373
181947
34373
50589
34373
87731
34373
250001
34373
250001
34373
50589
34373
36566
34373
135969
34373
250001
34373
154054
34373
36566
34373
36566
34373
36566
34373
140943
34373
87731
34373
250001
34373
50589
34373
170123
47109
250001
34373
87731
34373
184569
34373
87731
34373
87731
34373
250001
34373
171043
34373
50589
34373
171979
214693
50589
47109
87731
53938
171979
47109
171979
250001
50589
250001
36566
237114
135969
61236
171979
250001
154054
250001
36566
57804
36566
102853
36566
102853
140943
250001
87731
53938
171979
250001
50589
250001
170123
34373
171979
47109
87731
250001
171979
250001
87731
47109
87731
182301
171979
250001
171043
90984
50589
250001
50589
47109
87731
53938
181947
47109
181947
214693
50589
214693
36566
214693
135969
61236
181947
214693
154054
214693
36566
57804
36566
102853
36566
102853
140943
214693
87731
53938
181947
214693
50589
214693
170123
34373
181947
47109
87731
214693
181947
214693
87731
47109
87731
182301
181947
214693
171043
90984
50589
214693
50589
47109
50589
134058
50589
47109
170123
47109
36566
47109
50589
47109
50589
47109
50589
47109
36566
47109
36566
47109
36566
47109
50589
47109
50589
47109
50589
47109
87731
47109
50589
34373
50589
118588
50589
47109
50589
47109
50589
134058
50589
47109
50589
47109
50589
47109
170123
47109
87731
47109
87731
53938
50589
53938
36566
53938
87731
53938
87731
53938
87731
53938
36566
53938
36566
53938
36566
53938
87731
53938
250001
215884
87731
53938
50589
53938
87731
34373
87731
47109
250001
53938
87731
53938
250001
47109
250001
53938
87731
53938
87731
53938
50589
53938
250001
47109
50589
47109
36566
47109
135969
47109
250001
47109
154054
47109
36566
47109
36566
47109
36566
47109
140943
47109
87731
47109
250001
47109
50589
47109
170123
34373
250001
118588
87731
47109
184569
47109
87731
182301
87731
47109
250001
47109
171043
47109
50589
47109
50589
250001
36566
237114
135969
61236
250001
250001
154054
250001
36566
57804
36566
102853
36566
102853
140943
250001
87731
53938
250001
250001
50589
250001
170123
34373
250001
47109
87731
250001
184569
250001
87731
47109
87731
182301
250001
250001
171043
90984
50589
250001
36566
237114
50589
61236
50589
250001
50589
250001
36566
57804
36566
102853
36566
102853
50589
250001
50589
53938
50589
250001
87731
250001
50589
34373
50589
47109
50589
250001
50589
250001
50589
47109
50589
182301
50589
250001
50589
90984
250001
250001
36566
61236
36566
237114
36566
237114
155452
57804
171043
102853
171043
102853
36566
237114
36566
53938
36566
237114
36566
237114
36566
34373
36566
47109
36566
237114
36566
237114
36566
47109
36566
182301
36566
237114
36566
90984
36566
237114
135969
61236
135969
61236
36566
57804
36566
61236
36566
61236
135969
61236
87731
53938
135969
61236
50589
61236
135969
34373
135969
47109
87731
61236
135969
61236
87731
47109
87731
61236
135969
61236
135969
61236
50589
61236
154054
250001
36566
57804
36566
102853
36566
102853
140943
250001
87731
53938
250001
250001
50589
250001
170123
34373
250001
47109
87731
250001
184569
250001
87731
47109
87731
182301
250001
250001
171043
90984
50589
250001
36566
57804
36566
102853
36566
102853
140943
250001
87731
53938
154054
250001
50589
250001
154054
34373
154054
47109
87731
250001
154054
250001
87731
47109
87731
182301
154054
250001
154054
90984
50589
250001
155452
57804
155452
57804
36566
57804
36566
53938
36566
57804
36566
57804
36566
34373
36566
47109
36566
57804
36566
57804
36566
47109
36566
57804
36566
57804
36566
57804
36566
57804
250001
250001
36566
102853
36566
53938
36566
102853
36566
102853
36566
34373
36566
47109
36566
102853
36566
102853
36566
47109
36566
102853
36566
102853
36566
90984
36566
102853
36566
102853
36566
53938
36566
102853
36566
102853
36566
34373
36566
47109
36566
102853
36566
102853
36566
47109
36566
102853
36566
102853
36566
90984
36566
102853
87731
53938
140943
250001
50589
250001
140943
34373
140943
47109
87731
250001
140943
250001
87731
47109
87731
182301
140943
250001
140943
90984
50589
250001
87731
53938
50589
53938
87731
34373
87731
47109
250001
53938
87731
53938
250001
47109
250001
53938
87731
53938
87731
53938
50589
53938
50589
250001
170123
34373
250001
47109
87731
250001
184569
250001
87731
47109
87731
182301
250001
250001
171043
90984
50589
250001
50589
34373
50589
47109
50589
250001
50589
250001
50589
47109
50589
182301
50589
250001
50589
90984
87731
250001
170123
34373
87731
34373
170123
34373
87731
34373
87731
34373
170123
34373
170123
34373
50589
34373
87731
47109
184569
47109
87731
118588
87731
47109
250001
47109
171043
47109
50589
47109
87731
250001
250001
47109
250001
182301
87731
250001
87731
90984
50589
250001
87731
47109
87731
182301
184569
250001
171043
90984
50589
250001
250001
47109
87731
47109
87731
47109
50589
47109
87731
182301
87731
90984
50589
182301
171043
90984
50589
250001
50589
90984
