75710
13530
30906
13530
28668
13530
31211
13530
56546
13530
30724
58843
103349
13530
28668
58843
28668
13530
30906
58157
103349
58157
31211
13530
103349
58843
76896
58843
103349
58157
103349
13530
103349
13530
86233
13530
31211
13530
30906
13530
103349
58843
30906
58843
87571
13530
31211
13530
30906
13530
29198
13530
103349
13530
30906
13530
103349
13530
103349
13530
31211
13530
103349
58157
30906
67576
28668
105612
31211
18836
56546
67576
30724
13530
75710
18836
28668
13530
28668
150728
30906
13530
75710
13530
31211
67576
75710
13530
75710
13530
75710
13530
75710
46997
75710
58843
75710
67576
31211
67576
30906
67576
75710
13530
30906
13530
75710
67576
31211
67576
30906
67576
29198
18836
75710
67576
30906
67576
75710
18836
75710
67576
31211
67576
75710
13530
28668
67576
30906
18836
30906
185137
30724
13530
30906
18836
28668
13530
28668
67576
35493
13530
30906
13530
30906
150411
30906
13530
30906
13530
30906
13530
30906
46997
30906
58843
30906
124558
30906
163496
35493
161477
30906
13530
43729
13530
30906
185137
30906
244375
31093
161477
29198
18836
30906
161575
43729
161477
30906
18836
30906
124558
30906
195374
30906
13530
28668
18836
28668
67576
28668
13530
28668
18836
30724
13530
55045
105612
28668
13530
28668
13530
28668
67576
28668
13530
28668
13530
28668
13530
28668
46997
28668
58843
28668
67576
28668
67576
28668
67576
28668
13530
28668
13530
28668
67576
28668
67576
28668
67576
28668
18836
28668
67576
28668
67576
28668
18836
28668
67576
28668
67576
28668
13530
31211
18836
30724
13530
31211
97921
28668
13530
28668
18836
30906
13530
31211
13530
38878
18836
31211
13530
31211
13530
31211
13530
31211
18836
31211
18836
31211
18836
38878
18836
30906
18836
31211
13530
30906
13530
31211
18836
38878
18836
30906
18836
29198
66343
31211
18836
30906
18836
31211
97921
31211
18836
38878
18836
31211
13530
30724
13530
56546
18836
28668
13530
28668
67576
30906
13530
56546
13530
31211
150411
56546
13530
56546
13530
56546
13530
56546
46997
56546
58843
56546
124558
31211
163496
30906
161477
56546
13530
30906
13530
56546
203652
31211
185137
30906
161477
29198
18836
56546
161575
30906
161477
56546
18836
56546
124558
31211
185137
56546
13530
30724
13530
28668
185137
28668
13530
30724
58157
30724
58157
30724
13530
30724
104879
30724
189925
30724
58157
30724
13530
30724
13530
30724
13530
30724
13530
30724
13530
30724
189925
30724
166921
30724
13530
30724
13530
30724
13530
29198
13530
30724
13530
30724
13530
30724
13530
30724
13530
30724
13530
30724
58157
28668
13530
28668
18836
30906
13530
134093
13530
31211
18836
134093
13530
76896
13530
134093
13530
103809
18836
134093
18836
86233
18836
31211
18836
30906
18836
134093
13530
30906
13530
87571
18836
31211
18836
30906
18836
29198
66343
103809
18836
30906
18836
182586
107842
103809
18836
31211
18836
134093
13530
30724
13530
28668
58157
28668
58157
28668
13530
28668
104879
28668
185137
28668
58157
28668
13530
28668
13530
28668
13530
28668
13530
28668
13530
28668
185137
28668
166921
28668
13530
28668
13530
28668
13530
28668
13530
28668
13530
28668
13530
28668
13530
28668
13530
28668
13530
28668
58157
28668
13530
28668
13530
28668
67576
28668
13530
28668
13530
28668
13530
28668
46997
28668
58843
28668
67576
28668
67576
28668
67576
28668
13530
28668
13530
28668
67576
28668
67576
28668
67576
28668
18836
28668
67576
28668
67576
28668
18836
28668
67576
28668
67576
28668
13530
30906
250001
30906
13530
30906
58157
30906
58157
30906
190115
30906
13530
30906
13530
30906
13530
30906
13530
42782
13530
30906
58157
35493
58157
30906
13530
30906
13530
31093
13530
29198
13530
30906
13530
35493
13530
30906
13530
30906
13530
30906
13530
30906
250001
31211
13530
164446
58157
76896
58157
164446
190115
103809
13530
187000
13530
86233
13530
31211
13530
30906
13530
164446
58157
30906
58157
87571
13530
31211
13530
30906
13530
29198
13530
103809
13530
30906
13530
134093
13530
103809
13530
31211
13530
164446
250001
31211
13530
31211
13530
31211
13530
31211
46997
31211
58843
31211
124558
250001
150411
30906
150411
31211
13530
30906
13530
31211
150411
123776
150411
30906
150411
29198
18836
31211
150411
30906
150411
31211
18836
31211
124558
65200
150411
31211
13530
76896
104879
250001
58157
103809
13530
164446
13530
86233
13530
31211
13530
30906
13530
250001
104879
30906
104879
87571
13530
31211
13530
30906
13530
29198
13530
103809
13530
30906
13530
134093
13530
103809
13530
31211
13530
250001
58157
76896
58157
76896
13530
76896
13530
76896
13530
31211
13530
30906
13530
76896
250001
30906
166921
76896
13530
31211
13530
30906
13530
29198
13530
76896
13530
30906
13530
76896
13530
76896
13530
31211
13530
76896
58157
103809
13530
164446
13530
86233
13530
31211
13530
30906
13530
250001
58157
30906
58157
87571
13530
31211
13530
30906
13530
29198
13530
103809
13530
30906
13530
134093
13530
103809
13530
31211
13530
250001
190115
103809
46997
86233
46997
31211
46997
30906
46997
103809
13530
30906
13530
87571
46997
31211
46997
30906
46997
29198
18836
123997
46997
30906
46997
103809
18836
250001
46997
31211
46997
103809
13530
86233
58843
31211
58843
30906
58843
164446
13530
30906
13530
87571
58843
31211
58843
30906
58843
29198
18836
103809
58843
30906
58843
134093
18836
103809
58843
31211
58843
164446
13530
31211
124558
30906
124558
86233
13530
30906
13530
86233
124558
31211
124558
30906
124558
29198
18836
86233
124558
30906
124558
86233
18836
86233
150728
31211
124558
86233
13530
30906
161477
31211
13530
30906
13530
31211
163496
123776
163496
30906
161477
29198
18836
31211
161575
30906
161477
31211
18836
31211
124558
65200
163496
31211
13530
30906
13530
35493
13530
30906
161477
30906
161477
31093
250001
29198
18836
30906
161477
35493
250001
30906
18836
30906
124558
30906
161477
30906
13530
30906
166921
87571
13530
31211
13530
30906
13530
29198
13530
103809
13530
30906
13530
134093
13530
103809
13530
31211
13530
250001
58157
30906
13530
30906
13530
31093
13530
29198
13530
30906
13530
46605
13530
30906
13530
30906
13530
30906
13530
30906
58157
31211
185137
30906
161477
29198
18836
87571
161575
30906
161477
87571
18836
87571
124558
31211
185137
87571
13530
30906
161477
29198
18836
31211
161575
30906
161477
31211
18836
31211
124558
65200
195374
31211
13530
29198
18836
30906
161477
31093
250001
30906
18836
30906
124558
30906
161477
30906
13530
29198
18836
29198
18836
29198
66343
29198
18836
29198
18836
29198
13530
30906
161477
103809
18836
123997
124558
31211
161575
103809
13530
30906
18836
30906
124558
30906
161477
30906
13530
103809
18836
31211
18836
134093
13530
31211
124558
103809
13530
31211
13530
