33604
163382
33604
109330
14064
51513
41588
55823
33604
55823
91131
250001
33604
55823
33380
84120
33604
36632
14064
46601
33604
63083
32602
36632
33380
46601
33604
250001
41588
46601
41588
55823
33604
142852
91131
250001
33604
44375
33604
36632
53835
46601
33604
46601
91131
36632
14064
46601
66250
46601
32602
46601
91131
55823
33604
46601
66250
46601
33380
163382
33604
39222
91131
39561
154909
109330
14064
51513
33604
55823
125910
55823
33604
163382
99676
55823
33380
84120
101486
36632
14064
46601
101486
63083
32602
36632
33380
46601
101486
163382
33604
46601
33604
55823
125910
142852
33604
163382
101486
44375
95303
36632
33604
46601
82148
46601
33604
36632
14064
46601
33604
46601
32602
46601
33604
55823
53835
46601
33604
46601
33380
250001
151554
39222
33604
39561
14064
51513
33604
55823
125910
55823
33604
109330
99676
55823
33380
84120
101486
36632
14064
46601
101486
63083
32602
36632
33380
46601
101486
109330
33604
46601
33604
55823
125910
109330
33604
109330
101486
44375
95303
36632
33604
46601
82148
46601
33604
36632
14064
46601
33604
46601
32602
46601
33604
55823
53835
46601
33604
46601
33380
109330
151554
39222
33604
39561
14064
51513
14064
51513
14064
51513
14064
51513
14064
51513
14064
36632
33604
46601
14064
51513
14064
36632
14064
46601
14064
51513
14064
46601
14064
51513
14064
51513
14064
51513
14064
44375
14064
36632
14064
46601
14064
46601
14064
36632
33604
46601
14064
46601
14064
46601
14064
51513
14064
46601
14064
46601
14064
51513
14064
39222
14064
39561
33604
79817
41588
55823
33604
57194
33380
55823
33604
36632
14064
46601
33604
55823
32602
36632
33380
46601
33604
55823
208239
46601
100438
92241
33604
55823
41588
55823
33604
44375
33604
36632
41588
46601
33604
46601
41588
36632
14064
46601
41588
46601
32602
46601
41588
92241
33604
46601
41588
46601
33380
55823
33604
39222
41588
39561
33604
55823
99676
57194
33380
55823
101486
36632
14064
46601
101486
55823
32602
36632
33380
46601
101486
55823
33604
46601
33604
79817
153091
55823
33604
55823
101486
44375
95303
36632
33604
46601
82148
46601
33604
36632
14064
46601
33604
46601
32602
46601
33604
79817
53835
46601
33604
46601
33380
55823
125910
39222
33604
39561
33604
55823
33380
84120
33604
36632
14064
46601
33604
63083
32602
36632
33380
46601
33604
250001
41588
46601
41588
55823
33604
142852
151554
250001
33604
44375
33604
36632
53835
46601
33604
46601
96076
36632
14064
46601
66250
46601
32602
46601
114648
55823
33604
46601
66250
46601
33380
163382
33604
39222
157599
39561
33380
55823
99676
36632
14064
46601
99676
55823
32602
36632
33380
46601
99676
55823
33604
46601
33604
57194
99676
55823
33604
55823
99676
44375
95303
36632
33604
46601
82148
46601
33604
36632
14064
46601
33604
46601
32602
46601
33604
57194
53835
46601
33604
46601
33380
55823
99676
39222
33604
39561
33380
36632
14064
46601
33380
63083
32602
36632
66023
46601
33380
84120
33380
46601
33380
55823
33380
84120
33380
84120
33380
44375
33380
36632
33380
46601
33380
46601
33380
36632
14064
46601
33380
46601
32602
46601
33380
55823
33380
46601
33380
46601
66023
84120
33380
39222
33380
39561
14064
36632
210308
36632
32602
39222
33380
36632
208239
36632
33604
36632
33604
36632
101486
36632
33604
36632
210308
36632
95303
162335
33604
36632
82148
36632
33604
70769
14064
36632
33604
36632
32602
36632
33604
36632
53835
36632
33604
36632
33380
36632
101486
36632
33604
36632
14064
46601
14064
36632
14064
84320
14064
46601
14064
75118
14064
46601
14064
46601
14064
46601
14064
44375
14064
36632
14064
70769
14064
60515
14064
36632
94175
70769
14064
70769
14064
50955
14064
46601
14064
109330
14064
48961
14064
46601
14064
39222
14064
39561
32602
36632
33380
46601
208239
63083
33604
46601
33604
55823
101486
63083
33604
63083
216851
44375
95303
36632
33604
46601
82148
46601
33604
36632
14064
46601
33604
46601
32602
46601
33604
55823
53835
46601
33604
46601
33380
63083
101486
39222
33604
39561
32602
36632
32602
36632
32602
36632
32602
36632
32602
36632
32602
36632
32602
36632
32602
39222
32602
36632
32602
36632
32602
39222
14064
36632
32602
36632
66023
36632
32602
36632
32602
36632
32602
36632
32602
36632
32602
36632
32602
36632
33380
46601
33380
75118
33380
46601
33380
46601
33380
46601
33380
44375
33380
36632
33380
70769
33380
60515
33380
36632
14064
70769
33380
70769
32602
50955
33380
46601
33380
84320
33380
48961
93999
46601
33380
39222
33380
39561
33604
46601
33604
55823
101486
142852
33604
250001
208239
44375
95303
36632
33604
46601
82148
46601
33604
36632
14064
46601
33604
46601
32602
46601
33604
55823
53835
46601
33604
46601
33380
163382
101486
39222
33604
39561
100438
46601
33604
46601
41588
46601
33604
44375
33604
36632
41588
70769
33604
60515
41588
36632
14064
70769
41588
70769
32602
50955
41588
46601
33604
75118
41588
48961
33380
46601
33604
39222
41588
39561
33604
55823
41588
55823
33604
44375
33604
36632
41588
46601
33604
46601
41588
36632
14064
46601
41588
46601
32602
46601
41588
250001
33604
46601
41588
46601
33380
55823
33604
39222
41588
39561
33604
142852
101486
44375
95303
36632
33604
46601
82148
46601
33604
36632
14064
46601
33604
46601
32602
46601
33604
55823
53835
46601
33604
46601
33380
142852
125910
39222
33604
39561
33604
44375
33604
36632
53835
46601
33604
46601
96076
36632
14064
46601
66250
46601
32602
46601
114648
55823
33604
46601
66250
46601
33380
163382
33604
39222
151554
39561
95303
36632
33604
44375
82148
44375
33604
36632
14064
44375
33604
44375
32602
44375
33604
44375
53835
44375
33604
44375
33380
44375
101486
39222
33604
39561
33604
36632
82148
36632
33604
70769
14064
36632
33604
36632
32602
36632
33604
36632
53835
36632
33604
36632
33380
36632
95303
36632
33604
36632
33604
60515
53835
36632
14064
94587
53835
94587
32602
50955
53835
46601
33604
70769
53835
48961
33380
46601
33604
39222
53835
39561
33604
36632
14064
60515
33604
60515
32602
50955
33604
46601
53835
60515
33604
48961
33380
46601
82148
39222
33604
39561
14064
36632
66250
36632
32602
36632
96076
36632
33604
36632
66250
36632
33380
36632
33604
36632
96076
36632
14064
195939
14064
50955
14064
46601
14064
70769
14064
48961
14064
46601
14064
39222
14064
39561
32602
50955
66250
46601
33604
70769
82148
48961
33380
46601
33604
39222
66250
39561
32602
46601
32602
50955
32602
48961
32602
46601
32602
39222
32602
39561
33604
46601
66250
46601
33380
55823
33604
39222
114648
39561
33604
48961
33380
46601
53835
39222
33604
39561
33380
46601
33604
39222
66250
39561
33380
39222
33380
39561
33604
39222
