143861
1040
4286
11551
4286
11551
4286
11551
143861
1040
4286
11551
4286
11551
143861
1040
117508
125141
59407
104616
108695
33114
94533
70462
4286
3343
143861
1040
143861
125141
4286
11551
104639
70462
143861
125141
143861
125141
39371
1040
117064
125141
76130
125141
4286
11551
143861
125141
4286
11551
4286
11551
4286
3343
54316
125141
4286
11551
143861
1040
108695
125141
143861
125141
4286
11551
4286
11551
124006
125141
143861
125141
94533
104616
20847
125141
143861
125141
36364
104616
4286
11551
4286
11551
4286
11551
143861
1040
4286
11551
142801
125141
143861
1040
143861
125141
143861
13030
4286
1040
4286
11551
4286
11551
143861
125141
4286
11551
143861
125141
143861
125141
143861
1040
4286
11551
115058
13030
54316
125141
4286
11551
4286
11551
133015
33114
4286
11551
143861
125141
143861
125141
143861
34848
4286
11551
4286
11551
119973
125141
4286
1040
4286
1040
4286
1040
161224
137637
4286
1040
4286
1040
159866
126673
117508
1040
59407
1040
108695
1040
94533
1040
4286
1040
159620
137637
159620
1040
4286
1040
104639
1040
159866
1040
159500
1040
39371
137637
117064
1040
76130
1040
4286
1040
159620
1040
4286
1040
4286
1040
4286
1040
54316
1040
4286
1040
159620
13030
108695
1040
158462
1040
4286
1040
4286
1040
124006
1040
159866
1040
94533
1040
20847
1040
159620
1040
36364
1040
4286
1040
4286
1040
4286
1040
158462
137637
4286
1040
142801
1040
159620
137637
159355
1040
159620
1040
4286
11551
4286
1040
4286
1040
159620
1040
4286
1040
159620
1040
159620
1040
159620
137637
4286
1040
115058
1040
54316
1040
4286
1040
4286
1040
133015
1040
4286
1040
159620
1040
159620
1040
159620
1040
4286
1040
4286
1040
119973
1040
20847
33114
109123
33114
4286
1040
39371
33114
132285
33114
4286
1040
4286
11551
4286
11551
4286
11551
4286
11551
94533
3343
4286
1040
4286
11551
118526
33114
4286
11551
4286
11551
4286
11551
4286
1040
4286
11551
4286
11551
132285
21928
4286
11551
117064
33114
38879
14984
94533
3343
4286
11551
171740
33114
4286
1040
4286
11551
4286
11551
132285
33114
132285
33114
4286
11551
4286
11551
4286
11551
4286
11551
4286
11551
4286
11551
15000
33114
94533
33114
115802
13030
4286
1040
109123
33114
4286
11551
4286
1040
4286
11551
4286
11551
132285
1040
132285
33114
250001
33114
4286
11551
110004
33114
4286
11551
4286
11551
4286
1040
15000
14984
4286
11551
4286
11551
132285
21928
132285
33114
4286
11551
110004
33114
4286
11551
4286
11551
4286
11551
132285
21928
132285
33114
4286
11551
20847
70462
4286
1040
20847
96752
20847
70462
4286
1040
4286
11551
4286
11551
4286
11551
4286
11551
20847
3343
4286
1040
4286
11551
20847
132170
4286
11551
4286
11551
4286
11551
4286
1040
4286
11551
4286
11551
20847
21928
4286
11551
20847
96752
20847
14984
20847
3343
4286
11551
20847
176174
4286
1040
4286
11551
4286
11551
20847
176174
20847
150066
4286
11551
4286
11551
4286
11551
4286
11551
4286
11551
4286
11551
15000
131434
20847
47290
20847
13030
4286
1040
20847
176174
4286
11551
4286
1040
4286
11551
4286
11551
20847
1040
20847
130433
20847
176174
4286
11551
20847
134628
4286
11551
4286
11551
4286
1040
15000
14984
4286
11551
4286
11551
20847
21928
20847
175575
4286
11551
20847
70462
4286
11551
4286
11551
4286
11551
20847
21928
20847
176174
4286
11551
4286
1040
39371
70462
109123
151988
4286
1040
4286
11551
4286
11551
4286
11551
4286
11551
94533
3343
4286
1040
4286
11551
109123
70462
4286
11551
4286
11551
4286
11551
4286
1040
4286
11551
4286
11551
109123
21928
4286
11551
109123
70462
38879
14984
94533
3343
4286
11551
109123
70462
4286
1040
4286
11551
4286
11551
109123
70462
109123
70462
4286
11551
4286
11551
4286
11551
4286
11551
4286
11551
4286
11551
15000
70462
94533
47290
109123
13030
4286
1040
117064
70462
4286
11551
4286
1040
4286
11551
4286
11551
109123
1040
109123
70462
109123
70462
4286
11551
109123
70462
4286
11551
4286
11551
4286
1040
15000
14984
4286
11551
4286
11551
109123
21928
109123
70462
4286
11551
109123
132170
4286
11551
4286
11551
4286
11551
109123
21928
109123
70462
4286
11551
4286
1040
4286
1040
159866
126673
117508
1040
59407
1040
108695
1040
94533
1040
4286
1040
159620
146102
159620
1040
4286
1040
104639
1040
159866
1040
159500
1040
39371
239646
117064
1040
76130
1040
4286
1040
159620
1040
4286
1040
4286
1040
4286
1040
54316
1040
4286
1040
159620
13030
108695
1040
158462
1040
4286
1040
4286
1040
124006
1040
159866
1040
94533
1040
20847
1040
159620
1040
36364
1040
4286
1040
4286
1040
4286
1040
158462
146102
4286
1040
142801
1040
159620
226163
159355
1040
159620
1040
4286
11551
4286
1040
4286
1040
159620
1040
4286
1040
159620
1040
159620
1040
159620
175534
4286
1040
115058
1040
54316
1040
4286
1040
4286
1040
133015
1040
4286
1040
159620
1040
159620
1040
159620
1040
4286
1040
4286
1040
119973
1040
39371
70462
4286
1040
4286
11551
4286
11551
4286
11551
4286
11551
39371
3343
4286
1040
4286
11551
39371
96752
4286
11551
4286
11551
4286
11551
4286
1040
4286
11551
4286
11551
39371
21928
4286
11551
39371
151988
38879
14984
39371
3343
4286
11551
39371
96752
4286
1040
4286
11551
4286
11551
39371
96752
39371
96752
4286
11551
4286
11551
4286
11551
4286
11551
4286
11551
4286
11551
15000
96752
39371
47290
39371
13030
4286
1040
39371
96752
4286
11551
4286
1040
4286
11551
4286
11551
39371
1040
39371
96752
39371
96752
4286
11551
39371
96752
4286
11551
4286
11551
4286
1040
15000
14984
4286
11551
4286
11551
39371
21928
39371
96752
4286
11551
39371
70462
4286
11551
4286
11551
4286
11551
39371
21928
39371
96752
4286
11551
4286
1040
4286
11551
4286
11551
4286
11551
4286
11551
94533
3343
4286
1040
4286
11551
118526
70462
4286
11551
4286
11551
4286
11551
4286
1040
4286
11551
4286
11551
133560
21928
4286
11551
117064
70462
38879
14984
94533
3343
4286
11551
132285
70462
4286
1040
4286
11551
4286
11551
159866
70462
184405
70462
4286
11551
4286
11551
4286
11551
4286
11551
4286
11551
4286
11551
15000
70462
94533
47290
115802
13030
4286
1040
109123
70462
4286
11551
4286
1040
4286
11551
4286
11551
159866
1040
159866
70462
132285
70462
4286
11551
110004
70462
4286
11551
4286
11551
4286
1040
15000
14984
4286
11551
4286
11551
159355
21928
170575
70462
4286
11551
110004
132170
4286
11551
4286
11551
4286
11551
133560
21928
184405
70462
4286
11551
117508
1040
59407
1040
108695
1040
94533
1040
4286
1040
159620
126673
159620
1040
4286
1040
104639
1040
176032
1040
159500
1040
39371
126673
117064
1040
76130
1040
4286
1040
159620
1040
4286
1040
4286
1040
4286
1040
54316
1040
4286
1040
159620
13030
108695
1040
158462
1040
4286
1040
4286
1040
124006
1040
176167
1040
94533
1040
20847
1040
159620
1040
36364
1040
4286
1040
4286
1040
4286
1040
158462
126673
4286
1040
142801
1040
159620
126673
159355
1040
159620
1040
4286
11551
4286
1040
4286
1040
159620
1040
4286
1040
159620
1040
159620
1040
159620
126673
4286
1040
115058
1040
54316
1040
4286
1040
4286
1040
133015
1040
4286
1040
159620
1040
159620
1040
159620
1040
4286
1040
4286
1040
119973
1040
59407
104616
108695
33114
94533
70462
4286
3343
117508
1040
117508
141856
4286
11551
104639
70462
117508
133923
117508
131434
39371
1040
117064
141856
76130
137637
4286
11551
117508
141856
4286
11551
4286
11551
4286
3343
54316
137637
4286
11551
117508
1040
108695
141856
117508
141856
4286
11551
4286
11551
117508
137637
117508
141856
94533
104616
20847
141856
117508
141856
36364
104616
4286
11551
4286
11551
4286
11551
117508
1040
4286
11551
117508
131434
117508
1040
117508
131434
117508
13030
4286
1040
4286
11551
4286
11551
117508
141856
4286
11551
117508
131434
117508
134275
117508
1040
4286
11551
115058
13030
54316
141856
4286
11551
4286
11551
117508
33114
4286
11551
117508
141856
117508
137353
117508
34848
4286
11551
4286
11551
117508
141856
59407
33114
59407
70462
4286
3343
59407
1040
59407
104616
4286
11551
59407
70462
59407
104616
59407
104616
39371
1040
59407
104616
59407
104616
4286
11551
59407
104616
4286
11551
4286
11551
4286
3343
54316
104616
4286
11551
59407
1040
59407
104616
59407
104616
4286
11551
4286
11551
59407
104616
59407
104616
59407
125141
20847
104616
59407
104616
36364
125141
4286
11551
4286
11551
4286
11551
59407
1040
4286
11551
59407
104616
59407
1040
59407
104616
59407
13030
4286
1040
4286
11551
4286
11551
59407
104616
4286
11551
59407
104616
59407
104616
59407
1040
4286
11551
59407
13030
54316
104616
4286
11551
4286
11551
59407
33114
4286
11551
59407
104616
59407
104616
59407
34848
4286
11551
4286
11551
59407
104616
94533
33114
4286
3343
108695
1040
108695
33114
4286
11551
104639
33114
108695
33114
108695
33114
39371
1040
108695
33114
76130
33114
4286
11551
108695
33114
4286
11551
4286
11551
4286
3343
54316
33114
4286
11551
108695
1040
159620
33114
108695
33114
4286
11551
4286
11551
108695
33114
108695
33114
94533
33114
20847
33114
108695
33114
36364
33114
4286
11551
4286
11551
4286
11551
108695
1040
4286
11551
108695
33114
108695
1040
108695
33114
108695
13030
4286
1040
4286
11551
4286
11551
108695
33114
4286
11551
108695
33114
108695
33114
108695
1040
4286
11551
108695
13030
54316
33114
4286
11551
4286
11551
108695
151988
4286
11551
108695
33114
108695
33114
108695
33114
4286
11551
4286
11551
108695
33114
4286
3343
94533
1040
94533
70462
4286
11551
94533
133923
94533
70462
94533
70462
39371
1040
94533
70462
76130
70462
4286
11551
94533
70462
4286
11551
4286
11551
4286
3343
54316
70462
4286
11551
94533
1040
94533
70462
94533
70462
4286
11551
4286
11551
94533
70462
94533
70462
97387
70462
20847
70462
94533
70462
36364
70462
4286
11551
4286
11551
4286
11551
94533
1040
4286
11551
94533
70462
94533
1040
94533
70462
94533
13030
4286
1040
4286
11551
4286
11551
94533
70462
4286
11551
94533
70462
94533
70462
94533
1040
4286
11551
94533
13030
54316
70462
4286
11551
4286
11551
94533
33114
4286
11551
94533
70462
94533
70462
94533
34848
4286
11551
4286
11551
94533
70462
4286
1040
4286
3343
94533
3343
4286
3343
4286
3343
4286
3343
4286
1040
4286
3343
4286
3343
94533
3343
4286
3343
94533
3343
38879
3343
132287
19082
4286
3343
94533
3343
4286
1040
4286
3343
4286
3343
94533
3343
94533
3343
4286
3343
4286
3343
4286
3343
4286
3343
4286
3343
4286
3343
15000
3343
115058
3343
94533
3343
4286
1040
94533
3343
4286
3343
4286
1040
4286
3343
4286
3343
94533
1040
94533
3343
94533
3343
4286
3343
94533
3343
4286
3343
4286
3343
4286
1040
15000
3343
4286
3343
4286
3343
94533
3343
94533
3343
4286
3343
94533
3343
4286
3343
4286
3343
4286
3343
94533
3343
94533
3343
4286
3343
159711
1040
4286
1040
104639
1040
159620
1040
159500
1040
39371
146102
117064
1040
76130
1040
4286
1040
169001
1040
4286
1040
4286
1040
4286
1040
54316
1040
4286
1040
169001
13030
108695
1040
158462
1040
4286
1040
4286
1040
124006
1040
159620
1040
94533
1040
20847
1040
169001
1040
36364
1040
4286
1040
4286
1040
4286
1040
158462
150929
4286
1040
142801
1040
169001
146102
159355
1040
169008
1040
4286
11551
4286
1040
4286
1040
169001
1040
4286
1040
169001
1040
169001
1040
169001
146102
4286
1040
115058
1040
54316
1040
4286
1040
4286
1040
133015
1040
4286
1040
169001
1040
198780
1040
169001
1040
4286
1040
4286
1040
119973
1040
4286
11551
104639
70462
159620
133923
159500
131434
39371
1040
117064
149916
76130
137637
4286
11551
159711
149916
4286
11551
4286
11551
4286
3343
54316
137637
4286
11551
159711
1040
108695
149916
158462
142782
4286
11551
4286
11551
124006
137637
159620
149916
94533
104616
20847
149916
159711
149916
36364
104616
4286
11551
4286
11551
4286
11551
158462
1040
4286
11551
142801
131434
159711
1040
159355
131434
159711
13030
4286
1040
4286
11551
4286
11551
159711
149916
4286
11551
159711
131434
159711
134275
159711
1040
4286
11551
115058
13030
54316
149916
4286
11551
4286
11551
133015
33114
4286
11551
159711
149916
159711
137353
159711
34848
4286
11551
4286
11551
119973
149916
4286
11551
4286
11551
4286
11551
4286
1040
4286
11551
4286
11551
118526
21928
4286
11551
117064
96752
38879
14984
94533
3343
4286
11551
118526
132170
4286
1040
4286
11551
4286
11551
118526
132170
118526
132170
4286
11551
4286
11551
4286
11551
4286
11551
4286
11551
4286
11551
15000
131434
94533
47290
115802
13030
4286
1040
109123
132170
4286
11551
4286
1040
4286
11551
4286
11551
118526
1040
118526
130433
118526
132170
4286
11551
110004
132170
4286
11551
4286
11551
4286
1040
15000
14984
4286
11551
4286
11551
118526
21928
118526
132170
4286
11551
110004
70462
4286
11551
4286
11551
4286
11551
118526
21928
118526
132170
4286
11551
104639
70462
104639
70462
39371
1040
104639
70462
76130
70462
4286
11551
104639
70462
4286
11551
4286
11551
4286
3343
54316
70462
4286
11551
104639
1040
104639
70462
104639
70462
4286
11551
4286
11551
104639
70462
104639
70462
94533
70462
20847
70462
104639
70462
36364
70462
4286
11551
4286
11551
4286
11551
104639
1040
4286
11551
104639
70462
104639
1040
104639
70462
104639
13030
4286
1040
4286
11551
4286
11551
104639
70462
4286
11551
104639
70462
104639
70462
104639
1040
4286
11551
104639
13030
54316
70462
4286
11551
4286
11551
104639
33114
4286
11551
104639
70462
104639
70462
104639
34848
4286
11551
4286
11551
104639
70462
159500
131434
39371
1040
117064
133923
76130
133923
4286
11551
159620
133923
4286
11551
4286
11551
4286
3343
54316
133923
4286
11551
159620
1040
108695
133923
158462
133923
4286
11551
4286
11551
124006
133923
176032
133923
94533
104616
20847
133923
159620
133923
36364
104616
4286
11551
4286
11551
4286
11551
158462
1040
4286
11551
142801
131434
159620
1040
159355
131434
159620
13030
4286
1040
4286
11551
4286
11551
159620
133923
4286
11551
159620
131434
159620
133923
159620
1040
4286
11551
115058
13030
54316
133923
4286
11551
4286
11551
133015
33114
4286
11551
159620
133923
159620
133923
159620
34848
4286
11551
4286
11551
119973
133923
39371
1040
117064
131434
76130
131434
4286
11551
159500
131434
4286
11551
4286
11551
4286
3343
54316
131434
4286
11551
159500
1040
108695
131434
158462
131434
4286
11551
4286
11551
124006
131434
159500
131434
94533
104616
20847
131434
159500
131434
36364
104616
4286
11551
4286
11551
4286
11551
158462
1040
4286
11551
142801
133923
159500
1040
159355
133923
159500
13030
4286
1040
4286
11551
4286
11551
159500
131434
4286
11551
159500
132170
159500
131434
159500
1040
4286
11551
115058
13030
54316
131434
4286
11551
4286
11551
133015
33114
4286
11551
159500
131434
159500
131434
159500
34848
4286
11551
4286
11551
119973
131434
39371
1040
39371
1040
4286
1040
39371
1040
4286
1040
4286
1040
4286
1040
39371
1040
4286
1040
39371
13030
39371
1040
39371
1040
4286
1040
4286
1040
39371
1040
39371
1040
39371
1040
20847
1040
39371
1040
36364
1040
4286
1040
4286
1040
4286
1040
39371
146102
4286
1040
39371
1040
39371
226163
39371
1040
39371
1040
4286
11551
4286
1040
4286
1040
39371
1040
4286
1040
39371
1040
39371
1040
39371
175534
4286
1040
39371
1040
39371
1040
4286
1040
4286
1040
39371
1040
4286
1040
39371
1040
39371
1040
39371
1040
4286
1040
4286
1040
39371
1040
76130
137637
4286
11551
117064
239646
4286
11551
4286
11551
4286
3343
54316
137637
4286
11551
117064
1040
108695
150929
117064
142782
4286
11551
4286
11551
117064
137637
117064
150929
94533
104616
20847
150929
117064
150929
36364
104616
4286
11551
4286
11551
4286
11551
117064
1040
4286
11551
117064
131434
117064
1040
117064
131434
117064
13030
4286
1040
4286
11551
4286
11551
117064
150929
4286
11551
117064
131434
117064
134275
117064
1040
4286
11551
115058
13030
54316
150066
4286
11551
4286
11551
117064
33114
4286
11551
117064
163576
117064
137353
117064
34848
4286
11551
4286
11551
117064
250001
4286
11551
76130
137637
4286
11551
4286
11551
4286
3343
54316
234105
4286
11551
76130
1040
76130
137637
76130
137637
4286
11551
4286
11551
76130
184275
76130
137637
76130
104616
20847
137637
76130
137637
36364
104616
4286
11551
4286
11551
4286
11551
76130
1040
4286
11551
76130
131434
76130
1040
76130
131434
76130
13030
4286
1040
4286
11551
4286
11551
76130
137637
4286
11551
76130
131434
76130
134275
76130
1040
4286
11551
76130
13030
54316
137637
4286
11551
4286
11551
76130
33114
4286
11551
76130
137637
76130
137353
76130
34848
4286
11551
4286
11551
76130
137637
4286
11551
117064
21928
4286
11551
38879
14984
4286
11551
94533
3343
4286
3343
4286
11551
54316
137637
132285
21928
4286
11551
4286
1040
214198
1040
4286
11551
108695
150929
4286
11551
158462
142782
133560
21928
4286
11551
133560
21928
4286
11551
4286
11551
124006
137637
4286
11551
159620
150929
4286
11551
94533
104616
4286
11551
20847
150929
4286
11551
232285
150929
4286
11551
36364
104616
15000
21928
4286
11551
94533
21928
4286
11551
115802
13030
4286
11551
4286
1040
158462
1040
109123
21928
4286
11551
4286
11551
142801
131434
4286
1040
219802
1040
4286
11551
159355
131434
4286
11551
169001
13030
133560
1040
4286
1040
133560
21928
4286
11551
132285
21928
4286
11551
4286
11551
219802
150929
110004
21928
4286
11551
4286
11551
216970
131434
4286
11551
219802
134275
4286
1040
219802
1040
15000
14984
4286
11551
4286
11551
115058
13030
4286
11551
54316
150066
133560
132170
4286
11551
133560
21928
4286
11551
4286
11551
110004
21928
133015
33114
4286
11551
4286
11551
216929
163576
4286
11551
169001
137353
4286
11551
219802
34848
250001
132170
4286
11551
133560
21928
4286
11551
4286
11551
119973
239646
38879
14984
94533
3343
4286
11551
117064
96752
4286
1040
4286
11551
4286
11551
117064
96752
117064
96752
4286
11551
4286
11551
4286
11551
4286
11551
4286
11551
4286
11551
15000
96752
94533
47290
115802
13030
4286
1040
109123
96752
4286
11551
4286
1040
4286
11551
4286
11551
117064
1040
117064
96752
117064
96752
4286
11551
110004
96752
4286
11551
4286
11551
4286
1040
15000
14984
4286
11551
4286
11551
117064
21928
117064
96752
4286
11551
110004
70462
4286
11551
4286
11551
4286
11551
117064
21928
117064
96752
4286
11551
38879
3343
4286
11551
38879
14984
4286
1040
4286
11551
4286
11551
38879
14984
38879
14984
4286
11551
4286
11551
4286
11551
4286
11551
4286
11551
4286
11551
15000
14984
38879
14984
38879
13030
4286
1040
38879
14984
4286
11551
4286
1040
4286
11551
4286
11551
38879
1040
38879
14984
38879
14984
4286
11551
38879
14984
4286
11551
4286
11551
4286
1040
15000
19082
4286
11551
4286
11551
38879
14984
38879
14984
4286
11551
38879
14984
4286
11551
4286
11551
4286
11551
38879
14984
38879
14984
4286
11551
4286
3343
94533
3343
4286
1040
4286
3343
4286
3343
94533
3343
94533
3343
4286
3343
4286
3343
4286
3343
4286
3343
4286
3343
4286
3343
15000
3343
115058
3343
94533
3343
4286
1040
94533
3343
4286
3343
4286
1040
4286
3343
4286
3343
94533
1040
94533
3343
94533
3343
4286
3343
94533
3343
4286
3343
4286
3343
4286
1040
15000
3343
4286
3343
4286
3343
94533
3343
94533
3343
4286
3343
94533
3343
4286
3343
4286
3343
4286
3343
94533
3343
94533
3343
4286
3343
4286
11551
54316
1040
54316
137637
54316
137637
4286
11551
4286
11551
54316
184275
54316
137637
54316
104616
20847
137637
54316
137637
36364
104616
4286
11551
4286
11551
4286
11551
54316
1040
4286
11551
54316
131434
54316
1040
54316
131434
54316
13030
4286
1040
4286
11551
4286
11551
54316
137637
4286
11551
54316
131434
54316
134275
54316
1040
4286
11551
54316
13030
115802
137637
4286
11551
4286
11551
54316
33114
4286
11551
54316
137637
54316
137353
54316
34848
4286
11551
4286
11551
54316
137637
4286
1040
4286
11551
4286
11551
132285
224459
132285
150066
4286
11551
4286
11551
4286
11551
4286
11551
4286
11551
4286
11551
15000
131434
94533
47290
115802
13030
4286
1040
109123
230483
4286
11551
4286
1040
4286
11551
4286
11551
132285
1040
132285
130433
171740
250001
4286
11551
110004
134628
4286
11551
4286
11551
4286
1040
15000
14984
4286
11551
4286
11551
132285
21928
132285
175575
4286
11551
110004
70462
4286
11551
4286
11551
4286
11551
132285
21928
132285
187034
4286
11551
108695
1040
158462
1040
4286
1040
4286
1040
124006
1040
159620
1040
94533
1040
20847
1040
214198
1040
36364
1040
4286
1040
4286
1040
4286
1040
158462
13030
4286
1040
142801
1040
214198
13030
159355
1040
169001
1040
4286
11551
4286
1040
4286
1040
214198
1040
4286
1040
214198
1040
214198
1040
214198
13030
4286
1040
115058
1040
54316
1040
4286
1040
4286
1040
133015
1040
4286
1040
214198
1040
169001
1040
214198
1040
4286
1040
4286
1040
119973
1040
108695
142782
4286
11551
4286
11551
108695
137637
108695
176336
94533
104616
20847
151988
108695
153059
36364
104616
4286
11551
4286
11551
4286
11551
108695
1040
4286
11551
108695
131434
108695
1040
108695
131434
108695
13030
4286
1040
4286
11551
4286
11551
108695
153419
4286
11551
108695
131434
108695
134275
108695
1040
4286
11551
108695
13030
54316
150066
4286
11551
4286
11551
108695
33114
4286
11551
108695
150929
108695
137353
108695
34848
4286
11551
4286
11551
108695
150929
4286
11551
4286
11551
124006
137637
158462
142782
94533
104616
20847
142782
158462
142782
36364
104616
4286
11551
4286
11551
4286
11551
169791
1040
4286
11551
142801
131434
158462
1040
158462
131434
158462
13030
4286
1040
4286
11551
4286
11551
158462
142782
4286
11551
158462
131434
158462
134275
158462
1040
4286
11551
115058
13030
54316
142782
4286
11551
4286
11551
133015
33114
4286
11551
158462
142782
158462
137353
158462
34848
4286
11551
4286
11551
119973
142782
159866
150066
4286
11551
4286
11551
4286
11551
4286
11551
4286
11551
4286
11551
15000
131434
94533
47290
115802
13030
4286
1040
109123
224459
4286
11551
4286
1040
4286
11551
4286
11551
211209
1040
220382
130433
132285
224459
4286
11551
110004
134628
4286
11551
4286
11551
4286
1040
15000
14984
4286
11551
4286
11551
159355
21928
159866
175575
4286
11551
110004
70462
4286
11551
4286
11551
4286
11551
133560
21928
159866
187034
4286
11551
4286
11551
4286
11551
4286
11551
4286
11551
4286
11551
4286
11551
15000
131434
94533
47290
115802
13030
4286
1040
109123
150066
4286
11551
4286
1040
4286
11551
4286
11551
159866
1040
159866
130433
132285
150066
4286
11551
110004
134628
4286
11551
4286
11551
4286
1040
15000
14984
4286
11551
4286
11551
159355
21928
170575
150066
4286
11551
110004
70462
4286
11551
4286
11551
4286
11551
133560
21928
185291
150066
4286
11551
124006
137637
94533
104616
20847
137637
124006
137637
36364
104616
4286
11551
4286
11551
4286
11551
124006
1040
4286
11551
124006
131434
124006
1040
124006
131434
124006
13030
4286
1040
4286
11551
4286
11551
124006
137637
4286
11551
124006
131434
124006
134275
124006
1040
4286
11551
115058
13030
54316
137637
4286
11551
4286
11551
124006
33114
4286
11551
124006
137637
124006
137353
124006
34848
4286
11551
4286
11551
119973
137637
94533
104616
20847
151988
159620
153059
36364
104616
4286
11551
4286
11551
4286
11551
158462
1040
4286
11551
142801
131434
159620
1040
159355
131434
159620
13030
4286
1040
4286
11551
4286
11551
159620
153419
4286
11551
159620
131434
159620
134275
159620
1040
4286
11551
115058
13030
54316
150066
4286
11551
4286
11551
133015
33114
4286
11551
159620
150929
159620
137353
159620
34848
4286
11551
4286
11551
119973
150929
20847
104616
94533
104616
36364
140287
4286
11551
4286
11551
4286
11551
94533
1040
4286
11551
94533
104616
94533
1040
94533
104616
94533
13030
4286
1040
4286
11551
4286
11551
94533
104616
4286
11551
94533
104616
94533
104616
94533
1040
4286
11551
94533
13030
54316
104616
4286
11551
4286
11551
94533
33114
4286
11551
94533
104616
94533
104616
94533
34848
4286
11551
4286
11551
94533
104616
20847
151988
20847
104616
4286
11551
4286
11551
4286
11551
20847
1040
4286
11551
20847
131434
20847
1040
20847
131434
20847
13030
4286
1040
4286
11551
4286
11551
20847
151988
4286
11551
20847
131434
20847
134275
20847
1040
4286
11551
20847
13030
20847
150066
4286
11551
4286
11551
20847
33114
4286
11551
20847
150929
20847
137353
20847
34848
4286
11551
4286
11551
20847
150929
36364
104616
4286
11551
4286
11551
4286
11551
158462
1040
4286
11551
142801
131434
219802
1040
159355
131434
169001
13030
4286
1040
4286
11551
4286
11551
219802
153059
4286
11551
216970
131434
219802
134275
219802
1040
4286
11551
115058
13030
54316
150066
4286
11551
4286
11551
133015
33114
4286
11551
216929
150929
169001
137353
219802
34848
4286
11551
4286
11551
119973
150929
4286
11551
4286
11551
4286
11551
36364
1040
4286
11551
36364
104616
36364
1040
36364
104616
36364
13030
4286
1040
4286
11551
4286
11551
36364
104616
4286
11551
36364
104616
36364
104616
36364
1040
4286
11551
36364
13030
36364
104616
4286
11551
4286
11551
36364
33114
4286
11551
36364
104616
36364
104616
36364
34848
4286
11551
4286
11551
36364
104616
15000
47290
15000
13030
4286
1040
15000
131434
4286
11551
4286
1040
4286
11551
4286
11551
15000
1040
15000
130433
15000
131434
4286
11551
15000
131434
4286
11551
4286
11551
4286
1040
43562
14984
4286
11551
4286
11551
15000
21928
15000
131434
4286
11551
15000
70462
4286
11551
4286
11551
4286
11551
15000
21928
15000
131434
4286
11551
94533
13030
4286
1040
94533
47290
4286
11551
4286
1040
4286
11551
4286
11551
94533
1040
94533
47290
94533
47290
4286
11551
94533
47290
4286
11551
4286
11551
4286
1040
15000
14984
4286
11551
4286
11551
94533
21928
94533
47290
4286
11551
94533
47290
4286
11551
4286
11551
4286
11551
94533
21928
94533
47290
4286
11551
4286
1040
109123
13030
4286
11551
4286
1040
4286
11551
4286
11551
115802
1040
115802
13030
115802
13030
4286
11551
110004
13030
4286
11551
4286
11551
4286
1040
15000
13030
4286
11551
4286
11551
115802
13030
115802
13030
4286
11551
110004
13030
4286
11551
4286
11551
4286
11551
115802
13030
115802
13030
4286
11551
4286
1040
142801
1040
158462
146102
158462
1040
158462
1040
4286
11551
4286
1040
4286
1040
158462
1040
4286
1040
158462
1040
158462
1040
158462
146102
4286
1040
115058
1040
54316
1040
4286
1040
4286
1040
133015
1040
4286
1040
158462
1040
158462
1040
158462
1040
4286
1040
4286
1040
119973
1040
4286
11551
4286
1040
4286
11551
4286
11551
109123
1040
109123
130433
109123
230483
4286
11551
109123
134628
4286
11551
4286
11551
4286
1040
15000
14984
4286
11551
4286
11551
109123
21928
109123
175575
4286
11551
109123
70462
4286
11551
4286
11551
4286
11551
109123
21928
109123
187034
4286
11551
142801
1040
142801
134275
142801
13030
4286
1040
4286
11551
4286
11551
142801
131434
4286
11551
142801
132170
142801
131434
142801
1040
4286
11551
115058
13030
54316
131434
4286
11551
4286
11551
133015
33114
4286
11551
142801
131434
142801
131434
142801
34848
4286
11551
4286
11551
119973
131434
159355
1040
169001
1040
4286
11551
4286
1040
4286
1040
232285
1040
4286
1040
216970
1040
237247
1040
220382
175534
4286
1040
115058
1040
54316
1040
4286
1040
4286
1040
133015
1040
4286
1040
216929
1040
169001
1040
237247
1040
4286
1040
4286
1040
119973
1040
159355
13030
4286
1040
4286
11551
4286
11551
159355
131434
4286
11551
159355
132170
159355
131434
159355
1040
4286
11551
115058
13030
54316
131434
4286
11551
4286
11551
133015
33114
4286
11551
159355
131434
159355
131434
159355
34848
4286
11551
4286
11551
119973
131434
4286
1040
4286
11551
4286
11551
169001
13030
4286
11551
169001
13030
169001
13030
169001
1040
4286
11551
115058
149916
54316
13030
4286
11551
4286
11551
133015
13030
4286
11551
169001
13030
169008
13030
169001
13030
4286
11551
4286
11551
119973
13030
211209
1040
132285
1040
4286
1040
110004
1040
4286
1040
4286
1040
4286
11551
15000
1040
4286
1040
4286
1040
159355
1040
159866
1040
4286
1040
110004
1040
4286
1040
4286
1040
4286
1040
133560
1040
159866
1040
4286
1040
132285
130433
4286
11551
110004
130433
4286
11551
4286
11551
4286
1040
15000
14984
4286
11551
4286
11551
159355
21928
159866
130433
4286
11551
110004
70462
4286
11551
4286
11551
4286
11551
133560
21928
159866
130433
4286
11551
4286
11551
110004
134628
4286
11551
4286
11551
4286
1040
15000
14984
4286
11551
4286
11551
132285
21928
132285
175575
4286
11551
110004
70462
4286
11551
4286
11551
4286
11551
132285
21928
132285
187034
4286
11551
4286
11551
216970
131434
232285
134275
220382
1040
4286
11551
115058
13030
54316
150066
4286
11551
4286
11551
133015
33114
4286
11551
216929
150929
169001
137353
232285
34848
4286
11551
4286
11551
119973
150929
4286
11551
4286
11551
4286
1040
15000
14984
4286
11551
4286
11551
110004
21928
110004
134628
4286
11551
116186
70462
4286
11551
4286
11551
4286
11551
110004
21928
110004
134628
4286
11551
216970
131434
216970
1040
4286
11551
115058
13030
54316
131434
4286
11551
4286
11551
133015
33114
4286
11551
216929
131434
169001
131434
216970
34848
4286
11551
4286
11551
119973
131434
220382
1040
4286
11551
115058
13030
54316
134275
4286
11551
4286
11551
133015
33114
4286
11551
216929
134275
169001
134275
250001
34848
4286
11551
4286
11551
119973
134275
4286
1040
115058
1040
54316
1040
4286
1040
4286
1040
133015
1040
4286
1040
216929
1040
169001
1040
220382
1040
4286
1040
4286
1040
119973
1040
4286
11551
4286
11551
15000
14984
15000
14984
4286
11551
15000
14984
4286
11551
4286
11551
4286
11551
15000
14984
15000
14984
4286
11551
54316
13030
4286
11551
4286
11551
115058
13030
4286
11551
115058
13030
115058
13030
115058
13030
4286
11551
4286
11551
115058
13030
4286
11551
4286
11551
54316
33114
4286
11551
54316
150066
54316
137353
54316
34848
4286
11551
4286
11551
54316
150066
159355
21928
4286
11551
110004
21928
4286
11551
4286
11551
4286
11551
133560
149652
159355
21928
4286
11551
4286
11551
110004
70462
4286
11551
4286
11551
4286
11551
133560
21928
170575
175575
4286
11551
4286
11551
133015
33114
4286
11551
133015
33114
4286
11551
133015
33114
4286
11551
4286
11551
110004
21928
4286
11551
110004
70462
119973
33114
4286
11551
169001
137353
216929
34848
4286
11551
4286
11551
119973
163576
169001
34848
4286
11551
4286
11551
119973
137353
4286
11551
4286
11551
119973
34848
133560
21928
4286
11551
4286
11551
