34116
101781
45732
101781
81844
39592
34116
101781
34116
98601
34116
101781
34116
101781
34116
101781
34116
38715
32960
101781
34116
101781
32960
101781
34116
86416
34116
65300
45732
101781
34116
65300
81844
65300
81844
39592
81844
101781
81844
101781
34116
101781
34116
11577
45732
39592
36938
101781
81844
101781
34116
11577
81844
23622
34116
101781
34116
191267
34116
101781
34116
101781
81844
38715
81844
90903
81844
101781
81844
101781
81844
23622
34116
101781
34116
121888
34116
39592
35864
121888
76822
98601
154865
196258
34120
121888
34120
121888
154448
38715
32960
196258
154865
121888
32960
121888
249154
86416
153609
65300
34116
165742
207225
65300
34116
65300
34116
39592
34116
121888
34116
121888
249154
165742
249154
11577
34116
39592
34116
121888
34116
121888
154865
11577
34116
23622
34120
121888
34120
101781
207225
169737
154865
196258
34116
38715
34116
90903
34116
121888
34116
121888
34116
23622
35217
196258
45732
39592
34116
165742
34116
98601
34116
121888
34116
167253
34116
222578
34116
38715
32960
121888
34116
192028
32960
195131
34116
86416
34116
65300
49339
121888
34116
65300
45732
65300
45732
39592
45732
195131
45732
222578
34116
121888
34116
11577
48822
39592
36938
222578
45732
165787
34116
11577
45732
23622
34116
179991
34116
101781
34116
121888
34116
121888
45732
38715
45732
90903
45732
169737
45732
222578
45732
23622
34116
121888
34116
39592
34116
39592
34116
39592
34116
39592
34116
39592
34116
38715
32960
39592
34116
39592
32960
39592
34116
39592
34116
39592
45732
39592
34116
39592
153609
39592
154865
101781
153609
39592
154448
39592
34116
39592
34116
11577
45732
222578
36938
39592
157402
39592
34116
11577
203533
23622
34116
39592
34116
39592
34116
39592
34116
39592
203533
38715
154865
39592
154428
39592
154026
39592
154865
23622
34116
39592
35864
98601
35864
121888
34120
165742
34120
165742
35864
38715
32960
121888
35864
165742
32960
165742
35864
86416
35864
65300
34116
121888
35864
65300
34116
65300
34116
39592
34116
165742
34116
165742
35864
121888
35864
11577
34116
39592
34116
165742
34116
165742
35864
11577
34116
23622
34120
165742
34120
101781
35864
121888
35864
121888
34116
38715
34116
90903
34116
165742
34116
165742
34116
23622
35217
121888
76822
98601
34120
98601
34120
98601
76822
38715
32960
98601
76822
98601
32960
98601
76822
86416
76822
65300
34116
98601
76822
65300
34116
65300
34116
39592
34116
98601
34116
98601
76822
98601
76822
11577
34116
39592
34116
98601
34116
98601
76822
11577
34116
23622
34120
98601
34120
98601
76822
98601
76822
98601
34116
38715
34116
90903
34116
98601
34116
98601
34116
23622
35217
98601
34120
121888
34120
121888
154448
38715
32960
208900
250001
121888
32960
121888
154865
86416
153609
65300
34116
165742
154865
65300
34116
65300
34116
39592
34116
121888
34116
121888
154865
165742
154865
11577
34116
39592
34116
121888
34116
121888
157402
11577
34116
23622
34120
121888
34120
101781
154865
169737
205122
250001
34116
38715
34116
90903
34116
121888
34116
121888
34116
23622
35217
208900
34602
167253
34120
38715
32960
121888
34120
167253
32960
167253
34120
86416
34120
65300
34116
121888
34120
65300
34116
65300
34116
39592
34116
167253
34116
167253
34120
121888
34120
11577
34116
39592
34116
167253
34116
165787
34120
11577
34116
23622
45732
167253
34602
101781
34120
121888
34120
121888
34116
38715
34116
90903
34116
167253
34116
167253
34116
23622
34120
121888
34120
38715
32960
121888
34120
192028
32960
195131
34120
86416
34120
65300
34116
121888
34120
65300
34116
65300
34116
39592
34116
195131
34116
227302
34120
121888
34120
11577
34116
39592
34116
227302
34116
165787
34120
11577
34116
23622
34602
179991
129965
101781
34120
121888
34120
121888
34116
38715
34116
90903
34116
169737
34116
227302
34116
23622
34120
121888
32960
38715
154448
38715
32960
38715
154448
38715
153609
38715
34116
38715
154448
38715
34116
38715
34116
38715
34116
38715
34116
38715
154448
38715
154448
11577
34116
38715
34116
38715
34116
38715
154448
11577
34116
23622
34120
38715
34120
38715
154448
38715
154448
38715
34116
97113
34116
38715
34116
38715
34116
38715
34116
23622
35217
38715
32960
121888
34120
121888
32960
86416
32960
65300
32960
165742
32960
65300
32960
65300
32960
39592
32960
121888
32960
121888
32960
165742
32960
11577
32960
39592
32960
121888
32960
121888
32960
11577
32960
23622
32960
121888
32960
101781
32960
169737
32960
208900
32960
38715
32960
90903
32960
121888
32960
121888
32960
23622
32960
210124
32960
192028
154865
86416
153609
65300
34116
121888
154865
65300
34116
65300
34116
39592
34116
192028
34116
192028
154865
121888
154865
11577
34116
39592
34116
192028
34116
165787
157402
11577
34116
23622
34120
179991
34120
101781
154865
121888
205122
121888
34116
38715
34116
90903
34116
169737
34116
192028
34116
23622
35217
121888
32960
86416
32960
65300
32960
121888
32960
65300
32960
65300
32960
39592
32960
195926
32960
195131
32960
121888
32960
11577
32960
39592
32960
195131
32960
165787
32960
11577
32960
23622
32960
179991
32960
101781
32960
121888
32960
121888
32960
38715
32960
90903
32960
169737
32960
195131
32960
23622
32960
121888
153609
65300
34116
86416
207225
65300
34116
65300
34116
39592
34116
86416
34116
86416
250001
86416
250001
11577
34116
39592
34116
86416
34116
86416
154865
11577
34116
23622
34120
86416
34120
86416
207225
86416
154865
86416
34116
38715
34116
86416
34116
86416
34116
86416
34116
23622
35217
86416
34116
65300
153609
121888
34116
180016
34116
39592
34116
65300
34116
65300
153609
65300
153609
11577
34116
39592
34116
65300
34116
65300
153609
11577
34116
23622
34120
65300
34120
65300
153609
65300
153609
65300
34116
38715
34116
65300
34116
65300
34116
65300
34116
23622
35217
65300
34116
65300
45732
65300
45732
39592
45732
121888
45732
121888
34116
191603
34116
11577
48822
39592
36938
121888
45732
121888
34116
11577
45732
23622
34116
121888
34116
101781
34116
165742
34116
165742
45732
38715
45732
90903
45732
121888
45732
121888
45732
23622
34116
165742
34116
121888
34116
39592
34116
65300
34116
65300
207225
65300
207225
11577
34116
39592
34116
65300
34116
65300
154865
11577
34116
23622
34120
65300
34120
65300
250001
65300
154865
65300
34116
38715
34116
65300
34116
65300
34116
65300
34116
23622
35217
65300
153609
39592
250001
65300
153609
65300
34116
65300
34116
11577
45732
39592
36938
65300
153609
65300
34116
11577
153609
23622
34116
65300
34116
65300
34116
65300
34116
65300
153609
38715
153609
65300
153609
65300
153609
65300
153609
23622
34116
65300
153609
39592
154448
39592
34116
39592
34116
11577
45732
101781
36938
39592
154865
39592
34116
11577
154865
23622
34116
39592
34116
39592
34116
39592
34116
39592
154865
38715
226214
39592
154428
39592
154026
39592
167500
23622
34116
39592
153609
195131
34116
121888
34116
11577
45732
39592
36938
195131
153609
165787
34116
11577
153609
23622
34116
179991
34116
101781
34116
121888
34116
121888
153609
38715
153609
90903
153609
169737
153609
195131
153609
23622
34116
121888
34116
121888
34116
11577
45732
39592
36938
250001
154448
165787
34116
11577
154448
23622
34116
179991
34116
101781
34116
121888
34116
121888
154448
38715
154448
90903
154428
169737
154026
250001
154448
23622
34116
121888
250001
11577
34116
39592
34116
121888
34116
121888
154865
11577
34116
23622
34120
121888
34120
101781
207225
165742
154865
165742
34116
38715
34116
90903
34116
121888
34116
121888
34116
23622
35217
165742
34116
11577
34116
11577
34116
11577
154865
86416
34116
11577
34120
11577
34120
11577
207225
11577
154865
11577
34116
11577
34116
11577
34116
11577
34116
11577
34116
11577
35217
11577
36938
39592
45732
39592
34116
11577
45732
23622
34116
39592
34116
39592
34116
39592
34116
39592
45732
38715
45732
39592
45732
39592
45732
39592
45732
23622
34116
39592
36938
165787
34116
11577
36938
23622
34116
179991
34116
101781
34116
121888
34116
121888
36938
38715
36938
90903
36938
169737
36938
250001
36938
23622
34116
121888
34116
11577
157402
23622
34116
165787
34116
101781
34116
121888
34116
121888
157402
38715
154865
90903
154428
165787
154026
165787
154865
23622
34116
121888
34116
11577
34120
11577
34120
11577
154865
11577
157402
11577
34116
11577
34116
11577
34116
11577
34116
11577
34116
11577
35217
11577
34116
23622
34116
23622
34116
23622
34116
23622
211138
23622
154865
23622
154428
23622
154026
23622
154865
39592
34116
23622
34602
101781
34120
121888
34120
121888
34116
38715
34116
90903
34116
169737
34116
179991
34116
23622
34120
121888
34120
101781
34120
101781
34116
38715
34116
90903
34116
101781
34116
101781
34116
23622
34120
101781
154865
169737
34116
38715
34116
90903
34116
121888
34116
121888
34116
23622
35217
169737
34116
38715
34116
90903
34116
121888
34116
121888
34116
23622
35217
208900
154865
38715
154428
38715
154026
38715
154865
23622
34116
38715
154428
90903
154026
90903
167500
23622
34116
90903
154026
169737
154428
23622
34116
121888
154026
23622
34116
121888
34116
23622
