29399
90746
29399
2651
31032
12815
32027
12815
31032
12815
31032
12815
31032
12815
26948
2651
31032
55121
29399
2651
32027
12815
31032
12815
32027
12038
26948
2651
26948
2651
31032
72033
26948
2651
31209
17400
26948
2651
31032
12815
32027
12815
26948
2651
7660
12815
31032
12815
29399
61256
5078
55121
31032
12815
5078
72033
32027
55121
7660
12038
31032
36051
31032
12815
29399
12815
31032
12815
30355
2651
29399
12815
29399
12815
29399
12815
29399
12815
29399
12815
26948
2651
29399
55121
30355
2651
29399
12815
29399
12815
29399
12038
26948
2651
26948
2651
29399
72033
26948
2651
29399
17400
26948
2651
29399
12815
29399
12815
26948
2651
7660
12815
29399
12815
53111
61256
5078
55121
29399
12815
5078
72033
29399
55121
7660
12038
29399
36051
29399
12815
31032
12815
29399
12815
29399
2651
29399
2651
29399
2651
29399
2651
29399
2651
26948
27595
29399
2651
30829
44670
29399
2651
29399
2651
29399
2651
26948
27595
26948
27595
29399
2651
26948
12815
29399
2651
26948
27595
29399
2651
29399
2651
26948
12815
7660
2651
29399
2651
30355
2651
5078
2651
29399
2651
5078
2651
29399
2651
7660
2651
29399
2651
29399
2651
30355
2651
29399
2651
31032
13351
77196
25306
84832
28254
73329
13351
26948
2651
75311
12815
29399
2651
31032
112378
64856
72626
31032
12038
26948
2651
26948
2651
32027
12815
26948
2651
31032
12815
26948
2651
32027
91002
31032
13351
26948
2651
7660
13351
33871
13351
29399
12815
5078
12815
88573
90977
5078
12815
31032
12815
7660
12038
32027
12815
33871
13351
29399
13351
37242
111505
31032
13351
31032
13351
31032
13379
26948
2651
31032
12815
29399
2651
35850
13351
31032
13351
75678
12038
26948
2651
26948
2651
31032
12815
26948
2651
31209
12815
26948
2651
31032
13351
73329
13379
26948
2651
7660
28254
31032
13379
29399
12815
5078
12815
31032
13351
5078
12815
35850
12815
7660
12038
31032
12815
31032
13379
29399
13379
31032
13351
77196
25306
73329
13351
26948
2651
75311
12815
29399
2651
31032
25306
64856
25306
31032
12038
26948
2651
26948
2651
32027
12815
26948
2651
31032
12815
26948
2651
32027
25306
31032
13351
26948
2651
7660
13351
33871
13351
29399
12815
5078
12815
77196
25306
5078
12815
31032
12815
7660
12038
32027
12815
33871
13351
29399
13351
37242
25306
73329
13351
26948
2651
75311
12815
29399
2651
31032
28254
64856
28254
31032
12038
26948
2651
26948
2651
32027
12815
26948
2651
31032
12815
26948
2651
32027
28254
31032
13351
26948
2651
7660
13351
33871
13351
29399
12815
5078
12815
84832
28254
5078
12815
31032
12815
7660
12038
32027
12815
33871
13351
29399
13351
37242
28254
26948
2651
73329
12815
29399
2651
31032
13351
64856
13351
31032
12038
26948
2651
26948
2651
32027
12815
26948
2651
31032
12815
26948
2651
32027
13351
31032
37829
26948
2651
7660
13379
33871
32297
29399
12815
5078
12815
73329
13351
5078
12815
31032
12815
7660
12038
32027
12815
33871
32297
29399
37829
37242
13351
26948
2651
26948
27595
26948
2651
26948
2651
26948
2651
30829
55525
30355
64427
26948
2651
29399
12815
26948
2651
72465
55525
26948
2651
26948
2651
72465
12815
7660
2651
26948
2651
26948
2651
5078
2651
26948
2651
5078
2651
26948
2651
7660
2651
26948
2651
26948
2651
26948
2651
26948
2651
29399
2651
31032
12815
64856
12815
31032
12038
26948
2651
26948
2651
32027
55121
26948
2651
31032
17400
26948
2651
32027
12815
31032
12815
26948
2651
7660
12815
33871
12815
29399
55121
5078
90390
75311
12815
5078
55121
31032
90390
7660
12038
32027
36051
33871
12815
29399
12815
37242
12815
29399
2651
29399
2651
29399
2651
26948
27595
26948
27595
29399
2651
26948
12815
29399
2651
26948
27595
29399
2651
29399
2651
26948
12815
7660
2651
29399
2651
30355
2651
5078
2651
29399
2651
5078
2651
29399
2651
7660
2651
29399
2651
29399
2651
30355
2651
29399
2651
31032
72626
35850
12038
26948
2651
26948
2651
31032
12815
26948
2651
31209
12815
26948
2651
31032
91002
35850
13351
26948
2651
7660
13351
31032
13351
29399
12815
5078
12815
31032
90977
5078
12815
37242
12815
7660
12038
31032
12815
31032
13351
29399
13351
31032
111505
31032
12038
26948
2651
26948
2651
32027
12815
26948
2651
31032
12815
26948
2651
32027
72626
31032
13351
26948
2651
7660
13351
33871
13351
29399
12815
5078
12815
64856
72626
5078
12815
31032
12815
7660
12038
32027
12815
33871
13351
29399
13351
37242
72626
26948
2651
26948
2651
31032
12038
26948
2651
31209
12038
26948
2651
31032
12038
73329
12038
26948
2651
7660
12038
31032
12038
29399
12038
5078
12038
31032
12038
5078
12038
35850
12038
7660
94499
31032
12038
31032
12038
29399
12038
31032
12038
30355
55525
26948
2651
29399
12815
26948
2651
30829
72626
26948
2651
26948
2651
30829
12815
7660
2651
26948
2651
26948
2651
5078
2651
26948
2651
5078
2651
26948
2651
7660
2651
26948
2651
26948
2651
26948
2651
26948
2651
26948
2651
29399
12815
26948
2651
30355
55525
26948
2651
26948
2651
30355
12815
7660
2651
26948
2651
26948
2651
5078
2651
26948
2651
5078
2651
26948
2651
7660
2651
26948
2651
26948
2651
26948
2651
26948
2651
26948
2651
31032
17400
26948
2651
33829
12815
31032
12815
26948
2651
7660
12815
32027
12815
29399
61256
5078
55121
32027
12815
5078
91002
31032
55121
7660
12038
35850
36051
32027
12815
29399
12815
32027
12815
26948
2651
29399
12815
26948
2651
26948
2651
29399
13379
7660
2651
26948
2651
26948
2651
5078
2651
26948
2651
5078
2651
26948
2651
7660
2651
26948
2651
26948
2651
26948
2651
26948
2651
26948
2651
31032
12815
31209
12815
26948
2651
7660
12815
31032
12815
29399
17400
5078
17400
31032
12815
5078
17400
31209
17400
7660
12038
31032
17400
31032
12815
29399
12815
31032
12815
26948
2651
26948
2651
78809
12815
7660
2651
26948
2651
26948
2651
5078
2651
26948
2651
5078
2651
26948
2651
7660
2651
26948
2651
26948
2651
26948
2651
26948
2651
31032
13351
26948
2651
7660
13351
32027
13351
29399
12815
5078
12815
32027
90977
5078
12815
31032
12815
7660
12038
33829
12815
32027
13351
29399
13351
32027
91002
26948
2651
7660
13379
31032
32297
29399
12815
5078
12815
31032
13351
5078
12815
35850
12815
7660
12038
31032
12815
31032
32297
29399
85997
31032
13351
7660
2651
26948
2651
26948
2651
5078
2651
26948
2651
5078
2651
26948
2651
7660
2651
26948
2651
26948
2651
26948
2651
26948
2651
7660
13379
7660
12815
5078
12815
7660
13351
5078
12815
7660
12815
30829
12038
7660
12815
7660
13379
7660
13379
7660
13351
29399
12815
5078
12815
33871
13351
5078
12815
31032
12815
7660
12038
32027
12815
75311
111505
29399
32297
33871
13351
5078
55121
29399
12815
5078
61256
29399
55121
7660
12038
29399
36051
29399
12815
31032
12815
29399
12815
5078
12815
79018
55121
5078
91002
5078
12038
5078
36051
5078
12815
5078
12815
5078
12815
5078
12815
31032
12815
7660
12038
32027
12815
33871
13351
29399
13351
37242
90977
5078
55121
5078
12038
5078
36051
5078
12815
5078
12815
5078
12815
7660
12038
31032
36051
31032
12815
29399
12815
31032
12815
7660
12038
7660
12038
7660
12038
7660
12038
32027
12815
29399
12815
32027
12815
29399
32297
33871
13351
29399
13351
