250001
22388
250001
22388
33742
22388
250001
22388
250001
189256
238858
22388
41676
22388
250001
189256
250001
22388
250001
22388
85985
22388
250001
189256
184958
22388
250001
189256
142588
22388
50060
189256
250001
22388
200697
22388
41676
22388
250001
184680
250001
22388
70405
189256
66556
22388
238858
189256
223336
189256
70405
189256
50060
22388
250001
22388
128326
22388
250001
119871
33742
22388
128326
22388
250001
22388
250001
93239
250001
250001
33742
120910
250001
250001
250001
22388
238858
250001
41676
93239
250001
22388
250001
173836
250001
48556
85985
93239
250001
22388
184958
189256
250001
22388
142588
184680
50060
22388
250001
119871
200697
250001
41676
250001
250001
22388
250001
93239
70405
22388
66556
93239
238858
22388
223336
22388
70405
22388
50060
138361
250001
250001
128326
48556
250001
22388
33742
189256
128326
250001
250001
250001
250001
22388
33742
120910
250001
250001
250001
22388
238858
250001
41676
93239
250001
22388
250001
173836
250001
48556
85985
93239
250001
22388
184958
189256
250001
22388
142588
184680
50060
22388
250001
119871
200697
250001
41676
250001
250001
22388
250001
93239
70405
22388
66556
93239
238858
22388
223336
22388
70405
22388
50060
138361
250001
250001
128326
48556
250001
22388
33742
189256
128326
250001
250001
250001
250001
22388
33742
120910
33742
22388
33742
120910
33742
93239
33742
22388
33742
120910
33742
48556
33742
93239
33742
22388
33742
120910
33742
22388
33742
120910
33742
22388
33742
119871
33742
120910
33742
120910
33742
22388
33742
93239
33742
22388
33742
93239
33742
22388
33742
22388
33742
22388
33742
120910
33742
120910
33742
48556
33742
22388
41676
120910
33742
120910
33742
120910
33742
22388
250001
22388
238858
250001
41676
93239
250001
22388
250001
173836
250001
48556
85985
93239
250001
22388
184958
189256
250001
22388
142588
184680
50060
22388
250001
119871
200697
250001
41676
250001
250001
22388
250001
93239
70405
22388
66556
93239
238858
22388
223336
22388
70405
22388
50060
138361
250001
250001
128326
48556
250001
22388
33742
189256
128326
250001
250001
250001
250001
22388
238858
22388
41676
22388
250001
196336
250001
22388
250001
22388
85985
22388
250001
250001
184958
22388
250001
250001
142588
22388
50060
250001
250001
22388
200697
22388
41676
22388
250001
184680
250001
22388
70405
250001
66556
22388
238858
250001
223336
250001
70405
250001
50060
22388
250001
22388
128326
22388
250001
119871
33742
22388
128326
22388
250001
22388
250001
93239
41676
93239
238858
22388
238858
173836
238858
48556
85985
93239
238858
22388
184958
189256
238858
22388
142588
184680
50060
22388
238858
119871
200697
250001
41676
250001
238858
22388
238858
93239
70405
22388
66556
93239
250001
22388
223336
22388
70405
22388
50060
138361
238858
250001
128326
48556
238858
22388
33742
189256
128326
250001
238858
250001
238858
22388
41676
22388
41676
93239
41676
48556
41676
250001
41676
22388
41676
93239
41676
22388
41676
93239
41676
22388
41676
93239
41676
93239
168026
93239
41676
22388
41676
174046
41676
22388
41676
174046
41676
22388
41676
22388
41676
22388
41676
93239
41676
93239
41676
48556
41676
22388
33742
93239
41676
93239
41676
93239
41676
22388
250001
22388
250001
22388
85985
22388
250001
196336
184958
22388
250001
196336
142588
22388
50060
196336
250001
22388
200697
22388
41676
22388
250001
184680
250001
22388
70405
196336
66556
22388
238858
196336
223336
196336
70405
196336
50060
22388
250001
22388
128326
22388
250001
119871
33742
22388
128326
22388
250001
22388
250001
93239
250001
48556
85985
93239
250001
22388
184958
173836
250001
22388
142588
173836
50060
22388
250001
119871
200697
173836
41676
173836
250001
22388
250001
93239
70405
22388
66556
93239
238858
22388
223336
22388
70405
22388
50060
138361
250001
173836
128326
48556
250001
22388
33742
173836
128326
173836
250001
173836
250001
22388
85985
48556
250001
22388
184958
48556
250001
22388
142588
48556
50060
22388
250001
48556
200697
48556
41676
48556
250001
22388
250001
48556
70405
22388
66556
48556
238858
22388
223336
22388
70405
22388
50060
48556
250001
48556
128326
250001
250001
22388
33742
48556
128326
48556
250001
48556
250001
22388
85985
22388
85985
93239
85985
22388
85985
93239
50060
22388
85985
93239
85985
93239
41676
93239
85985
22388
85985
174046
70405
22388
66556
174046
85985
22388
85985
22388
70405
22388
50060
93239
85985
93239
85985
48556
85985
22388
33742
93239
85985
93239
85985
93239
85985
22388
184958
22388
250001
250001
142588
22388
50060
250001
250001
22388
200697
22388
41676
22388
250001
184680
250001
22388
70405
250001
66556
22388
238858
250001
223336
250001
70405
250001
50060
22388
250001
22388
128326
22388
250001
119871
33742
22388
128326
22388
250001
22388
250001
93239
184958
22388
142588
184680
50060
22388
184958
119871
184958
189256
41676
189256
184958
22388
184958
93239
70405
22388
66556
93239
184958
22388
184958
22388
70405
22388
50060
138361
184958
189256
128326
48556
184958
22388
33742
250001
128326
189256
184958
189256
184958
22388
142588
22388
50060
250001
250001
22388
200697
22388
41676
22388
250001
184680
250001
22388
70405
250001
66556
22388
238858
250001
223336
250001
70405
250001
50060
22388
250001
22388
128326
22388
250001
119871
33742
22388
128326
22388
250001
22388
250001
93239
50060
22388
142588
119871
142588
184680
41676
184680
142588
22388
142588
93239
70405
22388
66556
93239
142588
22388
142588
22388
70405
22388
50060
138361
142588
184680
128326
48556
142588
22388
33742
184680
128326
184680
142588
184680
142588
22388
50060
22388
50060
22388
41676
22388
50060
184680
50060
22388
50060
250001
50060
22388
50060
250001
50060
250001
50060
250001
55345
22388
50060
22388
50060
22388
50060
119871
33742
22388
50060
22388
50060
22388
50060
93239
200697
119871
41676
119871
250001
22388
250001
93239
70405
22388
66556
93239
238858
22388
223336
22388
70405
22388
50060
119871
250001
119871
128326
48556
250001
22388
33742
119871
128326
119871
250001
119871
250001
22388
41676
250001
200697
22388
200697
93239
70405
22388
66556
93239
200697
22388
200697
22388
70405
22388
50060
138361
200697
250001
128326
48556
200697
22388
33742
189256
128326
250001
200697
250001
200697
22388
41676
22388
41676
93239
41676
22388
41676
93239
41676
22388
41676
22388
41676
22388
41676
138361
41676
250001
41676
48556
41676
22388
33742
189256
41676
250001
41676
250001
41676
22388
250001
22388
70405
184680
66556
22388
238858
184680
223336
184680
70405
184680
50060
22388
250001
22388
128326
22388
250001
119871
33742
22388
128326
22388
250001
22388
250001
93239
70405
22388
66556
239397
238858
22388
223336
22388
70405
22388
50060
93239
250001
93239
128326
48556
250001
22388
33742
93239
128326
93239
250001
93239
250001
22388
66556
22388
70405
250001
70405
250001
250001
250001
50060
22388
70405
22388
70405
22388
70405
119871
33742
22388
70405
22388
70405
22388
70405
93239
66556
22388
66556
22388
66556
22388
50060
93239
66556
93239
66556
48556
66556
22388
33742
93239
66556
93239
66556
93239
66556
22388
223336
250001
70405
250001
50060
22388
238858
22388
128326
22388
238858
119871
33742
22388
128326
22388
238858
22388
238858
93239
70405
250001
50060
22388
223336
22388
128326
22388
223336
119871
33742
22388
128326
22388
223336
22388
223336
93239
50060
22388
70405
22388
70405
22388
70405
119871
33742
22388
70405
22388
70405
22388
70405
93239
50060
138361
50060
48556
50060
22388
33742
138361
50060
138361
50060
138361
50060
22388
128326
48556
250001
22388
33742
189256
128326
250001
250001
250001
250001
22388
128326
22388
33742
48556
129273
48556
128326
48556
128326
22388
33742
22388
128326
22388
250001
22388
250001
93239
33742
189256
33742
189256
33742
22388
128326
250001
128326
22388
250001
22388
