82843
41336
83709
42719
136964
42719
203354
42719
205239
42719
205239
14710
83709
14721
82843
42719
82843
42719
205239
26633
83709
14721
83709
42719
205239
42719
82843
42719
205239
42719
82843
42719
205239
14721
83709
14721
82843
42719
204829
41336
203518
40034
198914
42719
205239
14721
82843
41336
83709
42719
91412
42719
82922
42719
82843
42719
205239
14721
205239
14710
205239
14721
205239
41336
82843
41336
82843
41336
82843
41336
82843
41336
82843
14710
82843
14721
250001
41336
250001
41336
82843
26633
82843
14721
82843
41336
82843
41336
104902
41336
82843
41336
82922
41336
82843
14721
82843
14721
250001
41336
82843
46549
82843
40034
82843
41336
82843
14721
250001
69058
82843
41336
82843
41336
82843
41336
202076
41336
82843
14721
82843
14710
82843
14721
82843
209942
83709
72408
83709
72408
83709
72408
83709
14710
86937
14721
82843
72408
82843
72408
83709
26633
84203
14721
84203
72408
83709
72408
82843
72408
83709
72408
82843
72408
83709
14721
84203
14721
82843
72408
83709
41336
83709
40034
83709
72408
83709
14721
82843
41336
84203
72408
83709
72408
82922
72408
82843
72408
83709
14721
83709
14710
83709
14721
83709
41336
136964
154973
136964
154973
136964
14710
83709
14721
82843
154973
82843
154973
136964
26633
83709
14721
83709
88218
136964
88218
82843
154973
136964
88218
82843
154973
136964
14721
83709
14721
82843
154973
136964
41336
136964
40034
136964
154973
136964
14721
82843
41336
83709
154973
91412
154973
82922
154973
82843
84580
136964
14721
136964
14710
136964
14721
136964
41336
203354
250001
203354
14710
83709
14721
82843
250001
82843
236816
203354
26633
83709
14721
83709
88218
203354
88218
82843
209942
203354
88218
82843
190598
203354
14721
83709
14721
82843
236782
203354
41336
203354
40034
198914
250001
203354
14721
82843
41336
83709
250001
91412
250001
82922
250001
82843
84580
203354
14721
203354
14710
203354
14721
203354
41336
231403
14710
83709
14721
82843
250001
82843
236816
220497
26633
83709
14721
83709
88218
250001
88218
82843
209942
250001
88218
82843
190598
250001
14721
83709
14721
82843
236782
204829
41336
203518
40034
198914
250001
250001
14721
82843
41336
83709
250001
91412
250001
82922
250001
82843
84580
250001
14721
223365
14710
250001
14721
234533
41336
83709
14710
82843
14710
82843
14710
220497
14710
83709
14710
83709
14710
231403
14710
82843
14710
231403
14710
82843
14710
231403
14710
83709
14710
82843
14710
204829
14710
203518
14710
198914
14710
231403
14710
82843
14710
83709
14710
91412
14710
82922
14710
82843
14710
231403
14710
223365
23521
231403
14710
231403
14710
82843
14721
82843
14721
83709
14721
84203
19548
84203
14721
83709
14721
82843
14721
83709
14721
82843
14721
83709
19548
84203
19548
82843
14721
83709
14721
83709
14721
83709
14721
83709
19548
82843
14721
84203
14721
83709
14721
82922
14721
82843
14721
83709
16112
83709
14710
83709
18237
83709
14721
250001
236816
82843
26633
82843
14721
82843
88218
82843
88218
104902
209942
82843
88218
82922
190598
82843
14721
82843
14721
250001
236782
82843
41336
82843
40034
82843
250001
82843
14721
250001
41336
82843
250001
82843
250001
82843
250001
202076
84580
82843
14721
82843
14710
82843
14721
82843
41336
82843
26633
82843
14721
82843
88218
82843
88218
104902
209942
82843
88218
82922
190598
82843
14721
82843
14721
250001
236782
82843
41336
82843
40034
82843
236816
82843
14721
250001
41336
82843
236816
82843
236816
82843
236816
202076
84580
82843
14721
82843
14710
82843
14721
82843
41336
83709
14721
83709
26633
220497
26633
82843
26633
220497
26633
82843
26633
220497
14721
83709
14721
82843
26633
204829
26633
203518
26633
198914
26633
220497
14721
82843
26633
83709
26633
91412
26633
82922
26633
82843
26633
220497
14721
220497
14710
220497
14721
220497
26633
84492
14721
83709
14721
82843
14721
83709
14721
82843
14721
83709
44867
84492
25142
82843
14721
83709
14721
83709
14721
83709
14721
83709
44867
82843
14721
84492
14721
83709
14721
82922
14721
82843
14721
83709
16112
83709
14710
83709
18237
83709
14721
83709
93644
82843
88218
83709
97134
82843
88218
83709
14721
138898
14721
82843
88218
83709
41336
83709
40034
83709
88218
83709
14721
82843
41336
138898
88218
83709
88218
82922
88218
82843
84580
83709
14721
83709
14710
83709
14721
83709
41336
82843
88218
250001
93644
82843
88218
250001
14721
83709
14721
82843
88218
204829
41336
203518
40034
198914
88218
250001
14721
82843
41336
83709
88218
91412
88218
82922
88218
82843
84580
250001
14721
223365
14710
250001
14721
234533
41336
82843
88218
82922
190598
82843
14721
82843
14721
104902
209942
82843
41336
82843
40034
82843
209942
82843
14721
104902
41336
82843
209942
82843
209942
82843
209942
104902
84580
82843
14721
82843
14710
82843
14721
82843
41336
82843
88218
250001
14721
83709
14721
82843
88218
204829
41336
203518
40034
198914
88218
250001
14721
82843
41336
83709
88218
91412
88218
82922
88218
82843
84580
250001
14721
223365
14710
250001
14721
234533
41336
82843
14721
82843
14721
82922
190598
82843
41336
82843
40034
82843
190598
82843
14721
82922
41336
82843
190598
82843
190598
82843
190598
82922
84580
82843
14721
82843
14710
82843
14721
82843
41336
83709
25142
82843
14721
204829
14721
203518
14721
198914
14721
250001
250001
82843
14721
83709
14721
91412
14721
82922
14721
82843
14721
250001
16112
223365
14710
250001
18237
234533
14721
82843
14721
83709
14721
83709
14721
83709
14721
83709
25142
82843
14721
250001
14721
83709
14721
82922
14721
82843
14721
83709
16112
83709
14710
83709
18237
83709
14721
82843
41336
82843
40034
82843
236782
82843
14721
250001
41336
82843
236782
82843
236782
82843
236782
202076
84580
82843
14721
82843
14710
82843
14721
82843
41336
203518
40034
198914
41336
204829
14721
82843
46549
83709
41336
91412
41336
82922
41336
82843
41336
204829
14721
204829
14710
204829
14721
204829
46549
198914
40034
203518
14721
82843
40034
83709
40034
91412
40034
82922
40034
82843
40034
203518
14721
203518
14710
203518
14721
203518
40034
198914
14721
82843
41336
83709
250001
91412
250001
82922
250001
82843
84580
198914
14721
198914
14710
198914
14721
198914
41336
82843
14721
83709
14721
91412
14721
82922
14721
82843
14721
250001
16112
223365
14710
250001
18237
234533
14721
82843
41336
82843
41336
82843
41336
202076
41336
82843
14721
82843
14710
82843
14721
82843
69058
83709
250001
82922
250001
82843
84580
83709
14721
83709
14710
83709
14721
83709
41336
82922
250001
82843
84580
91412
14721
91412
14710
91412
14721
91412
41336
82843
84580
82922
14721
82922
14710
82922
14721
82922
41336
82843
14721
82843
14710
82843
14721
82843
41336
223365
14710
250001
16112
234533
14721
223365
14710
223365
14710
234533
14721
