116846
34311
116846
35882
116846
35882
151585
35882
46638
35882
116846
34311
116846
35882
116846
35882
116846
35882
116846
35882
116846
35882
116846
35882
46638
35882
85295
35882
85295
35882
116846
35882
116846
35882
116846
35882
116846
35882
85295
35882
116846
35882
116846
35882
116846
35882
116846
87299
116846
35882
116846
35882
116846
34401
46638
35882
116846
35882
116846
35882
116846
35882
46638
35882
46638
35882
116846
35882
116846
34311
250001
34311
250001
34311
116846
34311
46638
34311
250001
35882
250001
34311
250001
34311
250001
34311
250001
34311
250001
34311
250001
34311
46638
34311
85295
34311
85295
34311
250001
34311
151585
34311
250001
34311
250001
34311
85295
34311
250001
34311
250001
34311
250001
34311
250001
34311
184243
34311
247603
34311
247603
34311
46638
34311
250001
34311
250001
34311
250001
34311
46638
34311
46638
34311
247603
34311
250001
38798
250001
36640
116846
38180
46638
38180
250001
34311
250001
207823
250001
221593
250001
38180
250001
95232
250001
250001
250001
37631
46638
86233
85295
38180
85295
79954
250001
38180
151585
48512
250001
36640
250001
36640
85295
38180
250001
250001
250001
38180
250001
212298
250001
35882
184243
38180
247603
98583
247603
34401
46638
86233
250001
207823
250001
221593
250001
207823
46638
38180
46638
36640
247603
228806
250001
34311
116846
36640
46638
36640
250001
34311
250001
36640
250001
36640
250001
36640
250001
36640
250001
36640
250001
36640
46638
36640
85295
36640
85295
36640
250001
36640
151585
36640
250001
77504
250001
56592
85295
36640
250001
36640
250001
36640
250001
36640
250001
35882
184243
36640
247603
36640
247603
34401
46638
36640
250001
36640
250001
36640
250001
36640
46638
36640
46638
56592
247603
36640
250001
34311
46638
42723
116846
34311
116846
38180
116846
38180
116846
42723
116846
38180
116846
38180
116846
37631
46638
38180
85295
42723
85295
38180
116846
42723
116846
38180
116846
36640
116846
36640
85295
42723
116846
38180
116846
42723
116846
38180
116846
35882
116846
42723
116846
38180
116846
34401
46638
38180
116846
38180
116846
38180
116846
38180
46638
42723
46638
36640
116846
38180
116846
34311
46638
34311
46638
38180
46638
38180
46638
45167
46638
38180
46638
38180
46638
37631
215067
38180
46638
45345
46638
38180
46638
45167
46638
38180
46638
36640
46638
36640
46638
45167
46638
38180
46638
45167
46638
38180
46638
35882
46638
45167
46638
38180
46638
34401
85295
38180
46638
38180
46638
38180
46638
38180
222513
45167
222513
36640
46638
38180
46638
34311
250001
34311
250001
34311
250001
34311
250001
34311
250001
34311
250001
34311
46638
34311
85295
34311
85295
34311
250001
34311
151585
34311
250001
34311
250001
34311
85295
34311
250001
34311
250001
34311
250001
34311
250001
34311
184243
34311
247603
34311
247603
34311
46638
34311
250001
34311
250001
34311
250001
34311
46638
34311
46638
34311
247603
34311
250001
35882
250001
207823
250001
38180
250001
95232
250001
207823
250001
37631
46638
86233
85295
38180
85295
79954
250001
38180
151585
48512
250001
36640
250001
36640
85295
38180
250001
207823
250001
38180
250001
207823
250001
35882
184243
38180
247603
98583
247603
34401
46638
86233
250001
250001
250001
207823
250001
250001
46638
38180
46638
36640
247603
207823
250001
34311
250001
38180
250001
95232
250001
221593
250001
37631
46638
86233
85295
38180
85295
79954
250001
38180
151585
48512
250001
36640
250001
36640
85295
38180
250001
221593
250001
38180
250001
212298
250001
35882
184243
38180
247603
98583
247603
34401
46638
86233
250001
207823
250001
245603
250001
207823
46638
38180
46638
36640
247603
221593
250001
34311
250001
38180
250001
38180
250001
37631
46638
38180
85295
45167
85295
38180
250001
99470
151585
38180
250001
36640
250001
36640
85295
250001
250001
38180
250001
207823
250001
38180
250001
35882
184243
207823
247603
38180
247603
34401
46638
38180
250001
38180
250001
38180
250001
38180
46638
104851
46638
36640
247603
38180
250001
34311
250001
95232
250001
37631
46638
86233
85295
38180
85295
79954
250001
38180
151585
48512
250001
36640
250001
36640
85295
38180
250001
95232
250001
38180
250001
95232
250001
35882
184243
38180
247603
95232
247603
34401
46638
86233
250001
95232
250001
95232
250001
95232
46638
38180
46638
36640
247603
95232
250001
34311
250001
37631
46638
86233
85295
38180
85295
79954
250001
38180
151585
48512
250001
36640
250001
36640
85295
38180
250001
250001
250001
38180
250001
212298
250001
35882
184243
38180
247603
98583
247603
34401
46638
86233
250001
207823
250001
221593
250001
207823
46638
38180
46638
36640
247603
228806
250001
34311
46638
37631
85295
37631
85295
37631
250001
37631
151585
37631
250001
36640
250001
36640
85295
37631
250001
37631
250001
37631
250001
37631
250001
35882
184243
37631
247603
37631
247603
34401
46638
37631
250001
37631
250001
37631
250001
37631
46638
37631
46638
36640
247603
37631
250001
34311
46638
38180
46638
79954
46638
38180
46638
48512
46638
36640
46638
36640
46638
38180
46638
86233
46638
38180
46638
86233
46638
35882
46638
38180
46638
86233
46638
34401
85295
98590
46638
86233
46638
86233
46638
86233
215067
38180
215067
36640
46638
86233
46638
34311
250001
38180
85295
45167
85295
38180
85295
36640
85295
36640
193193
45167
85295
38180
85295
45167
85295
38180
85295
35882
85295
45167
85295
38180
85295
34401
46638
38180
85295
38180
85295
38180
85295
38180
46638
45167
46638
36640
85295
38180
85295
34311
85295
38180
85295
48512
85295
36640
85295
36640
193193
38180
85295
79954
85295
38180
85295
79954
85295
35882
85295
38180
85295
79954
85295
34401
46638
79954
85295
79954
85295
79954
85295
79954
46638
38180
46638
36640
85295
79954
85295
34311
151585
38180
250001
36640
250001
36640
85295
99470
250001
38180
250001
99470
250001
38180
250001
35882
184243
99470
247603
38180
247603
34401
46638
38180
250001
38180
250001
38180
250001
38180
46638
99470
46638
36640
247603
38180
250001
34311
151585
36640
151585
36640
85295
38180
151585
48512
151585
38180
151585
48512
151585
35882
151585
38180
151585
48512
151585
34401
46638
48512
151585
48512
151585
48512
151585
48512
46638
38180
46638
36640
151585
48512
151585
34311
250001
56592
85295
36640
250001
36640
250001
36640
250001
36640
250001
35882
184243
36640
247603
36640
247603
34401
46638
36640
250001
36640
250001
36640
250001
36640
46638
36640
46638
56592
247603
36640
250001
34311
85295
36640
250001
36640
250001
36640
250001
36640
250001
35882
184243
36640
247603
36640
247603
34401
46638
36640
250001
36640
250001
36640
250001
36640
46638
36640
46638
250001
247603
36640
250001
34311
85295
38180
85295
207823
85295
38180
85295
35882
85295
207823
85295
38180
85295
34401
46638
38180
85295
38180
85295
38180
85295
38180
46638
104851
46638
36640
85295
38180
85295
34311
250001
38180
250001
212298
250001
35882
184243
38180
247603
98583
247603
34401
46638
86233
250001
207823
250001
221593
250001
207823
46638
38180
46638
36640
247603
228806
250001
34311
250001
38180
250001
35882
184243
212298
247603
38180
247603
34401
46638
38180
250001
38180
250001
38180
250001
38180
46638
104851
46638
36640
247603
38180
250001
34311
250001
35882
184243
38180
247603
98583
247603
34401
46638
86233
250001
207823
250001
212298
250001
207823
46638
38180
46638
36640
247603
212298
250001
34311
184243
35882
247603
35882
247603
34401
46638
35882
250001
35882
250001
35882
250001
35882
46638
35882
46638
35882
247603
35882
250001
34311
184243
38180
184243
34401
46638
38180
184243
38180
184243
38180
184243
38180
46638
104851
46638
36640
184243
38180
184243
34311
250001
34401
46638
86233
247603
98583
247603
98583
247603
98583
46638
38180
46638
36640
250001
98583
247603
34311
46638
34401
247603
34401
247603
34401
247603
34401
46638
34401
46638
34401
250001
34401
247603
34311
46638
86233
46638
86233
46638
86233
85295
38180
85295
36640
46638
86233
46638
34311
250001
207823
250001
250001
46638
38180
46638
36640
247603
207823
250001
34311
250001
207823
46638
38180
46638
36640
247603
221593
250001
34311
46638
38180
46638
36640
247603
207823
250001
34311
250001
36640
46638
38180
46638
34311
46638
36640
46638
34311
247603
34311
