20923
150098
62875
45149
60809
18369
62875
250001
62875
250001
62875
250001
62875
112242
62875
250001
49711
45149
62875
250001
62875
220594
62875
112242
62875
250001
20918
65060
62875
250001
20918
250001
62875
250001
62875
250001
62875
250001
62875
250001
62875
250001
20918
250001
62875
65060
62875
250001
62875
150098
62875
250001
62875
18369
62875
250001
62875
89992
62875
250001
62875
250001
62875
250001
62875
250001
20923
45149
20923
18369
20923
150098
20923
150098
20923
150098
20923
112242
20923
150098
20923
45149
20923
150098
20923
150098
20923
112242
20923
150098
20918
65060
20923
150098
20918
150098
20923
150098
20923
150098
20923
150098
20923
150098
20923
150098
20918
150098
20923
65060
20923
150098
20923
250001
20923
150098
20923
18369
20923
150098
20923
89992
20923
150098
20923
150098
20923
150098
20923
150098
60809
18369
203812
45149
203812
45149
203812
45149
203812
45149
200378
45149
49711
65060
100937
45149
203812
45149
94972
45149
94972
45149
20918
45149
203812
45149
20918
45149
177230
45149
203812
45149
203812
45149
203812
45149
94972
45149
20918
45149
100937
45149
203812
45149
93842
45149
203812
45149
100937
18369
203812
45149
203812
45149
203812
45149
203812
45149
93842
45149
203812
45149
60809
18369
60809
18369
60809
18369
60809
18369
60809
18369
49711
18369
60809
18369
60809
18369
60809
18369
60809
18369
20918
18369
60809
18369
20918
18369
60809
18369
60809
18369
60809
18369
60809
18369
60809
18369
20918
18369
60809
18369
60809
18369
60809
18369
60809
18369
60809
211030
60809
18369
60809
18369
60809
18369
60809
18369
60809
18369
60809
18369
250001
250001
250001
250001
250001
112242
200378
250001
49711
45149
100937
250001
250001
220594
94972
112242
94972
250001
20918
65060
250001
250001
20918
250001
177230
250001
250001
250001
250001
250001
250001
250001
94972
250001
20918
250001
100937
65060
250001
250001
93842
150098
219207
250001
100937
18369
250001
250001
250001
89992
250001
250001
250001
250001
93842
250001
250001
250001
250001
250001
250001
112242
200378
250001
49711
45149
100937
250001
250001
220594
94972
112242
94972
250001
20918
65060
250001
250001
20918
250001
177230
250001
250001
250001
250001
250001
250001
250001
94972
250001
20918
250001
100937
65060
250001
250001
93842
150098
219207
250001
100937
18369
250001
250001
250001
89992
250001
250001
250001
250001
93842
250001
250001
250001
250001
112242
200378
250001
49711
45149
100937
250001
250001
220594
94972
112242
94972
250001
20918
65060
250001
250001
20918
250001
177230
250001
250001
250001
250001
250001
250001
250001
94972
250001
20918
250001
100937
65060
250001
250001
93842
150098
219207
250001
100937
18369
250001
250001
250001
89992
250001
250001
250001
250001
93842
250001
250001
250001
200378
112242
49711
45149
100937
112242
250001
112242
94972
250001
94972
112242
20918
65060
250001
112242
20918
112242
177230
112242
250001
112242
250001
112242
250001
112242
94972
112242
20918
112242
100937
65060
250001
112242
93842
112242
219207
112242
100937
18369
250001
112242
250001
89992
250001
112242
250001
112242
93842
112242
250001
112242
49711
45149
100937
250001
200378
220594
94972
112242
94972
250001
20918
65060
200378
250001
20918
250001
177230
250001
200378
250001
200378
250001
200378
250001
94972
250001
20918
250001
100937
65060
200378
250001
93842
150098
200378
250001
100937
18369
200378
250001
200378
89992
200378
250001
200378
250001
93842
250001
200378
250001
49711
45149
49711
45149
49711
45149
49711
45149
20918
45149
49711
45149
20918
45149
49711
45149
49711
45149
49711
45149
49711
45149
49711
45149
20918
45149
49711
45149
49711
45149
49711
45149
49711
45149
49711
18369
49711
45149
49711
45149
49711
45149
49711
45149
49711
45149
49711
45149
100937
220594
94972
112242
94972
250001
20918
65060
100937
250001
20918
250001
100937
250001
100937
250001
100937
250001
100937
250001
94972
250001
20918
250001
205027
65060
100937
250001
93842
150098
100937
250001
205027
18369
100937
250001
100937
89992
100937
250001
100937
250001
93842
250001
100937
250001
94972
112242
94972
220594
20918
65060
250001
220594
20918
220594
177230
220594
250001
220594
250001
220594
250001
220594
94972
220594
20918
220594
100937
65060
250001
220594
93842
150098
219207
220594
100937
18369
250001
220594
250001
89992
250001
220594
250001
220594
93842
220594
250001
220594
100505
112242
20918
65060
94972
112242
20918
112242
94972
112242
94972
112242
94972
112242
94972
112242
100505
112242
20918
112242
94972
65060
94972
112242
93842
112242
94972
112242
94972
18369
94972
112242
94972
89992
94972
112242
94972
112242
93842
112242
94972
112242
20918
65060
94972
250001
20918
250001
94972
250001
94972
250001
94972
250001
94972
250001
179215
250001
20918
250001
94972
65060
94972
250001
93842
150098
94972
250001
94972
18369
94972
250001
94972
89992
94972
250001
94972
250001
93842
250001
94972
250001
20918
65060
20947
65060
20918
65060
20918
65060
20918
65060
20918
65060
20918
65060
49711
65060
20918
166592
20918
65060
20918
65060
20918
65060
20918
18369
20918
65060
20918
65060
20918
65060
20918
65060
20918
65060
20918
65060
20918
250001
177230
250001
250001
250001
250001
250001
250001
250001
94972
250001
20918
250001
100937
65060
250001
250001
93842
150098
219207
250001
100937
18369
250001
250001
250001
89992
250001
250001
250001
250001
93842
250001
250001
250001
20918
250001
20918
250001
20918
250001
20918
250001
20918
250001
20947
250001
20918
65060
20918
250001
20918
150098
20918
250001
20918
18369
20918
250001
20918
89992
20918
250001
20918
250001
20918
250001
20918
250001
177230
250001
177230
250001
177230
250001
94972
250001
20918
250001
100937
65060
177230
250001
93842
150098
177230
250001
100937
18369
177230
250001
177230
89992
177230
250001
177230
250001
93842
250001
177230
250001
250001
250001
250001
250001
94972
250001
20918
250001
100937
65060
250001
250001
93842
150098
219207
250001
100937
18369
250001
250001
250001
89992
250001
250001
250001
250001
93842
250001
250001
250001
250001
250001
94972
250001
20918
250001
100937
65060
250001
250001
93842
150098
219207
250001
100937
18369
250001
250001
250001
89992
250001
250001
250001
250001
93842
250001
250001
250001
94972
250001
20918
250001
100937
65060
250001
250001
93842
150098
219207
250001
100937
18369
250001
250001
250001
89992
250001
250001
250001
250001
93842
250001
250001
250001
20918
250001
94972
65060
94972
250001
93842
150098
94972
250001
94972
18369
94972
250001
94972
89992
94972
250001
94972
250001
93842
250001
94972
250001
20918
65060
20918
250001
20918
150098
20918
250001
20918
18369
20918
250001
20918
89992
20918
250001
20918
250001
20918
250001
20918
250001
100937
65060
93842
65060
100937
65060
250001
18369
100937
65060
100937
65060
100937
65060
100937
65060
93842
65060
100937
65060
93842
150098
219207
250001
100937
18369
250001
250001
250001
89992
250001
250001
250001
250001
93842
250001
250001
250001
93842
150098
93842
18369
93842
150098
93842
89992
93842
150098
93842
150098
250001
150098
93842
150098
100937
18369
219207
250001
219207
89992
219207
250001
219207
250001
93842
250001
219207
250001
100937
18369
100937
18369
100937
18369
100937
18369
93842
18369
100937
18369
250001
89992
250001
250001
250001
250001
93842
250001
250001
250001
250001
89992
250001
89992
93842
89992
250001
89992
250001
250001
93842
250001
250001
250001
93842
250001
250001
250001
93842
250001
