119662
55016
119662
14770
39153
55016
2177
55016
81844
55016
119662
55016
39153
55016
2177
55016
119662
49194
118107
49194
118107
61617
119662
55016
119662
55016
40753
61617
119662
55016
119662
55016
119662
55016
119662
55016
119662
55016
119662
55016
119662
55016
75160
55016
75160
14770
81844
55016
75160
55016
119662
55016
119662
55016
119662
55016
119662
61617
119662
55016
246591
55016
119662
55016
119662
55016
119662
55016
160673
14770
39153
71928
2177
164399
81844
170911
160622
62340
39153
62500
2177
170911
160565
49194
118107
49194
118107
55016
160673
152908
160673
71928
40753
55016
160673
170911
160673
71928
160673
166363
160673
62340
160673
71928
160673
71928
160673
62340
75160
71928
75160
14770
81844
71928
75160
71928
160673
91481
160673
71928
160673
62340
160673
55016
160673
114821
119662
62500
160673
71928
160673
71928
159024
71928
39153
14770
2177
14770
81844
14770
160622
14770
39153
14770
2177
14770
160565
14770
118107
14770
118107
14770
246996
14770
245316
14770
40753
14770
246996
14770
250001
14770
235537
14770
246996
14770
250001
14770
250001
14770
246996
14770
75160
14770
75160
55016
81844
14770
75160
14770
246996
14770
246591
14770
246996
14770
250001
14770
246941
14770
119662
14770
250001
14770
250001
14770
159024
14770
2177
71928
39153
71928
39153
62340
49605
62500
2177
71928
39153
49194
39153
49194
39153
55016
39153
71928
39153
123299
39153
55016
39153
71928
39153
134435
39153
71928
39153
62340
39153
198492
39153
133447
39153
62340
39153
155733
39153
14770
39153
198492
39153
198490
39153
71928
39153
236196
39153
62340
39153
55016
39153
71928
39153
62500
39153
149203
39153
198492
39153
92106
2177
164399
2177
62340
2177
62500
118107
164399
2177
49194
2177
49194
2177
55016
2177
152908
2177
71928
2177
55016
2177
164399
2177
71928
2177
164399
2177
62340
2177
71928
2177
71928
2177
62340
2177
71928
2177
14770
2177
71928
2177
71928
2177
91481
2177
71928
2177
62340
2177
55016
2177
114821
2177
62500
2177
71928
2177
71928
2177
71928
81844
62340
39153
62500
2177
177009
81844
49194
81844
49194
81844
55016
81844
152908
81844
71928
40753
55016
81844
177009
81844
71928
81844
166363
81844
62340
81844
71928
81844
71928
81844
62340
75160
71928
75160
14770
246591
71928
75160
71928
81844
91481
81844
71928
81844
62340
81844
55016
81844
114821
81844
62500
81844
71928
81844
71928
81844
71928
39153
62340
2177
62340
160565
49194
118107
49194
118107
55016
160622
62340
160622
62340
40753
55016
160622
62340
160622
62340
160622
62340
160622
141406
160622
62340
160622
62340
160622
173900
75160
62340
75160
14770
81844
62340
75160
62340
160622
62340
160622
62340
160622
133393
160622
55016
160622
62340
119662
62340
160622
62340
160622
62340
159024
62340
2177
62500
39153
49194
39153
49194
39153
55016
39153
62500
39153
62500
39153
55016
39153
62500
39153
62500
39153
62500
39153
62340
39153
62500
39153
62500
39153
62340
39153
62500
39153
14770
39153
62500
39153
62500
39153
62500
39153
62500
39153
62340
39153
55016
39153
62500
39153
193351
39153
62500
39153
62500
39153
62500
2177
49194
2177
49194
2177
55016
2177
152908
2177
71928
2177
55016
2177
250001
2177
71928
2177
166363
2177
62340
2177
71928
2177
71928
2177
62340
2177
71928
2177
14770
2177
71928
2177
71928
2177
91481
2177
71928
2177
62340
2177
55016
2177
114821
2177
62500
2177
71928
2177
71928
2177
71928
118107
139898
118107
49194
160565
49194
160565
49194
40753
49194
160565
49194
160565
49194
160565
49194
160565
49194
160565
49194
160565
49194
160565
49194
75160
49194
75160
14770
81844
49194
75160
49194
160565
49194
160565
49194
160565
49194
160565
49194
160565
49194
119662
49194
160565
49194
160565
49194
159024
49194
250001
49194
118107
49194
118107
49194
40753
49194
118107
49194
118107
49194
118107
49194
118107
49194
118107
49194
118107
49194
118107
49194
75160
49194
75160
14770
81844
49194
75160
49194
118107
49194
118107
49194
118107
49194
118107
49194
118107
49194
118107
49194
118107
49194
118107
49194
118107
49194
118107
55016
118107
55016
40753
210006
118107
55016
118107
55016
118107
55016
118107
55016
118107
55016
118107
55016
118107
55016
75160
55016
75160
14770
81844
55016
75160
55016
118107
55016
118107
55016
118107
55016
118107
62048
118107
55016
118107
55016
118107
55016
118107
55016
118107
55016
245316
71928
40753
55016
247419
152908
246996
71928
235537
152908
247419
62340
246996
71928
246996
71928
250001
62340
75160
71928
75160
14770
81844
71928
75160
71928
250001
91481
246591
71928
250001
62340
246996
55016
246941
114821
119662
62500
246996
71928
246996
71928
159024
71928
40753
55016
245316
71928
245316
123299
235537
71928
245316
62340
245316
123299
245316
123299
245316
62340
75160
123299
75160
14770
81844
123299
75160
123299
245316
71928
245316
123299
245316
62340
245316
55016
245316
71928
119662
62500
245316
123299
245316
123299
159024
92106
40753
55016
40753
55016
40753
55016
40753
55016
40753
55016
40753
55016
40753
55016
40753
55016
40753
14770
40753
55016
40753
55016
40753
55016
40753
55016
40753
55016
40753
62048
40753
55016
40753
55016
40753
55016
40753
55016
40753
55016
246996
71928
235537
166363
248573
62340
246996
71928
246996
71928
247419
62340
75160
71928
75160
14770
81844
71928
75160
71928
247419
91481
246591
71928
247419
62340
246996
55016
246941
114821
119662
62500
246996
71928
246996
71928
159024
71928
235537
71928
246996
62340
250001
134435
250001
133447
246996
62340
75160
134435
75160
14770
81844
134435
75160
134435
246996
71928
246591
134435
246996
62340
250001
55016
246941
71928
119662
62500
250001
134435
250001
134435
159024
92106
235537
62340
235537
71928
235537
71928
235537
62340
75160
71928
75160
14770
81844
71928
75160
71928
235537
91481
235537
71928
235537
62340
235537
55016
235537
114821
119662
62500
235537
71928
235537
71928
159024
71928
246996
62340
246996
62340
247419
141406
75160
62340
75160
14770
81844
62340
75160
62340
247419
62340
246591
62340
247419
133393
246996
55016
246941
62340
119662
62340
246996
62340
246996
62340
159024
62340
250001
133447
246996
62340
75160
155733
75160
14770
81844
250001
75160
198490
246996
71928
246591
198492
246996
62340
250001
55016
246941
71928
119662
62500
250001
149203
250001
246599
159024
92106
246996
62340
75160
133447
75160
14770
81844
133447
75160
133447
246996
71928
246591
133447
246996
62340
250001
55016
246941
71928
119662
62500
250001
133447
250001
133447
159024
92106
75160
62340
75160
14770
81844
62340
75160
62340
250001
62340
246591
62340
250001
133393
246996
55016
246941
62340
119662
62340
246996
62340
246996
62340
159024
62340
110486
14770
75160
155733
110486
155733
75160
71928
75160
155733
75160
62340
75160
55016
75160
71928
75160
62500
75160
149203
75160
155733
75160
92106
75160
14770
250001
14770
75160
14770
75160
14770
75160
14770
75160
14770
75160
14770
75160
14770
75160
14770
75160
14770
75160
14770
75160
198490
81844
71928
81844
198492
81844
62340
81844
55016
81844
71928
81844
62500
81844
149203
81844
246599
81844
92106
75160
71928
75160
198490
75160
62340
75160
55016
75160
71928
75160
62500
75160
149203
75160
198490
75160
92106
246591
71928
250001
62340
246996
55016
246941
91481
119662
62500
246996
71928
246996
71928
159024
71928
246591
62340
246591
55016
246591
71928
119662
62500
246591
149203
246591
198492
159024
92106
246996
55016
246941
62340
119662
62340
246996
62340
246996
62340
159024
62340
246941
55016
119662
55016
250001
55016
250001
55016
159024
55016
119662
62500
246941
71928
246941
71928
159024
71928
119662
62500
119662
62500
119662
62500
250001
149203
159024
92106
159024
92106
