30399
49927
30399
49927
57347
49927
10823
49927
57114
49927
10823
41663
30399
34970
63344
49927
57650
49927
63768
41663
63344
49927
69523
41663
52659
49927
31047
44096
37570
34970
52659
49927
31047
49927
52659
49927
63344
49927
63768
41663
10823
49927
52659
49927
52659
49927
48149
41663
30399
49927
10823
49927
69523
41663
69523
41663
52659
49927
69523
42017
63344
41663
10823
41663
29620
49927
57650
41663
52659
68339
30399
183849
10823
49949
30399
131241
10823
41663
37570
34970
30399
131911
30399
68339
30399
41663
30399
131911
30399
41663
30399
131911
30399
44096
30399
34970
30399
54700
30399
131911
30399
131911
30399
49949
30399
41663
10823
54821
30399
54821
30399
187893
30399
41663
63344
131911
10823
68339
30399
41663
30399
41663
30399
181704
30399
42017
30399
41663
10823
41663
29620
54821
30399
41663
30399
68339
10823
49949
30399
68339
10823
41663
37570
34970
30399
68339
30399
93934
30399
41663
30399
68339
30399
41663
30399
68339
30399
44096
30399
34970
30399
54700
30399
68339
30399
68339
30399
49949
30399
41663
10823
54821
30399
54821
30399
68339
30399
41663
52659
68339
10823
118537
30399
41663
30399
41663
30399
68339
30399
42017
30399
41663
10823
41663
29620
54821
30399
41663
10823
49949
57114
131241
10823
41663
30399
34970
57347
131911
57347
68339
57347
41663
57347
131911
57347
41663
52659
131911
31047
44096
37570
34970
52659
54700
31047
131911
52659
131911
57347
49949
57347
41663
10823
54821
52659
54821
52659
183849
48149
41663
30399
131911
10823
68339
57347
41663
57347
41663
52659
181704
57347
42017
57347
41663
10823
41663
29620
54821
57347
41663
10823
49949
29620
41663
10823
34970
10823
49949
10823
49949
10823
41663
10823
49949
10823
41663
10823
49949
10823
44096
10823
34970
10823
49949
10823
49949
10823
49949
10823
50715
10823
41663
29620
49949
10823
49949
10823
49949
10823
41663
10823
49949
31179
49949
10823
41663
10823
41663
10823
49949
10823
42017
10823
41663
29620
41663
10823
49949
10823
41663
10823
41663
30399
34970
57114
131241
57114
68339
57114
41663
57114
131241
57114
41663
52659
131241
31047
44096
37570
34970
52659
54700
31047
131241
52659
131241
57114
49949
57114
41663
10823
54821
52659
54821
52659
131241
48149
41663
30399
131241
10823
68339
57114
41663
57114
41663
52659
131241
57114
42017
57114
41663
10823
41663
29620
54821
57114
41663
10823
34970
10823
41663
10823
41663
10823
50347
10823
41663
10823
50347
10823
41663
10823
41663
10823
34970
10823
41663
10823
41663
10823
41663
10823
41663
10823
50347
37570
41663
10823
41663
10823
41663
10823
50347
10823
41663
29620
41663
10823
50347
10823
49927
10823
41663
10823
41663
10823
47323
250001
42766
10823
41663
10823
50347
30399
34970
30399
34970
30399
34970
30399
34970
30399
34970
30399
34970
30399
34970
30399
41663
30399
34970
30399
34970
30399
34970
30399
34970
30399
34970
10823
34970
30399
34970
30399
34970
30399
34970
37570
34970
10823
34970
30399
34970
30399
34970
30399
34970
30399
34970
30399
34970
10823
34970
29620
34970
30399
34970
57650
68339
63344
41663
138602
250001
63344
41663
52659
181704
31047
44096
37570
34970
52659
54700
31047
205547
52659
181704
63768
49949
63344
41663
10823
54821
52659
54821
52659
131911
48149
41663
30399
187893
10823
68339
63344
41663
63344
41663
52659
131911
63344
42017
91863
41663
10823
41663
29620
54821
57650
41663
57650
41663
57650
68339
57650
41663
52659
68339
31047
44096
37570
34970
52659
54700
31047
68339
52659
68339
57650
49949
57650
41663
10823
54821
52659
54821
52659
68339
48149
41663
30399
68339
10823
93934
57650
41663
57650
41663
52659
68339
57650
42017
57650
41663
10823
41663
29620
54821
63344
41663
63344
41663
63768
153935
52659
41663
31047
41663
37570
34970
52659
41663
31047
41663
52659
41663
63344
41663
249556
182920
10823
41663
52659
41663
52659
41663
48149
94584
30399
41663
10823
41663
63768
153935
63768
49927
52659
41663
63768
41663
63344
47323
10823
42766
29620
41663
57650
153935
63344
41663
52659
181704
31047
44096
37570
34970
52659
54700
31047
205547
52659
181704
63768
49949
63344
41663
10823
54821
52659
54821
52659
131911
48149
41663
30399
187893
10823
68339
63344
41663
63344
41663
52659
131911
63344
42017
91863
41663
10823
41663
29620
54821
57650
41663
52659
41663
31047
41663
37570
34970
52659
41663
31047
41663
52659
41663
63344
41663
63768
153935
10823
41663
52659
41663
52659
41663
48149
94584
30399
41663
10823
41663
74263
172673
79192
49927
52659
41663
78025
41663
63344
47323
10823
42766
29620
41663
57650
237861
31047
44096
37570
34970
63344
54700
31047
181704
65032
228950
52659
49949
52659
41663
10823
54821
57347
54821
63344
131911
48149
41663
30399
181704
10823
68339
52659
41663
52659
41663
65032
131911
52659
42017
52659
41663
10823
41663
29620
54821
52659
41663
31047
34970
31047
44096
31179
44096
31047
44096
31047
44096
31047
41663
10823
44096
31047
44096
31047
44096
31047
41663
30399
44096
10823
44096
31047
41663
31047
41663
31047
44096
31047
42017
31047
41663
10823
41663
29620
44096
31047
41663
37570
34970
31047
34970
37570
34970
37570
34970
37570
34970
10823
34970
37570
34970
37570
34970
37570
34970
30399
34970
10823
34970
37570
34970
37570
34970
37570
34970
37570
34970
37570
34970
10823
34970
29620
34970
37570
34970
31047
54700
63344
54700
52659
49949
52659
41663
10823
54700
57347
54700
65032
54700
48149
41663
30399
54700
10823
54700
52659
41663
52659
41663
63344
54700
52659
42017
52659
41663
10823
41663
29620
54700
52659
41663
31047
181704
31047
49949
31047
41663
10823
54821
31047
54821
31047
131911
31047
41663
30399
187893
10823
68339
31047
41663
31047
41663
31047
131911
31047
42017
31047
41663
10823
41663
29620
54821
31047
41663
52659
49949
52659
41663
10823
54821
57347
54821
63344
131911
48149
41663
30399
181704
10823
68339
52659
41663
52659
41663
78025
131911
52659
42017
52659
41663
10823
41663
29620
54821
52659
41663
63344
41663
10823
49949
52659
49949
52659
49949
48149
41663
30399
49949
10823
49949
63344
41663
63344
41663
52659
49949
63344
42017
63768
41663
10823
41663
29620
49949
57650
41663
10823
41663
52659
41663
52659
41663
48149
94584
30399
41663
10823
41663
63768
153935
63768
49927
52659
41663
63768
41663
63344
47323
10823
42766
29620
41663
57650
153935
10823
68339
10823
54821
10823
41663
10823
54821
29620
54821
10823
41663
10823
41663
10823
54821
10823
42017
10823
41663
37570
41663
10823
57830
10823
41663
57347
54821
48149
41663
30399
54821
10823
54821
52659
41663
52659
41663
57347
54821
52659
42017
52659
41663
10823
41663
29620
57830
52659
41663
48149
41663
30399
131911
10823
68339
52659
41663
52659
41663
63344
181704
52659
42017
52659
41663
10823
41663
29620
54821
52659
41663
30399
41663
10823
41663
48149
94584
48149
49927
48149
41663
48149
41663
48149
47323
10823
42766
29620
41663
48149
94584
10823
68339
30399
41663
30399
41663
30399
131911
30399
42017
30399
41663
10823
41663
29620
54821
30399
41663
10823
41663
10823
41663
10823
68339
10823
42017
10823
41663
29620
41663
10823
54821
10823
41663
74263
49927
52659
41663
74263
41663
63344
47323
10823
42766
29620
41663
57650
172673
52659
41663
78025
41663
63344
47323
10823
42766
29620
41663
57650
49927
52659
42017
52659
41663
10823
41663
29620
54821
52659
41663
63344
41663
10823
41663
29620
42017
57650
41663
10823
42766
29620
41663
57650
47323
10823
41663
10823
42766
29620
41663
