28551
141226
28551
250001
28551
250001
28551
250001
35908
250001
91945
87429
28551
106008
28551
141226
28551
74487
39972
250001
28551
73647
28551
222501
28551
250001
28551
250001
28551
74487
33604
250001
39972
87429
5049
14581
28551
250001
28551
141212
25208
250001
5049
14581
28551
222501
28551
250001
5049
73647
39972
250001
28551
106008
28551
250001
5049
14581
25208
149725
39972
157407
28551
250001
28551
143058
28551
250001
28551
250001
250001
141226
38339
141226
250001
141226
28551
141226
28551
87429
250001
106008
250001
250001
233453
74487
28551
141226
250001
73647
233453
141226
250001
141226
250001
141226
184445
74487
28551
141226
28551
87429
5049
14581
133485
141226
38339
141212
25208
141226
5049
14581
59744
141226
38339
141226
5049
73647
28551
141226
92342
106008
250001
141226
5049
14581
25208
141226
28551
141226
145979
141226
92342
141226
115897
141226
97931
141226
38339
250001
250001
250001
28551
250001
28551
87429
250001
106008
250001
141226
233453
74487
28551
250001
250001
73647
233453
222501
250001
250001
250001
250001
184445
74487
28551
250001
28551
87429
5049
14581
133485
250001
38339
141212
25208
250001
5049
14581
59744
222501
38339
250001
5049
73647
28551
250001
92342
106008
250001
250001
5049
14581
25208
149725
28551
157407
145979
250001
92342
143058
115897
250001
97931
250001
38339
250001
28551
250001
28551
87429
38339
106008
38339
141226
38339
74487
28551
250001
38339
73647
38339
222501
38339
250001
38339
250001
38339
74487
28551
250001
28551
87429
5049
14581
38339
250001
250001
141212
25208
250001
5049
14581
38339
222501
250001
250001
5049
73647
28551
250001
38339
106008
38339
250001
5049
14581
25208
149725
28551
157407
38339
250001
38339
143058
38339
250001
38339
250001
28551
250001
28551
87429
250001
106008
250001
141226
233453
74487
28551
250001
250001
73647
233453
222501
250001
250001
250001
250001
184445
74487
28551
250001
28551
87429
5049
14581
133485
250001
38339
141212
25208
250001
5049
14581
59744
222501
38339
250001
5049
73647
28551
250001
92342
106008
250001
250001
5049
14581
25208
149725
28551
157407
145979
250001
92342
143058
115897
250001
97931
250001
35908
87429
28551
106008
28551
141226
28551
74487
35908
250001
28551
73647
28551
222501
28551
250001
28551
250001
28551
74487
33604
250001
35908
87429
5049
14581
28551
250001
28551
141212
25208
250001
5049
14581
28551
222501
28551
250001
5049
73647
35908
250001
28551
106008
28551
250001
5049
14581
25208
149725
35908
157407
28551
250001
28551
143058
28551
250001
28551
250001
28551
87429
28551
87429
28551
74487
39972
87429
28551
73647
28551
87429
28551
87429
28551
87429
28551
74487
33604
87429
39972
141212
5049
14581
28551
87429
28551
87429
25208
87429
5049
14581
28551
87429
28551
87429
5049
73647
39972
87429
28551
87429
28551
87429
5049
14581
25208
87429
39972
87429
28551
87429
28551
87429
28551
87429
28551
87429
250001
106008
233453
74487
28551
106008
250001
73647
233453
106008
250001
106008
250001
106008
184445
74487
28551
106008
28551
87429
5049
14581
133485
106008
38339
106008
25208
106008
5049
14581
59744
106008
38339
106008
5049
73647
28551
106008
92342
250001
250001
106008
5049
14581
25208
106008
28551
106008
145979
106008
92342
106008
115897
106008
97931
106008
233453
74487
28551
141226
250001
73647
233453
141226
250001
141226
250001
141226
184445
74487
28551
141226
28551
87429
5049
14581
133485
141226
38339
141212
25208
141226
5049
14581
59744
141226
38339
141226
5049
73647
28551
141226
92342
106008
250001
141226
5049
14581
25208
141226
28551
141226
145979
141226
92342
141226
115897
141226
97931
141226
28551
74487
233453
73647
250001
74487
233453
74487
233453
74487
184445
143058
28551
74487
28551
74487
5049
14581
133485
74487
38339
74487
25208
74487
5049
14581
59744
74487
38339
74487
5049
73647
28551
74487
92342
74487
233453
74487
5049
14581
25208
74487
28551
74487
145979
74487
92342
74487
115897
74487
97931
74487
28551
73647
28551
222501
28551
250001
28551
250001
28551
74487
33604
250001
91945
87429
5049
14581
28551
250001
28551
141212
25208
250001
5049
14581
28551
222501
28551
250001
5049
73647
91945
250001
28551
106008
28551
250001
5049
14581
25208
149725
91945
157407
28551
250001
28551
143058
28551
250001
28551
250001
233453
73647
250001
73647
250001
73647
184445
73647
28551
73647
28551
73647
5049
14581
133485
73647
38339
73647
25208
73647
5049
14581
59744
73647
38339
73647
5049
82779
28551
73647
92342
73647
250001
73647
5049
14581
25208
73647
28551
73647
145979
73647
92342
73647
115897
73647
97931
73647
233453
222501
233453
222501
184445
74487
28551
222501
28551
87429
5049
14581
133485
222501
38339
141212
25208
222501
5049
14581
59744
250001
38339
222501
5049
73647
28551
222501
92342
106008
233453
222501
5049
14581
25208
149725
28551
157407
145979
222501
92342
143058
115897
222501
97931
222501
250001
250001
184445
74487
28551
250001
28551
87429
5049
14581
133485
250001
38339
141212
25208
250001
5049
14581
59744
222501
38339
250001
5049
73647
28551
250001
92342
106008
250001
250001
5049
14581
25208
149725
28551
157407
145979
250001
92342
143058
115897
250001
97931
250001
184445
74487
28551
250001
28551
87429
5049
14581
133485
250001
38339
141212
25208
250001
5049
14581
59744
222501
38339
250001
5049
73647
28551
250001
92342
106008
250001
250001
5049
14581
25208
149725
28551
157407
145979
250001
92342
143058
115897
250001
97931
250001
28551
74487
28551
74487
5049
14581
133485
74487
38339
74487
25208
74487
5049
14581
59744
74487
38339
74487
5049
73647
28551
74487
92342
74487
184445
74487
5049
14581
25208
74487
28551
74487
145979
74487
92342
74487
115897
74487
97931
74487
33604
87429
5049
14581
28551
250001
28551
141212
25208
250001
5049
14581
28551
222501
28551
250001
5049
73647
33604
250001
28551
106008
28551
250001
5049
14581
25208
149725
33604
157407
28551
250001
28551
143058
28551
250001
28551
250001
5049
14581
28551
87429
28551
87429
25208
87429
5049
14581
28551
87429
28551
87429
5049
73647
120216
87429
28551
87429
28551
87429
5049
14581
25208
87429
120216
87429
28551
87429
28551
87429
28551
87429
28551
87429
5049
14581
5049
14581
5049
14581
250001
250001
5049
14581
5049
14581
250001
14581
5049
14581
5049
14581
5049
14581
250001
250001
5049
14581
5049
14581
5049
14581
5049
14581
5049
14581
5049
14581
38339
141212
25208
250001
5049
14581
59744
222501
38339
250001
5049
73647
28551
250001
92342
106008
133485
250001
5049
14581
25208
149725
28551
157407
133485
250001
92342
143058
115897
250001
97931
250001
25208
141212
5049
14581
38339
141212
250001
141212
5049
73647
28551
141212
38339
106008
38339
141212
5049
14581
25208
141212
28551
141212
38339
141212
38339
141212
38339
141212
38339
141212
5049
14581
25208
222501
25208
250001
5049
73647
25208
250001
25208
106008
25208
250001
5049
14581
31147
149725
25208
157407
25208
250001
25208
143058
25208
250001
25208
250001
5049
14581
5049
14581
250001
14581
5049
14581
5049
14581
5049
14581
250001
250001
5049
14581
5049
14581
5049
14581
5049
14581
5049
14581
5049
14581
38339
222501
5049
73647
28551
222501
59744
106008
59744
222501
5049
14581
25208
149725
28551
157407
59744
222501
59744
143058
59744
222501
59744
222501
5049
73647
28551
250001
38339
106008
38339
250001
5049
14581
25208
149725
28551
157407
38339
250001
38339
143058
38339
250001
38339
250001
5049
73647
5049
73647
5049
73647
250001
14581
5049
73647
5049
73647
5049
73647
5049
73647
5049
73647
5049
73647
28551
106008
28551
250001
5049
14581
25208
149725
250001
157407
28551
250001
28551
143058
28551
250001
28551
250001
92342
106008
5049
14581
25208
106008
28551
106008
92342
106008
100903
106008
92342
106008
92342
106008
5049
14581
25208
149725
28551
157407
145979
250001
92342
143058
115897
250001
97931
250001
5049
14581
5049
14581
5049
14581
5049
14581
5049
14581
5049
14581
25208
149725
25208
149725
25208
143058
25208
149725
25208
149725
28551
157407
28551
143058
28551
157407
28551
157407
92342
143058
115897
250001
97931
250001
92342
143058
92342
143058
97931
250001
