31660
74985
38056
67095
31660
20197
31660
58457
38056
74985
38056
74985
32014
74985
31660
20197
38056
53750
31660
58457
31660
58457
38056
74985
31660
41616
31660
64252
162162
156188
31660
17141
31660
20197
38056
16939
38056
20197
31660
20197
38056
74985
31660
74985
31660
64252
31732
20197
38056
67095
38056
16939
31660
41616
31660
74985
38056
126729
38056
67095
163281
156188
31660
74985
38056
16939
31732
20197
163281
156188
31660
67095
38056
74985
31660
64252
31660
67095
195562
20197
235664
58457
31660
126729
31660
250001
31660
117828
151857
20197
31660
53750
32014
58457
84844
58457
31660
141090
235664
41616
235664
64252
31660
74985
235664
17141
235664
20197
31660
16939
31660
20197
235664
20197
31660
250001
195562
117828
193286
64252
31660
20197
31660
67095
31660
16939
195562
41616
250001
117828
31660
74985
31660
67095
31660
74985
250001
117828
31660
16939
31660
20197
31660
74985
235664
67095
31660
126729
235664
64252
31660
20197
31660
58457
74787
67095
135133
67095
32014
67095
31660
20197
74787
53750
31660
58457
31660
58457
74787
67095
31660
41616
31660
64252
38056
67095
31660
17141
31660
20197
74787
16939
84844
20197
31660
20197
74787
67095
31660
67095
31660
64252
31732
20197
74787
118079
74787
16939
31660
41616
31660
67095
54632
67095
84844
151371
38056
67095
31660
67095
74787
16939
31732
20197
38056
67095
31660
149149
74787
67095
31660
64252
195562
20197
31660
20197
31660
20197
31660
20197
151857
151466
31660
20197
32014
20197
84844
20197
31660
20197
195562
20197
195562
20197
31660
20197
195562
17141
195562
151466
31660
16939
31660
151466
195562
151466
31660
20197
250001
20197
193286
20197
31660
151466
31660
20197
31660
16939
250001
20197
195562
20197
31660
20197
31660
20197
31660
20197
195562
20197
31660
16939
31660
151466
31660
20197
195562
20197
31660
20197
195562
20197
31660
58457
31660
58457
31660
58457
151857
20197
31660
53750
32014
121618
84844
250001
31660
58457
250001
41616
250001
58457
31660
58457
250001
17141
250001
20197
31660
16939
31660
20197
250001
20197
31660
58457
195562
58457
193286
58457
31660
20197
31660
58457
31660
16939
195562
41616
235664
58457
31660
58457
31660
58457
31660
58457
235664
58457
31660
16939
31660
20197
31660
58457
238746
58457
31660
58457
250001
58457
74787
126729
32014
117828
31660
20197
250001
53750
31660
58457
31660
58457
217514
126729
31660
41616
31660
64252
38056
74985
31660
17141
31660
20197
182854
16939
74787
20197
31660
20197
223947
126729
31660
117828
31660
64252
31732
20197
162162
67095
204903
16939
31660
41616
31660
117828
54632
74985
74787
67095
38056
74985
31660
117828
204903
16939
31732
20197
38056
74985
31660
67095
235664
154327
31660
64252
32014
117828
31660
20197
74787
53750
31660
58457
31660
58457
74787
141090
31660
41616
31660
64252
38056
74985
31660
17141
31660
20197
74787
16939
84844
20197
31660
20197
74787
250001
31660
117828
31660
64252
31732
20197
74787
67095
74787
16939
31660
41616
31660
117828
54632
74985
84844
67095
38056
74985
31660
117828
74787
16939
31732
20197
38056
74985
31660
67095
74787
126729
31660
64252
31660
20197
32014
53750
31660
58457
31660
58457
32014
117828
31660
41616
31660
64252
32014
74985
31660
17141
31660
20197
32014
16939
32014
20197
31660
20197
32014
117828
31660
250001
31660
64252
31732
20197
32014
67095
32014
16939
31660
41616
31660
142682
32014
74985
32014
67095
32014
74985
31660
142682
32014
16939
31732
20197
32014
74985
31660
67095
32014
117828
31660
64252
31660
20197
32014
20197
84844
20197
31660
20197
151857
20197
151857
20197
31660
20197
151857
17141
151857
250001
31660
16939
31660
200876
151857
250001
31660
20197
151857
20197
151857
20197
31660
166159
31660
20197
31660
16939
151857
20197
151857
20197
31660
20197
31660
20197
31660
20197
151857
20197
31660
16939
31660
250001
31660
20197
151857
20197
31660
20197
151857
20197
31660
53750
31660
53750
217514
53750
31660
41616
31660
53750
38056
53750
31660
17141
31660
20197
182854
16939
74787
20197
31660
20197
223947
53750
31660
53750
31660
53750
31732
20197
162162
53750
204903
16939
31660
41616
31660
53750
54632
53750
74787
53750
38056
53750
31660
53750
204903
16939
31732
20197
38056
53750
31660
53750
235664
53750
31660
53750
32014
121618
31660
58457
32014
41616
32014
58457
31660
58457
32014
17141
32014
20197
31660
16939
31660
20197
32014
20197
31660
58457
32014
58457
32014
58457
31660
20197
31660
58457
31660
16939
32014
41616
32014
58457
31660
58457
31660
58457
31660
58457
32014
58457
31660
16939
31660
20197
31660
58457
32014
58457
31660
58457
32014
58457
31660
58457
84844
41616
84844
58457
31660
58457
84844
17141
84844
20197
31660
16939
31660
20197
84844
20197
31660
58457
84844
58457
84844
58457
31660
20197
31660
58457
31660
16939
84844
41616
84844
58457
31660
58457
31660
58457
31660
58457
84844
58457
31660
16939
31660
20197
31660
58457
84844
58457
31660
58457
84844
58457
31660
41616
31660
64252
38056
74985
31660
17141
31660
20197
182854
16939
74787
20197
31660
20197
217514
141090
31660
117828
31660
64252
31732
20197
162162
67095
204903
16939
31660
41616
31660
117828
54632
74985
74787
67095
38056
74985
31660
117828
204903
16939
31732
20197
38056
74985
31660
67095
217514
126729
31660
64252
250001
41616
31660
41616
250001
17141
250001
20197
31660
16939
31660
20197
250001
20197
31660
41616
195562
41616
193286
41616
31660
20197
31660
41616
31660
16939
195562
227881
235664
41616
31660
41616
31660
41616
31660
41616
235664
41616
31660
16939
31660
20197
31660
41616
238746
41616
31660
41616
250001
41616
31660
64252
250001
17141
250001
20197
31660
16939
31660
20197
250001
20197
31660
64252
195562
64252
193286
167631
31660
20197
31660
64252
31660
16939
195562
41616
235664
64252
31660
64252
31660
64252
31660
64252
235664
64252
31660
16939
31660
20197
31660
64252
238746
64252
31660
64252
250001
200445
31660
17141
31660
20197
38056
16939
38056
20197
31660
20197
38056
74985
31660
74985
31660
64252
31732
20197
38056
67095
38056
16939
31660
41616
31660
74985
38056
126729
38056
67095
162162
250001
31660
74985
38056
16939
31732
20197
162162
250001
31660
67095
38056
74985
31660
64252
250001
17141
31660
16939
31660
17141
250001
17141
31660
17141
195562
17141
193286
17141
31660
17141
31660
17141
31660
16939
195562
17141
235664
17141
31660
17141
31660
17141
31660
17141
235664
17141
31660
16939
31660
17141
31660
17141
238746
17141
31660
17141
250001
17141
31660
16939
31660
200876
250001
250001
31660
20197
195562
20197
193286
20197
31660
166159
31660
20197
31660
16939
195562
20197
235664
20197
31660
20197
31660
20197
31660
20197
235664
20197
31660
16939
31660
250001
31660
20197
238746
20197
31660
20197
250001
20197
74787
16939
31660
16939
182854
16939
31660
16939
31660
16939
31732
16939
162162
16939
182854
200445
31660
16939
31660
16939
54632
16939
74787
16939
38056
16939
31660
16939
182854
26584
31732
16939
38056
16939
31660
16939
182854
16939
31660
16939
31660
200876
74787
20197
31660
20197
31660
20197
31732
166159
74787
20197
74787
16939
31660
20197
31660
20197
54632
20197
151857
20197
38056
20197
31660
20197
74787
16939
31732
200876
38056
20197
31660
20197
74787
20197
31660
20197
31660
20197
195562
20197
193286
20197
31660
166159
31660
20197
31660
16939
195562
20197
235664
20197
31660
20197
31660
20197
31660
20197
235664
20197
31660
16939
31660
250001
31660
20197
238746
20197
31660
20197
250001
20197
31660
117828
31660
64252
31732
20197
162162
67095
204903
16939
31660
41616
31660
117828
54632
74985
74787
67095
38056
74985
31660
117828
204903
16939
31732
20197
38056
74985
31660
67095
223947
126729
31660
64252
193286
64252
31660
20197
31660
67095
31660
16939
250001
41616
195562
142682
31660
74985
31660
67095
31660
74985
195562
142682
31660
16939
31660
20197
31660
74985
195562
67095
31660
117828
195562
64252
31660
20197
31660
64252
31660
16939
193286
41616
193286
64252
31660
64252
31660
64252
31660
64252
193286
64252
31660
16939
31660
20197
31660
64252
193286
64252
31660
64252
193286
167631
31732
20197
31732
16939
31660
20197
31660
20197
31732
20197
31732
20197
31732
20197
31660
20197
31732
16939
250001
166159
31732
20197
31660
20197
31732
20197
31660
20197
162162
16939
31660
41616
31660
67095
54632
67095
74787
118079
38056
67095
31660
67095
162162
16939
31732
20197
38056
67095
31660
118079
162162
67095
31660
64252
31660
16939
31660
16939
54632
16939
74787
16939
38056
16939
31660
16939
250001
26584
31732
16939
38056
16939
31660
16939
204903
16939
31660
16939
195562
41616
31660
41616
31660
41616
31660
41616
195562
41616
31660
16939
31660
20197
31660
41616
195562
41616
31660
41616
195562
41616
31660
74985
31660
67095
31660
74985
250001
250001
31660
16939
31660
20197
31660
74985
235664
67095
31660
117828
235664
64252
54632
67095
38056
126729
31660
74985
54632
16939
31732
20197
38056
126729
31660
67095
54632
74985
31660
64252
38056
67095
31660
67095
74787
16939
31732
20197
38056
67095
31660
149149
74787
67095
31660
64252
31660
74985
38056
16939
31732
20197
203992
250001
31660
67095
38056
74985
31660
64252
31660
16939
31660
20197
31660
74985
235664
67095
31660
117828
235664
64252
31732
16939
38056
16939
31660
16939
204903
16939
31660
16939
31732
20197
31660
20197
31732
20197
31660
20197
31660
67095
38056
74985
31660
64252
31660
67095
238746
64252
31660
64252
