175168
10332
250001
10332
250001
26660
175168
26660
250001
2830
116813
2830
58484
250001
58484
2830
250001
2830
250001
250001
250001
2830
250001
26660
250001
250001
250001
3428
66986
26660
250001
26660
58484
2830
175168
2830
175168
2830
175168
250001
125249
2830
175168
4624
250001
26660
210002
250001
250001
26660
250001
250001
250001
2830
250001
2830
175168
2830
149212
2830
80406
250001
250001
26660
250001
250001
175168
84250
175168
10332
250001
10332
175168
2830
116813
2830
58484
10332
58484
2830
175168
2830
175168
10332
175168
2830
175168
10332
175168
10332
175168
3428
66986
10332
175168
10332
58484
2830
250001
2830
250001
2830
250001
10332
125249
2830
250001
4624
175168
10332
175168
10332
175168
10332
175168
10332
175168
2830
175168
2830
250001
2830
149212
2830
80406
10332
175168
10332
175168
10332
250001
10332
175168
10332
250001
2830
116813
2830
58484
10332
58484
2830
250001
2830
250001
10332
250001
2830
250001
10332
250001
10332
250001
3428
66986
10332
250001
10332
58484
2830
175168
2830
175168
2830
175168
10332
125249
2830
175168
4624
250001
10332
210002
10332
250001
10332
250001
10332
250001
2830
250001
2830
175168
2830
149212
2830
80406
10332
250001
10332
250001
10332
175168
193365
250001
2830
116813
2830
58484
26660
58484
2830
250001
2830
250001
26660
250001
2830
250001
188844
250001
26660
250001
3428
66986
193365
250001
193365
58484
2830
175168
2830
175168
2830
175168
26660
125249
2830
175168
4624
250001
193365
210002
26660
250001
37038
250001
26660
250001
2830
250001
2830
175168
2830
149212
2830
80406
26660
250001
84250
250001
26660
175168
2830
116813
2830
58484
26660
58484
2830
175168
2830
175168
26660
175168
2830
175168
188844
175168
26660
175168
3428
66986
217192
175168
250001
58484
2830
250001
2830
250001
2830
250001
26660
125249
2830
250001
4624
175168
201055
175168
26660
175168
37038
175168
26660
175168
2830
175168
2830
250001
2830
149212
2830
80406
26660
175168
84250
175168
26660
116813
3428
58484
2830
58484
3428
250001
3428
250001
2830
250001
3428
250001
2830
250001
2830
250001
2830
66986
2830
250001
2830
58484
3428
175168
3428
175168
3428
175168
2830
125249
3428
175168
2830
250001
2830
210002
2830
250001
2830
250001
2830
250001
35510
250001
3428
175168
3428
149212
35510
80406
2830
250001
2830
250001
2830
58484
2830
58484
143837
116813
250001
116813
2830
116813
250001
116813
2830
116813
2830
116813
2830
66986
2830
116813
2830
58484
4099
116813
133225
116813
250001
116813
2830
116813
4099
116813
2830
116813
2830
116813
2830
116813
2830
116813
2830
116813
3428
116813
250001
116813
48349
116813
3428
80406
2830
116813
2830
116813
2830
66986
2830
58484
2830
58484
250001
58484
2830
58484
26660
58484
250001
58484
3428
58484
26660
58484
26660
250001
2830
58484
2830
58484
2830
58484
250001
58484
2830
58484
4624
58484
26660
58484
250001
58484
26660
58484
250001
58484
2830
58484
2830
58484
2830
58484
2830
58484
250001
58484
26660
58484
250001
58484
143837
58484
2830
58484
143837
58484
2830
58484
2830
58484
2830
58484
2830
58484
2830
66986
4099
58484
133225
58484
143837
58484
2830
58484
4099
58484
2830
58484
2830
58484
2830
58484
2830
58484
2830
58484
3428
58484
143837
58484
48349
58484
3428
58484
2830
58484
2830
58484
2830
250001
2830
250001
250001
250001
2830
250001
2830
250001
2830
66986
2830
250001
2830
58484
4099
175168
133225
175168
250001
175168
2830
125249
4099
175168
2830
250001
2830
210002
2830
250001
2830
250001
2830
250001
3428
250001
250001
175168
48349
149212
3428
80406
2830
250001
2830
250001
2830
250001
2830
250001
26660
250001
250001
250001
3428
66986
26660
250001
26660
58484
2830
175168
2830
175168
2830
175168
250001
125249
2830
175168
4624
250001
26660
210002
250001
250001
26660
250001
250001
250001
2830
250001
2830
175168
2830
149212
2830
80406
250001
250001
26660
250001
250001
250001
2830
250001
2830
250001
2830
66986
2830
250001
2830
58484
4099
175168
133225
175168
250001
175168
2830
125249
4099
175168
2830
250001
2830
210002
2830
250001
2830
250001
2830
250001
3428
250001
250001
175168
48349
149212
3428
80406
2830
250001
2830
250001
2830
250001
26660
250001
3428
66986
188844
250001
188844
58484
2830
175168
2830
175168
2830
175168
26660
125249
2830
175168
4624
250001
188844
210002
26660
250001
37038
250001
26660
250001
2830
250001
2830
175168
2830
149212
2830
80406
26660
250001
84250
250001
26660
250001
3428
66986
26660
250001
26660
58484
2830
175168
2830
175168
2830
175168
250001
125249
2830
175168
4624
250001
26660
210002
250001
250001
26660
250001
250001
250001
2830
250001
2830
175168
2830
149212
2830
80406
250001
250001
26660
250001
250001
66986
3428
250001
3428
58484
2830
175168
2830
175168
2830
175168
3428
125249
2830
175168
3428
250001
3428
210002
3428
250001
3428
250001
3428
250001
2830
250001
2830
175168
2830
149212
2830
80406
3428
250001
3428
250001
3428
66986
217192
58484
2830
66986
2830
66986
2830
66986
26660
66986
2830
66986
4624
66986
201055
66986
26660
66986
37038
66986
26660
66986
2830
66986
2830
66986
2830
66986
2830
66986
26660
66986
84250
66986
26660
58484
2830
175168
2830
175168
2830
175168
26660
125249
2830
175168
4624
250001
201055
210002
26660
250001
37038
250001
26660
250001
2830
250001
2830
175168
2830
149212
2830
80406
26660
250001
84250
250001
26660
58484
4099
58484
4099
58484
2830
58484
125265
58484
2830
58484
2830
58484
2830
58484
2830
58484
2830
58484
3428
58484
4099
58484
4099
58484
3428
58484
2830
58484
2830
58484
2830
250001
133225
250001
2830
125249
4099
250001
2830
175168
2830
175168
2830
175168
2830
175168
2830
175168
3428
175168
133225
250001
48349
149212
3428
80406
2830
175168
2830
175168
2830
250001
2830
125249
4099
250001
2830
175168
2830
175168
2830
175168
2830
175168
2830
175168
3428
175168
250001
250001
48349
149212
3428
80406
2830
175168
2830
175168
2830
125249
2830
250001
4624
175168
26660
175168
250001
175168
26660
175168
250001
175168
2830
175168
2830
250001
2830
149212
2830
80406
250001
175168
26660
175168
250001
125249
2830
125249
2830
125249
2830
125249
2830
125249
2830
125249
3428
125249
4099
125249
4099
125249
3428
80406
2830
125249
2830
125249
2830
175168
4624
175168
4624
175168
4624
175168
4624
175168
2830
175168
2830
250001
2830
149212
2830
80406
4624
175168
4624
175168
4624
210002
26660
250001
37038
250001
26660
250001
2830
250001
2830
175168
2830
149212
2830
80406
26660
250001
84250
250001
26660
210002
26660
210002
250001
210002
2830
210002
2830
175168
2830
149212
2830
80406
250001
210002
26660
210002
250001
250001
26660
250001
2830
250001
2830
175168
2830
149212
2830
80406
26660
250001
37038
250001
26660
250001
2830
250001
2830
175168
2830
149212
2830
80406
250001
250001
26660
250001
250001
250001
3428
175168
3428
149212
88532
80406
2830
250001
2830
250001
2830
175168
48349
149212
3428
80406
2830
250001
2830
250001
2830
149212
3428
80406
2830
175168
2830
175168
2830
80406
2830
149212
2830
149212
2830
80406
26660
80406
250001
250001
26660
