10508
32310
250001
32310
222822
32310
18637
35552
78442
32310
78442
32310
78442
32310
250001
32310
103324
32310
174552
32310
90850
55430
78442
33662
103324
34259
10508
32310
78442
32310
250001
32310
103324
32310
78442
33662
80910
32310
141708
32310
78442
33662
232017
32310
250001
32310
111804
32310
141708
32310
23392
32310
10508
8814
103324
34259
78442
32310
26242
8814
141708
32310
26242
8814
222822
32310
78442
32310
250001
32310
78442
32310
26242
8814
10508
33662
10508
75626
10508
75626
10508
32310
10508
108985
10508
140587
10508
108985
10508
75626
10508
46495
10508
75626
10508
32310
10508
32310
10508
32310
26934
108985
10508
75626
10508
59828
10508
75626
10508
32310
10508
59828
10508
75626
10508
32310
10508
58219
10508
75626
10508
75626
10508
75626
10508
59828
26934
8814
10508
32310
10508
108985
10508
8814
10508
75626
10508
8814
10508
75626
10508
49292
10508
75626
10508
140587
10508
8814
95428
32310
222822
113298
18637
32310
78442
75626
78442
75626
78442
75626
250001
76351
103324
46495
174552
108618
90850
32310
78442
32310
103324
32310
10508
75626
78442
75754
250001
59828
103324
84509
78442
32310
80910
59828
141708
212612
78442
32310
232017
58219
250001
96979
111804
212612
141708
212612
23392
59828
10508
8814
103324
32310
78442
75626
26242
8814
141708
133123
26242
8814
222822
212367
78442
49292
250001
250001
78442
75626
26242
8814
10508
32310
18637
32310
78442
75626
78442
75626
78442
75626
222822
76351
103324
46495
174552
108618
90850
32310
78442
32310
103324
32310
10508
75626
78442
75754
222822
59828
103324
84509
78442
32310
80910
59828
141708
113298
78442
32310
222822
58219
222822
96979
111804
113298
141708
113298
23392
59828
10508
8814
103324
32310
78442
75626
26242
8814
141708
113298
26242
8814
250001
113298
78442
49292
222822
113298
78442
75626
26242
8814
10508
32310
18637
32310
18637
32310
18637
32310
18637
32310
18637
32310
18637
32310
18637
35552
18637
33662
18637
34259
10508
32310
18637
32310
18637
32310
18637
32310
18637
33662
18637
32310
18637
32310
18637
33662
18637
32310
18637
32310
18637
32310
18637
32310
18637
32310
10508
8814
18637
34259
18637
32310
18637
8814
18637
32310
18637
8814
18637
32310
18637
32310
18637
32310
18637
32310
18637
8814
10508
33662
99132
108985
99132
112267
78442
75626
78442
46495
78442
75626
78442
32310
99132
32310
78442
32310
10508
112267
96235
75626
78442
59828
78442
75626
99132
32310
78442
59828
78442
75626
99132
32310
78442
58219
78442
75626
78442
75626
78442
75626
23392
59828
10508
8814
78442
32310
99132
112267
26242
8814
78442
75626
26242
8814
78442
75626
99132
49292
78442
75626
99132
108985
26242
8814
10508
32310
219166
108985
78442
75626
78442
46495
78442
75626
78442
32310
221731
32310
78442
32310
10508
108985
96235
75626
78442
59828
78442
75626
140241
32310
78442
59828
78442
75626
142029
32310
78442
58219
78442
75626
78442
75626
78442
75626
23392
59828
10508
8814
78442
32310
220891
108985
26242
8814
78442
75626
26242
8814
78442
75626
218113
49292
78442
75626
219166
153465
26242
8814
10508
32310
78442
75626
78442
46495
78442
75626
78442
32310
219166
32310
78442
32310
10508
137831
96235
75626
78442
59828
78442
75626
140241
32310
78442
59828
78442
75626
142029
32310
78442
58219
78442
75626
78442
75626
78442
75626
23392
59828
10508
8814
78442
32310
219166
136778
26242
8814
78442
75626
26242
8814
78442
75626
218113
49292
78442
75626
250001
108985
26242
8814
10508
32310
103324
46495
174552
76351
90850
32310
78442
32310
103324
32310
10508
75626
78442
75754
250001
59828
103324
76351
78442
32310
80910
59828
141708
76351
78442
32310
232017
58219
250001
76351
111804
76351
141708
76351
23392
59828
10508
8814
103324
32310
78442
75626
26242
8814
141708
76351
26242
8814
222822
76351
78442
49292
250001
76351
78442
75626
26242
8814
10508
32310
103324
46495
90850
32310
78442
32310
250001
32310
10508
46495
78442
46495
103324
46495
121120
46495
78442
32310
80910
46495
103324
46495
78442
32310
103324
46495
103324
46495
103324
46495
103324
46495
23392
46495
10508
8814
126477
32310
78442
46495
26242
8814
103324
46495
26242
8814
103324
46495
78442
46495
103324
46495
78442
46495
26242
8814
10508
32310
90850
32310
78442
32310
103324
32310
10508
75626
78442
75754
174552
59828
103324
84509
78442
32310
80910
59828
141708
108618
78442
32310
174552
58219
174552
96979
111804
108618
141708
108618
23392
59828
10508
8814
103324
32310
78442
75626
26242
8814
141708
108618
26242
8814
174552
108618
78442
49292
174552
108618
78442
75626
26242
8814
10508
32310
78442
33662
90850
34259
10508
32310
78442
32310
90850
32310
90850
32310
78442
33662
80910
32310
90850
32310
78442
33662
90850
32310
90850
32310
90850
32310
90850
32310
23392
32310
10508
8814
90850
34259
78442
32310
26242
8814
90850
32310
26242
8814
90850
32310
78442
32310
90850
32310
78442
32310
26242
8814
10508
33662
78442
33662
10508
32310
96235
32310
78442
32310
78442
32310
140241
50066
78442
32310
78442
32310
142029
56658
78442
32310
78442
32310
78442
32310
78442
32310
23392
32310
10508
8814
78442
33662
220891
32310
26242
8814
78442
32310
26242
8814
78442
32310
218113
32310
78442
32310
219166
32310
26242
8814
10508
60916
10508
32310
78442
32310
103324
32310
121120
32310
78442
33662
80910
32310
103324
32310
78442
33662
103324
32310
103324
32310
103324
32310
103324
32310
23392
32310
10508
8814
126477
38427
78442
32310
26242
8814
103324
32310
26242
8814
103324
32310
78442
32310
103324
32310
78442
32310
26242
8814
10508
33662
10508
75626
10508
59828
10508
75626
10508
32310
10508
59828
10508
75626
10508
32310
10508
58219
10508
75626
10508
75626
10508
75626
10508
59828
95428
8814
10508
32310
10508
136778
10508
8814
10508
75626
10508
8814
10508
75626
10508
49292
10508
75626
10508
108985
10508
8814
26934
32310
78442
59828
78442
75754
96235
32310
78442
59828
78442
75754
96235
32310
78442
58219
78442
75754
78442
75754
78442
75754
23392
59828
10508
8814
78442
32310
96235
75626
26242
8814
78442
75754
26242
8814
78442
75754
96235
49292
78442
75754
96235
75626
26242
8814
10508
32310
103324
59828
78442
32310
80910
113009
141708
59828
78442
32310
232017
58219
250001
59828
111804
59828
141708
59828
23392
113255
10508
8814
103324
32310
78442
59828
26242
8814
141708
59828
26242
8814
222822
59828
78442
49292
250001
59828
78442
59828
26242
8814
10508
32310
78442
32310
80910
59828
103324
84509
78442
32310
103324
58219
103324
84509
103324
84509
103324
84509
23392
59828
10508
8814
121120
32310
78442
75626
26242
8814
103324
84509
26242
8814
103324
84509
78442
49292
103324
84509
78442
75626
26242
8814
10508
32310
78442
32310
78442
32310
140241
50066
78442
32310
78442
32310
78442
32310
78442
32310
23392
32310
10508
8814
78442
33662
140241
32310
26242
8814
78442
32310
26242
8814
78442
32310
140241
32310
78442
32310
140241
32310
26242
8814
10508
50066
80910
59828
78442
32310
80910
58219
80910
59828
80910
59828
80910
59828
23392
113009
10508
8814
80910
32310
78442
59828
26242
8814
80910
59828
26242
8814
80910
59828
78442
49292
80910
59828
78442
59828
26242
8814
10508
32310
78442
32310
141708
58219
141708
96979
111804
215087
249390
215087
23392
59828
10508
8814
103324
32310
78442
75626
26242
8814
250001
133123
26242
8814
141708
212367
78442
49292
141708
212612
78442
75626
26242
8814
10508
32310
78442
32310
78442
32310
78442
32310
78442
32310
23392
32310
10508
8814
78442
33662
142029
32310
26242
8814
78442
32310
26242
8814
78442
32310
142029
32310
78442
32310
142029
32310
26242
8814
10508
56658
232017
58219
111804
58219
141708
58219
23392
58219
10508
8814
103324
32310
78442
58219
26242
8814
141708
58219
26242
8814
222822
58219
78442
49292
232017
58219
78442
58219
26242
8814
10508
32310
111804
96979
141708
96979
23392
59828
10508
8814
103324
32310
78442
75626
26242
8814
141708
96979
26242
8814
222822
96979
78442
49292
250001
96979
78442
75626
26242
8814
10508
32310
111804
229877
23392
59828
10508
8814
103324
32310
78442
75626
26242
8814
111804
133123
26242
8814
111804
212367
78442
49292
111804
212612
78442
75626
26242
8814
10508
32310
23392
59828
10508
8814
103324
32310
78442
75626
26242
8814
249390
133123
26242
8814
141708
212367
78442
49292
141708
212612
78442
75626
26242
8814
10508
32310
10508
8814
23392
32310
23392
59828
23392
8814
23392
59828
23392
8814
23392
59828
23392
49292
23392
59828
23392
59828
23392
8814
10508
32310
10508
8814
10508
8814
10508
32310
10508
8814
10508
26766
10508
8814
10508
8814
10508
8814
10508
8814
10508
26766
26934
8814
78442
32310
26242
8814
103324
32310
26242
8814
103324
32310
78442
32310
103324
32310
78442
32310
26242
8814
10508
33662
26242
8814
78442
75626
26242
8814
78442
75626
218113
49292
78442
75626
219166
108985
26242
8814
10508
32310
26242
8814
45849
26766
26242
8814
26242
8814
26242
8814
26242
8814
250001
26766
10508
8814
26242
8814
141708
133123
78442
49292
141708
133123
78442
75626
26242
8814
10508
32310
26242
8814
26242
8814
26242
8814
26242
8814
45849
250001
10508
8814
78442
49292
222822
212367
78442
75626
26242
8814
10508
32310
78442
49292
218113
49292
26242
8814
10508
32310
78442
75626
26242
8814
10508
32310
26242
8814
10508
32310
10508
8814
