163378
47999
250001
47999
250001
47999
250001
47999
250001
47999
250001
47999
50689
47999
85911
47999
250001
47999
86012
47999
85911
47999
250001
47999
250001
47999
50689
47999
250001
47999
250001
47999
70514
47999
250001
250001
250001
47999
250001
47999
202402
13890
136940
47999
250001
47999
250001
47999
250001
47999
250001
47999
250001
47999
95547
13890
130157
45436
250001
47999
121300
47999
202402
47999
85073
47999
250001
47999
250001
47999
250001
47999
70514
47999
85911
47999
163378
49544
163378
49544
163378
49544
163378
49544
163378
49544
50689
49544
85911
49544
163378
49544
86012
49544
85911
49544
163378
49544
163378
49544
50689
49544
163378
49544
163378
49544
70514
49544
163378
47999
163378
49544
163378
49544
163378
13890
136940
49544
163378
49544
163378
49544
163378
49544
163378
49544
163378
49544
95547
13890
130157
45436
163378
49544
121300
49544
163378
49544
85073
49544
163378
49544
163378
49544
163378
49544
70514
49544
85911
49544
250001
98255
250001
118371
250001
68466
250001
68466
50689
68466
85911
68466
250001
68466
86012
129706
85911
68466
250001
245257
250001
68466
50689
68466
250001
68466
250001
250001
70514
130815
250001
47999
250001
68466
250001
68466
202402
13890
136940
68466
250001
68466
250001
68466
250001
68466
250001
68466
250001
250001
95547
13890
130157
45436
250001
68466
121300
68466
202402
68466
85073
68466
250001
68466
250001
68466
250001
68466
70514
68466
85911
68466
250001
98255
250001
68466
250001
68466
50689
68466
85911
68466
250001
68466
86012
98255
85911
68466
250001
98255
250001
68466
50689
68466
250001
68466
250001
98255
70514
98255
250001
47999
250001
68466
250001
68466
202402
13890
136940
68466
250001
68466
250001
68466
250001
68466
250001
68466
250001
98255
95547
13890
130157
45436
250001
68466
121300
68466
202402
68466
85073
68466
250001
68466
250001
68466
250001
68466
70514
68466
85911
68466
250001
68466
250001
68466
50689
68466
85911
68466
250001
68466
86012
118371
85911
68466
250001
118371
250001
68466
50689
68466
250001
68466
250001
118371
70514
118371
250001
47999
250001
68466
250001
68466
202402
13890
136940
68466
250001
68466
250001
68466
250001
68466
250001
68466
250001
118371
95547
13890
130157
45436
250001
68466
121300
68466
202402
68466
85073
68466
250001
68466
250001
68466
250001
68466
70514
68466
85911
68466
250001
245257
50689
229494
85911
245257
250001
168028
86012
68466
85911
144906
250001
68466
250001
96897
50689
229494
250001
250001
250001
68466
70514
68466
250001
47999
250001
250001
250001
168028
202402
13890
136940
245257
250001
250001
250001
250001
250001
250001
250001
185050
250001
68466
95547
13890
130157
45436
250001
245257
121300
250001
202402
245257
85073
98255
250001
245257
250001
250001
250001
250001
70514
245257
85911
250001
50689
229494
85911
250001
250001
168028
86012
68466
85911
144906
250001
68466
250001
96897
50689
229494
250001
245257
250001
68466
70514
68466
250001
47999
250001
245257
250001
168028
202402
13890
136940
250001
250001
245257
250001
245257
250001
245257
250001
185050
250001
68466
95547
13890
130157
45436
250001
250001
121300
245257
202402
250001
85073
98255
250001
250001
250001
245257
250001
245257
70514
250001
85911
245257
50689
229494
50689
168028
50689
68466
50689
144906
50689
68466
50689
96897
250001
250001
50689
229494
50689
68466
50689
68466
50689
47999
50689
229494
50689
168028
50689
13890
50689
229494
50689
229494
50689
229494
50689
229494
50689
185050
50689
68466
50689
13890
50689
45436
50689
229494
50689
229494
50689
229494
50689
98255
50689
229494
50689
229494
50689
229494
50689
229494
50689
229494
85911
168028
85911
68466
86167
144906
85911
68466
85911
96897
50689
229494
85911
245257
85911
68466
70514
68466
85911
47999
85911
245257
85911
168028
85911
13890
85911
250001
85911
245257
85911
245257
85911
245257
85911
185050
85911
68466
85911
13890
85911
45436
85911
250001
85911
245257
85911
250001
85073
98255
85911
250001
85911
245257
85911
245257
70514
250001
86012
245257
86012
68466
85911
144906
250001
68466
250001
96897
50689
168028
250001
168028
250001
68466
70514
68466
250001
47999
250001
168028
250001
250001
202402
13890
136940
168028
250001
168028
250001
168028
250001
168028
250001
168028
250001
68466
95547
13890
130157
45436
250001
168028
121300
168028
202402
168028
85073
98255
250001
168028
250001
168028
250001
168028
70514
168028
85911
168028
85911
68466
86012
129706
86012
68466
50689
68466
86012
68466
86012
129706
70514
129706
86012
47999
86012
68466
86012
68466
86012
13890
86012
68466
86012
68466
86012
68466
86012
68466
86012
68466
86012
129706
86012
13890
86012
45436
86012
68466
86012
68466
86012
68466
85073
68466
86012
68466
86012
68466
86012
68466
70514
68466
85911
68466
85911
68466
85911
96897
50689
144906
85911
144906
85911
68466
70514
68466
85911
47999
85911
144906
85911
144906
85911
13890
85911
144906
85911
144906
85911
144906
85911
144906
85911
144906
85911
68466
85911
13890
85911
45436
85911
144906
85911
144906
85911
144906
85073
98255
85911
144906
85911
144906
85911
144906
70514
144906
86012
144906
250001
68466
50689
68466
250001
68466
250001
245257
70514
130815
250001
47999
250001
68466
250001
68466
202402
13890
136940
68466
250001
68466
250001
68466
250001
68466
250001
68466
250001
245257
95547
13890
130157
45436
250001
68466
121300
68466
202402
68466
85073
68466
250001
68466
250001
68466
250001
68466
70514
68466
85911
68466
50689
96897
250001
96897
250001
68466
70514
68466
250001
47999
250001
96897
250001
96897
202402
13890
136940
96897
250001
96897
250001
96897
250001
96897
250001
96897
250001
68466
95547
13890
130157
45436
250001
96897
121300
96897
202402
96897
85073
96897
250001
96897
250001
96897
250001
96897
70514
96897
85911
96897
50689
229494
50689
68466
50689
68466
50689
47999
50689
229494
50689
168028
50689
13890
50689
229494
50689
229494
50689
229494
50689
229494
50689
185050
50689
68466
50689
13890
50689
45436
50689
229494
50689
229494
50689
229494
50689
98255
50689
229494
50689
229494
50689
229494
50689
229494
50689
229494
250001
68466
70514
68466
250001
47999
250001
250001
250001
168028
202402
13890
136940
245257
250001
250001
250001
250001
250001
250001
250001
185050
250001
68466
95547
13890
130157
45436
250001
245257
121300
250001
202402
245257
85073
98255
250001
245257
250001
250001
250001
250001
70514
245257
85911
250001
70514
130815
250001
47999
250001
68466
250001
68466
202402
13890
136940
68466
250001
68466
250001
68466
250001
68466
250001
68466
250001
250001
95547
13890
130157
45436
250001
68466
121300
68466
202402
68466
85073
68466
250001
68466
250001
68466
250001
68466
70514
68466
85911
68466
70514
47999
70514
68466
70514
68466
70514
13890
70514
68466
70514
68466
70514
68466
70514
68466
70514
68466
70514
130815
70514
13890
70514
45436
70514
68466
70514
68466
70514
68466
70514
68466
70514
68466
70514
68466
70514
68466
250001
68466
70514
68466
250001
47999
250001
47999
202402
13890
136940
47999
250001
47999
250001
47999
250001
47999
250001
47999
250001
47999
95547
13890
130157
45436
250001
47999
121300
47999
202402
47999
85073
47999
250001
47999
250001
47999
250001
47999
70514
47999
85911
47999
250001
168028
202402
13890
136940
245257
250001
250001
250001
250001
250001
250001
250001
185050
250001
68466
95547
13890
130157
45436
250001
245257
121300
250001
202402
245257
85073
98255
250001
245257
250001
250001
250001
250001
70514
245257
85911
250001
202402
13890
136940
168028
250001
168028
250001
168028
250001
168028
250001
168028
250001
68466
95547
13890
130157
45436
250001
168028
121300
168028
202402
168028
85073
98255
250001
168028
250001
168028
250001
168028
70514
168028
85911
168028
136940
13890
202402
13890
202402
13890
202402
13890
202402
13890
202402
13890
95547
91933
130157
13890
202402
13890
121300
13890
250001
13890
85073
13890
202402
13890
202402
13890
202402
13890
70514
13890
85911
13890
136940
245257
136940
245257
136940
245257
136940
185050
136940
68466
95547
13890
130157
45436
136940
250001
121300
245257
136940
250001
85073
98255
136940
250001
136940
245257
136940
245257
70514
250001
85911
245257
250001
250001
250001
250001
250001
185050
250001
68466
95547
13890
130157
45436
250001
245257
121300
250001
202402
245257
85073
98255
250001
245257
250001
250001
250001
250001
70514
245257
85911
250001
250001
250001
250001
185050
250001
68466
95547
13890
130157
45436
250001
245257
121300
250001
202402
245257
85073
98255
250001
245257
250001
250001
250001
250001
70514
245257
85911
250001
250001
185050
250001
68466
95547
13890
130157
45436
250001
245257
121300
250001
202402
245257
85073
98255
250001
245257
250001
250001
250001
250001
70514
245257
85911
250001
250001
68466
95547
13890
130157
45436
250001
185050
121300
185050
202402
185050
85073
98255
250001
185050
250001
185050
250001
185050
70514
185050
85911
185050
95547
13890
130157
45436
250001
68466
121300
68466
202402
68466
85073
68466
250001
68466
250001
68466
250001
68466
70514
68466
85911
68466
95547
13890
95547
13890
95547
13890
95547
13890
85073
13890
95547
13890
95547
13890
95547
13890
70514
13890
85911
13890
130157
45436
121300
45436
130157
45436
85073
45436
130157
45436
130157
45436
130157
45436
70514
45436
85911
45436
121300
245257
202402
250001
85073
98255
250001
250001
250001
245257
250001
245257
70514
250001
85911
245257
121300
245257
85073
98255
121300
245257
121300
250001
121300
250001
70514
245257
85911
250001
85073
98255
202402
250001
202402
245257
202402
245257
70514
250001
85911
245257
85073
98255
85073
98255
85073
98255
70514
98255
85073
98255
250001
245257
250001
245257
70514
250001
85911
245257
250001
250001
70514
245257
85911
250001
70514
245257
85911
250001
70514
245257
