47851
104012
47851
104012
47851
103431
47851
90407
47851
165123
47851
103431
47851
165123
47851
103431
28639
103431
47851
187374
47851
103431
47851
104012
47851
104012
47851
90407
47851
103431
47851
103431
47851
187374
47851
103431
47851
65181
27888
187374
47851
103431
47851
65181
47851
187374
28639
103431
47851
103431
27888
187374
165146
103431
47851
116678
47851
165123
28639
103431
47851
103431
47851
187374
47851
90407
47851
187374
250001
113125
250001
103431
195894
90407
88362
104012
165146
103431
88362
104012
160478
103431
28639
103431
170196
104012
250001
103431
250001
113125
250001
250001
195894
90407
250001
103431
250001
103431
63755
104012
250001
103431
250001
65181
27888
104012
195894
103431
160478
65181
195894
104012
28639
103431
250001
103431
27888
104012
47851
103431
160478
104012
160478
104012
28639
103431
250001
103431
63755
104012
160478
90407
160478
104012
250001
103431
195894
90407
88362
104012
165146
103431
88362
104012
160478
103431
28639
103431
170196
104012
250001
103431
250001
244277
250001
113125
195894
90407
250001
103431
250001
103431
63755
104012
250001
103431
250001
65181
27888
104012
195894
103431
160478
65181
195894
104012
28639
103431
250001
103431
27888
104012
47851
103431
160478
104012
160478
104012
28639
103431
250001
103431
63755
104012
160478
90407
160478
104012
195894
90407
88362
103431
165146
106088
88362
103431
160478
106088
28639
106088
170196
103431
250001
106088
250001
103431
250001
103431
195894
90407
250001
106088
250001
106088
63755
103431
250001
106088
250001
65181
27888
103431
195894
250001
160478
65181
195894
103431
28639
106088
250001
106088
27888
103431
47851
106088
160478
103431
160478
103431
28639
106088
250001
106088
63755
103431
160478
90407
160478
103431
88362
90407
165146
90407
88362
90407
160478
90407
28639
90407
170196
90407
195894
90407
195894
90407
195894
90407
250001
90414
195894
90407
195894
90407
63755
90407
195894
90407
195894
65181
27888
90407
250001
90407
160478
65181
250001
90407
28639
90407
195894
90407
27888
90407
47851
90407
160478
90407
160478
90407
28639
90407
195894
90407
63755
90407
160478
103431
160478
90407
88362
103431
250001
229971
88362
103431
28639
103431
88362
165123
88362
103431
88362
104012
88362
104012
88362
90407
88362
103431
88362
103431
63755
165123
88362
103431
88362
65181
27888
165123
88362
103431
88362
65181
88362
165123
28639
103431
88362
103431
27888
165123
47851
103431
88362
116678
88362
229971
28639
103431
88362
103431
63755
165123
88362
90407
88362
165123
88362
103431
160478
119935
28639
207561
165146
103431
165146
112079
165146
103431
165146
103431
165146
90407
165146
207561
165146
207561
63755
103431
165146
207561
165146
65181
27888
103431
165146
106088
160478
65181
165146
103431
28639
250001
165146
207561
27888
103431
47851
188623
160478
103431
160478
103431
28639
207561
165146
119935
63755
103431
160478
90407
160478
103431
88362
103431
28639
103431
88362
165123
88362
103431
88362
104012
88362
104012
88362
90407
88362
103431
88362
103431
63755
165123
88362
103431
88362
65181
27888
165123
88362
103431
88362
65181
88362
165123
28639
103431
88362
103431
27888
165123
47851
103431
88362
116678
88362
250001
28639
103431
88362
103431
63755
165123
88362
90407
88362
165123
28639
119935
160478
103431
160478
112079
160478
103431
160478
103431
160478
90407
160478
119935
160478
119935
63755
103431
160478
119935
160478
65181
27888
103431
160478
106088
250001
65181
160478
103431
28639
119935
160478
119935
27888
103431
47851
119935
162496
103431
250001
103431
28639
119935
160478
164533
63755
103431
250001
90407
250001
103431
28639
103431
28639
112079
28639
103431
28639
103431
28639
90407
28639
250001
28639
250001
28639
103431
28639
250001
28639
65181
27888
103431
28639
106088
28639
65181
28639
103431
165146
207561
28639
250001
27888
103431
28639
188623
28639
103431
28639
103431
165146
250001
28639
119935
28639
103431
28639
90407
28639
103431
170196
103431
170196
104012
170196
104012
170196
90407
170196
103431
170196
103431
63755
194915
170196
103431
170196
65181
27888
250001
170196
103431
160478
65181
170196
194915
28639
103431
170196
103431
27888
229971
47851
103431
160478
116678
160478
165123
28639
103431
170196
103431
63755
194915
160478
90407
160478
194915
250001
103431
250001
103431
195894
90407
250001
112079
250001
112079
63755
103431
250001
112079
250001
65181
27888
103431
195894
106088
160478
65181
195894
103431
28639
112079
250001
112079
27888
103431
47851
112079
160478
103431
160478
103431
28639
112079
250001
112079
63755
103431
160478
90407
160478
103431
250001
113125
195894
90407
250001
103431
250001
103431
63755
104012
250001
103431
250001
65181
27888
104012
195894
103431
160478
65181
195894
104012
28639
103431
250001
103431
27888
104012
47851
103431
160478
104012
160478
104012
28639
103431
250001
103431
63755
104012
160478
90407
160478
104012
195894
90407
250001
103431
250001
103431
63755
104012
250001
103431
250001
65181
27888
104012
195894
103431
160478
65181
195894
104012
28639
103431
250001
103431
27888
104012
47851
103431
160478
104012
160478
104012
28639
103431
250001
103431
63755
104012
160478
90407
160478
104012
195894
90407
195894
90407
63755
90407
195894
90407
195894
65181
27888
90407
250001
90407
160478
65181
250001
90407
28639
90407
195894
90407
27888
90407
47851
90407
160478
90407
160478
90407
28639
90407
195894
90407
63755
90407
160478
90414
160478
90407
250001
250001
63755
103431
250001
250001
250001
65181
27888
103431
195894
106088
160478
65181
195894
103431
28639
207561
250001
250001
27888
103431
47851
188623
160478
103431
160478
103431
28639
250001
250001
119935
63755
103431
160478
90407
160478
103431
63755
103431
250001
250001
250001
65181
27888
103431
195894
106088
160478
65181
195894
103431
28639
207561
250001
250001
27888
103431
47851
188623
160478
103431
160478
103431
28639
250001
250001
119935
63755
103431
160478
90407
160478
103431
63755
103431
63755
65181
27888
194915
63755
103431
63755
65181
63755
229971
28639
103431
63755
103431
27888
194915
47851
103431
63755
116678
63755
165123
28639
103431
63755
103431
102078
250001
63755
90407
63755
229971
250001
65181
27888
103431
195894
106088
160478
65181
195894
103431
28639
207561
250001
250001
27888
103431
47851
188623
160478
103431
160478
103431
28639
250001
250001
119935
63755
103431
160478
90407
160478
103431
27888
65181
195894
65181
160478
98035
195894
65181
28639
65181
250001
65181
27888
65181
47851
65181
160478
65181
160478
65181
28639
65181
250001
65181
63755
65181
160478
65181
160478
65181
27888
103431
27888
65181
27888
194915
27888
103431
27888
103431
250001
229971
27888
103431
27888
116678
27888
165123
27888
103431
27888
103431
27888
194915
27888
90407
27888
194915
160478
65181
250001
103431
28639
106088
195894
106088
27888
103431
47851
106088
160478
103431
160478
103431
28639
106088
195894
106088
63755
103431
160478
90407
160478
103431
160478
65181
28639
65181
160478
65181
27888
65181
47851
65181
162496
65181
250001
65181
28639
65181
160478
65181
63755
65181
250001
65181
250001
65181
28639
103431
195894
103431
27888
194915
47851
103431
160478
116678
160478
165123
28639
103431
195894
103431
63755
229971
160478
90407
160478
250001
28639
207561
27888
103431
28639
188623
28639
103431
28639
103431
250001
207561
28639
119935
28639
103431
28639
90407
28639
103431
27888
103431
47851
188623
160478
103431
160478
103431
28639
250001
250001
119935
63755
103431
160478
90407
160478
103431
27888
103431
27888
116678
27888
165123
27888
103431
27888
103431
27888
194915
27888
90407
27888
194915
47851
103431
47851
103431
28639
188623
47851
119935
47851
103431
47851
90407
47851
103431
162496
116678
28639
103431
160478
103431
63755
116678
162496
90407
162496
116678
28639
103431
160478
103431
63755
165123
250001
90407
250001
165123
28639
119935
28639
103431
28639
90407
28639
103431
63755
103431
160478
90407
160478
103431
63755
90407
63755
229971
250001
90407
