21830
25941
21830
23459
21830
91909
21830
92583
21830
92583
21830
23459
21830
91909
21830
25941
105631
92583
21830
20706
21830
173012
21830
173012
21830
36787
21830
23459
21830
173012
21830
92583
21830
91909
21830
173012
21830
92583
21830
173012
21830
92583
21830
23459
21830
20706
21830
119435
21830
250001
21830
92583
21830
250001
21830
250001
21830
2717
21830
250001
21830
2717
105631
92583
21830
36787
21830
92583
105631
23459
73390
25941
68059
25941
35436
25941
76548
23459
105631
25941
98182
92583
21830
25941
105631
20706
68059
25941
105631
25941
25707
25941
105631
23459
105631
25941
105631
25941
105631
25941
250001
25941
43542
25941
73390
25941
105631
25941
105631
23459
25707
20706
105631
25941
43542
25941
105631
25941
76548
25941
105631
25941
105631
2717
105631
25941
92726
2717
21830
25941
35436
25941
86782
25941
73390
23459
68059
23459
35436
23459
76548
129783
117653
23459
98182
23459
21830
23459
108003
20706
68059
23459
117653
23459
25707
23459
176878
148874
108003
23459
117653
23459
117653
23459
105631
23459
43542
23459
73390
23459
117653
23459
250001
250001
25707
20706
108003
23459
43542
23459
117653
23459
76548
23459
108003
23459
117653
2717
108003
23459
92726
2717
21830
23459
35436
23459
86782
23459
68059
91909
35436
91909
73390
23459
73390
111293
73390
25941
21830
91909
73390
20706
68059
91909
73390
91909
25707
36787
73390
23459
73390
91909
73390
91909
73390
111293
73390
91909
43542
91909
90603
91909
73390
91909
73390
23459
25707
20706
73390
91909
43542
91909
73390
91909
73390
91909
73390
91909
73390
2717
73390
91909
73390
2717
21830
91909
35436
36787
73390
91909
35436
250001
68059
23459
68059
91909
68059
25941
21830
203390
68059
20706
133228
92583
68059
92583
25707
36787
68059
23459
68059
92583
68059
250001
68059
91909
68059
92583
43542
185836
68059
92583
68059
250001
68059
23459
25707
20706
68059
92583
43542
92583
68059
185836
68059
92583
68059
92583
68059
2717
68059
92583
68059
2717
21830
203390
35436
36787
68059
250001
35436
23459
35436
91909
35436
25941
21830
203390
35436
20706
35436
92583
35436
92583
25707
36787
35436
23459
35436
92583
35436
250001
35436
91909
35436
92583
35436
185836
35436
92583
35436
250001
35436
23459
25707
20706
35436
92583
35436
92583
35436
185836
35436
92583
35436
92583
35436
2717
35436
92583
35436
2717
21830
203390
52044
36787
35436
250001
76548
23459
76548
23459
21830
23459
76548
20706
68059
23459
76548
23459
25707
23459
76548
129783
76548
23459
76548
23459
76548
23459
76548
23459
43542
23459
73390
23459
76548
23459
76548
129783
25707
20706
76548
23459
43542
23459
76548
23459
105617
23459
76548
23459
76548
2717
76548
23459
76548
2717
21830
23459
35436
23459
76548
23459
98182
25941
21830
91909
108003
20706
68059
91909
250001
91909
25707
36787
117653
23459
108003
91909
250001
91909
250001
123915
105631
91909
43542
91909
73390
91909
176878
91909
117653
23459
25707
20706
108003
91909
43542
91909
250001
91909
76548
91909
108003
91909
176878
2717
108003
91909
92726
2717
21830
91909
35436
36787
86782
91909
21830
25941
98182
20706
68059
25941
98182
25941
25707
25941
98182
23459
98182
25941
98182
25941
98182
25941
98182
25941
43542
25941
73390
25941
98182
25941
98182
23459
25707
20706
98182
25941
43542
25941
98182
25941
76548
25941
98182
25941
98182
2717
98182
25941
92726
2717
21830
25941
35436
25941
86782
25941
21830
20706
21830
92583
21830
92583
21830
36787
21830
23459
21830
92583
21830
203390
21830
91909
21830
92583
21830
185836
21830
92583
21830
203390
21830
23459
21830
20706
21830
92583
21830
92583
21830
185836
21830
92583
21830
92583
21830
2717
21830
92583
21830
2717
224814
250001
21830
36787
21830
203390
68059
20706
108003
20706
25707
20706
108003
20706
176878
20706
108003
20706
108003
20706
105631
20706
43542
20706
73390
20706
108003
20706
108003
20706
25707
25941
176878
20706
43542
20706
108003
20706
76548
20706
165286
20706
108003
2717
177920
20706
92726
2717
21830
20706
35436
20706
86782
20706
68059
250001
25707
36787
68059
23459
68059
250001
68059
92583
68059
91909
68059
250001
43542
92583
68059
250001
68059
92583
68059
23459
25707
20706
68059
119435
43542
173012
68059
92583
68059
173012
68059
173012
68059
2717
68059
173012
68059
2717
21830
92583
35436
36787
68059
92583
25707
36787
117653
23459
108003
250001
250001
92583
250001
91909
105631
250001
43542
92583
73390
250001
176878
92583
117653
23459
25707
20706
108003
119435
43542
173012
250001
92583
76548
173012
108003
173012
176878
2717
108003
173012
92726
2717
21830
92583
35436
36787
86782
92583
25707
23459
25707
36787
25707
36787
25707
36787
25707
36787
25707
36787
25707
36787
25707
36787
25707
23459
52044
20706
25707
36787
25707
36787
25707
36787
25707
36787
25707
36787
25707
2717
25707
36787
25707
2717
21830
36787
25707
185836
25707
36787
108003
23459
117653
23459
117653
23459
105631
23459
43542
23459
73390
23459
117653
23459
176878
148874
25707
20706
108003
23459
43542
23459
117653
23459
76548
23459
108003
23459
117653
2717
108003
23459
92726
2717
21830
23459
35436
23459
86782
23459
108003
92583
108003
91909
105631
250001
43542
92583
73390
250001
108003
92583
108003
23459
25707
20706
250001
119435
43542
173012
108003
92583
76548
173012
165286
173012
108003
2717
176878
173012
92726
2717
21830
92583
35436
36787
86782
92583
250001
91909
105631
92583
43542
185836
73390
92583
176878
250001
117653
23459
25707
20706
108003
92583
43542
92583
250001
185836
76548
92583
108003
92583
176878
2717
108003
92583
92726
2717
21830
203390
35436
36787
86782
250001
105631
91909
43542
91909
73390
91909
176878
91909
117653
23459
25707
20706
108003
91909
43542
91909
250001
91909
76548
91909
108003
91909
176878
2717
108003
91909
92726
2717
21830
91909
35436
36787
86782
91909
43542
92583
73390
250001
105631
92583
105631
23459
25707
20706
105631
119435
43542
173012
105631
92583
76548
173012
105631
173012
105631
2717
105631
173012
92726
2717
21830
92583
35436
36787
86782
92583
43542
92583
43542
185836
43542
23459
25707
20706
43542
92583
108003
92583
43542
250001
43542
92583
43542
92583
43542
2717
43542
92583
43542
2717
21830
185836
35436
36787
43542
185836
73390
92583
73390
23459
25707
20706
73390
119435
43542
173012
73390
92583
73390
173012
73390
173012
73390
2717
73390
173012
73390
2717
21830
92583
35436
36787
73390
92583
117653
23459
25707
20706
108003
92583
43542
92583
176878
185836
76548
92583
108003
92583
250001
2717
108003
92583
92726
2717
21830
203390
35436
36787
86782
250001
25707
20706
108003
23459
43542
23459
117653
23459
76548
23459
108003
23459
117653
2717
108003
23459
92726
2717
21830
23459
35436
23459
86782
23459
25707
20706
25707
20706
25707
20706
25707
20706
25707
20706
25707
2717
25707
20706
25707
2717
21830
20706
25707
20706
25707
20706
43542
119435
108003
92583
76548
119435
165286
119435
108003
2717
176878
119435
92726
2717
21830
92583
35436
36787
86782
92583
43542
92583
43542
250001
43542
250001
43542
2717
43542
250001
43542
2717
21830
92583
35436
36787
43542
92583
76548
92583
108003
92583
176878
2717
108003
92583
92726
2717
21830
185836
35436
36787
86782
185836
76548
250001
76548
2717
76548
250001
76548
2717
21830
92583
35436
36787
76548
92583
108003
2717
165286
250001
92726
2717
21830
92583
35436
36787
86782
92583
108003
2717
92726
92583
21830
2717
35436
2717
86782
2717
92726
2717
21830
92583
35436
36787
86782
92583
21830
2717
35436
2717
86782
2717
21830
36787
21830
203390
35436
36787
