139082
2207
139082
250001
30550
2207
30550
88730
38670
2207
30550
2207
14818
2207
139082
250001
14818
2207
14818
2207
30550
2207
133002
250001
139082
250001
30550
2207
30550
2207
30550
2207
56719
2207
139082
2207
139082
67898
73283
2207
30550
2207
73283
88730
104602
2207
30550
88730
73283
2207
30550
2207
139082
2207
30550
2207
30550
78218
30550
2207
73283
2207
30550
2207
139082
2207
132899
2207
14818
2207
14818
60792
139082
2207
139944
2207
30550
67898
30550
2207
38670
250001
30550
17104
14818
60792
153500
2207
14818
118828
14818
250001
30550
60792
133002
2207
153500
2207
30550
88730
30550
88730
30550
98914
56719
118928
139944
250001
140852
2207
73283
67898
30550
226599
73283
2207
104602
17104
30550
2207
73283
67898
30550
250001
139944
250001
30550
250001
30550
2207
30550
67898
73283
67898
30550
98914
196217
250001
132899
60792
14818
67898
14818
2207
139944
250001
30550
2207
30550
88730
38670
2207
30550
2207
14818
2207
139944
250001
14818
2207
14818
2207
30550
2207
133002
250001
139944
250001
30550
2207
30550
2207
30550
2207
56719
2207
140023
2207
139944
67898
73283
2207
30550
2207
73283
88730
104602
2207
30550
88730
73283
2207
30550
2207
140023
2207
30550
2207
30550
78218
30550
2207
73283
2207
30550
2207
139944
2207
132899
2207
14818
2207
14818
60792
140023
2207
47015
2207
30550
67898
46185
17104
14818
60792
30550
2207
14818
67898
14818
67898
46185
60792
30550
2207
30550
2207
42937
67898
54204
67898
64600
67898
30550
67898
30550
67898
30550
2207
30550
88730
47015
67898
30550
2207
30550
17104
55255
2207
30550
88730
47015
67898
30550
67898
83409
67898
135384
2207
54204
88730
30550
78218
41675
67898
30550
67898
30550
60792
14818
88730
14818
2207
30550
67898
30550
2207
46185
2207
14818
2207
30550
88730
14818
2207
14818
2207
46185
2207
30550
88730
30550
88730
42937
2207
47015
2207
47015
2207
30550
2207
30550
2207
30550
67898
30550
2207
100304
2207
30550
132331
30550
2207
47015
118828
30550
2207
100304
2207
30550
2207
47015
2207
47015
78218
47015
2207
30550
2207
41675
2207
30550
2207
30550
2207
14818
2207
14818
60792
30550
2207
30550
17104
14818
60792
38670
2207
14818
118828
14818
250001
30550
60792
38670
2207
38670
2207
30550
88730
30550
88730
30550
98914
38670
118928
38670
250001
38670
2207
38670
67898
30550
226599
38670
2207
38670
17104
30550
2207
38670
67898
30550
250001
38670
250001
30550
250001
30550
2207
30550
67898
38670
67898
30550
98914
38670
250001
38670
60792
14818
67898
14818
2207
38670
250001
14818
17104
30550
2207
14818
17104
14818
17104
72110
17104
30550
2207
30550
2207
42937
17104
46185
17104
46185
17104
30550
17104
30550
17104
30550
2207
30550
17104
46185
17104
30550
2207
30550
250001
46185
2207
30550
17104
46185
17104
30550
17104
46185
17104
46185
2207
46185
17104
30550
17104
41675
17104
30550
17104
30550
17104
14818
17104
14818
2207
30550
17104
14818
2207
21832
60792
21832
60792
14818
119923
14818
2207
14818
2207
14818
60792
14818
60792
14818
60792
14818
60792
14818
60792
14818
2207
14818
60792
14818
60792
14818
2207
14818
17104
14818
2207
14818
60792
14818
60792
14818
60792
14818
60792
14818
2207
14818
60792
14818
60792
14818
60792
14818
60792
14818
118928
16193
60792
64274
2207
14818
60792
14818
2207
14818
2207
30550
2207
133002
250001
167287
250001
30550
2207
30550
2207
30550
2207
56719
2207
139944
2207
140852
67898
73283
2207
30550
2207
73283
88730
104602
2207
30550
88730
73283
2207
30550
2207
139944
2207
30550
2207
30550
78218
30550
2207
73283
2207
30550
2207
153500
2207
132899
2207
14818
2207
14818
60792
139944
2207
68627
118828
14818
60792
14818
2207
14818
2207
14818
88730
14818
88730
14818
98914
14818
118828
14818
118828
14818
2207
14818
67898
14818
118828
14818
2207
14818
17104
14818
2207
14818
67898
14818
118828
14818
118828
14818
118828
14818
2207
14818
67898
14818
67898
14818
98914
14818
118828
14818
60792
16193
67898
21832
2207
14818
118828
14818
60792
14818
2207
14818
2207
14818
88730
14818
88730
14818
98914
14818
118928
14818
250001
14818
2207
14818
67898
14818
226599
14818
2207
14818
17104
14818
2207
14818
67898
14818
250001
14818
250001
14818
250001
14818
2207
14818
67898
14818
67898
14818
98914
14818
250001
14818
60792
16193
67898
21832
2207
14818
250001
30550
2207
30550
2207
42937
60792
46185
60792
46185
60792
30550
60792
30550
60792
30550
2207
30550
60792
46185
60792
30550
2207
30550
17104
46185
2207
30550
60792
46185
60792
30550
60792
46185
60792
46185
2207
46185
60792
30550
60792
41675
60792
30550
60792
30550
118928
14818
60792
14818
2207
30550
60792
133002
250001
30550
2207
30550
2207
30550
2207
56719
2207
133002
2207
133002
67898
73283
2207
30550
2207
73283
88730
104602
2207
30550
88730
73283
2207
30550
2207
133002
2207
30550
2207
30550
78218
30550
2207
73283
2207
30550
2207
133002
2207
132899
2207
14818
2207
14818
60792
133002
2207
30550
2207
30550
2207
30550
2207
56719
2207
139944
2207
140852
67898
73283
2207
30550
2207
73283
88730
104602
2207
30550
88730
73283
2207
30550
2207
139944
2207
30550
2207
30550
78218
30550
2207
73283
2207
30550
2207
153500
2207
132899
2207
14818
2207
14818
60792
139944
2207
42937
92086
42937
88730
30550
88730
30550
88730
30550
2207
30550
67898
42937
88730
30550
2207
30550
17104
42937
2207
30550
67898
42937
88730
30550
88730
42937
88730
42937
2207
42937
67898
30550
67898
41675
88730
30550
88730
30550
60792
14818
67898
14818
2207
30550
88730
54204
88730
30550
88730
30550
88730
30550
2207
30550
67898
47015
88730
30550
2207
30550
17104
54204
2207
30550
67898
47015
88730
30550
88730
54204
88730
54204
2207
63738
67898
30550
67898
41675
88730
30550
88730
30550
60792
14818
67898
14818
2207
30550
88730
30550
98914
30550
98914
30550
2207
30550
67898
47015
98914
30550
2207
30550
17104
55255
2207
30550
67898
47015
98914
30550
98914
64600
98914
64600
2207
54204
67898
30550
67898
41675
118828
30550
98914
30550
60792
14818
67898
14818
2207
30550
98914
56719
118928
56719
2207
56719
67898
30550
118928
56719
2207
56719
17104
30550
2207
56719
67898
30550
118928
56719
118928
30550
118928
30550
2207
30550
67898
56719
67898
30550
98914
56719
118928
56719
60792
14818
67898
14818
2207
56719
118928
139944
2207
73283
67898
30550
226599
73283
2207
104602
17104
30550
2207
73283
67898
30550
250001
142921
250001
30550
250001
30550
2207
30550
67898
73283
67898
30550
98914
139944
250001
132899
60792
14818
67898
14818
2207
142921
250001
73283
2207
30550
2207
73283
67898
104602
2207
30550
67898
73283
2207
30550
2207
139944
2207
30550
2207
30550
67898
30550
2207
73283
2207
30550
2207
140852
2207
132899
2207
14818
2207
14818
60792
139944
2207
30550
67898
142921
2207
73283
17104
30550
2207
140920
119923
30550
67898
73283
67898
30550
67898
30550
2207
30550
98914
142921
78218
30550
67898
73283
67898
73283
60792
14818
98914
14818
2207
73283
67898
30550
2207
30550
17104
47015
2207
30550
67898
139944
226599
30550
226599
47015
226599
47015
2207
47015
67898
30550
67898
41675
98914
30550
226599
30550
60792
14818
67898
14818
2207
30550
226599
73283
2207
30550
118828
140920
2207
30550
2207
73283
2207
30550
2207
30550
78218
30550
2207
145724
2207
30550
2207
73283
2207
73283
2207
14818
2207
14818
60792
73283
2207
30550
2207
73283
17104
30550
17104
104602
17104
30550
17104
30550
2207
30550
17104
73283
17104
30550
17104
104602
17104
104602
17104
14818
17104
14818
2207
104602
17104
30550
2207
47015
2207
30550
2207
55255
2207
55255
78218
54204
2207
30550
2207
41675
2207
30550
2207
30550
2207
14818
2207
14818
60792
30550
2207
30550
67898
73283
67898
30550
67898
30550
2207
30550
98914
140920
78218
30550
67898
73283
67898
73283
60792
14818
98914
14818
2207
73283
67898
30550
250001
47015
250001
47015
2207
47015
67898
30550
67898
41675
98914
30550
250001
30550
60792
14818
67898
14818
2207
30550
250001
30550
250001
30550
2207
30550
67898
73283
67898
30550
98914
139944
250001
132899
60792
14818
67898
14818
2207
250001
250001
83409
2207
54204
67898
30550
67898
41675
98914
30550
250001
30550
60792
14818
67898
14818
2207
30550
250001
54204
2207
30550
2207
41675
2207
30550
2207
30550
2207
14818
2207
14818
60792
30550
2207
30550
78218
41675
67898
30550
67898
30550
60792
14818
186903
14818
2207
30550
67898
30550
67898
73283
67898
73283
60792
14818
78218
14818
2207
73283
67898
30550
98914
30550
60792
14818
67898
14818
2207
30550
98914
132899
60792
14818
67898
14818
2207
139944
250001
14818
60792
14818
2207
132899
60792
16193
2207
14818
67898
14818
2207
