18645
44845
18645
44845
18645
5046
18645
44845
18645
68152
90350
44162
18645
44845
5498
68338
18645
44845
18645
33128
18645
44845
7147
68338
10840
90466
5833
68338
18645
44845
10840
11368
6346
68152
18645
44845
18645
5046
18645
44845
5498
68338
5833
11368
5833
68338
18645
44845
18645
44845
10840
44845
65525
56899
5833
11368
94088
90466
18645
44845
5833
11368
18645
11368
18645
44845
18645
11698
18645
44162
6346
11698
5833
11368
68102
75734
94088
5046
41880
53716
58950
44845
18645
44162
250001
75734
5498
44845
58950
75734
94088
33128
53602
75734
7147
44845
10840
44845
5833
44845
250001
69683
10840
11368
6346
44845
89448
75734
41880
5046
94088
46990
5498
44845
5833
11368
5833
44845
250001
47706
250001
75734
10840
69683
18645
44845
5833
11368
18645
44845
250001
75734
5833
11368
117874
11368
63450
70006
250001
11698
250001
44162
6346
11698
5833
11368
68102
5046
41880
53716
58950
44845
18645
44162
68102
203256
5498
44845
58950
105376
68102
33128
53602
167643
7147
44845
10840
44845
5833
44845
68102
69683
10840
11368
6346
44845
68102
247404
41880
5046
68102
46990
5498
44845
5833
11368
5833
44845
68102
47706
68102
105376
10840
69683
18645
44845
5833
11368
18645
44845
68102
144988
5833
11368
68102
11368
63450
70006
68102
11698
68102
44162
6346
11698
5833
11368
41880
5046
58950
5046
18645
5046
94088
5046
5498
5046
58950
5046
117874
5046
53602
5046
7147
5046
10840
5046
5833
5046
94088
5046
10840
5046
6346
5046
89448
5046
41880
56899
117874
5046
5498
5046
5833
5046
5833
5046
94088
5046
94088
5046
10840
5046
18645
5046
5833
5046
18645
5046
94088
5046
5833
5046
94088
5046
63450
5046
94088
5046
94088
5046
6346
5046
5833
5046
41880
44845
18645
44162
41880
53716
5498
44845
41880
53716
41880
33128
41880
53716
7147
44845
10840
44845
5833
44845
41880
53716
10840
11368
6346
44845
41880
53716
59177
5046
41880
46990
5498
44845
5833
11368
5833
44845
41880
47706
41880
53716
10840
53716
18645
44845
5833
11368
18645
44845
41880
53716
5833
11368
41880
11368
41880
53716
41880
11698
41880
44162
6346
11698
5833
11368
18645
44162
58950
44845
5498
68152
59177
44845
58950
33128
53602
44845
7147
68152
10840
68152
5833
68152
58950
44845
10840
11368
6346
70383
58950
44845
41880
5046
58950
44845
5498
68152
5833
11368
5833
68152
58950
44845
58950
44845
10840
44845
18645
56899
5833
11368
18645
68152
58950
44845
5833
11368
58950
11368
58950
44845
58950
11698
58950
44162
6346
11698
5833
11368
18645
44162
5498
44162
18645
44162
18645
33128
18645
44162
7147
44162
10840
44162
5833
44162
18645
44162
10840
11368
6346
44162
18645
44162
18645
5046
18645
44162
5498
44162
5833
11368
5833
44162
18645
44162
18645
44162
10840
44162
65525
44162
5833
11368
90350
44162
18645
44162
5833
11368
18645
11368
18645
44162
18645
11698
18645
51042
6346
11698
5833
11368
5498
44845
58950
105376
94088
33128
53602
167643
7147
44845
10840
44845
5833
44845
250001
69683
10840
11368
6346
44845
89448
203256
41880
5046
94088
46990
5498
44845
5833
11368
5833
44845
250001
47706
250001
105376
10840
69683
18645
44845
5833
11368
18645
44845
250001
144988
5833
11368
117874
11368
63450
70006
250001
11698
250001
44162
6346
11698
5833
11368
5498
44845
5498
33128
5498
44845
5498
69683
5498
68338
5498
90466
5498
44845
5498
11368
5498
68152
5498
44845
5498
5046
5498
44845
9296
90466
5498
11368
5498
90466
5498
44845
5498
44845
5498
44845
5498
56899
5498
11368
5498
68338
5498
44845
5498
11368
5498
11368
5498
44845
5498
11698
5498
44162
5498
11698
5498
11368
58950
33128
53602
105376
7147
44845
10840
44845
5833
44845
58950
69683
10840
11368
6346
44845
58950
105376
41880
5046
58950
46990
5498
44845
5833
11368
5833
44845
58950
47706
58950
198504
10840
69683
18645
44845
5833
11368
18645
44845
58950
105376
5833
11368
58950
11368
58950
70006
58950
11698
58950
44162
6346
11698
5833
11368
53602
33128
7147
33128
10840
33128
5833
33128
94088
33128
10840
11368
6346
33128
89448
33128
41880
5046
159742
33128
5498
33128
5833
11368
5833
33128
94088
33128
94088
33128
10840
33128
18645
33128
5833
11368
18645
33128
94088
33128
5833
11368
94088
11368
63450
33128
94088
11698
94088
33128
6346
11698
5833
11368
7147
44845
10840
44845
5833
44845
53602
69683
10840
11368
6346
44845
53602
167643
41880
5046
53602
46990
5498
44845
5833
11368
5833
44845
53602
47706
53602
105376
10840
69683
18645
44845
5833
11368
18645
44845
53602
144988
5833
11368
53602
11368
53602
70006
53602
11698
53602
44162
6346
11698
5833
11368
7147
68338
5833
69683
7147
44845
7147
11368
6346
68152
7147
44845
7147
5046
7147
44845
5498
69683
5833
11368
5833
69683
7147
44845
7147
44845
7147
44845
7147
56899
5833
11368
7147
68338
7147
44845
5833
11368
7147
11368
7147
44845
7147
11698
7147
44162
6346
11698
5833
11368
5833
68338
10840
44845
250001
11368
6346
68152
10840
44845
10840
5046
10840
44845
5498
68338
5833
11368
5833
68338
10840
44845
10840
44845
25689
44845
10840
56899
5833
11368
10840
143339
10840
44845
5833
11368
10840
11368
10840
44845
10840
11698
10840
44162
6346
11698
5833
11368
5833
44845
5833
11368
5833
68152
5833
44845
5833
5046
5833
44845
5498
128670
94088
11368
94088
101859
5833
44845
5833
44845
5833
44845
5833
56899
94088
11368
5833
68338
5833
44845
94088
11368
5833
11368
5833
44845
5833
11698
5833
44162
5833
11698
94088
11368
10840
11368
6346
44845
89448
69683
41880
5046
94088
46990
5498
44845
5833
11368
5833
44845
250001
47706
250001
69683
10840
100090
18645
44845
5833
11368
18645
44845
250001
69683
5833
11368
117874
11368
63450
69683
250001
11698
250001
44162
6346
11698
5833
11368
6346
11368
10840
11368
10840
5046
10840
11368
5498
11368
5833
106704
5833
11368
10840
11368
10840
11368
25689
11368
10840
11368
5833
15312
10840
11368
10840
11368
5833
189586
10840
90466
10840
11368
10840
11368
10840
11368
6346
11368
5833
69757
6346
44845
6346
5046
6346
44845
5498
68152
5833
11368
5833
68152
6346
44845
6346
44845
6346
44845
6346
56899
5833
11368
6346
68152
6346
44845
5833
11368
6346
11368
6346
44845
6346
11698
6346
44162
94717
11698
5833
11368
41880
5046
89448
46990
5498
44845
5833
11368
5833
44845
89448
47706
89448
105376
10840
69683
18645
44845
5833
11368
18645
44845
89448
144988
5833
11368
89448
11368
63450
70006
89448
11698
89448
44162
6346
11698
5833
11368
41880
5046
5498
5046
5833
5046
5833
5046
41880
5046
41880
5046
10840
5046
18645
5046
5833
5046
18645
5046
41880
5046
5833
5046
41880
5046
41880
5046
41880
5046
41880
5046
6346
5046
5833
5046
5498
44845
5833
11368
5833
44845
94088
46990
94088
46990
10840
46990
18645
44845
5833
11368
18645
44845
94088
46990
5833
11368
94088
11368
63450
46990
94088
11698
94088
44162
6346
11698
5833
11368
5498
11368
5498
101859
5498
44845
5498
44845
5498
44845
5498
56899
5498
11368
5498
68338
5498
44845
5498
11368
5498
11368
5498
44845
5498
11698
5498
44162
5498
11698
5498
11368
250001
11368
5833
11368
5833
11368
5833
11368
5833
11368
250001
15312
5833
11368
5833
11368
117874
106704
5833
90466
5833
11368
5833
11368
5833
11368
5833
11368
250001
69757
5833
44845
5833
44845
5833
44845
5833
56899
250001
11368
5833
68338
5833
44845
117874
11368
5833
11368
5833
44845
5833
11698
5833
44162
5833
11698
250001
11368
250001
47706
10840
47706
18645
44845
5833
11368
18645
44845
250001
47706
5833
11368
117874
11368
63450
47706
250001
11698
250001
44162
6346
11698
5833
11368
10840
69683
18645
44845
5833
11368
18645
44845
250001
105376
5833
11368
117874
11368
63450
70006
250001
11698
250001
44162
6346
11698
5833
11368
10840
44845
5833
11368
10840
44845
10840
69683
5833
11368
10840
11368
10840
69683
10840
11698
10840
44162
6346
11698
5833
11368
5833
11368
65525
56899
18645
44845
5833
11368
18645
11368
18645
44845
18645
11698
18645
44162
6346
11698
5833
11368
5833
11368
5833
11368
117874
15312
5833
15312
5833
11368
5833
11368
5833
11368
5833
11368
250001
15312
18645
44845
5833
11368
18645
11368
18645
44845
18645
11698
18645
44162
6346
11698
5833
11368
5833
11368
117874
11368
63450
70006
250001
11698
250001
44162
6346
11698
5833
11368
5833
90466
5833
11368
5833
11368
5833
11368
5833
11368
117874
69757
63450
11368
117874
11368
117874
11368
6346
11368
5833
69757
63450
11698
63450
44162
6346
11698
5833
11368
250001
11698
6346
15312
5833
11368
6346
11698
5833
11368
5833
11368
