8501
178466
22460
206782
211591
199124
21290
2547
21256
149799
242919
43787
47131
111285
250001
23306
250001
124859
250001
250001
8501
2459
211591
199124
211591
111285
250001
111285
42222
178466
16511
23306
8501
250001
242919
178466
42222
250001
52242
250001
47131
111285
250001
206782
21256
205925
242919
53941
211591
178466
250001
125144
47131
178466
155513
250001
250001
250001
250001
250001
250001
250001
250001
2459
211591
178466
8501
2547
211591
178466
52242
53941
92260
250001
250001
250001
8501
178466
8501
178466
8501
2547
8501
149799
8501
43787
8501
111285
8501
23306
8501
124859
8501
178466
9441
2459
8501
178466
8501
111285
8501
111285
8501
206782
8501
23306
21642
178466
8501
206782
8501
178466
8501
178466
8501
111285
8501
178466
8501
178466
8501
53941
8501
197771
8501
125144
8501
197771
8501
178466
8501
178466
8501
178466
8501
178466
8501
2459
8501
206782
9441
2547
8501
197771
8501
53941
8501
178466
8501
178466
22460
199124
21290
2547
21256
149799
22460
43787
22460
111285
22460
23306
22460
124859
22460
206782
8501
2459
22460
199124
22460
111285
22460
111285
22460
178466
16511
23306
8501
206782
22460
178466
22460
206782
22460
206782
22460
111285
22460
250001
21256
205925
22460
53941
22460
178466
22460
125144
22460
178466
22460
206782
22460
206782
22460
206782
22460
206782
22460
2459
22460
178466
8501
2547
22460
178466
22460
53941
22460
206782
22460
206782
21290
2547
21256
149799
211591
43787
47131
111285
211591
23306
211591
124859
211591
199124
8501
2459
250001
206782
250001
111285
211591
111285
42222
178466
16511
23306
8501
199124
211591
178466
42222
199124
52242
199124
47131
111285
211591
199124
21256
199124
211591
53941
246561
178466
211591
125144
47131
178466
155513
199124
211591
199124
211591
199124
211591
199124
211591
2459
250001
178466
8501
2547
250001
178466
52242
53941
92260
199124
211591
199124
21256
2547
21290
2547
21290
2547
21290
2547
21290
2547
21290
2547
8501
2459
21290
2547
21290
2547
21290
2547
21290
2547
16511
2547
8501
2547
21290
2547
21290
2547
21290
2547
21290
2547
21290
2547
21256
2547
21290
2547
21290
2547
21290
2547
21290
2547
21290
2547
21290
2547
21290
2547
21290
2547
21290
2459
21290
2547
8501
111285
21290
2547
21290
2547
21290
2547
21290
2547
21256
43787
21256
111285
21256
23306
21256
124859
21256
149799
8501
2459
21256
149799
21256
111285
21256
111285
21256
149799
16511
23306
8501
149799
21256
149799
21256
149799
21256
149799
21256
111285
21256
149799
21266
149799
21256
53941
21256
149799
21256
125144
21256
149799
21256
149799
21256
149799
21256
149799
21256
149799
21256
2459
21256
149799
8501
2547
21256
149799
21256
53941
21256
149799
21256
149799
47131
43787
242919
23306
242919
43787
242919
43787
8501
2459
211591
43787
211591
43787
242919
43787
42222
43787
16511
23306
8501
43787
250001
43787
42222
43787
52242
43787
47131
43787
242919
43787
21256
43787
250001
43787
211591
43787
242919
43787
47131
43787
155513
43787
242919
43787
242919
43787
242919
43787
242919
2459
211591
43787
8501
2547
211591
43787
52242
43787
92260
43787
242919
43787
47131
23306
47131
111285
47131
111285
8501
2459
47131
111285
47131
178466
47131
178466
42222
111285
16511
23306
8501
111285
47131
111285
42222
111285
47131
111285
250001
197771
47131
111285
21256
111285
47131
53941
47131
111285
47131
111285
250001
111285
47131
111285
47131
111285
47131
111285
47131
111285
47131
2459
47131
111285
8501
2547
47131
111285
47131
53941
47131
111285
47131
111285
250001
23306
250001
23306
8501
2459
211591
23306
211591
23306
250001
23306
42222
23306
16511
250001
8501
23306
242919
23306
42222
23306
52242
23306
47131
23306
250001
23306
21256
23306
242919
23306
211591
23306
250001
23306
47131
23306
155513
23306
250001
23306
250001
23306
250001
23306
250001
2459
211591
23306
8501
2547
211591
23306
52242
23306
92260
23306
250001
23306
250001
124859
8501
2459
211591
124859
211591
111285
250001
111285
42222
124859
16511
23306
8501
124859
242919
124859
42222
124859
52242
124859
47131
111285
250001
124859
21256
124859
242919
53941
211591
124859
250001
124859
47131
124859
155513
124859
250001
124859
250001
124859
250001
124859
250001
2459
211591
124859
8501
2547
211591
124859
52242
53941
92260
124859
250001
124859
8501
2459
211591
199124
211591
111285
250001
111285
42222
178466
16511
23306
8501
250001
242919
178466
42222
250001
52242
250001
47131
111285
250001
206782
21256
205925
242919
53941
211591
178466
250001
125144
47131
178466
155513
250001
250001
250001
250001
250001
250001
250001
250001
2459
211591
178466
8501
2547
211591
178466
52242
53941
92260
250001
250001
250001
8501
2459
8501
2459
8501
2459
8501
2459
8501
2459
9441
2459
8501
2459
8501
2459
8501
2459
8501
2459
8501
2459
8501
2459
8501
2459
8501
2459
8501
2459
8501
2459
8501
2459
8501
2459
8501
2459
8501
2459
8501
48140
8501
2459
15872
2459
8501
2459
8501
2459
8501
2459
8501
2459
250001
111285
211591
111285
42222
178466
16511
23306
8501
199124
211591
178466
42222
199124
52242
199124
47131
111285
211591
199124
21256
199124
211591
53941
246561
178466
211591
125144
47131
178466
155513
199124
211591
199124
211591
199124
211591
199124
211591
2459
250001
178466
8501
2547
250001
178466
52242
53941
92260
199124
211591
199124
211591
250001
42222
111285
16511
23306
8501
111285
211591
111285
42222
111285
52242
111285
47131
178466
211591
111285
21256
111285
211591
53941
246561
111285
211591
111285
47131
111285
155513
111285
211591
111285
211591
111285
211591
111285
211591
2459
250001
111285
8501
2547
250001
111285
52242
53941
92260
111285
211591
111285
42222
111285
16511
23306
8501
111285
242919
111285
42222
111285
52242
111285
47131
178466
250001
111285
21256
111285
242919
53941
211591
111285
250001
111285
47131
111285
155513
111285
250001
111285
250001
111285
250001
111285
250001
2459
211591
111285
8501
2547
211591
111285
52242
53941
92260
111285
250001
111285
16511
23306
8501
178466
42222
250001
49100
178466
42222
178466
42222
111285
42222
178466
21256
178466
42222
53941
42222
197771
42222
125144
42222
197771
42222
178466
42222
178466
42222
178466
42222
178466
42222
2459
42222
250001
8501
2547
42222
197771
42222
53941
42222
178466
42222
178466
8501
23306
16511
23306
16511
23306
16511
23306
16511
23306
16511
23306
16511
23306
16511
23306
16511
23306
16511
23306
16511
23306
16511
23306
16511
23306
16511
23306
16511
23306
16511
2459
16511
23306
8501
2547
16511
23306
16511
23306
16511
23306
16511
23306
8501
178466
8501
250001
8501
250001
8501
111285
8501
206782
8501
205925
8501
53941
8501
178466
8501
125144
8501
178466
8501
250001
8501
250001
8501
250001
8501
250001
8501
2459
8501
178466
9441
2547
8501
178466
8501
53941
8501
250001
8501
250001
42222
178466
52242
178466
47131
111285
242919
178466
21256
178466
250001
53941
211591
197771
242919
125144
47131
197771
155513
178466
242919
178466
242919
178466
242919
178466
242919
2459
211591
250001
8501
2547
211591
197771
52242
53941
92260
178466
242919
178466
42222
250001
42222
111285
42222
206782
21256
205925
42222
53941
42222
178466
42222
125144
42222
178466
42222
250001
42222
250001
42222
250001
42222
250001
42222
2459
42222
178466
8501
2547
42222
178466
42222
53941
42222
250001
42222
250001
47131
111285
52242
206782
21256
205925
52242
53941
52242
178466
52242
125144
47131
178466
52242
250001
52242
250001
52242
250001
52242
250001
52242
2459
52242
178466
8501
2547
52242
178466
60891
53941
52242
250001
52242
250001
47131
111285
21256
111285
47131
53941
47131
111285
47131
111285
250001
111285
47131
111285
47131
111285
47131
111285
47131
111285
47131
2459
47131
111285
8501
2547
47131
111285
47131
53941
47131
111285
47131
111285
21256
205925
242919
53941
211591
178466
250001
125144
47131
178466
155513
206782
250001
206782
250001
206782
250001
206782
250001
2459
211591
178466
8501
2547
211591
178466
52242
53941
92260
206782
250001
206782
21256
53941
21256
178466
21256
125144
21256
178466
21256
205925
21256
205925
21256
205925
21256
205925
21256
2459
21256
178466
8501
2547
21256
178466
21256
53941
21256
205925
21256
205925
211591
53941
242919
53941
47131
53941
155513
53941
242919
53941
242919
53941
242919
53941
242919
2459
211591
53941
8501
2547
211591
53941
52242
56295
92260
53941
242919
53941
211591
125144
47131
205702
155513
178466
211591
178466
211591
178466
211591
178466
211591
2459
246561
197771
8501
2547
246561
205702
52242
53941
92260
178466
211591
178466
47131
125144
155513
125144
250001
125144
250001
125144
250001
125144
250001
2459
211591
125144
8501
2547
211591
125144
52242
53941
92260
125144
250001
125144
47131
178466
47131
178466
47131
178466
47131
178466
47131
2459
47131
197771
8501
2547
47131
250001
47131
53941
47131
178466
47131
178466
155513
250001
155513
250001
155513
250001
155513
2459
155513
178466
8501
2547
155513
178466
52242
53941
92260
250001
155513
250001
250001
250001
250001
250001
250001
2459
211591
178466
8501
2547
211591
178466
52242
53941
92260
250001
250001
250001
250001
250001
250001
2459
211591
178466
8501
2547
211591
178466
52242
53941
92260
250001
250001
250001
250001
2459
211591
178466
8501
2547
211591
178466
52242
53941
92260
250001
250001
250001
211591
2459
8501
2459
211591
2459
52242
2459
92260
2459
250001
2459
8501
2547
250001
197771
52242
53941
92260
178466
211591
178466
8501
2547
8501
2547
8501
2547
8501
2547
52242
53941
92260
178466
211591
178466
52242
53941
52242
53941
92260
250001
