22447
51085
55197
51085
764
54386
764
7540
22447
51085
47783
9132
22447
7606
22447
7836
764
7540
764
7540
764
7540
22447
6899
22447
8008
764
7540
22447
9020
22447
3246
22447
7836
22447
7606
22447
7606
22447
6899
22447
51085
22447
7606
22447
51085
764
9020
22447
6899
22447
28318
22447
51085
90935
51085
22447
32252
764
51085
764
7540
764
629
22447
7606
764
7540
764
629
22447
71366
764
51085
764
7540
56500
54386
22447
9132
55197
7606
91380
7836
764
7540
764
7540
764
7540
152927
6899
152927
8008
764
7540
31058
9020
152927
3246
71885
7836
49060
7606
23641
7606
152927
6899
94975
71366
110856
7606
49060
54386
764
9020
32710
6899
49060
28318
49060
54386
22447
71366
31058
32252
764
71366
764
7540
764
629
31058
7606
764
7540
764
629
764
51085
764
7540
22447
54386
47783
9132
22447
7606
22447
7836
764
7540
764
7540
764
7540
22447
6899
22447
8008
764
7540
22447
9020
22447
3246
22447
7836
22447
7606
22447
7606
22447
6899
22447
85915
22447
7606
22447
54386
764
9020
22447
6899
22447
28318
22447
54386
55197
92126
22447
32252
764
99851
764
7540
764
629
22447
7606
764
7540
764
629
31058
7540
764
51085
764
9132
764
7606
764
7836
110954
7540
71885
7540
177992
7540
764
6899
764
8008
79429
7540
764
9020
764
3246
764
7836
764
7606
764
7606
764
6899
764
51085
764
7606
764
51085
22447
9020
764
6899
764
28318
764
51085
764
51085
764
32252
31058
51085
31058
7540
91380
629
764
7606
56500
7540
23641
629
764
7540
764
7540
764
7540
764
7540
31058
13231
31058
44317
31058
54248
764
6899
764
7540
31058
118203
764
7540
764
3246
764
7540
764
7540
764
7540
764
6899
764
7540
764
7540
764
7540
22447
7540
764
6899
764
7540
764
7540
764
7540
764
7540
102692
7540
110954
83140
31058
629
764
7540
31058
52225
23641
629
22447
9132
55197
7606
56500
7836
764
7540
764
7540
764
7540
56500
6899
56500
8008
764
7540
31058
9020
56500
3246
56500
7836
49060
7606
23641
7606
56500
6899
56500
54386
56500
7606
49060
138915
764
9020
32710
6899
49060
28318
49060
112841
22447
54386
31058
32252
764
54386
764
7540
764
629
31058
7606
764
7540
764
629
22447
7606
22447
7836
764
7540
764
7540
764
7540
22447
6899
22447
8008
764
7540
22447
9020
22447
3246
22447
7836
22447
7606
22447
7606
22447
6899
22447
9132
22447
7606
22447
9132
764
9020
22447
6899
22447
9132
22447
9132
47783
9132
22447
9132
764
9132
764
7540
764
629
22447
7606
764
7540
764
629
55197
7606
764
7540
764
7540
764
7540
55197
6899
55197
7606
764
7540
31058
7606
55197
3246
55197
7606
49060
9703
23641
7836
55197
6899
55197
7606
55197
7779
49060
7606
764
7606
32710
6899
49060
7606
49060
7606
22447
7606
31058
7606
764
7606
764
7540
764
629
31058
9132
764
7540
764
629
764
7540
764
7540
764
7540
91380
6899
91380
7836
764
7540
31058
7836
91380
3246
71885
51085
49060
7606
23641
7606
91380
6899
91380
7836
91380
7606
49060
7836
764
7836
32710
6899
49060
7836
49060
7836
22447
7836
31058
7836
764
7836
764
7540
764
629
31058
7606
764
7540
764
629
71885
13231
110954
13231
764
6899
764
7540
79429
13231
764
7540
764
3246
764
7540
764
7540
764
7540
764
6899
764
7540
764
7540
764
7540
22447
7540
764
6899
764
7540
764
7540
764
7540
764
7540
31058
7540
31058
13231
91380
629
764
7540
56500
13231
23641
629
71885
44317
764
6899
764
7540
71885
44317
764
7540
764
3246
764
7540
764
7540
764
7540
764
6899
764
7540
764
7540
764
7540
22447
7540
764
6899
764
7540
764
7540
764
7540
764
7540
31058
7540
31058
44317
71885
629
764
7540
56500
44317
23641
629
764
6899
764
7540
79429
54248
764
7540
764
3246
764
7540
764
7540
764
7540
764
6899
764
7540
764
7540
764
7540
22447
7540
764
6899
764
7540
764
7540
764
7540
764
7540
31058
7540
31058
54248
91380
629
764
7540
56500
52225
23641
629
153425
6899
764
6899
31058
6899
177992
3246
71885
6899
49060
6899
23641
6899
250001
7606
94975
6899
110856
6899
49060
6899
764
6899
32710
7606
49060
6899
49060
6899
22447
6899
31058
6899
764
6899
764
6899
764
629
31058
6899
764
6899
764
629
764
7540
31058
8008
153425
3246
71885
7836
49060
7606
23641
7606
153425
6899
94975
8008
110856
7606
49060
8008
764
8008
32710
6899
49060
8008
49060
8008
22447
8008
31058
8008
764
8008
764
7540
764
629
31058
7606
764
7540
764
629
764
7540
764
3246
764
7540
764
7540
764
7540
764
6899
764
7540
764
7540
764
7540
22447
7540
764
6899
764
7540
764
7540
764
7540
764
7540
31058
7540
31058
83140
79429
629
764
7540
56500
52225
23641
629
31058
3246
31058
7836
31058
7606
23641
7606
31058
6899
31058
9020
31058
7606
31058
9020
764
11442
31058
6899
31058
9020
31058
9020
22447
9020
49060
9020
764
9020
764
7540
764
629
110856
7606
764
7540
764
629
71885
3246
49060
3246
23641
3246
177992
3246
94975
3246
110856
3246
49060
3246
764
3246
32710
3246
49060
3246
49060
3246
22447
3246
31058
3246
764
3246
764
3246
764
629
31058
3246
764
3246
764
629
49060
7606
23641
7606
71885
6899
71885
7836
71885
7606
49060
7836
764
7836
32710
6899
49060
7836
49060
7836
22447
7836
31058
7836
764
7836
764
7540
764
629
31058
7606
764
7540
764
629
23641
7836
49060
6899
49060
7606
49060
7779
91380
7606
764
7606
32710
6899
91753
7606
91753
7606
22447
7606
31058
7606
764
7606
764
7540
764
629
31058
9132
764
7540
764
629
23641
6899
23641
7606
23641
7779
23641
7606
764
7606
23641
6899
23641
7606
23641
7606
22447
7606
23641
7606
764
7606
764
7540
764
629
23641
7836
764
7540
764
629
94975
6899
110856
6899
49060
6899
764
6899
32710
150040
49060
6899
49060
6899
22447
6899
31058
6899
764
6899
764
6899
764
629
31058
6899
764
6899
764
629
94975
7606
49060
54386
764
9020
32710
6899
49060
28318
49060
54386
22447
85915
31058
32252
764
85915
764
7540
764
629
31058
7606
764
7540
764
629
49060
7606
764
7606
32710
6899
49060
7606
49060
7606
22447
7606
31058
7606
764
7606
764
7540
764
629
31058
7779
764
7540
764
629
764
9020
32710
6899
91380
28318
91380
112841
22447
54386
31058
32252
764
54386
764
7540
764
629
31058
7606
764
7540
764
629
764
6899
764
9020
764
9020
764
9020
764
9020
22447
9020
22447
7540
22447
629
764
7606
22447
7540
22447
629
32710
6899
32710
6899
22447
6899
31058
6899
764
6899
764
6899
764
629
31058
6899
764
6899
764
629
145538
28318
22447
28318
31058
28318
764
28318
764
7540
764
629
31058
7606
764
7540
764
629
22447
54386
31058
32252
764
54386
764
7540
764
629
31058
7606
764
7540
764
629
22447
32252
764
92126
764
7540
764
629
22447
7606
764
7540
764
629
764
32252
764
7540
764
629
49060
7606
764
7540
764
629
102692
7540
31058
629
764
7606
31058
7540
23641
629
31058
629
764
7540
31058
52225
23641
629
764
629
56500
629
23641
3698
764
7540
764
629
23641
629
