13890
1285
13890
26564
13890
1257
12451
1257
12451
11770
4927
1257
12451
1257
12451
11770
4927
72613
13480
30246
12451
1257
12451
7898
13480
1257
12451
1257
13890
1257
12451
31548
13480
11770
12451
1257
12451
355
13890
1257
12451
11770
13890
72613
45812
31548
13480
11770
14254
11770
13480
1257
13480
1257
12451
1066
12451
11770
13480
11770
12451
11770
12451
1257
12451
355
12451
11770
14914
1285
14467
1257
12451
1257
12451
1285
4927
1257
12451
1257
12451
1285
4927
1285
13480
1285
12451
1257
12451
1285
13480
1257
12451
1257
14914
1257
12451
1285
13480
1285
12451
1257
12451
355
14914
1257
12451
1285
14914
1285
13890
1285
13480
1285
13890
1285
13480
1257
13480
1257
12451
1066
12451
1285
13480
1285
12451
1285
12451
1257
12451
355
12451
1285
14467
1257
12451
1257
12451
11770
4927
1257
12451
1257
12451
11770
4927
26564
13480
26564
12451
1257
12451
7898
13480
1257
12451
1257
123571
1257
12451
26564
13480
11770
12451
1257
12451
355
27863
1257
12451
11770
49991
26564
13890
26564
13480
11770
13890
11770
13480
1257
13480
1257
12451
1066
12451
11770
13480
11770
12451
11770
12451
1257
12451
355
12451
11770
12451
1285
12451
1257
4927
1285
12451
1285
12451
1257
4927
1257
13480
1257
12451
1285
12451
1257
13480
1285
12451
47591
14467
1285
12451
1257
13480
1257
12451
1285
12451
355
14467
1285
12451
1257
14467
1257
13890
1257
13480
1257
13890
1257
13480
1285
13480
1285
12451
1066
12451
1257
13480
1257
12451
1257
12451
1285
12451
355
12451
1257
13109
1257
4927
5425
13109
6984
13109
1257
4927
1257
12451
1257
13480
5425
13109
1257
12451
5425
13109
1285
12451
5425
13109
1257
12451
1257
13109
5425
13480
355
12451
5425
13109
1257
12451
1257
12451
1257
12451
1257
12451
1257
12451
5425
12451
5425
13109
1066
13109
1257
12451
1257
13109
1257
13109
2368
13109
355
13109
1257
4927
1257
13558
1257
79309
43202
4927
11770
12451
11770
13109
1257
13558
7898
12451
1257
13558
1257
12451
1257
79309
11770
12451
31548
31006
1257
13109
355
12451
1257
13558
72613
12451
11770
12451
11770
12451
25432
12451
31548
12451
1257
12451
1257
79309
1066
79309
48226
12451
31548
13558
62259
13890
1257
13558
355
26251
71989
4927
5425
4927
1257
14467
1257
4927
1257
4927
6984
4927
1257
4927
63833
4927
1285
4927
25432
4927
1257
4927
1257
4927
11770
4927
355
4927
11770
4927
1257
4927
1257
4927
1257
4927
1257
4927
1257
4927
61379
4927
6984
4927
1066
4927
1257
4927
1257
4927
1257
4927
2368
4927
355
4927
1257
13558
1257
4927
1257
12451
1257
13109
5425
123225
1257
12451
5425
13890
1285
12451
5425
13558
1257
12451
1257
13558
5425
13109
355
12451
5425
49991
1257
12451
1257
12451
1257
12451
1257
12451
1257
12451
5425
12451
5425
13558
1066
13558
1257
12451
1257
13890
1257
13558
2368
123225
355
13558
1257
4927
11770
12451
11770
13109
1257
13558
7898
12451
1257
13558
1257
12451
1257
225334
11770
12451
31548
31006
1257
13109
355
12451
1257
13558
43202
12451
11770
12451
11770
12451
25432
12451
31548
12451
1257
12451
1257
164744
1066
250001
43202
12451
31548
13558
43202
13890
1257
13558
355
26251
43202
4927
30246
4927
1257
4927
7898
4927
1257
4927
1257
4927
1257
4927
31548
4927
11770
4927
1257
4927
355
4927
1257
4927
11770
4927
83102
4927
31548
4927
11770
4927
11770
4927
1257
4927
1257
4927
1066
4927
11770
4927
11770
4927
11770
4927
1257
4927
355
4927
11770
12451
1257
12451
7898
31582
1257
12451
1257
13480
1257
12451
30246
31582
11770
12451
1257
12451
355
13480
1257
12451
11770
13480
30246
13480
30246
13558
11770
13480
11770
31582
1257
31582
1257
12451
1066
12451
11770
14254
11770
12451
11770
12451
1257
12451
355
12451
11770
13109
1257
12451
6984
13109
1285
12451
6984
13109
1257
12451
1257
13109
6984
123225
355
12451
6984
13109
1257
12451
1257
12451
1257
12451
1257
12451
1257
12451
6984
12451
25432
13109
1066
13109
1257
12451
1257
13109
1257
13109
2368
13109
355
13109
1257
12451
1257
13890
1257
12451
1257
13558
7898
12451
7898
13558
1257
13109
355
12451
1257
49991
7898
12451
7898
12451
7898
12451
7898
12451
7898
12451
1257
12451
1257
13558
1066
13558
7898
12451
7898
13890
7898
13558
1257
131177
355
13558
7898
12451
1285
13480
25432
12451
1257
59896
1257
12451
11770
12451
355
13480
11770
12451
1257
13480
1257
13480
1257
13558
1257
13480
1257
51104
61379
49991
6984
12451
1066
12451
1257
14254
1257
12451
1257
12451
2368
12451
355
12451
1257
12451
1285
13558
1257
12451
1257
13558
1285
13109
355
12451
1285
13890
1257
12451
1257
12451
1257
12451
1257
12451
1257
12451
1285
12451
1285
13558
1066
13558
1257
12451
1257
14914
1257
13558
1285
13890
355
13558
1257
12451
1257
13480
1257
12451
11770
12451
355
27863
11770
12451
1257
49991
1257
13890
1257
13480
1257
13890
1257
13480
25432
13480
6984
12451
1066
12451
1257
13480
1257
12451
1257
12451
2368
12451
355
12451
1257
12451
11770
31006
1257
13109
355
12451
1257
13558
11770
12451
31548
12451
47591
12451
11770
12451
11770
12451
1257
12451
1257
164744
1066
225334
11770
12451
11770
13558
11770
13890
1257
13558
355
26251
11770
12451
1257
12451
355
13480
1257
12451
31548
13480
11770
13480
11770
13558
25432
13480
63833
51104
1257
49991
1257
12451
1066
12451
31548
14254
133853
12451
31548
12451
1257
12451
355
12451
31548
13109
355
12451
47591
13558
1257
12451
1257
12451
1257
12451
1257
12451
1257
12451
11770
12451
6984
31006
1066
31006
1257
12451
1257
13558
1257
13890
2368
13558
355
26251
1257
12451
355
13109
355
12451
355
12451
355
12451
355
12451
355
12451
355
12451
355
13109
355
13109
355
12451
355
13109
355
13109
355
13109
1066
13109
355
12451
1257
27863
1257
13890
1257
13480
1257
13890
1257
13480
11770
13480
6984
12451
1066
12451
1257
13480
1257
12451
1257
12451
2368
12451
355
12451
1257
12451
11770
12451
11770
12451
25432
12451
31548
12451
1257
12451
1257
13558
1066
13558
48226
12451
31548
13890
62259
13558
1257
49991
355
13558
71989
13890
31548
13480
11770
13890
11770
13480
1257
13480
1257
12451
1066
12451
11770
13480
11770
12451
11770
12451
1257
12451
355
12451
11770
13480
11770
14254
11770
13480
25432
13480
1257
13558
1257
13480
1257
13558
1257
12451
1066
12451
1066
12451
11770
12451
25432
13480
11770
13558
25432
12451
11770
12451
25432
12451
1257
12451
1257
12451
355
12451
355
12451
11770
12451
25432
13480
1257
13480
1257
12451
1066
12451
31548
13480
63833
12451
31548
12451
1257
12451
355
12451
31548
49991
6984
12451
1066
12451
1257
14254
1257
12451
1257
12451
2368
12451
355
12451
1257
12451
1066
12451
1257
14254
1257
12451
1257
12451
2368
12451
355
12451
1257
164744
1066
12451
1066
13558
1066
13890
1066
13558
355
26251
1066
12451
31548
13558
48226
13890
1257
13558
355
26251
48226
12451
31548
12451
1257
12451
355
12451
31548
13558
1257
13890
355
13558
62259
13558
355
13890
1257
13558
355
