35094
250001
35094
177064
35094
191979
35094
191979
35094
250001
132519
250001
35094
10634
152617
116062
35094
179930
35094
250001
35094
85322
35094
250001
35094
85322
35094
80757
35094
10634
35094
250001
35094
234575
152617
250001
35094
250001
35094
250001
35094
250001
46889
246419
35094
83839
35094
85322
35094
250001
35094
230025
35094
177064
35094
85322
35094
80757
35094
85322
152617
86420
35094
250001
35094
227223
35094
83839
124802
177064
124802
191979
124802
191979
114803
250001
35094
250001
124802
10634
35094
116062
124802
179930
80648
250001
46889
85322
172493
250001
122281
85322
124802
80757
124802
10634
80648
250001
124802
234575
35094
250001
124802
250001
124802
250001
124802
250001
35094
246419
122281
83839
124802
85322
124802
250001
124802
230025
124802
177064
124802
85322
124802
80757
124802
85322
35094
86420
124802
250001
124802
227223
124802
83839
250001
177064
250001
177064
114803
177064
35094
177064
211807
10634
35094
116062
152617
177064
80648
177064
46889
85322
124802
177064
122281
85322
172493
80757
250001
10634
80648
177064
250001
177064
35094
177064
250001
177064
250001
177064
250001
177064
35094
177064
122281
83839
250001
85322
250001
177064
250001
177064
250001
179930
250001
85322
250001
80757
250001
85322
35094
86420
181395
177064
250001
177064
250001
83839
250001
250001
114803
191979
35094
191979
211807
10634
35094
116062
152617
179930
80648
191979
46889
85322
124802
191979
122281
85322
172493
80757
250001
10634
80648
191979
250001
191979
35094
191979
250001
191979
250001
191979
250001
191979
35094
191979
122281
83839
250001
85322
250001
191979
250001
191979
250001
177064
250001
85322
250001
80757
250001
85322
35094
86420
181395
191979
250001
191979
250001
83839
114803
191979
35094
191979
211807
10634
35094
116062
152617
179930
80648
191979
46889
85322
124802
191979
122281
85322
172493
80757
250001
10634
80648
191979
250001
191979
35094
191979
250001
191979
250001
191979
250001
191979
35094
191979
122281
83839
250001
85322
250001
191979
250001
191979
250001
177064
250001
85322
250001
80757
250001
85322
35094
86420
181395
191979
250001
191979
250001
83839
35094
250001
114803
10634
35094
116062
114803
179930
80648
250001
46889
85322
114803
250001
114803
85322
114803
80757
114803
10634
80648
250001
114803
234575
35094
250001
114803
250001
114803
250001
114803
250001
35094
246419
114803
83839
114803
85322
114803
250001
114803
230025
114803
177064
114803
85322
114803
80757
114803
85322
35094
86420
114803
250001
114803
227223
114803
83839
35094
10634
132519
116062
35094
179930
35094
250001
35094
85322
35094
250001
35094
85322
35094
80757
35094
10634
35094
250001
35094
234575
132519
250001
35094
250001
35094
250001
35094
250001
46889
246419
35094
83839
35094
85322
35094
250001
35094
230025
35094
177064
35094
85322
35094
80757
35094
85322
132519
86420
35094
250001
35094
227223
35094
83839
35094
10634
152617
10634
80648
10634
46889
10634
124802
10634
122281
10634
172493
10634
211807
250001
80648
10634
211807
10634
35094
10634
211807
10634
211807
10634
211807
10634
35094
10634
122281
10634
211807
10634
211807
10634
211807
10634
211807
10634
211807
10634
211807
10634
211807
10634
35094
10634
181395
10634
211807
10634
211807
10634
35094
116062
35094
116062
35094
85322
35094
116062
35094
85322
35094
80757
35094
10634
35094
116062
35094
116062
158695
116062
35094
116062
35094
116062
35094
116062
46889
116062
35094
83839
35094
85322
35094
116062
35094
116062
35094
116062
35094
85322
35094
80757
35094
85322
172493
86420
35094
116062
35094
116062
35094
83839
80648
179930
46889
85322
124802
179930
122281
85322
152617
80757
152617
10634
80648
179930
152617
179930
35094
179930
152617
179930
152617
179930
152617
179930
35094
179930
122281
83839
152617
85322
152617
179930
152617
179930
152617
177064
152617
85322
152617
80757
152617
85322
35094
86420
152617
179930
152617
179930
152617
83839
46889
85322
80648
250001
80648
85322
80648
80757
80648
10634
172493
250001
80648
234575
35094
250001
80648
250001
80648
250001
80648
250001
35094
246419
80648
83839
80648
85322
80648
250001
80648
230025
80648
177064
80648
85322
80648
80757
80648
85322
35094
86420
80648
250001
80648
227223
80648
83839
46889
85322
46889
227223
46889
80757
46889
10634
46889
85322
46889
85322
35094
85322
46889
85322
46889
85322
46889
85322
35094
85322
46889
83839
46889
243866
46889
85322
46889
85322
46889
85322
46889
234575
46889
80757
46889
86673
35094
85322
46889
85322
46889
85322
46889
83839
122281
85322
124802
80757
124802
10634
80648
250001
124802
234575
35094
250001
124802
250001
124802
250001
124802
250001
35094
246419
122281
83839
124802
85322
124802
250001
124802
230025
124802
177064
124802
85322
124802
80757
124802
85322
35094
86420
124802
250001
124802
227223
124802
83839
122281
80757
122281
10634
80648
85322
122281
85322
35094
85322
122281
85322
122281
85322
122281
85322
35094
85322
250001
83839
122281
227223
122281
85322
122281
85322
122281
85322
122281
227223
122281
80757
122281
86673
35094
85322
122281
85322
122281
85322
122281
83839
172493
10634
80648
80757
172493
80757
35094
80757
172493
80757
172493
80757
172493
80757
35094
80757
122281
80757
172493
80757
172493
80757
172493
80757
172493
80757
172493
80757
172493
85392
172493
80757
35094
80757
172493
80757
172493
80757
172493
80757
80648
10634
250001
10634
35094
10634
250001
10634
250001
10634
250001
10634
35094
10634
122281
10634
250001
10634
250001
10634
250001
10634
250001
10634
250001
10634
250001
10634
250001
10634
35094
10634
181395
10634
250001
10634
250001
10634
80648
234575
35094
250001
80648
250001
80648
250001
80648
250001
35094
246419
80648
83839
80648
85322
80648
250001
80648
230025
80648
177064
80648
85322
80648
80757
80648
85322
35094
86420
80648
250001
80648
227223
80648
83839
35094
234575
250001
234575
250001
234575
250001
234575
35094
234575
122281
83839
250001
85322
250001
234575
250001
230025
250001
177064
250001
85322
250001
80757
250001
85322
35094
86420
181395
234575
250001
227223
250001
83839
35094
250001
35094
250001
35094
250001
46889
246419
35094
83839
35094
85322
35094
250001
35094
230025
35094
177064
35094
85322
35094
80757
35094
85322
158695
86420
35094
250001
35094
227223
35094
83839
250001
250001
250001
250001
35094
246419
122281
83839
250001
85322
250001
250001
250001
230025
250001
177064
250001
85322
250001
80757
250001
85322
35094
86420
181395
250001
250001
227223
250001
83839
250001
250001
35094
246419
122281
83839
250001
85322
250001
250001
250001
230025
250001
177064
250001
85322
250001
80757
250001
85322
35094
86420
181395
250001
250001
227223
250001
83839
35094
246419
122281
83839
250001
85322
250001
250001
250001
230025
250001
177064
250001
85322
250001
80757
250001
85322
35094
86420
181395
250001
250001
227223
250001
83839
35094
83839
35094
85322
35094
246419
35094
230025
35094
177064
35094
85322
35094
80757
35094
85322
46889
86420
35094
246419
35094
227223
35094
83839
122281
83839
122281
83839
122281
83839
122281
83839
122281
83839
122281
80757
122281
83839
35094
83839
122281
83839
122281
83839
122281
87145
250001
85322
250001
85322
250001
85322
250001
234575
250001
80757
250001
86673
35094
85322
181395
85322
250001
85322
250001
83839
250001
230025
250001
177064
250001
85322
250001
80757
250001
85322
35094
86420
181395
250001
250001
227223
250001
83839
250001
177064
250001
85322
250001
80757
250001
85322
35094
86420
181395
230025
250001
227223
250001
83839
250001
85322
250001
80757
250001
85322
35094
86420
181395
177064
250001
177064
250001
83839
250001
80757
250001
86673
35094
85322
181395
85322
250001
85322
250001
83839
250001
80757
35094
80757
181395
80757
250001
80757
250001
80757
35094
85322
181395
85322
250001
85322
250001
83839
35094
86420
35094
86420
35094
83839
181395
227223
181395
83839
250001
83839
