29378
3001
85443
7722
33805
41911
85443
7722
19980
250001
30132
7722
85443
7722
85396
7722
30132
231553
31781
7722
29378
3001
38831
7722
46426
19515
30754
72801
131384
7722
29378
3001
29378
7722
30132
146908
33805
41911
69715
19515
38603
7722
131384
7158
85443
7722
19980
119707
31781
250001
30754
3001
85396
250001
58457
85978
85443
7722
29378
3001
85443
7722
30132
69384
31781
250001
29378
3001
38603
7722
30754
3001
30132
7722
29378
3001
29378
3001
29378
3001
29378
3001
19980
3001
29378
3001
29378
3001
29378
3001
29378
3001
29378
3001
29687
56482
29378
3001
29378
3001
29378
3001
29378
3001
69812
92698
29687
3001
29378
3001
29378
3001
29378
3001
29378
3001
29378
3001
29378
3001
19980
3001
29378
3001
29378
90196
29378
3001
29378
3001
29378
3001
69715
90196
29378
3001
29378
3001
29378
3001
84575
97549
29378
3001
29378
18817
29378
3001
69812
33810
33805
7722
250001
119707
19980
7722
30132
41911
248984
104014
85396
91604
30132
7722
31781
100390
29378
3001
38831
18812
46426
7722
30754
7722
85443
119707
29378
3001
29378
119707
30132
7722
33805
7722
69715
7722
38603
119707
85443
7158
250001
98649
19980
7722
31781
7722
30754
3001
85396
7722
58457
7722
191923
98649
29378
3001
117317
119707
30132
7722
31781
7722
29378
3001
38603
146908
30754
3001
30132
15929
29378
3001
33805
7722
19980
41911
30132
7722
33805
7722
33805
7722
30132
41911
31781
7722
29378
3001
33805
7722
33805
19515
30754
41911
33805
7722
29378
3001
29378
7722
30132
41911
58610
116296
33805
19515
33805
7722
33805
7158
33805
7722
19980
41911
31781
41911
30754
3001
33805
41911
33805
41911
33805
7722
29378
3001
33805
7722
30132
41911
31781
41911
29378
3001
33805
7722
30754
3001
30132
7722
29378
3001
19980
7722
30132
41911
248984
104014
85396
91604
30132
7722
31781
100390
29378
3001
38831
18812
46426
7722
30754
7722
85443
250001
29378
3001
29378
213138
30132
7722
33805
7722
69715
7722
38603
170727
85443
7158
250001
98649
19980
7722
31781
7722
30754
3001
85396
7722
58457
7722
191923
98649
29378
3001
117317
250001
30132
7722
31781
7722
29378
3001
38603
119707
30754
3001
30132
15929
29378
3001
19980
7722
19980
7722
19980
7722
19980
231553
19980
7722
19980
3001
19980
7722
19980
19515
19980
72801
19980
7722
19980
3001
19980
7722
19980
146908
19980
41911
19980
19515
19980
7722
19980
7158
19980
7722
30754
119707
19980
250001
19980
3001
19980
250001
19980
85978
19980
7722
19980
3001
19980
7722
19980
69384
19980
250001
19980
3001
19980
7722
19980
3001
19980
7722
19980
3001
30132
41911
30132
41911
33912
7722
30132
41911
29378
3001
30132
18812
30132
7722
30132
7722
30132
41911
29378
3001
29378
41911
45983
7722
30132
7722
30132
7722
30132
41911
30132
7158
30132
41911
19980
7722
30132
7722
30132
3001
30132
7722
30132
7722
30132
41911
29378
3001
30132
41911
38831
7722
30132
7722
29378
3001
30132
41911
30132
3001
33912
15929
29378
3001
85396
91604
30132
7722
31781
100390
29378
3001
38831
18812
46426
7722
30754
7722
85443
104014
29378
3001
29378
104014
30132
7722
33805
7722
69715
7722
38603
104014
85443
7158
248984
98649
19980
7722
31781
7722
30754
3001
85396
7722
58457
7722
191923
98649
29378
3001
117317
104014
30132
7722
31781
7722
29378
3001
38603
104014
30754
3001
30132
15929
29378
3001
30132
7722
31781
91604
29378
3001
38831
18812
46426
7722
30754
7722
85396
91604
29378
3001
29378
91604
30132
7722
33805
7722
69715
7722
38603
91604
85396
7158
85396
91604
19980
7722
31781
7722
30754
3001
85406
7722
58457
7722
85396
91604
29378
3001
85396
91604
30132
7722
31781
7722
29378
3001
38603
91604
30754
3001
30132
15929
29378
3001
30132
7722
29378
3001
30132
7722
30132
19515
30132
72801
30132
7722
29378
3001
29378
7722
33912
146908
30132
41911
30132
19515
30132
7722
30132
7158
30132
7722
19980
119707
30132
231553
30132
3001
30132
231553
30132
85978
30132
7722
29378
3001
30132
7722
33912
69384
30132
231553
29378
3001
30132
7722
30132
3001
162262
7722
29378
3001
29378
3001
31781
18812
31781
7722
30754
7722
31781
100390
29378
3001
29378
100390
30132
7722
31781
7722
31781
7722
31781
100390
31781
7158
31781
98649
19980
7722
36919
7722
30754
3001
31781
7722
31781
7722
31781
98649
29378
3001
31781
100390
30132
7722
38603
7722
29378
3001
31781
100390
30754
3001
30132
15929
29378
3001
29378
3001
29378
3001
29378
3001
29378
3001
29687
56482
37132
3001
29378
3001
29378
3001
29378
3001
29378
3001
29378
3001
29378
3001
19980
3001
29378
3001
29378
56482
29378
3001
29378
3001
29378
3001
29687
56482
29378
3001
29378
3001
29378
3001
29687
56482
29378
3001
29378
18817
29378
3001
29687
33810
38831
7722
30754
7722
38831
18812
29378
3001
29378
18812
30132
7722
33805
7722
38831
7722
38603
18812
38831
7158
38831
18812
19980
7722
31781
7722
30754
3001
38831
7722
38831
7722
38831
18812
29378
3001
38831
18812
30132
7722
31781
7722
29378
3001
38603
18812
30754
3001
30132
15929
29378
3001
30754
19515
46426
7722
29378
3001
29378
7722
30132
19515
33805
19515
46426
19593
38603
7722
46426
7158
46426
7722
19980
19515
31781
19515
30754
3001
46426
19515
46426
19515
46426
7722
29378
3001
46426
7722
30132
19515
31781
19515
29378
3001
38603
7722
30754
3001
30132
7722
29378
3001
30754
7722
29378
3001
29378
7722
30132
72801
30754
41911
30754
19515
30754
7722
30754
7158
30754
7722
19980
72801
30754
72801
36881
3001
30754
72801
30754
72801
30754
7722
29378
3001
30754
7722
30132
69384
30754
72801
29378
3001
30754
7722
45678
3001
30132
7722
29378
3001
29378
3001
29378
213138
30132
7722
33805
7722
69715
7722
38603
170727
149402
7158
85443
98649
19980
7722
31781
7722
30754
3001
85396
7722
58457
7722
85443
98649
29378
3001
85443
250001
30132
7722
31781
7722
29378
3001
38603
119707
30754
3001
30132
15929
29378
3001
29687
3001
29378
3001
29378
3001
29378
3001
29378
3001
29378
3001
29378
3001
19980
3001
29378
3001
29378
90196
29378
3001
29378
3001
29378
3001
69715
90196
29378
3001
29378
3001
29378
3001
69812
92698
29378
3001
29378
18817
29378
3001
73481
33810
29378
7722
29378
7722
29378
7722
29378
170727
29378
7158
29378
98649
19980
7722
29378
7722
29378
3001
29378
7722
29378
7722
29378
98649
29687
3001
29378
213138
29378
7722
29378
7722
29687
3001
29378
119707
29378
3001
29378
15929
29687
3001
30132
41911
30132
19515
30132
7722
30132
7158
30132
7722
19980
119707
30132
146908
30132
3001
30132
146908
30132
85978
30132
7722
29378
3001
30132
7722
38831
69384
30132
146908
29378
3001
30132
7722
30132
3001
33912
7722
29378
3001
33805
19515
33805
7722
33805
7158
33805
7722
19980
41911
31781
41911
30754
3001
33805
41911
33805
41911
33805
7722
29378
3001
33805
7722
30132
41911
31781
41911
29378
3001
33805
7722
30754
3001
30132
7722
29378
3001
38603
7722
69715
7158
69715
7722
19980
19515
31781
19515
30754
3001
69715
19515
58457
19515
69715
7722
29378
3001
69715
7722
30132
19515
31781
19515
29378
3001
38603
7722
30754
3001
30132
7722
29378
3001
38603
7158
38603
98649
19980
7722
31781
7722
30754
3001
38603
7722
38603
7722
38603
98649
29378
3001
38603
170727
30132
7722
31781
7722
29378
3001
85491
119707
30754
3001
30132
15929
29378
3001
85443
7158
19980
7158
31781
7158
30754
3001
85396
7158
58457
7158
85443
7158
29378
3001
85443
7158
30132
7158
31781
7158
29378
3001
38603
7158
30754
3001
30132
7158
29378
3001
19980
7722
31781
7722
30754
3001
85396
7722
58457
7722
191923
250001
29378
3001
117317
98649
30132
7722
31781
7722
29378
3001
38603
98649
30754
3001
30132
15929
29378
3001
19980
119707
19980
3001
19980
119707
19980
85978
19980
7722
19980
3001
19980
7722
19980
69384
19980
119707
19980
3001
19980
7722
19980
3001
19980
7722
19980
3001
30754
3001
31781
250001
31781
85978
31781
7722
29378
3001
31781
7722
30132
69384
36919
250001
29378
3001
31781
7722
30754
3001
30132
7722
29378
3001
30754
3001
30754
3001
58457
85978
30754
3001
85396
7722
29378
97549
29378
3001
30754
3001
85396
7722
30132
3001
30132
69384
30754
3001
31781
250001
29378
90196
29378
3001
30754
3001
38603
7722
36881
18817
30754
3001
30132
3001
30132
7722
29378
33810
29378
3001
58457
7722
29378
3001
58457
7722
30132
69384
31781
85978
29378
3001
38603
7722
30754
3001
30132
7722
29378
3001
29378
3001
117317
98649
30132
7722
31781
7722
29378
3001
38603
98649
30754
3001
30132
15929
29378
3001
29378
3001
29378
3001
29378
3001
69715
90196
29378
3001
29378
18817
29378
3001
69715
33810
30132
7722
31781
7722
29378
3001
38603
119707
30754
3001
30132
15929
29378
3001
30132
69384
29378
3001
30132
7722
30132
3001
33912
7722
29378
3001
29378
3001
31781
7722
30754
3001
30132
7722
29378
3001
29378
3001
29378
18817
29378
3001
69812
33810
30754
3001
30132
15929
29378
3001
30132
3001
29378
18817
29378
3001
