66827
43450
64574
43450
25874
43450
208028
49455
2084
5912
50901
43450
188750
43450
125005
43450
188750
43450
2577
43769
66827
43450
2084
43356
2084
43450
188750
6393
188750
38777
2084
6246
188750
6246
2084
68086
2084
5912
8995
43450
188750
43450
52760
43450
66827
43450
2084
9861
188750
43450
64574
43450
154020
43450
66827
43450
125709
43450
2084
6393
188750
43450
125709
43450
81989
43450
50901
43450
2577
43450
36643
43450
187572
38777
2084
43450
64574
186486
25874
82789
66827
43450
2084
5912
50901
82789
66827
186486
66827
250001
66827
250001
2577
43450
188750
250001
2084
43356
2084
74525
66827
6393
66827
38777
2084
6246
66827
6246
2084
43450
2084
5912
8995
82789
66827
250001
52760
167933
250001
250001
2084
9861
66827
250001
64574
182736
66827
250001
82737
158967
66827
221418
2084
6393
66827
180656
66827
136506
66827
250001
50901
50615
2577
250001
36643
186486
66827
38777
2084
221418
25874
82789
64574
43450
2084
5912
50901
82789
64574
250001
64574
186486
64574
186486
2577
43450
64574
186486
2084
43356
2084
74525
64574
6393
64574
38777
2084
6246
64574
6246
2084
43450
2084
5912
8995
82789
64574
186486
52760
167933
64574
186486
2084
9861
64574
186486
66827
182736
64574
186486
64574
158967
64574
186486
2084
6393
64574
180656
64574
136506
64574
186486
50901
50615
2577
186486
36643
210035
64574
38777
2084
186486
25874
43450
2084
5912
25874
250001
25874
82789
25874
82789
25874
82789
2577
43450
25874
82789
2084
43356
2084
74525
25874
6393
25874
38777
2084
6246
25874
6246
2084
43450
2084
5912
8995
221418
25874
82789
25874
82789
25874
82789
2084
9861
25874
82789
25874
82789
25874
82789
25874
82789
25874
82789
2084
6393
25874
82789
25874
82789
25874
82789
25874
50615
2577
82789
25874
82789
25874
38777
2084
82789
2084
5912
50901
43450
188750
43450
125005
43450
188750
43450
2577
43769
66827
43450
2084
43356
2084
43450
188750
6393
188750
38777
2084
6246
188750
6246
2084
49455
2084
5912
8995
43450
188750
43450
52760
43450
66827
43450
2084
9861
188750
43450
64574
43450
154020
43450
66827
43450
125709
43450
2084
6393
188750
43450
125709
43450
81989
43450
50901
43450
2577
43450
36643
43450
187572
38777
2084
43450
2084
5912
2084
5912
2084
5912
2084
5912
2084
5912
2084
5912
187989
5912
250001
5912
2084
5912
2084
5912
55739
5912
2084
5912
203018
5912
250001
250001
2084
5912
2084
5912
2084
5912
2084
5912
104238
5912
2084
5912
2084
5912
2084
5912
2084
5912
2084
5912
55739
5912
2084
5912
2084
5912
2084
5912
2084
5912
2084
5912
2084
5912
2084
5912
55739
5912
50901
82789
50901
82789
50901
82789
2577
43450
50901
82789
2084
43356
2084
74525
50901
6393
50901
38777
2084
6246
50901
6246
2084
43450
2084
5912
8995
221418
50901
82789
50901
82789
50901
82789
2084
9861
50901
82789
50901
82789
50901
82789
50901
82789
50901
82789
2084
6393
50901
82789
50901
82789
50901
82789
53154
50615
2577
82789
36643
82789
50901
38777
2084
82789
125005
186486
250001
186486
2577
43450
66827
186486
2084
43356
2084
74525
250001
6393
229888
38777
2084
6246
250001
6246
2084
43450
2084
5912
8995
82789
250001
186486
52760
167933
66827
186486
2084
9861
226544
186486
64574
182736
154020
186486
66827
158967
125709
186486
2084
6393
226544
180656
125709
136506
81989
186486
50901
50615
2577
186486
36643
210035
187572
38777
2084
186486
125005
250001
2577
43450
66827
250001
2084
43356
2084
74525
125005
6393
125005
38777
2084
6246
125005
6246
2084
43450
2084
5912
8995
82789
125005
250001
52760
167933
66827
250001
2084
9861
125005
250001
64574
182736
125005
250001
66827
158967
125005
221418
2084
6393
125005
180656
125005
136506
81989
250001
50901
50615
2577
250001
36643
186486
125005
38777
2084
221418
2577
43450
66827
250001
2084
43356
2084
74525
250001
6393
229888
38777
2084
6246
250001
6246
2084
43450
2084
5912
8995
82789
250001
250001
52760
167933
66827
250001
2084
9861
226544
250001
64574
182736
154020
250001
66827
158967
125709
221418
2084
6393
226544
180656
125709
136506
81989
250001
50901
50615
2577
250001
36643
186486
187572
38777
2084
221418
2577
43450
2084
43356
2084
43450
2577
6393
2577
38777
2084
6246
2577
6246
2084
43769
2084
5912
2577
43450
2577
43450
2577
43450
2577
43450
2084
9861
2577
43450
2577
43450
2577
43450
2577
43450
2577
43450
2084
6393
2577
43450
2577
43450
2577
43450
2577
43450
133627
43450
2577
43450
2577
38777
2084
43450
2084
43356
2084
74525
66827
6393
66827
38777
2084
6246
66827
6246
2084
43450
2084
5912
8995
82789
66827
250001
52760
167933
188750
250001
2084
9861
66827
250001
64574
182736
66827
250001
82737
158967
66827
221418
2084
6393
66827
180656
66827
136506
66827
250001
50901
50615
2577
250001
36643
186486
66827
38777
2084
221418
187989
43356
2084
6393
2084
38777
55739
6246
2084
6246
187989
43356
187989
5912
2084
43356
2084
43356
2084
43356
2084
43356
104238
9861
2084
43356
2084
43356
2084
43356
2084
43356
2084
43356
55739
6393
2084
43356
2084
43356
2084
43356
2084
43356
2084
43356
2084
43356
2084
38777
55739
43356
2084
6393
2084
38777
55739
6246
2084
6246
203018
43450
250001
5912
2084
74525
2084
74525
2084
74525
2084
74525
104238
9861
2084
74525
2084
74525
2084
74525
2084
74525
2084
74525
55739
6393
2084
74525
2084
74525
2084
74525
2084
50615
2084
74525
2084
74525
2084
38777
55739
74525
229888
6393
2084
6246
250001
6246
2084
6393
2084
5912
8995
6393
250001
6393
52760
6393
66827
6393
2084
6393
226544
6393
64574
6393
154020
6393
66827
6393
125709
6393
2084
155337
226544
6393
125709
6393
81989
6393
50901
6393
2577
6393
36643
6393
187572
6393
2084
6393
2084
6246
229888
6246
2084
38777
2084
5912
8995
38777
229888
38777
52760
38777
66827
38777
2084
9861
226544
38777
64574
38777
154020
38777
66827
38777
125709
38777
2084
6393
226544
38777
125709
38777
81989
38777
50901
38777
2577
38777
36643
38777
187572
147459
2084
38777
2084
40214
55739
6246
55739
5912
2084
6246
2084
6246
2084
6246
2084
6246
55739
6246
2084
6246
2084
6246
2084
6246
2084
6246
2084
6246
81989
6246
2084
6246
2084
6246
2084
6246
2084
6246
2084
6246
2084
6246
2084
6246
81989
6246
2084
6246
2084
5912
8995
6246
250001
6246
52760
6246
66827
6246
2084
6246
226544
6246
64574
6246
154020
6246
66827
6246
125709
6246
2084
6246
226544
6246
125709
6246
81989
6246
50901
6246
2577
6246
36643
6246
187572
6246
2084
6246
203018
5912
2084
43450
2084
43450
2084
43450
2084
43450
104238
9861
2084
43450
2084
43450
2084
43450
2084
43450
2084
43450
55739
6393
2084
43450
2084
43450
2084
43450
2084
43450
2084
43450
2084
43450
2084
38777
55739
43450
2084
5912
2084
5912
2084
5912
2084
5912
104238
5912
2084
5912
2084
5912
2084
5912
2084
5912
2084
5912
55739
5912
2084
5912
2084
5912
2084
5912
2084
5912
2084
5912
2084
5912
2084
5912
55739
5912
8995
82789
8995
82789
8995
82789
2084
9861
8995
82789
8995
82789
8995
82789
8995
82789
8995
82789
2084
6393
8995
82789
8995
82789
8995
82789
8995
50615
2577
82789
8995
82789
8995
38777
2084
82789
52760
167933
66827
250001
2084
9861
226544
250001
64574
182736
154020
250001
66827
158967
125709
221418
2084
6393
226544
180656
125709
136506
81989
250001
50901
50615
2577
250001
36643
186486
187572
38777
2084
221418
52760
167933
2084
9861
52760
167933
52760
167933
52760
167933
52760
158967
52760
167933
2084
6393
52760
167933
52760
136506
52760
167933
50901
50615
2577
167933
36643
167933
52760
38777
2084
167933
2084
9861
66827
250001
64574
182736
66827
250001
82737
158967
66827
221418
2084
6393
66827
180656
66827
136506
66827
250001
50901
50615
2577
250001
36643
186486
66827
38777
2084
221418
2084
9861
2084
9861
2084
9861
2084
9861
2084
9861
55739
6393
2084
9861
2084
9861
2084
9861
2084
9861
2084
9861
2084
9861
2084
9861
55739
9861
64574
182736
154020
250001
66827
158967
125709
221418
2084
6393
250001
180656
125709
136506
81989
250001
50901
50615
2577
250001
36643
186486
187572
38777
2084
221418
64574
182736
64574
158967
64574
182736
2084
6393
64574
180656
64574
136506
64574
182736
50901
50615
2577
182736
36643
182736
64574
38777
2084
182736
66827
158967
125709
221418
2084
6393
154020
180656
125709
136506
81989
250001
50901
50615
2577
250001
36643
186486
154020
38777
2084
221418
66827
158967
2084
6393
66827
158967
66827
136506
66827
158967
50901
50615
2577
158967
36643
158967
66827
38777
2084
158967
2084
6393
125709
180656
2084
6393
188750
136506
2084
6393
81989
221418
2084
6393
50901
50615
2084
6393
2577
221418
2084
6393
36643
186486
2084
6393
125709
38777
2084
6393
2084
250001
104238
6393
125709
136506
81989
180656
50901
50615
2577
180656
36643
180656
187572
38777
2084
180656
81989
136506
50901
50615
2577
136506
36643
136506
125709
38777
2084
136506
50901
50615
2577
250001
36643
186486
81989
38777
2084
221418
2577
50615
36643
50615
50901
38777
2084
50615
2577
186486
2577
38777
2084
221418
36643
38777
2084
186486
2084
38777
