56706
95676
9816
14931
14069
95676
20547
95676
71724
95676
14069
3662
71724
95676
71724
14931
71724
95676
71724
95676
37368
95676
14069
20774
12314
95676
71724
52060
57835
20774
23886
52060
71724
95676
71724
95676
71724
95676
9816
95676
20622
95676
14069
14931
131073
95676
49678
20774
14069
3662
20622
95676
18699
7526
49678
95676
71724
95676
16240
95676
14069
3662
71724
9513
49678
52060
71088
20774
20547
95676
71724
14931
20622
95676
9816
14931
14069
97570
20547
146496
56706
119196
14069
3662
56706
146496
56706
14931
56706
108421
56706
134648
37368
124694
14069
20774
12314
146496
56706
52060
56706
20774
23886
52060
56706
146496
56706
119196
56706
119196
9816
146496
20622
136968
14069
14931
56706
146496
49678
20774
14069
3662
20622
119196
18699
7526
49678
146496
56706
125283
16240
146496
14069
3662
56706
9513
49678
52060
56706
20774
20547
146496
56706
14931
20622
145881
9816
14931
9816
14931
9816
14931
9816
3662
9816
14931
9816
20774
9816
14931
9816
14931
9816
14931
9816
14931
9816
14931
9816
14931
9816
14931
9816
14931
9816
14931
9816
14931
9816
14931
12314
14931
9816
14931
9816
52060
9816
14931
9816
14931
9816
3662
9816
14931
9816
7526
9816
14931
9816
14931
9816
14931
9816
3662
9816
9513
9816
14931
9816
14931
9816
14931
9816
52060
9816
14931
14069
97570
14069
97570
21211
3662
14069
97570
14069
14931
14069
97570
14069
97570
14069
97570
21211
20774
12314
97570
14069
52060
14069
20774
14069
52060
14069
97570
14069
97570
14069
97570
9816
97570
14069
97570
21211
14931
14069
97570
14069
20774
20547
3662
14069
97570
14069
7526
14069
97570
14069
97570
14069
97570
57835
3662
14069
9513
14069
52060
14069
20774
14069
97570
14069
14931
14069
97570
20547
119196
14069
3662
20547
146518
20547
14931
20547
108421
20547
134648
20547
124694
14069
20774
12314
146518
20547
52060
20547
20774
20547
52060
20547
147653
20547
119196
20547
119196
9816
147653
20547
136968
14069
14931
20547
147653
20547
20774
14069
3662
20547
119196
18699
7526
20547
147653
20547
125283
16240
147653
14069
3662
20547
9513
20547
52060
20547
20774
20622
147653
20547
14931
20547
145881
14069
3662
144022
119196
89691
14931
110481
108421
87770
119196
37368
119196
14069
20774
12314
119196
87770
52060
57835
20774
23886
52060
87770
119196
102496
250001
143482
250001
9816
119196
20622
119196
14069
14931
71724
119196
49678
20774
14069
3662
20622
250001
18699
7526
49678
119196
144022
119196
16240
119196
14069
3662
87770
9513
49678
52060
71088
20774
20547
119196
136525
14931
20622
119196
14069
3662
14069
3662
14069
3662
14069
3662
14069
3662
21498
3662
12314
3662
14069
3662
14069
3662
14069
3662
14069
3662
14069
3662
14069
3662
9816
3662
14069
3662
31957
3662
14069
3662
14069
3662
20547
11559
14069
3662
14069
3662
14069
3662
14069
3662
14069
3662
21211
7526
14069
3662
14069
3662
14069
3662
14069
3662
14069
3662
14069
3662
89691
14931
110481
108421
87770
134648
37368
124694
14069
20774
12314
190104
87770
52060
57835
20774
23886
52060
87770
146518
102496
119196
143482
119196
9816
146518
20622
136968
14069
14931
71724
146518
49678
20774
14069
3662
20622
119196
18699
7526
49678
146518
205520
125283
16240
146518
14069
3662
87770
9513
49678
52060
71088
20774
20547
146518
136525
14931
20622
145881
89691
14931
87770
14931
37368
14931
14069
14931
12314
14931
87770
14931
57835
14931
23886
14931
87770
14931
89691
14931
89691
14931
9816
14931
20622
14931
14069
20774
71724
14931
49678
14931
14069
3662
20622
14931
18699
7526
49678
14931
89691
14931
16240
14931
14069
3662
87770
9513
49678
14931
71088
14931
20547
14931
89691
20774
20622
14931
87770
108421
37368
108421
14069
20774
12314
108421
87770
52060
57835
20774
23886
52060
87770
108421
102496
108421
110481
108421
9816
108421
20622
108421
14069
14931
71724
108421
49678
20774
14069
3662
20622
108421
18699
7526
49678
108421
110481
108421
16240
108421
14069
3662
87770
9513
49678
52060
71088
20774
20547
108421
110481
14931
20622
108421
37368
124694
14069
20774
12314
134648
222683
52060
57835
20774
23886
52060
143735
134648
87770
119196
87770
119196
9816
134648
20622
134648
14069
14931
71724
134648
49678
20774
14069
3662
20622
119196
18699
7526
49678
134648
87770
125283
16240
134648
14069
3662
90493
9513
49678
52060
71088
20774
20547
134648
87770
14931
20622
134648
14069
20774
12314
124694
37368
52060
37368
20774
23886
52060
37368
124694
37368
119196
37368
119196
9816
124694
20622
124694
14069
14931
37368
124694
37368
20774
14069
3662
20622
119196
18699
7526
37368
124694
37368
124694
16240
124694
14069
3662
37368
9513
37368
52060
37368
20774
20547
124694
37368
14931
20622
124694
12314
20774
14069
20774
14069
33008
14069
20774
14069
20774
14069
20774
14069
20774
9816
20774
14069
20774
21498
14931
14069
20774
14069
37380
20547
3662
14069
20774
14069
7526
14069
20774
14069
20774
14069
20774
21211
3662
14069
9513
14069
20774
14069
33008
14069
20774
14069
14931
14069
20774
12314
52060
12314
20774
12314
52060
12314
146518
12314
119196
12314
119196
9816
146518
12314
136968
12314
14931
12314
146518
12314
20774
12314
3662
12314
119196
12314
7526
12314
146518
12314
125283
12314
146518
12314
3662
12314
9513
12314
52060
12314
20774
12314
146518
12314
14931
12314
145881
57835
20774
23886
59727
143735
52060
87770
52060
87770
52060
9816
52060
20622
52060
14069
14931
71724
52060
49678
20774
14069
3662
20622
52060
18699
7526
49678
52060
87770
52060
16240
52060
14069
3662
90493
9513
49678
59727
71088
20774
20547
52060
87770
14931
20622
52060
23886
20774
57835
20774
57835
20774
57835
20774
9816
20774
20622
20774
14069
14931
57835
20774
49678
33008
14069
3662
20622
20774
18699
7526
49678
20774
57835
20774
16240
20774
14069
3662
57835
9513
49678
20774
57835
52060
20547
20774
57835
14931
20622
20774
23886
52060
23886
52060
23886
52060
9816
52060
20622
52060
14069
14931
23886
52060
23886
20774
14069
3662
20622
52060
18699
7526
23886
52060
23886
52060
16240
52060
14069
3662
23886
9513
23886
73679
23886
20774
20547
52060
23886
14931
20622
52060
87770
119196
87770
119196
9816
194078
20622
136968
14069
14931
71724
250001
49678
20774
14069
3662
20622
119196
18699
7526
49678
216961
87770
125283
16240
250001
14069
3662
90493
9513
49678
52060
71088
20774
20547
250001
87770
14931
20622
145881
102496
250001
9816
119196
20622
119196
14069
14931
71724
119196
49678
20774
14069
3662
20622
250001
18699
7526
49678
119196
102496
119196
16240
119196
14069
3662
87770
9513
49678
52060
71088
20774
20547
119196
102496
14931
20622
119196
9816
119196
20622
119196
14069
14931
71724
119196
49678
20774
14069
3662
20622
250001
18699
7526
49678
119196
143482
119196
16240
119196
14069
3662
87770
9513
49678
52060
71088
20774
20547
119196
136525
14931
20622
119196
9816
136968
9816
14931
9816
194078
9816
20774
9816
3662
9816
119196
9816
7526
9816
194078
9816
125283
9816
194078
9816
3662
9816
9513
9816
52060
9816
20774
9816
194078
9816
14931
9816
145881
14069
14931
20622
136968
20622
20774
14069
3662
71088
119196
18699
7526
20622
136968
20622
125283
16240
136968
14069
3662
20622
9513
20622
52060
20622
20774
20547
136968
20622
14931
23886
136968
14069
14931
14069
14931
20547
3662
14069
14931
14069
7526
14069
14931
14069
14931
14069
14931
21211
3662
14069
9513
14069
14931
14069
14931
14069
14931
14069
108421
14069
14931
49678
20774
14069
3662
20622
119196
18699
7526
49678
216961
71724
125283
16240
250001
14069
3662
71724
9513
49678
52060
71088
20774
20547
250001
71724
14931
20622
145881
14069
3662
20622
20774
18699
7526
56706
20774
49678
20774
16240
20774
14069
3662
49678
9513
87770
20774
49678
33008
20547
20774
49678
14931
20622
20774
14069
3662
14069
3662
14069
3662
14069
3662
14069
3662
20547
7526
14069
3662
14069
3662
14069
3662
14069
3662
14069
3662
14069
3662
18699
7526
20622
119196
20622
119196
16240
119196
14069
3662
20622
9513
20622
52060
20622
20774
20547
119196
20622
14931
23886
119196
18699
7526
18699
7526
16240
7526
14069
3662
18699
7526
18699
7526
18699
7526
18699
7526
18699
7526
18699
7526
49678
125283
16240
216961
14069
3662
49678
9513
56706
52060
49678
20774
20547
216961
49678
14931
20622
145881
16240
125283
14069
3662
87770
9513
49678
52060
71088
20774
20547
125283
136525
14931
20622
125283
14069
3662
16240
9513
16240
52060
16240
20774
16240
250001
16240
14931
16240
145881
14069
3662
14069
3662
14069
3662
14069
3662
14069
3662
14069
3662
49678
9513
71088
9513
20547
9513
87770
9513
20622
9513
49678
20774
20547
52060
49678
14931
20622
52060
20547
20774
71088
14931
20622
20774
20547
14931
20547
145881
20622
14931
