186281
5480
250001
53100
186281
2005
250001
53261
250001
2005
39563
53261
189010
53100
250001
53261
186281
53100
250001
53100
186281
18694
250001
53100
250001
53100
250001
20757
186281
53100
13792
53135
186281
53100
250001
53100
186281
2005
39563
53100
250001
53100
250001
53135
250001
27028
250001
35704
250001
53100
186281
3256
250001
53261
250001
6200
46890
6200
250001
53100
250001
6200
250001
6200
250001
53135
13792
2005
186281
53100
186281
5480
250001
2005
186281
5480
186281
2005
39563
5480
186281
5480
186281
5480
196959
5480
186281
5480
250001
5480
186281
5480
186281
5480
186281
5480
196959
5480
13792
5480
189010
5480
186281
5480
196959
2005
39563
5480
186281
5480
186281
5480
186281
5480
186281
5480
186281
5480
250001
3256
186281
5480
186281
5480
46890
5480
186281
5480
186281
5480
186281
5480
186281
5480
13792
2005
196959
5480
186281
2005
250001
53100
250001
2005
39563
53100
189010
250001
250001
53100
186281
70564
250001
213046
186281
18694
250001
70564
250001
73022
250001
20757
186281
250001
13792
53100
186281
236934
250001
250001
186281
2005
39563
250001
250001
250001
250001
53100
250001
27028
250001
35704
250001
250001
186281
3256
250001
53100
250001
6200
46890
6200
250001
250001
250001
6200
250001
6200
250001
53100
13792
2005
186281
222719
186281
2005
186281
3256
39563
2005
186281
2005
186281
2005
196959
2005
186281
2005
250001
2005
186281
2005
186281
2005
186281
2005
196959
2005
13792
2005
189010
2005
186281
2005
196959
3256
39563
2005
186281
2005
186281
2005
186281
2005
186281
2005
186281
2005
250001
2005
186281
2005
186281
2005
46890
2005
186281
2005
186281
2005
186281
2005
186281
2005
13792
53135
196959
2005
250001
2005
39563
250001
189010
53100
250001
56832
186281
53100
250001
53100
186281
18694
250001
53100
250001
53100
250001
20757
186281
53100
13792
53135
186281
53100
250001
53100
186281
2005
39563
53100
250001
53100
250001
53135
250001
27028
250001
35704
250001
53100
186281
3256
250001
207835
250001
6200
46890
6200
250001
53100
250001
6200
250001
6200
250001
53135
13792
2005
186281
53100
39563
2005
189010
2005
250001
2005
186281
2005
250001
2005
186281
2005
250001
2005
250001
2005
250001
2005
186281
2005
13792
2005
186281
2005
250001
2005
186281
21309
39563
2005
250001
2005
250001
2005
250001
2005
250001
2005
250001
2005
186281
2005
250001
2005
250001
2005
46890
2005
250001
2005
250001
2005
250001
2005
250001
2005
13792
3256
186281
2005
39563
53100
39563
56832
39563
53100
39563
53100
39563
18694
39563
53100
39563
53100
39563
20757
39563
53100
13792
53135
39563
53100
39563
53100
39563
2005
250001
53100
39563
53100
39563
53135
39563
27028
39563
35704
39563
53100
39563
3256
39563
207835
39563
6200
39563
6200
39563
53100
39563
6200
39563
6200
39563
53135
13792
2005
39563
53100
189010
53100
186281
70564
189010
213046
186281
18694
189010
70564
189010
73022
189010
20757
186281
250001
13792
53100
186281
236934
189010
250001
186281
2005
39563
250001
189010
250001
189010
53100
189010
27028
189010
35704
189010
250001
186281
3256
189010
53100
189010
6200
46890
6200
189010
250001
189010
6200
189010
6200
189010
53100
13792
2005
186281
222719
186281
53100
250001
53100
186281
18694
250001
53100
250001
53100
250001
20757
186281
53100
13792
53135
186281
53100
250001
53100
186281
2005
39563
53100
250001
53100
250001
53135
250001
27028
250001
35704
250001
53100
186281
3256
250001
56832
250001
6200
46890
6200
250001
53100
250001
6200
250001
6200
250001
53135
13792
2005
186281
53100
186281
70564
196959
18694
186281
73022
186281
70564
186281
20757
250001
70564
13792
53100
189010
70564
186281
70564
250001
2005
39563
70564
186281
70564
186281
53100
186281
27028
186281
35704
186281
70564
196959
3256
186281
53100
186281
6200
46890
6200
186281
70564
186281
6200
186281
6200
186281
53100
13792
2005
250001
70564
186281
18694
250001
70564
250001
73022
250001
20757
186281
213046
13792
53100
186281
213046
250001
213046
186281
2005
39563
213046
250001
213046
250001
53100
250001
27028
250001
35704
250001
213046
186281
3256
250001
53100
250001
6200
46890
6200
250001
213046
250001
6200
250001
6200
250001
53100
13792
2005
186281
213046
186281
18694
186281
18694
186281
18694
196959
18694
13792
18694
189010
18694
186281
18694
196959
2005
39563
18694
186281
18694
186281
18694
186281
18694
186281
18694
186281
18694
250001
3256
186281
18694
186281
6200
46890
6200
186281
18694
186281
6200
186281
6200
186281
18694
13792
2005
196959
18694
250001
70564
250001
20757
186281
70564
13792
53100
186281
70564
250001
70564
186281
2005
39563
70564
250001
70564
250001
53100
250001
27028
250001
35704
250001
70564
186281
3256
250001
53100
250001
6200
46890
6200
250001
70564
250001
6200
250001
6200
250001
53100
13792
2005
186281
70564
250001
20757
186281
73022
13792
53100
186281
73022
250001
73022
186281
2005
39563
73022
250001
73022
250001
53100
250001
27028
250001
35704
250001
73022
186281
3256
250001
53100
250001
6200
46890
6200
250001
73022
250001
6200
250001
6200
250001
53100
13792
2005
186281
73022
186281
20757
13792
20757
186281
20757
250001
20757
186281
2005
39563
20757
250001
20757
250001
20757
250001
20757
250001
20757
250001
20757
186281
3256
250001
20757
250001
6200
46890
6200
250001
20757
250001
6200
250001
6200
250001
20757
13792
2005
186281
20757
13792
53100
189010
236934
186281
250001
250001
2005
39563
250001
186281
250001
186281
53100
186281
27028
186281
35704
186281
250001
196959
3256
186281
53100
186281
6200
46890
6200
186281
250001
186281
6200
186281
6200
186281
53100
13792
2005
250001
222719
13792
53100
13792
53100
13792
2005
13792
53100
13792
53100
13792
75825
13792
27028
13792
35704
13792
53100
13792
3256
13792
53135
13792
6200
13792
6200
13792
53100
13792
6200
13792
6200
13792
83745
250001
2005
13792
53100
186281
236934
189010
2005
39563
236934
186281
236934
186281
53100
186281
27028
186281
35704
186281
236934
189010
3256
186281
53100
186281
6200
46890
6200
186281
236934
186281
6200
186281
6200
186281
53100
13792
2005
189010
222719
186281
2005
39563
250001
250001
250001
250001
53100
250001
27028
250001
35704
250001
250001
186281
3256
250001
53100
250001
6200
46890
6200
250001
250001
250001
6200
250001
6200
250001
53100
13792
2005
186281
222719
39563
2005
186281
2005
186281
2005
186281
2005
186281
2005
186281
2005
196959
2005
186281
2005
186281
2005
46890
2005
186281
2005
186281
2005
186281
2005
186281
2005
13792
3256
250001
2005
39563
250001
39563
53100
39563
27028
39563
35704
39563
250001
39563
3256
39563
53100
39563
6200
39563
6200
39563
250001
39563
6200
39563
6200
39563
53100
13792
2005
39563
222719
250001
53100
250001
27028
250001
35704
250001
250001
186281
3256
250001
53100
250001
6200
46890
6200
250001
250001
250001
6200
250001
6200
250001
53100
13792
2005
186281
222719
250001
27028
250001
35704
250001
53100
186281
3256
250001
53135
250001
6200
46890
6200
250001
53100
250001
6200
250001
6200
250001
75825
13792
2005
186281
53100
250001
27028
250001
27028
186281
3256
250001
27028
250001
6200
46890
6200
250001
27028
250001
6200
250001
6200
250001
27028
13792
2005
186281
27028
250001
35704
186281
3256
250001
35704
250001
6200
46890
6200
250001
35704
250001
6200
250001
6200
250001
35704
13792
2005
186281
35704
186281
3256
250001
53100
250001
6200
46890
6200
250001
250001
250001
6200
250001
6200
250001
53100
13792
2005
186281
222719
186281
3256
186281
3256
46890
3256
186281
3256
186281
3256
186281
3256
186281
3256
13792
2005
196959
3256
250001
6200
46890
6200
250001
53100
250001
6200
250001
6200
250001
53135
13792
2005
186281
53100
46890
27028
250001
6200
250001
27028
250001
18694
250001
6200
13792
2005
186281
6200
46890
6200
46890
53100
46890
18694
46890
6200
13792
2005
46890
6200
250001
6200
250001
6200
250001
53100
13792
2005
186281
222719
250001
18694
250001
6200
13792
2005
186281
6200
250001
6200
13792
2005
186281
6200
13792
2005
186281
53100
13792
2005
