26159
32483
72604
60078
72604
60078
26159
32483
26159
32483
72604
60078
72604
21009
72604
32483
26159
32483
72604
60078
72604
60078
72604
60078
72604
60078
72604
60078
72604
21009
72604
60078
72604
60078
20118
32483
72604
60078
72604
60078
72604
60078
72604
60078
26159
32483
72604
60078
72604
60078
26159
60078
136637
60078
34465
60078
24792
60078
72604
60078
20118
60078
72604
60078
72604
60078
72604
60078
26159
32483
26159
32483
180828
72778
180828
69143
26159
32483
26159
21009
26159
99477
166109
72778
26159
32483
26159
32483
26159
32483
26159
32483
26159
32483
26159
21009
26159
32483
26159
32483
20118
60078
26159
32483
26159
32483
26159
32483
26159
32483
180828
72778
26159
32483
26159
32483
180828
32483
26159
32483
26159
32483
24792
32483
26159
32483
20118
32483
26159
32483
26159
32483
26159
32483
250001
141818
26159
32483
26159
32483
250001
250001
187965
21009
187965
32483
26159
32483
187965
88246
180828
77329
180828
99477
250001
141818
180828
141818
73868
21009
75648
70504
73033
141818
20118
32483
187965
99477
180828
88246
180828
77384
73634
141818
26159
32483
72875
122100
73033
141818
26159
141818
72604
141818
34465
141818
24792
69030
166109
141818
20118
141818
73868
141818
187965
72251
187965
99477
26159
32483
26159
32483
250001
141818
187965
21009
187965
32483
26159
32483
187965
88246
180828
77329
180828
99477
250001
250001
180828
250001
73868
21009
75648
70504
73033
250001
20118
32483
187965
99477
180828
88246
180828
77384
73634
250001
26159
32483
72875
122100
73033
250001
26159
250001
72604
212131
34465
250001
24792
69030
166109
250001
20118
250001
73868
250001
187965
72251
187965
99477
250001
69143
26159
32483
26159
21009
26159
72778
166109
141818
26159
32483
26159
32483
26159
32483
26159
32483
26159
32483
26159
21009
26159
32483
26159
32483
20118
60078
26159
32483
26159
32483
26159
32483
26159
32483
250001
250001
26159
32483
26159
32483
250001
32483
26159
32483
26159
32483
24792
32483
26159
32483
20118
32483
26159
32483
26159
32483
26159
32483
26159
32483
26159
21009
26159
69143
166109
69143
26159
32483
26159
32483
26159
32483
26159
32483
26159
32483
26159
21009
26159
32483
26159
32483
20118
60078
26159
32483
26159
32483
26159
32483
26159
32483
250001
69143
26159
32483
26159
32483
250001
32483
26159
32483
26159
32483
24792
32483
26159
32483
20118
32483
26159
32483
26159
32483
26159
32483
187965
21009
187965
32483
26159
32483
187965
88246
180828
77329
180828
99477
250001
141818
180828
141818
73868
21009
75648
70504
73033
141818
20118
32483
187965
99477
180828
88246
180828
77384
73634
141818
26159
32483
72875
122100
73033
141818
26159
141818
72604
141818
34465
141818
24792
69030
166109
141818
20118
141818
73868
141818
187965
72251
187965
99477
250001
21009
26159
21009
250001
21009
180828
21009
180828
21009
187965
21009
180828
21009
73868
79458
75648
21009
73033
21009
20118
21009
250001
21009
180828
21009
180828
21009
73634
21009
26159
21009
72875
21009
73033
21009
26159
21009
72604
21009
34465
21009
24792
21009
166109
21009
20118
21009
73868
21009
250001
21009
250001
21009
26159
72778
250001
32483
180828
32483
180828
32483
187965
32483
180828
32483
73868
21009
75648
32483
73033
32483
20118
60078
250001
32483
180828
32483
180828
32483
73634
32483
26159
72778
72875
32483
73033
32483
26159
32483
72604
32483
34465
32483
24792
32483
166109
32483
20118
32483
73868
32483
250001
32483
250001
32483
26159
32483
26159
32483
26159
32483
26159
32483
26159
32483
26159
21009
26159
32483
26159
32483
20118
60078
26159
32483
26159
32483
26159
32483
26159
32483
166109
141818
26159
32483
26159
32483
166109
32483
26159
32483
26159
32483
24792
32483
26159
32483
20118
32483
26159
32483
26159
32483
26159
32483
180828
77329
180828
88246
187965
88246
180828
88246
73868
21009
75648
70504
73033
88246
20118
32483
250001
88246
180828
250001
180828
77384
73634
88246
26159
32483
72875
88246
73033
88246
26159
88246
72604
88246
34465
88246
24792
69030
166109
88246
20118
88246
73868
88246
250001
72251
250001
88246
182149
77329
180828
77329
182149
77329
73868
21009
75648
70504
73033
77329
20118
32483
180828
77329
182149
77329
182149
77329
73634
77329
26159
32483
72875
77329
73033
77329
26159
77329
72604
77329
34465
77329
24792
69030
166109
77329
20118
77329
73868
77329
180828
72251
180828
77329
180828
99477
250001
99477
73868
21009
75648
70504
73033
99477
20118
32483
180828
250001
246195
88246
187965
77384
73634
99477
26159
32483
72875
99477
73033
99477
26159
99477
72604
99477
34465
99477
24792
69030
166109
99477
20118
99477
73868
99477
180828
72251
180828
250001
180828
250001
73868
21009
75648
70504
73033
250001
20118
32483
187965
99477
180828
88246
180828
77384
73634
250001
26159
32483
72875
122100
73033
250001
26159
250001
72604
212131
34465
250001
24792
69030
166109
250001
20118
250001
73868
250001
187965
72251
187965
99477
73868
21009
75648
70504
73033
250001
20118
32483
180828
99477
246195
88246
187965
77384
73634
250001
26159
32483
72875
122100
73033
250001
26159
250001
72604
212131
34465
250001
24792
69030
166109
250001
20118
250001
73868
250001
180828
72251
180828
99477
73868
21009
73033
21009
20118
21009
73868
21009
73868
21009
73868
21009
73634
21009
26159
21009
72875
21009
73033
21009
26159
21009
72604
21009
34465
21009
24792
21009
73868
21009
20118
21009
160206
21009
73868
21009
73868
21009
73033
70504
20118
32483
75648
70504
75648
70504
75648
70504
73634
70504
26159
32483
72875
70504
73033
70504
26159
70504
72604
70504
34465
70504
24792
69030
75648
70504
20118
70504
73868
70504
75648
70504
75648
70504
20118
32483
73033
99477
73033
88246
73033
77384
73033
250001
26159
32483
72875
122100
73634
250001
26159
250001
72604
212131
34465
250001
24792
69030
73033
250001
20118
250001
73033
250001
73033
72251
73033
99477
20118
32483
20118
32483
20118
32483
20118
32483
20118
60078
20118
32483
20118
32483
20118
32483
20118
32483
20118
32483
20118
32483
20118
32483
24792
32483
20118
32483
20118
32483
20118
32483
180828
88246
180828
77384
73634
99477
26159
32483
72875
99477
73033
99477
26159
99477
72604
99477
34465
99477
24792
69030
166109
99477
20118
99477
73868
99477
250001
72251
250001
250001
187965
77384
73634
88246
26159
32483
72875
88246
73033
88246
26159
88246
72604
88246
34465
88246
24792
69030
166109
88246
20118
88246
73868
88246
180828
72251
180828
88246
73634
77384
26159
32483
72875
77384
73033
77384
26159
77384
72604
77384
34465
77384
24792
69030
166109
77384
20118
77384
73868
77384
180828
72251
180828
77384
26159
32483
72875
122100
73033
250001
26159
250001
72604
212131
34465
250001
24792
69030
73634
250001
20118
250001
73634
250001
73634
72251
73634
99477
26159
32483
26159
32483
250001
32483
26159
32483
26159
32483
24792
32483
26159
32483
20118
32483
26159
32483
26159
32483
26159
32483
72875
122100
26159
122100
72604
122100
34465
122100
24792
69030
72875
122100
20118
122100
72875
122100
72875
72251
72875
99477
26159
250001
72604
212131
34465
250001
24792
69030
73033
250001
20118
250001
73033
250001
73033
72251
73033
99477
26159
212131
26159
250001
24792
69030
26159
250001
20118
250001
26159
250001
26159
72251
26159
99477
34465
212131
24792
69030
72604
212131
20118
212131
72604
212131
72604
72251
72604
99477
24792
69030
34465
250001
20118
250001
34465
250001
34465
72251
34465
99477
24792
69030
20118
69030
24792
69030
24792
69030
24792
69030
20118
250001
73868
250001
166109
72251
166109
99477
20118
250001
20118
72251
20118
99477
73868
72251
73868
99477
250001
72251
