15352
12138
15352
7352
52985
12138
28999
12138
28999
12138
73351
12138
28999
12138
2092
12138
75001
12138
73351
12138
2092
12138
73351
12138
28999
8641
28999
12138
28999
12138
28999
7352
73351
12138
28999
12138
81828
12138
19161
2472
17692
12138
143062
12138
28999
12138
73351
12138
73351
2472
17692
12138
28999
12138
28999
12138
2092
12138
28999
12138
65897
12138
28999
28467
28999
12138
19161
12138
28999
7352
17692
12138
28999
12138
19522
12138
19161
7352
15352
69724
15352
250001
15352
38374
15352
38374
15352
33463
2092
28467
15352
139891
15352
38374
2092
77887
15352
77887
15352
8641
15352
38374
15352
38374
15352
7352
15352
38374
15352
234649
15352
14467
15352
2472
15352
73532
15352
80583
15352
77887
15352
250001
15352
2472
15352
38374
15352
113962
15352
208263
2092
77887
15352
77887
15352
150688
15352
12138
15352
165933
15352
139891
15352
7352
15352
38374
15352
208263
15352
77887
15352
7352
15352
7352
15352
7352
15352
7352
15352
7352
2092
7352
15352
7352
15352
7352
2092
7352
15352
7352
15352
7352
15352
7352
15352
7352
15352
8641
15352
7352
15352
7352
15352
7352
15352
2472
15352
7352
15352
7352
15352
7352
15352
7352
15352
2472
15352
7352
15352
7352
15352
7352
2092
7352
15352
7352
15352
7352
15352
7352
15352
7352
15352
7352
15352
12138
15352
7352
15352
7352
15352
7352
28999
69724
28999
38374
52985
38374
28999
33463
2092
28467
52985
69724
52985
38374
2092
69724
52985
69724
28999
8641
28999
38374
28999
38374
28999
7352
52985
38374
28999
69724
52985
14467
19161
2472
17692
69724
52985
69724
28999
69724
52985
69724
52985
2472
17692
38374
28999
69724
28999
69724
2092
69724
28999
69724
52985
69724
28999
12138
28999
69724
19161
69724
28999
7352
17692
38374
28999
69724
19522
69724
73351
38374
28999
38374
52985
33463
2092
28467
28999
139891
28999
38374
2092
77887
28999
77887
65897
8641
73351
38374
73351
38374
73351
7352
28999
38374
113158
234649
28999
14467
19161
2472
17692
73532
28999
80583
68702
77887
28999
250001
28999
2472
17692
38374
73351
113962
33766
208263
2092
77887
73351
77887
28999
150688
43159
12138
143062
165933
19161
139891
65897
7352
17692
38374
73351
208263
19522
77887
28999
60090
52985
33463
2092
28467
28999
38374
28999
53126
2092
38374
28999
38374
65897
8641
96655
60090
141945
109063
96655
7352
28999
60090
73351
38374
28999
14467
19161
2472
17692
38374
28999
38374
68702
38374
28999
38374
28999
2472
17692
60090
86159
38374
33766
38374
2092
38374
81828
38374
28999
38374
43159
12138
73351
38374
19161
38374
65897
7352
17692
60090
150618
38374
19522
38374
28999
33463
2092
28467
73351
38374
75001
53126
2092
38374
110274
38374
28999
8641
28999
135413
28999
60090
28999
7352
155627
60647
28999
38374
73351
14467
19161
2472
17692
38374
73351
38374
28999
38374
110274
38374
150618
2472
17692
109063
28999
38374
28999
38374
2092
38374
28999
38374
65897
38374
28999
12138
28999
38374
19161
38374
28999
7352
17692
250001
28999
38374
19522
38374
2092
28467
28999
33463
28999
33463
2092
33463
28999
33463
52985
8641
52985
33463
52985
33463
52985
7352
28999
33463
52985
33463
28999
14467
19161
2472
17692
33463
28999
33463
52985
33463
28999
33463
28999
2472
17692
33463
52985
33463
33766
33463
2092
33463
52985
33463
28999
33463
43159
12138
52985
33463
19161
33463
52985
7352
17692
33463
52985
33463
19522
33463
2092
28467
2092
28467
43159
28467
2092
28467
2092
8641
2092
28467
2092
28467
2092
7352
2092
28467
2092
28467
2092
14467
2092
2472
2092
28467
2092
28467
2092
28467
2092
28467
2092
2472
2092
28467
2092
28467
2092
28467
43159
28467
2092
28467
2092
28467
2092
12138
2092
28467
2092
28467
2092
7352
2092
28467
2092
28467
2092
28467
73351
38374
2092
77887
73351
77887
28999
8641
28999
38374
28999
38374
28999
7352
73351
38374
28999
139891
75001
14467
19161
2472
17692
73532
75001
80583
28999
77887
73351
139891
73351
2472
17692
38374
28999
113962
28999
139891
2092
77887
28999
77887
65897
139891
28999
12138
28999
139891
19161
165933
28999
7352
17692
38374
28999
139891
19522
77887
2092
38374
75001
38374
28999
8641
28999
53126
28999
53126
28999
7352
75001
53126
28999
38374
73351
14467
19161
2472
17692
38374
73351
38374
28999
38374
75001
38374
75001
2472
17692
53126
28999
38374
28999
38374
2092
38374
28999
38374
65897
38374
28999
12138
28999
38374
19161
38374
28999
7352
17692
53126
28999
38374
19522
38374
2092
142517
2092
8641
2092
38374
2092
38374
2092
7352
2092
38374
2092
77887
2092
14467
2092
2472
2092
73532
2092
77887
2092
197825
2092
77887
2092
2472
2092
38374
2092
77887
2092
77887
65897
115771
2092
113072
2092
77887
2092
12138
2092
77887
2092
77887
2092
7352
2092
38374
2092
77887
2092
142517
28999
8641
28999
38374
28999
38374
28999
7352
110274
38374
28999
77887
73351
14467
19161
2472
17692
73532
73351
77887
28999
142517
133062
77887
110274
2472
17692
38374
28999
77887
28999
77887
2092
115771
28999
113072
65897
77887
28999
12138
28999
77887
19161
77887
28999
7352
17692
38374
28999
77887
19522
165933
65897
8641
65897
8641
65897
7352
28999
8641
65897
8641
28999
8641
19161
2472
17692
8641
28999
8641
65897
8641
28999
8641
28999
2472
17692
8641
65897
8641
33766
8641
2092
8641
65897
8641
28999
8641
43159
8641
65897
8641
19161
8641
68702
7352
17692
8641
65897
8641
19522
8641
96655
60090
169568
7352
28999
60647
73351
38374
28999
14467
19161
2472
17692
38374
28999
38374
68702
38374
28999
38374
28999
2472
17692
109063
86159
38374
33766
38374
2092
38374
81828
38374
28999
38374
43159
12138
73351
38374
19161
38374
65897
7352
17692
135413
96655
38374
19522
38374
96655
7352
28999
60090
73351
38374
28999
14467
19161
2472
17692
38374
28999
38374
68702
38374
28999
38374
28999
2472
17692
60090
86159
38374
33766
38374
2092
38374
81828
38374
28999
38374
43159
12138
73351
38374
19161
38374
65897
7352
17692
60090
141945
38374
19522
38374
28999
7352
73351
7352
28999
7352
19161
2472
17692
7352
28999
7352
68702
7352
28999
7352
28999
2472
17692
7352
86159
7352
33766
7352
2092
7352
81828
7352
28999
7352
43159
7352
73351
7352
19161
7352
65897
8641
17692
7352
96655
7352
19522
7352
28999
38374
73351
14467
19161
2472
17692
38374
73351
38374
28999
38374
110274
38374
150618
2472
17692
60647
28999
38374
28999
38374
2092
38374
28999
38374
65897
38374
28999
12138
28999
38374
19161
38374
28999
7352
17692
60647
28999
38374
19522
38374
28999
14467
19161
2472
17692
73532
28999
80583
68702
77887
28999
234649
28999
2472
17692
38374
73351
113962
33766
208263
2092
77887
73351
77887
28999
150688
43159
12138
113158
165933
19161
139891
65897
7352
17692
38374
73351
208263
19522
77887
19161
2472
17692
14467
81828
14467
28999
14467
73351
14467
73351
2472
17692
14467
28999
14467
28999
14467
2092
14467
28999
14467
65897
14467
28999
12138
28999
14467
19161
14467
28999
7352
17692
14467
28999
14467
19522
14467
17692
2472
19161
2472
19161
2472
19161
2472
19161
7352
17692
2472
19161
2472
19161
2472
2092
2472
19161
2472
19161
2472
19161
2472
19161
2472
19522
2472
19161
2472
17692
2472
19161
2472
19161
2472
17692
73532
17692
73532
17692
73532
17692
2472
28999
38374
17692
73532
17692
73532
2092
73532
17692
73532
17692
73532
17692
12138
17692
73532
17692
73532
17692
7352
65897
38374
17692
73532
17692
73532
28999
77887
73351
80583
73351
2472
17692
38374
28999
80583
28999
80583
2092
77887
28999
77887
65897
80583
28999
12138
28999
80583
19161
80583
28999
7352
17692
38374
28999
80583
19522
77887
28999
77887
28999
2472
17692
38374
68702
77887
33766
77887
2092
115771
68702
113072
28999
77887
43159
12138
68702
77887
19161
77887
65897
7352
17692
38374
68702
77887
19522
142517
110274
2472
17692
38374
28999
113962
28999
208263
2092
77887
28999
77887
65897
150688
28999
12138
28999
165933
19161
139891
28999
7352
17692
38374
28999
208263
19522
77887
17692
2472
28999
2472
28999
2472
2092
2472
28999
2472
65897
2472
28999
2472
28999
2472
19161
2472
28999
2472
17692
2472
28999
2472
19522
2472
17692
38374
17692
38374
2092
38374
17692
38374
17692
38374
17692
12138
17692
38374
17692
38374
17692
7352
28999
109063
17692
38374
17692
38374
33766
113962
2092
77887
81828
77887
28999
113962
43159
12138
73351
113962
19161
113962
65897
7352
17692
38374
86159
113962
19522
77887
2092
77887
33766
77887
28999
150688
33766
12138
33766
165933
19161
139891
33766
7352
17692
38374
33766
235030
19522
77887
2092
113072
2092
77887
2092
12138
2092
77887
2092
77887
2092
7352
2092
38374
2092
77887
2092
115771
28999
77887
43159
12138
73351
77887
19161
77887
65897
7352
17692
38374
81828
77887
19522
113072
28999
12138
28999
150688
19161
139891
28999
7352
17692
38374
28999
150688
19522
77887
43159
12138
19161
12138
43159
7352
17692
12138
43159
12138
19522
12138
19161
139891
65897
7352
17692
38374
73351
165933
19522
77887
19161
7352
17692
38374
19161
139891
19161
77887
17692
7352
65897
7352
19522
7352
17692
38374
17692
38374
19522
77887
