7120
68591
7120
64274
7120
37490
7120
68591
7120
68591
7120
68591
7120
68591
7120
28799
7120
64274
7120
68591
7120
24622
7120
68591
7120
28974
7120
44373
7120
68591
7120
45754
31303
68591
7120
68591
7120
41857
7120
68591
7120
68591
7120
60891
7120
45754
7120
68591
7120
66728
7120
24622
7120
45907
7120
68591
7120
68591
7120
68591
7120
68591
7120
68591
7120
68591
7120
68591
7120
68591
7120
28974
7120
48910
31303
64274
19951
37490
31303
79827
11818
69918
31303
73046
31303
79827
31303
28799
31303
64274
31303
79827
31303
24622
19951
79827
20654
28974
31303
44373
31303
69918
31303
45754
7120
79827
31303
68674
31303
41857
31303
79827
31303
69732
31303
60891
31303
45754
31303
69772
21307
66728
19951
24622
31303
45907
31303
69772
20654
69918
31303
69772
20654
68674
31303
79827
31303
69772
31303
69918
11818
69772
31303
28974
31303
48910
19951
37490
104304
64274
11818
64274
105797
64274
105022
64274
65163
28799
109024
69918
105797
64274
105022
24622
19951
64274
20654
28974
105022
44373
99289
64274
96364
45754
7120
64274
105022
64274
105022
41857
104304
64274
104363
64274
105022
60891
105022
45754
104304
64274
21307
64274
19951
24622
89529
45907
116547
64274
20654
64274
105022
64274
20654
64274
105022
64274
67138
64274
104304
64274
11818
64274
105022
28974
104887
48910
19951
37490
11818
37490
19951
37490
19951
37490
19951
28799
19951
37490
19951
37490
19951
24622
20766
37490
19951
28974
19951
37490
19951
37490
19951
37490
7120
37490
19951
37490
19951
37490
19951
37490
19951
37490
19951
37490
19951
37490
19951
37490
19951
37490
20654
24622
19951
37490
19951
37490
19951
37490
19951
37490
19951
37490
19951
37490
19951
37490
19951
37490
11818
37490
19951
28974
19951
37490
11818
69918
104304
73046
104304
87209
65163
28799
104304
64274
104304
116644
104304
24622
19951
87209
20654
28974
104304
44373
99289
69918
96364
45754
7120
90234
104304
68674
104304
41857
109171
87209
104304
69732
104304
60891
104304
45754
106244
69772
21307
66728
19951
24622
89529
45907
104304
69772
20654
69918
104304
69772
20654
68674
104304
87209
67138
69772
106244
69918
11818
69772
104304
28974
104304
48910
11818
69918
11818
69918
11818
28799
11818
64274
11818
69918
11818
24622
11818
69918
11818
28974
11818
44373
11818
70255
11818
45754
7120
69918
11818
68674
11818
41857
11818
69918
11818
69732
11818
60891
11818
45754
11818
69772
11818
66728
11818
24622
11818
45907
11818
69772
11818
70994
11818
69772
11818
68674
11818
69918
11818
69772
11818
70868
19951
69772
11818
28974
11818
48910
105022
73046
65163
28799
105797
64274
195077
73046
105022
24622
19951
73046
20654
28974
105022
44373
99289
69918
96364
45754
7120
73046
105022
68674
105022
41857
104304
73046
104363
69732
105022
60891
105022
45754
104304
69772
21307
66728
19951
24622
89529
45907
105797
69772
20654
69918
105022
69772
20654
68674
105022
73046
67138
69772
104304
69918
11818
69772
105022
28974
104887
48910
65163
28799
105022
64274
105022
87209
110073
24622
19951
104897
20654
28974
122944
44373
99289
69918
96364
45754
7120
87209
122714
68674
109024
41857
104304
101083
104363
69732
122714
60891
109024
45754
104304
69772
21307
66728
19951
24622
89529
45907
105022
69772
20654
69918
122714
69772
20654
68674
122714
119669
67138
69772
104304
69918
11818
69772
122714
28974
104887
48910
65163
28799
65163
28799
65163
24622
19951
28799
20654
28799
65163
28799
65163
28799
65163
28799
7120
28799
65163
28799
65163
28799
65163
28799
65163
28799
65163
28799
65163
28799
65163
28799
21307
28799
19951
24622
65163
28799
65163
28799
20654
28799
65163
28799
20654
28799
65163
28799
65163
28799
65163
28799
11818
28799
65163
28799
65163
28799
105797
64274
105022
24622
19951
64274
20654
28974
105022
44373
99289
64274
96364
45754
7120
64274
105022
64274
105022
41857
104304
64274
104363
64274
105022
60891
105022
45754
104304
64274
21307
64274
19951
24622
89529
45907
109024
64274
20654
64274
105022
64274
20654
64274
105022
64274
67138
64274
104304
64274
11818
64274
105022
28974
104887
48910
105022
24622
19951
87209
20654
28974
105022
44373
99289
69918
96364
45754
7120
90234
105022
68674
105022
41857
104304
87209
104363
69732
105022
60891
105022
45754
104304
69772
21307
66728
19951
24622
89529
45907
105797
69772
20654
69918
105022
69772
20654
68674
105022
87209
67138
69772
104304
69918
11818
69772
105022
28974
104887
48910
19951
24622
20654
24622
110073
24622
99289
24622
96364
24622
7120
24622
110073
24622
109024
24622
104304
24622
104363
24622
110073
24622
109024
24622
104304
24622
21307
24622
19951
31612
89529
24622
105022
24622
20654
24622
110073
24622
20654
24622
110073
24622
67138
24622
104304
24622
11818
24622
110073
24622
104887
24622
19951
28974
19951
44373
19951
69918
19951
45754
7120
87209
19951
68674
19951
41857
19951
101083
19951
69732
19951
60891
19951
45754
19951
69772
19951
66728
20654
24622
19951
45907
19951
69772
19951
69918
19951
69772
19951
68674
19951
104897
19951
69772
19951
69918
11818
69772
19951
28974
19951
48910
20654
28974
20654
28974
20654
28974
7120
28974
20654
28974
20654
28974
20654
28974
20654
28974
20654
28974
20654
28974
20654
28974
20654
28974
19951
24622
20654
28974
20654
28974
65163
28974
20654
28974
65163
28974
20654
28974
20654
28974
20654
28974
11818
28974
20654
45754
20654
28974
99289
44373
96364
44373
7120
44373
122714
44373
109024
41857
104304
44373
104363
44373
122714
44373
109024
44373
104304
44373
21307
44373
19951
24622
89529
44373
105022
44373
20654
44373
122714
44373
20654
44373
122714
44373
67138
44373
104304
44373
11818
44373
122714
28974
104887
44373
96364
45754
7120
69918
99289
68674
99289
41857
99289
69918
99289
69732
99289
60891
99289
45754
99289
69772
21307
66728
19951
24622
89529
45907
99289
69772
20654
70255
99289
69772
20654
68674
99289
69918
67138
69772
99289
70255
11818
69772
99289
28974
99289
48910
7120
45754
96364
45754
96364
41857
96364
45754
96364
45754
96364
45754
96364
60457
96364
45754
21307
45754
19951
24622
89529
45754
96364
45754
20654
45754
96364
45754
20654
45754
96364
45754
67138
45754
96364
45754
11818
45754
96364
28974
96364
45754
7120
68674
7120
41857
7120
87209
7120
69732
7120
60891
7120
45754
7120
69772
7120
66728
7120
24622
7120
45907
7120
69772
7120
69918
7120
69772
7120
68674
7120
87209
7120
69772
7120
69918
7120
69772
7120
28974
7120
48910
109024
41857
104304
68674
104363
68674
250001
60891
109024
45754
104304
68674
21307
66728
19951
24622
89529
45907
105022
68674
20654
68674
136618
68674
20654
70868
136618
68674
67138
68674
104304
68674
11818
68674
126354
28974
104887
48910
104304
41857
104363
41857
109024
41857
109800
41857
104304
41857
21307
41857
19951
24622
89529
41857
105022
41857
20654
41857
109024
41857
20654
41857
109024
41857
67138
41857
104304
41857
11818
41857
109024
28974
104887
41857
104304
69732
104304
60891
104304
45754
106244
69772
21307
66728
19951
24622
89529
45907
104304
69772
20654
69918
104304
69772
20654
68674
104304
101083
67138
69772
106244
69918
11818
69772
104304
28974
104304
48910
104363
60891
104363
45754
104304
69732
21307
66728
19951
24622
89529
45907
104363
69732
20654
69732
104363
69732
20654
68674
104363
69732
67138
69732
104304
69732
11818
69732
104363
28974
104363
48910
109024
45754
104304
60891
21307
60891
19951
24622
89529
45907
105022
60891
20654
60891
136618
60891
20654
60891
136618
60891
67138
60891
104304
60891
11818
60891
126354
28974
104887
48910
104304
45754
21307
45754
19951
24622
89529
45754
105022
45754
20654
45754
109024
45754
20654
45754
109024
45754
67138
45754
104304
45754
11818
45754
109024
28974
104887
45754
21307
66728
19951
24622
89529
45907
104304
81445
20654
69772
104304
96532
20654
68674
104304
69772
67138
69832
106620
69772
11818
98344
104304
28974
104304
48910
19951
24622
21307
45907
21307
66728
20654
66728
21307
66728
20654
66728
21307
66728
21307
66728
21307
66728
11818
66728
21307
28974
21307
48910
19951
24622
19951
24622
19951
24622
19951
24622
19951
24622
19951
24622
19951
24622
19951
24622
11818
24622
19951
24622
19951
24622
89529
45907
20654
45907
89529
45907
20654
45907
89529
45907
67138
45907
89529
45907
11818
45907
89529
28974
89529
45907
20654
69772
105022
81445
20654
68674
105022
69772
67138
69832
104304
69772
11818
81445
105022
28974
104887
48910
20654
69772
105022
68674
20654
69918
20654
69772
20654
70868
11818
69772
20654
28974
20654
48910
20654
68674
189325
69772
67138
69832
104304
69772
11818
96532
126354
28974
104887
48910
20654
68674
20654
68674
20654
68674
11818
68674
20654
28974
20654
48910
67138
69772
104304
69918
11818
69772
126354
28974
104887
48910
67138
69772
11818
69832
67138
28974
67138
48910
11818
69772
104304
28974
104304
48910
11818
28974
11818
48910
104887
28974
