6782
932
2952
932
8092
9194
8092
114692
2952
932
24148
114692
42453
932
9587
217570
2275
116615
2400
114874
6782
932
2275
217570
2400
16860
81958
16860
5207
217570
6782
116615
108790
217570
2275
90571
2952
932
2952
932
5207
16860
2952
932
78904
9194
110848
217570
5207
114692
6782
932
2952
932
2275
932
2275
217570
108790
114692
109979
217570
2952
932
2275
222132
18722
114692
2275
16860
89755
16860
2952
932
2952
114874
6782
932
6782
932
2952
9194
6782
932
6782
26762
6782
932
2275
932
2400
932
11206
114874
2275
932
2400
932
6782
932
5207
932
11206
932
6782
932
2275
932
2952
114874
2952
26762
5207
932
2952
26762
6782
932
6782
932
5207
932
109979
250001
2952
26762
2275
114874
2275
932
6782
932
6782
932
2952
114874
2275
932
6782
932
2275
932
6782
932
2952
114874
2952
932
2952
932
57191
9194
2952
932
2952
26762
2952
932
2275
932
2400
932
2952
141668
2275
932
2400
932
2952
932
2952
932
2952
932
2952
932
2275
932
89190
141668
42910
26762
2952
932
89190
26762
2952
932
2952
932
2952
932
2952
114874
64145
26762
2275
250001
2275
932
2952
932
2952
932
20213
115522
2275
932
2952
932
2275
932
2952
932
57191
199206
13732
9194
2952
932
8092
9194
8092
932
8092
9194
2275
9194
2400
9194
6782
932
2275
9194
2400
9194
8092
9194
5207
9194
6782
9194
8092
9194
2275
9194
2952
932
2952
932
5207
9194
2952
932
8092
16860
8092
9194
5207
9194
6782
932
2952
932
2275
932
2275
9194
8092
9194
8092
9194
2952
932
2275
9194
8092
9194
2275
9194
8092
9194
2952
932
2952
932
8092
114704
8092
932
8092
114692
2275
114692
2400
114692
6782
932
2275
114692
2400
16860
8092
16860
5207
114692
6782
114692
8092
114692
2275
90571
2952
932
2952
932
5207
16860
2952
932
8092
9194
8092
114692
5207
114704
6782
932
2952
932
2275
932
2275
114692
8092
250001
8092
114692
2952
932
2275
114692
8092
114704
2275
16860
8092
16860
2952
932
2952
932
2952
9194
2952
932
2275
932
2400
932
2952
9194
2275
932
2400
932
2952
932
2952
932
2952
932
2952
932
2275
932
57191
9194
42910
9194
2952
932
57191
9194
2952
932
2952
932
2952
932
2952
9194
57191
9194
2275
9194
2275
932
2952
932
2952
932
20213
9194
2275
932
2952
932
2275
932
2952
932
108790
9194
24148
932
9587
114692
2275
114692
2400
114692
6782
932
2275
114692
2400
16860
24148
16860
5207
114692
6782
114692
24148
114692
2275
90571
2952
932
2952
932
5207
16860
2952
932
24148
9194
24148
114692
5207
217570
6782
932
2952
932
2275
932
2275
114692
24148
114704
24148
114692
2952
932
2275
114692
18722
115522
2275
16860
24148
16860
2952
932
9587
932
2275
932
2400
932
6782
26762
2275
932
2400
932
42453
932
5207
932
6782
932
42453
932
2275
932
2952
26762
2952
250001
5207
932
2952
114874
42453
932
42453
932
5207
932
6782
26762
2952
215903
2275
26762
2275
932
42453
932
42453
932
2952
26762
2275
932
18722
932
2275
932
42453
932
2952
26762
2275
116615
2400
114874
6782
932
2275
221547
2400
16860
9587
16860
5207
249050
6782
116615
9587
250001
2275
90571
2952
932
2952
932
5207
16860
2952
932
9587
9194
9587
250001
5207
114692
6782
932
2952
932
2275
932
2275
250001
9587
114692
9587
250001
2952
932
2275
217570
9587
114692
2275
16860
9587
16860
2952
932
2275
114874
2275
932
13254
116615
2275
16860
2275
16860
2275
116615
2275
144778
2275
116615
6782
90571
2275
932
2275
932
2275
16860
2275
932
2275
9194
2275
116615
2275
114692
2275
932
2275
932
85623
932
18722
116615
2275
114692
2275
116615
2275
932
18722
116615
2275
114692
18722
16860
2275
16860
2275
932
2400
932
2275
114874
63911
16860
2400
16860
2400
114874
2400
114874
2400
114874
2275
90571
2400
932
2400
932
2400
16860
2400
932
2400
9194
2400
114874
2400
114692
2400
932
2400
932
2275
932
2275
114874
2400
114692
2400
114874
2400
932
2275
114874
2400
114692
2275
16860
2400
16860
2400
932
2275
932
2400
932
6782
932
5207
932
85668
932
6782
932
2275
932
2952
250001
2952
26762
5207
932
2952
26762
6782
932
6782
932
5207
932
11206
114874
2952
26762
2275
141668
2275
932
6782
932
6782
932
2952
115522
2275
932
6782
932
2275
932
6782
932
2952
141668
2275
16860
2275
16860
2275
221547
2275
116615
2275
221547
6782
90571
2275
932
2275
932
2275
16860
2275
932
2275
9194
2275
221547
2275
114692
2275
932
2275
932
13254
932
13254
221547
2275
114692
2275
221547
2275
932
13254
217570
2275
114692
13254
16860
2275
16860
2275
932
2400
250001
2400
16860
2400
16860
2400
16860
2275
16860
2400
932
2400
932
2400
88565
2400
932
2400
9194
2400
16860
2400
16860
2400
932
2400
932
2275
932
2275
16860
2400
16860
2400
16860
2400
932
2275
16860
2400
16860
2275
114692
2400
250001
2400
932
5207
16860
6782
16860
81958
16860
2275
16860
2952
932
2952
932
5207
88565
2952
932
78904
9194
81958
16860
5207
16860
6782
932
2952
932
2275
932
2275
16860
81958
16860
81958
16860
2952
932
2275
16860
18722
16860
2275
114692
81958
250001
2952
932
5207
116615
5207
249050
2275
90571
2952
932
2952
932
18722
16860
2952
932
5207
9194
5207
249050
18722
114692
5207
932
2952
932
2275
932
2275
249050
5207
114692
5207
249050
2952
932
2275
217570
5207
114692
2275
16860
5207
16860
2952
932
6782
116615
2275
90571
2952
932
2952
932
5207
16860
2952
932
6782
9194
6782
116615
5207
114692
11206
932
2952
932
2275
932
2275
116615
6782
114692
6782
116615
2952
932
2275
116615
6782
114692
2275
16860
6782
16860
2952
932
2275
90571
2952
932
2952
932
5207
16860
2952
932
78904
9194
108790
250001
5207
114692
6782
932
2952
932
2275
932
2275
250001
109169
114692
108790
250001
2952
932
2275
217570
18722
114692
2275
16860
89755
16860
2952
932
2275
932
2275
932
2275
16860
2275
932
2275
9194
2275
90571
2275
90571
2275
932
2275
932
6782
932
6782
90571
2275
90571
2275
90571
2275
932
6782
90571
2275
90571
6782
16860
2275
16860
2275
932
42910
26762
2952
932
155523
26762
2952
932
2952
932
2952
932
2952
114874
64145
26762
2275
141668
2275
932
2952
932
2952
932
20213
115522
2275
932
2952
932
2275
932
2952
932
57191
141668
2952
932
42910
114874
2952
932
2952
932
2952
932
2952
26762
42910
215903
2275
26762
2275
932
2952
932
2952
932
20213
26762
2275
932
2952
932
2275
932
2952
932
42910
26762
2952
932
5207
9194
5207
16860
57765
16860
5207
932
2952
932
2275
932
2275
16860
5207
16860
5207
16860
2952
932
2275
16860
5207
16860
2275
88565
5207
88565
2952
932
2952
932
2952
932
2952
932
2952
26762
64145
114874
2275
26762
2275
932
2952
932
2952
932
20213
26762
2275
932
2952
932
2275
932
2952
932
57191
26762
78904
9194
5207
9194
6782
932
2952
932
2275
932
2275
9194
78904
9194
78904
9194
2952
932
2275
9194
18722
9194
2275
9194
78904
9194
2952
932
5207
114692
6782
932
2952
932
2275
932
2275
250001
108790
114692
109979
250001
2952
932
2275
217570
18722
114692
2275
16860
89755
16860
2952
932
5207
932
2952
932
2275
932
2275
114692
5207
114704
5207
114692
2952
932
2275
114692
5207
115522
2275
16860
5207
16860
2952
932
2952
26762
2275
114874
2275
932
6782
932
6782
932
2952
114874
2275
932
6782
932
2275
932
6782
932
2952
114874
2275
26762
2275
932
2952
932
2952
932
20213
26762
2275
932
2952
932
2275
932
2952
932
57191
26762
18722
932
2275
932
2275
932
2275
115522
18722
932
2275
932
18722
932
2275
932
2275
199206
2275
114692
2275
250001
2275
932
85668
217570
2275
114692
71086
16860
2275
16860
2275
932
108790
114692
2952
932
2275
114692
18722
114704
2275
16860
89755
16860
2952
932
2952
932
2275
217570
18722
114692
2275
16860
89755
16860
2952
932
2275
932
2952
932
2275
932
2952
932
20213
115522
2275
114692
71086
16860
2275
16860
2275
932
2275
16860
18722
16860
2952
932
2275
114692
2275
932
2952
932
