60858
104849
94101
181193
60858
16501
16086
21277
60858
11469
17180
11586
60858
96380
60858
115960
60858
98541
60858
11469
60858
193981
16086
159815
60858
41222
60858
110565
19499
181193
60858
96380
60858
115960
60858
181193
60858
161983
17109
181193
60858
181193
60858
181193
60858
96380
60858
161687
19922
161983
60858
181193
19922
159815
17180
181193
60858
181193
16086
181193
60858
181193
60858
96380
17109
181193
19499
181193
60858
181193
60858
181193
60858
104849
94101
16501
16086
21277
93850
11469
17180
11586
94101
96380
105326
104849
94101
98541
94101
11469
94101
104849
16086
104849
94101
41222
94101
104849
19499
104849
63649
96380
94101
104849
89422
104849
89422
104849
17109
104849
94101
104849
94101
104849
94101
96380
94101
104849
19922
104849
89422
104849
19922
104849
17180
104849
94101
104849
16086
104849
89422
104849
94101
96380
17109
104849
19499
104849
93850
104849
94101
104849
60858
16501
16086
21277
60858
11469
17180
11586
60858
96380
60858
115960
60858
98541
60858
11469
60858
181193
16086
159815
60858
41222
60858
110565
19499
193981
60858
96380
60858
115960
60858
193981
60858
161983
17109
193981
60858
193981
60858
215129
60858
96380
60858
161687
19922
161983
60858
250001
19922
159815
17180
193981
60858
193981
16086
193981
60858
213457
60858
96380
17109
193981
19499
184524
60858
193981
60858
193981
16086
16501
93850
11469
17180
11586
250001
16501
94101
16501
188692
16501
188692
11469
175025
16501
16086
16501
250001
16501
175025
16501
19499
16501
63649
16501
155740
16501
89422
16501
89422
16501
17109
16501
137442
16501
139821
16501
137442
16501
197574
16501
19922
16501
89422
16501
19922
16501
17180
16501
184896
16501
16086
16501
89422
16501
188692
16501
17109
16501
19499
16501
93850
16501
123645
16501
16086
11469
16086
11586
16086
21277
16086
21277
16086
21277
16086
11469
16086
21277
19499
21277
16086
21277
16086
21277
16086
21277
16086
21277
16086
21277
16086
21277
16086
21277
16086
21277
16086
21277
16086
21277
16086
21277
16086
21277
16086
21277
16086
21277
16086
21277
16086
21277
16086
21277
19499
21277
16086
21277
16086
21277
16086
21277
16086
21277
16086
21277
16086
21277
17180
11469
93850
11469
93850
11469
93850
11469
93850
11586
93850
11469
16086
11469
93850
11469
93850
11469
19499
11469
63649
11469
93850
11469
89422
11469
89422
11469
17109
11469
93850
11469
93850
11469
93850
11469
93850
11469
19922
11469
89422
11469
19922
11469
17180
11469
93850
11469
16086
11469
89422
11469
93850
11469
17109
11469
19499
11469
151918
11469
93850
11469
17180
11586
17180
11586
17180
11586
17180
11469
17180
11586
16086
11586
17180
11586
17180
11586
17180
11586
17180
11586
17180
11586
17180
11586
17180
11586
17109
11586
17180
11586
17180
11586
17180
11586
17180
11586
17180
11586
17180
11586
17180
11586
58673
11586
17180
11586
16086
11586
17180
11586
17180
11586
17109
11586
17180
11586
17180
11586
17180
11586
94101
96380
188692
96380
188692
11469
175025
96380
16086
96380
250001
41222
175025
96380
19499
96380
63649
213907
155740
96380
89422
96380
89422
96380
17109
96380
137442
96380
139821
96380
137442
213907
197574
96380
19922
96380
89422
96380
19922
96380
17180
96380
184896
96380
16086
96380
89422
96380
188692
213457
17109
96380
19499
96380
93850
96380
123645
96380
94101
98541
94101
11469
94101
115960
16086
115960
94101
41222
94101
110565
19499
115960
63649
96380
94101
162591
89422
115960
89422
115960
17109
115960
94101
115960
94101
115960
94101
96380
94101
115960
19922
115960
89422
115960
19922
115960
17180
115960
94101
115960
16086
115960
89422
115960
94101
96380
17109
115960
19499
115960
93850
115960
94101
115960
191308
11469
175025
98541
16086
98541
188692
41222
175025
98541
19499
98541
63649
96380
155740
98541
89422
98541
89422
98541
17109
98541
137442
98541
139821
98541
137442
96380
188692
98541
19922
98541
89422
98541
19922
98541
17180
98541
184896
98541
16086
98541
89422
98541
193244
96380
17109
98541
19499
98541
93850
98541
123645
98541
175025
11469
16086
11469
188692
11469
175025
11469
19499
11469
63649
11469
155740
11469
89422
11469
89422
11469
17109
11469
137442
11469
139821
11469
137442
11469
188692
11469
19922
11469
89422
11469
19922
11469
17180
11469
184896
11469
16086
11469
89422
11469
191308
11469
17109
11469
19499
11469
93850
11469
123645
11469
16086
159815
175025
41222
176251
110565
19499
181193
63649
96380
155740
115960
89422
181193
89422
161983
17109
181193
137442
181193
139821
181193
137442
96380
175025
161687
19922
161983
89422
181193
19922
159815
17180
181193
175025
181193
16086
181193
89422
181193
175025
96380
17109
181193
19499
181193
93850
181193
123645
181193
16086
41222
16086
110565
16086
159815
16086
96380
16086
115960
16086
159815
16086
159815
16086
159815
16086
159815
16086
159815
16086
96380
16086
159815
16086
159815
16086
159815
16086
250001
16086
159815
16086
159815
179517
159815
16086
159815
16086
96380
16086
159815
16086
159815
16086
159815
16086
159815
175025
41222
19499
41222
63649
41222
155740
41222
89422
41222
89422
41222
17109
41222
137442
41222
139821
41222
137442
41222
197574
41222
19922
41222
89422
41222
19922
41222
17180
41222
184896
41222
16086
41222
89422
41222
188692
41222
17109
41222
19499
41222
93850
41222
123645
41222
19499
110565
63649
96380
155740
110565
89422
110565
89422
110565
17109
110565
137442
110565
139821
110565
137442
96380
175025
110565
19922
110565
89422
110565
19922
110565
17180
110565
175025
110565
16086
110565
89422
110565
175025
96380
17109
110565
19499
110565
93850
110565
123645
110565
19499
96380
19499
115960
19499
213457
19499
161983
17109
250001
19499
250001
19499
193981
19499
96380
19499
161687
19499
161983
19499
193981
19499
159815
17180
250001
19499
250001
16086
204237
19499
193981
19499
96380
17109
250001
20438
184524
19499
215343
19499
213457
63649
96380
63649
96380
63649
96380
17109
96380
63649
96380
63649
96380
63649
250001
63649
96380
19922
96380
63649
96380
19922
96380
17180
96380
63649
96380
16086
96380
63649
96380
63649
213457
17109
96380
19499
96380
63649
96380
63649
96380
89422
115960
89422
115960
17109
115960
137442
115960
139821
115960
137442
96380
155740
115960
19922
115960
89422
115960
19922
115960
17180
115960
155740
115960
16086
115960
89422
115960
155740
96380
17109
115960
19499
115960
93850
115960
123645
115960
125350
161983
17109
213457
89422
213457
89422
193981
89422
96380
89422
161687
19922
161983
179517
193981
19922
159815
17180
213457
89422
213457
16086
204237
167172
193981
89422
96380
17109
213457
19499
184524
89422
213457
89422
250001
17109
161983
89422
161983
89422
161983
89422
96380
89422
161687
19922
162193
125350
161983
19922
159815
17180
161983
89422
161983
16086
161983
125350
161983
89422
96380
17109
161983
19499
161983
89422
161983
89422
161983
17109
250001
17109
193981
17109
96380
17109
161687
17109
161983
17109
193981
17109
159815
17109
250001
17109
250001
16086
204237
17109
193981
17109
96380
30559
250001
17109
184524
17109
215343
17109
213457
137442
193981
175025
96380
137442
161687
19922
161983
89422
193981
19922
159815
17180
250001
137442
250001
16086
204237
89422
193981
137442
96380
17109
250001
19499
184524
93850
215343
123645
213457
137442
96380
139821
161687
19922
161983
89422
215129
19922
159815
17180
193981
139821
193981
16086
193981
89422
213457
139821
96380
17109
193981
19499
184524
93850
193981
123645
193981
137442
96380
19922
96380
89422
96380
19922
96380
17180
96380
137442
96380
16086
96380
89422
96380
137442
213457
17109
96380
19499
96380
93850
96380
123645
96380
19922
161687
89422
161687
19922
159815
17180
161687
184896
161687
16086
161687
89422
161687
188692
96380
17109
161687
19499
161687
93850
161687
123645
161687
19922
161983
35515
159815
17180
161983
19922
161983
16086
161983
19922
161983
19922
96380
17109
161983
19499
161983
19922
161983
19922
161983
19922
159815
17180
193981
89422
193981
16086
193981
167172
213457
89422
96380
17109
193981
19499
184524
89422
193981
89422
193981
17180
159815
19922
159815
16086
159815
19922
159815
19922
96380
17109
159815
19499
159815
19922
159815
19922
159815
17180
250001
16086
204237
17180
193981
17180
96380
17109
250001
17180
184524
17180
215343
17180
213457
16086
204237
89422
193981
184896
96380
17109
250001
19499
184524
93850
215343
123645
213457
16086
193981
16086
96380
16086
204237
16086
184524
16086
204237
16086
204237
89422
96380
17109
193981
19499
184524
89422
193981
89422
193981
17109
96380
19499
96380
93850
96380
123645
96380
17109
184524
17109
215343
17109
213457
19499
184524
19499
184524
93850
213457
