158028
30110
158028
59007
173765
55487
198496
55487
124332
53140
86779
30110
197647
55487
124332
55487
40257
30110
158028
30110
158028
30110
158028
8909
198496
55487
158028
30110
158028
30110
158028
30110
158028
53645
158028
19573
250001
53645
40257
30110
158028
30110
158028
30110
172363
55487
194754
55487
158028
30110
158028
30110
158028
55487
198496
56692
169353
30110
198496
8909
158028
30110
158028
30110
86779
30110
158028
30110
124332
39287
169353
59087
173251
30110
158028
30110
158028
30110
124332
30110
86779
35432
158028
30110
124332
30110
40257
35432
173235
35432
250001
68589
161300
8909
158028
30110
250001
52120
197108
35432
173251
35432
172363
30110
161300
19573
158028
30110
40257
35432
197108
35432
198496
35432
158028
30110
158028
30110
171973
68589
171973
68589
172363
30110
158028
30110
158028
39287
158028
8909
250001
68589
197647
53645
86779
35432
173251
35432
124332
30110
158028
30110
158028
55487
158028
55487
124332
53140
86779
30110
158028
55487
124332
55487
40257
30110
173235
30110
173251
30110
161300
8909
158028
55487
173251
30110
173251
30110
202368
30110
172363
53645
161300
19573
158028
53645
40257
30110
173251
30110
173251
30110
158028
55487
158028
55487
171973
30110
171973
30110
172363
55487
158028
56692
158028
30110
158028
8909
173251
30110
173251
30110
86779
30110
202368
30110
124332
39287
158028
59007
173765
97384
124332
53140
86779
30110
173765
55662
124332
173204
40257
30110
158028
30110
158028
30110
158028
8909
173765
158541
158028
30110
158028
30110
158028
30110
158028
53645
158028
19573
173765
53645
40257
30110
158028
30110
158028
30110
172363
173204
173765
97384
158028
30110
158028
30110
158028
158541
173765
55487
169353
30110
173765
8909
158028
30110
158028
30110
86779
30110
158028
30110
124332
39287
169353
55487
124332
53140
86779
30110
197647
55662
124332
97384
40257
30110
158028
30110
158028
30110
158028
8909
250001
97384
158028
30110
158028
30110
158028
30110
158028
53645
158028
19573
198496
53645
40257
30110
158028
30110
158028
30110
172363
97384
194754
100492
158028
30110
158028
30110
158028
97384
250001
55487
169353
30110
250001
8909
158028
30110
158028
30110
86779
30110
158028
30110
124332
39287
169353
55487
86779
30110
124332
53140
124807
53140
40257
30110
124332
30110
124332
30110
124332
8909
124332
53140
124332
30110
124332
30110
124332
30110
124332
53140
124332
19573
124332
53140
40257
30110
124332
30110
124332
30110
124332
53140
124332
53140
124332
30110
124332
30110
124332
53140
124332
53140
124332
30110
124332
8909
124332
30110
124332
30110
86779
30110
124332
30110
214362
39287
124332
53140
86779
30110
86779
30110
40257
97384
86779
55487
86779
35432
86779
8909
86779
30110
86779
35432
86779
53140
86779
59007
86779
30110
86779
19573
86779
30110
40257
158541
86779
158541
86779
68589
86779
30110
86779
30110
86779
35432
86779
35432
86779
30110
86779
30110
86779
35432
86779
8909
86779
35432
86779
35432
173251
68589
86779
59007
86779
30110
86779
30110
124332
55662
40257
30110
158028
30110
158028
30110
158028
8909
197647
55662
158028
30110
158028
30110
158028
30110
158028
53645
158028
19573
197647
53645
40257
30110
158028
30110
158028
30110
172363
55662
194754
55662
158028
30110
158028
30110
158028
55662
197647
55487
169353
30110
197647
8909
158028
30110
158028
30110
86779
30110
158028
30110
124332
39287
169353
55487
40257
30110
124332
30110
124332
30110
124332
8909
124332
158541
124332
30110
124332
30110
124332
30110
124332
53645
124332
19573
124332
53645
40257
30110
124332
30110
124332
30110
124332
181020
124332
97384
124332
30110
124332
30110
124332
158541
124332
55487
124332
30110
124332
8909
124332
30110
124332
30110
86779
30110
124332
30110
124807
39287
124332
55487
40257
55487
40257
35432
40257
8909
40257
30110
40257
35432
40257
53140
40257
59007
40257
30110
40257
19573
40257
30110
250001
97384
40257
97384
40257
68589
40257
30110
40257
30110
40257
35432
40257
35432
40257
30110
40257
30110
40257
35432
40257
8909
40257
35432
40257
35432
40257
68589
40257
59007
40257
30110
40257
30110
173235
35432
161300
8909
158028
30110
173235
35432
173235
53140
173235
55487
172363
30110
161300
19573
158028
30110
40257
55487
173235
55487
173235
55487
158028
30110
158028
30110
171973
35432
171973
35432
172363
30110
158028
30110
158028
35432
158028
8909
173235
35432
173235
35432
86779
55487
173235
55487
124332
30110
158028
30110
161300
8909
158028
30110
250001
52120
197108
35432
173251
35432
172363
30110
161300
19573
158028
30110
40257
35432
197108
35432
198496
35432
158028
30110
158028
30110
171973
97384
171973
250001
172363
30110
158028
30110
158028
39287
158028
8909
250001
157726
197647
53645
86779
35432
173251
35432
124332
30110
158028
30110
158028
8909
161300
8909
161300
8909
161300
8909
161300
8909
250001
8909
158028
8909
40257
8909
161300
8909
161300
8909
158028
8909
158028
8909
161300
8909
161300
8909
161300
8909
158028
8909
158028
8909
158028
19573
161300
8909
161300
8909
86779
8909
161300
8909
124332
8909
158028
8909
158028
30110
158028
30110
158028
30110
158028
53645
158028
19573
198496
53645
40257
30110
158028
30110
158028
30110
172363
158541
194754
97384
158028
30110
158028
30110
158028
178683
250001
55487
169353
30110
250001
8909
158028
30110
158028
30110
86779
30110
158028
30110
124332
39287
169353
55487
197108
35432
173251
35432
172363
30110
161300
19573
158028
30110
40257
35432
197108
35432
198496
35432
158028
30110
158028
30110
171973
52120
171973
52120
172363
30110
158028
30110
158028
39287
158028
8909
250001
52120
197647
52120
86779
35432
173251
35432
124332
30110
158028
30110
173251
53140
172363
30110
161300
19573
158028
30110
40257
53140
198496
53140
197108
53140
158028
30110
158028
30110
171973
35432
171973
35432
172363
30110
158028
30110
158028
35432
158028
8909
197108
35432
197108
35432
86779
53140
173251
53140
124332
30110
158028
30110
172363
30110
161300
19573
158028
30110
40257
59007
173251
59007
173251
59007
158028
30110
158028
30110
171973
35432
171973
35432
172363
30110
158028
30110
158028
35432
158028
8909
173251
35432
173251
35432
86779
59007
231106
71439
124332
30110
158028
30110
161300
19573
158028
53693
40257
30110
172363
30110
172363
30110
158028
53645
158028
53645
171973
30110
171973
30110
250001
53645
158028
53645
158028
30110
158028
8909
172363
30110
172363
30110
86779
30110
172363
30110
124332
39287
158028
53645
158028
19573
40257
19573
161300
19573
161300
19573
158028
19573
158028
19573
161300
19573
161300
19573
161300
19573
158028
19573
158028
19573
158028
8909
161300
19573
161300
19573
86779
19573
161300
19573
124332
19573
158028
19573
40257
30110
158028
30110
158028
30110
172363
53645
194754
53645
158028
30110
158028
30110
158028
53645
198496
53645
169353
30110
198496
8909
158028
30110
158028
30110
86779
30110
158028
30110
124332
39287
169353
53645
40257
178683
40257
68589
40257
30110
40257
30110
40257
35432
40257
35432
40257
30110
40257
30110
40257
35432
40257
8909
40257
35432
40257
35432
40257
68589
40257
59007
40257
30110
40257
30110
197108
68589
158028
30110
158028
30110
171973
35432
171973
35432
172363
30110
158028
30110
158028
35432
158028
8909
197108
35432
197108
35432
86779
68589
173251
59007
124332
30110
158028
30110
158028
30110
158028
30110
171973
35432
171973
35432
172363
30110
158028
30110
158028
35432
158028
8909
198496
35432
197647
35432
86779
97384
173251
59007
124332
30110
158028
30110
172363
97384
158028
30110
158028
30110
158028
158541
172363
55487
169353
30110
172363
8909
158028
30110
158028
30110
86779
30110
158028
30110
124332
39287
169353
55487
158028
30110
158028
30110
158028
97384
194754
55487
169353
30110
194754
8909
158028
30110
158028
30110
86779
30110
158028
30110
124332
39287
169353
55487
250001
97384
171973
30110
158028
30110
158028
39287
158028
8909
171973
97384
171973
53645
86779
35432
171973
35432
124332
30110
158028
30110
171973
30110
158028
30110
158028
39287
158028
8909
171973
157726
171973
53645
86779
35432
171973
35432
124332
30110
158028
30110
158028
55487
158028
30110
158028
8909
172363
30110
172363
30110
86779
30110
172363
30110
124332
39287
158028
55487
169353
30110
250001
8909
158028
30110
158028
30110
86779
30110
158028
30110
124332
39287
169353
56692
169353
8909
158028
39287
158028
39287
86779
35432
158028
35432
124332
30110
227661
30110
158028
8909
158028
8909
86779
8909
158028
8909
124332
8909
169353
8909
197647
53645
86779
35432
173251
35432
124332
30110
158028
30110
86779
35432
173251
35432
124332
30110
158028
30110
86779
59007
86779
30110
86779
30110
124332
30110
158028
30110
124332
39287
