56694
24457
250001
12292
34240
8862
43784
24457
42989
24457
43784
250001
43784
8862
43784
24457
204205
24457
250001
12292
56694
12292
43784
24457
43784
12292
43784
24457
203600
11367
56694
12387
44705
35849
43784
11367
250001
12292
56694
12387
250001
24457
42073
24457
42073
12292
43784
24457
123844
12292
43784
11367
42073
11367
43784
12387
56694
12292
34240
24457
56694
71035
42989
24457
43784
11367
43784
24457
56694
12292
34240
8862
43784
35849
42989
35849
43784
24457
43784
8862
43784
35849
56694
35849
56694
12292
68877
12292
43784
35849
43784
12292
43784
35849
56694
11367
116075
12387
44705
24457
43784
11367
56694
12292
116075
12387
56694
35849
42073
35849
42073
12292
43784
35849
56694
12292
43784
11367
42073
11367
43784
12387
68877
12292
34240
35849
204068
24457
42989
35849
43784
11367
43784
35849
34240
8862
43784
12292
42989
12292
43784
12292
43784
8862
43784
12292
204205
12292
250001
13876
56694
58232
43784
12292
43784
114127
43784
12292
203600
11367
56694
12292
44705
12292
43784
11367
250001
250001
56694
12292
250001
12292
42073
12292
42073
250001
43784
12292
123844
250001
43784
11367
42073
11367
43784
12292
56694
58232
34240
12292
56694
12292
42989
12292
43784
11367
43784
12292
34240
8862
34240
8862
34240
8862
34240
58159
34240
8862
34240
8862
34240
8862
34240
8862
34240
8862
34240
8862
34240
8862
34240
8862
34240
8862
34240
8862
34240
8862
34240
8862
34240
8862
34240
8862
34240
8862
34240
8862
34240
8862
34240
8862
34240
8862
34240
8862
34240
8862
34240
8862
42989
8862
34240
8862
34240
8862
34240
8862
34240
8862
42989
72563
250001
24457
250001
8862
250001
250001
43784
250001
43784
12292
43784
12292
50162
250001
44705
12292
50162
250001
43784
11367
43784
12387
43784
24457
250001
11367
43784
12292
43784
12387
43784
71035
42073
97289
42073
12292
50646
250001
43784
12292
250001
11367
42073
11367
199029
12387
43784
12292
34240
250001
43784
24457
42989
250001
204172
11367
148030
250001
42989
24457
42989
8862
42989
72563
42989
72563
42989
12292
42989
12292
42989
72563
42989
12292
42989
72563
42989
11367
42989
12387
42989
24457
42989
11367
42989
12292
42989
12387
42989
71035
42073
72563
42073
12292
42989
72563
42989
12292
42989
11367
42073
11367
42989
12387
42989
12292
34240
72563
42989
24457
250001
72563
42989
11367
42989
72563
250001
8862
250001
24457
43784
24457
43784
12292
43784
12292
50162
24457
44705
12292
50162
24457
43784
11367
43784
12387
43784
35849
250001
11367
43784
12292
43784
12387
43784
24457
42073
24457
42073
12292
50646
24457
43784
12292
250001
11367
42073
11367
199029
12387
43784
12292
34240
24457
43784
71035
42989
24457
204172
11367
148030
24457
250001
8862
43784
8862
43784
8862
43784
8862
50162
8862
44705
8862
50162
8862
43784
8862
43784
8862
43784
8862
250001
8862
43784
8862
43784
8862
43784
8862
42073
8862
42073
8862
50646
8862
43784
8862
250001
8862
42073
8862
199029
8862
43784
8862
34240
8862
43784
8862
42989
8862
204172
8862
148030
8862
43784
250001
43784
12292
43784
12292
50162
250001
44705
12292
50162
250001
43784
11367
43784
12387
43784
24457
250001
11367
43784
12292
43784
12387
43784
71035
42073
97289
42073
12292
50646
250001
43784
12292
250001
11367
42073
11367
199029
12387
43784
12292
34240
250001
43784
24457
42989
250001
204172
11367
148030
250001
204205
12292
56694
12292
43784
250001
43784
12292
43784
250001
203600
11367
56694
12387
44705
24457
43784
11367
204205
12292
56694
12387
204205
71035
42073
97289
42073
12292
43784
250001
123844
12292
43784
11367
42073
11367
43784
12387
56694
12292
34240
250001
56694
24457
42989
250001
43784
11367
43784
250001
56694
13876
43784
12292
43784
13876
43784
12292
203600
11367
56694
12292
44705
12292
43784
11367
250001
13876
56694
12292
250001
12292
42073
12292
42073
13876
43784
12292
123844
13876
43784
11367
42073
11367
43784
12292
56694
13876
34240
12292
56694
12292
42989
12292
43784
11367
43784
12292
43784
12292
43784
58232
43784
12292
56694
11367
68877
12292
44705
12292
43784
11367
56694
58232
68877
12292
56694
12292
42073
12292
42073
58232
43784
12292
56694
58232
43784
11367
42073
11367
43784
12292
204205
250001
34240
12292
68877
12292
42989
12292
43784
11367
43784
12292
44705
12292
250001
250001
43784
11367
43784
12387
43784
24457
50162
11367
43784
12292
43784
12387
43784
71035
42073
97289
42073
12292
50162
250001
43784
12292
50162
11367
42073
11367
50162
12387
43784
12292
34240
250001
43784
24457
42989
250001
50162
11367
50162
250001
44705
12292
43784
11367
43784
12292
43784
12292
44705
11367
43784
114127
43784
12292
43784
12292
42073
12292
42073
114127
44705
12292
43784
114127
44705
11367
42073
11367
44705
12292
43784
58232
34240
12292
43784
12292
42989
12292
44705
11367
44705
12292
43784
11367
43784
12387
43784
24457
50162
11367
43784
12292
43784
12387
43784
71035
42073
97289
42073
12292
50162
250001
43784
12292
50162
11367
42073
11367
50162
12387
43784
12292
34240
250001
43784
24457
42989
250001
50162
11367
50162
250001
56694
11367
44705
11367
43784
35849
203600
11367
56694
11367
203600
11367
42073
11367
42073
11367
43784
11367
123844
11367
43784
58101
42073
250001
43784
11367
56694
11367
34240
11367
56694
11367
42989
11367
43784
12292
43784
11367
44705
12387
43784
11367
56694
12292
117899
179512
56694
12387
42073
12387
42073
12292
43784
12387
56694
12292
43784
11367
42073
11367
43784
47718
68877
12292
34240
12387
116075
12387
42989
12387
43784
11367
43784
12387
43784
11367
44705
12292
44705
12387
44705
24457
42073
24457
42073
12292
43784
24457
44705
12292
43784
11367
42073
11367
43784
12387
44705
12292
34240
24457
44705
35849
42989
24457
43784
11367
43784
24457
43784
11367
43784
11367
43784
11367
42073
11367
42073
11367
50646
11367
43784
11367
250001
35849
42073
35849
199029
11367
43784
11367
34240
11367
43784
11367
42989
11367
204172
12292
148030
11367
56694
12292
250001
12292
42073
12292
42073
250001
43784
12292
123844
250001
43784
11367
42073
11367
43784
12292
56694
58232
34240
12292
56694
12292
42989
12292
43784
11367
43784
12292
56694
12387
42073
12387
42073
12292
43784
12387
56694
12292
43784
11367
42073
11367
43784
47718
68877
12292
34240
12387
116075
12387
42989
12387
43784
11367
43784
12387
42073
71035
42073
12292
43784
71035
123844
12292
43784
11367
42073
11367
43784
12387
56694
12292
34240
71035
56694
24457
42989
71035
43784
11367
43784
71035
203475
12292
42073
97289
42073
12292
42073
11367
43784
11367
42073
12387
42073
12292
34240
97289
42073
24457
42073
97289
42073
11367
42073
97289
42073
12292
42073
250001
42073
11367
43784
11367
42073
12292
42073
58232
34240
12292
42073
12292
42073
12292
42073
11367
42073
12292
43784
12292
50646
11367
42073
11367
50646
12387
43784
12292
34240
250001
43784
24457
42989
250001
50646
11367
50646
250001
43784
11367
42073
11367
43784
12292
56694
58232
34240
12292
56694
12292
42989
12292
43784
11367
43784
12292
42073
58101
199029
11367
43784
11367
34240
11367
43784
11367
42989
11367
204172
12292
148030
11367
42073
11367
42073
11367
34240
11367
42073
11367
42073
11367
42073
12292
42073
11367
43784
12292
34240
12387
43784
12387
42989
12387
199029
11367
148030
12387
34240
12292
68877
12292
42989
12292
43784
11367
43784
12292
34240
24457
34240
250001
34240
11367
34240
250001
42989
24457
43784
11367
43784
24457
42989
11367
42989
250001
148030
11367
