55078
27113
2315
37879
55078
23710
90643
41369
9489
22041
102259
250001
21556
7306
55078
21661
86277
23710
86277
23710
55078
22041
68321
21661
55078
21661
9489
21661
86277
1217
55078
23710
102259
7306
55078
22041
21556
1217
55078
22041
9489
22081
2315
23710
86277
23710
68321
1217
61268
17974
55078
22041
68321
53008
55078
22041
17947
17974
9489
21661
17947
17974
55078
2079
67834
53008
68321
23710
55078
22041
2315
22041
55078
22041
2315
27113
61268
23710
55078
27113
9489
22041
55078
27113
21556
7306
68321
21661
55078
23710
55078
23710
68566
22041
55078
21661
68566
21661
9489
21661
55078
1217
68566
23710
55078
7306
68566
22041
21556
1217
68566
22041
9489
22081
2315
23710
55078
23710
55078
1217
55078
17974
68566
22041
55078
27113
68566
22041
17947
17974
9489
21661
17947
17974
68566
2079
55078
27113
55078
23710
68321
22041
2315
22041
61268
22041
2315
23710
2315
37879
2315
22041
2315
37879
2315
7306
2315
21661
2315
23710
2315
23710
2315
22041
2315
21661
2315
21661
2315
21661
2315
1217
2315
23710
2315
7306
2315
22041
2315
1217
2315
22041
2315
22081
90416
23710
2315
23710
2315
1217
2315
17974
2315
22041
2315
37879
2315
22041
2315
17974
2315
21661
2315
17974
2315
2079
2315
37879
2315
23710
2315
22041
3368
22041
2315
22041
55078
23710
9489
22041
55078
23710
21556
7306
61268
21661
55078
47059
55078
47059
61268
22041
55078
21661
61268
21661
9489
21661
55078
1217
61268
37991
55078
7306
61268
22041
21556
1217
61268
22041
9489
22081
2315
38149
55078
47059
55078
1217
55078
17974
61268
22041
55078
23710
61268
22041
17947
17974
9489
21661
17947
17974
61268
2079
55078
23710
55078
36133
61268
22041
2315
22041
86277
22041
9489
22041
90643
41369
21556
7306
55078
21661
86277
23710
86277
23710
55078
22041
68321
21661
55078
21661
9489
21661
86277
1217
55078
23710
90643
7306
55078
22041
21556
1217
55078
22041
9489
22081
2315
23710
86277
23710
68321
1217
61268
17974
55078
22041
68321
41369
55078
22041
17947
17974
9489
21661
17947
17974
55078
2079
67834
41369
68321
23710
55078
22041
2315
22041
55078
22041
9489
22041
9489
7306
9489
21661
9489
22041
9489
22041
9489
53488
9489
21661
9489
21661
36120
21661
9489
1217
9489
22041
9489
7306
9489
53488
9489
1217
9489
53488
36120
22041
2315
22041
9489
22041
9489
1217
9489
17974
9489
37879
9489
22041
9489
53488
9489
17974
36120
21661
9489
17974
9489
2079
9489
22041
9489
22041
9489
53488
2315
47290
9489
47290
21556
7306
55078
21661
86277
23710
86277
23710
55078
22041
68321
21661
55078
21661
9489
21661
86277
1217
55078
23710
103188
7306
55078
22041
21556
1217
55078
22041
9489
22081
2315
23710
86277
23710
68321
1217
61268
17974
55078
22041
68321
53008
55078
22041
17947
17974
9489
21661
17947
17974
55078
2079
67834
53008
68321
23710
55078
22041
2315
22041
55078
22041
21556
7306
21556
7306
21556
7306
21556
7306
21556
7306
21556
7306
9489
7306
21556
1217
21556
7306
21556
250001
21556
7306
24826
1217
21556
7306
9489
7306
2315
7306
21556
7306
21556
1217
21556
7306
21556
7306
21556
7306
21556
7306
17947
7306
9489
7306
17947
7306
21556
2079
21556
7306
21556
7306
21556
7306
2315
7306
21556
7306
55078
21661
55078
21661
68321
21661
55078
22041
68321
22183
9489
22183
55078
1217
68321
21661
55078
7306
68321
21661
21556
1217
68321
21661
9489
21661
2315
21661
55078
21661
55078
1217
55078
17974
68321
21661
55078
21661
68321
21661
17947
17974
9489
22041
17947
17974
68321
2079
55078
21661
55078
21661
70964
21661
2315
21661
61268
21661
86472
53518
55078
22041
68321
21661
55078
21661
9489
21661
87959
1217
55078
37991
86277
7306
55078
22041
21556
1217
55078
22041
9489
22081
2315
38149
86472
52923
68321
1217
61268
17974
55078
22041
68321
23710
55078
22041
17947
17974
9489
21661
17947
17974
55078
2079
67834
23710
68321
36133
55078
22041
2315
22041
55078
22041
55078
22041
68321
21661
55078
21661
9489
21661
86472
1217
55078
37991
86277
7306
55078
22041
21556
1217
55078
22041
9489
22081
2315
38149
250001
52923
68321
1217
61268
17974
55078
22041
68321
23710
55078
22041
17947
17974
9489
21661
17947
17974
55078
2079
67834
23710
68321
36133
55078
22041
2315
22041
55078
22041
55078
21661
82636
21661
9489
21661
55078
1217
102259
22041
55078
7306
101391
54319
21556
1217
102779
59909
9489
22041
2315
22041
55078
22041
55078
1217
55078
17974
102779
37879
55078
22041
120236
54319
17947
17974
9489
21661
17947
17974
75336
2079
55078
22041
55078
22041
68321
54319
2315
47290
61268
47290
55078
22041
9489
22041
68321
1217
55078
21661
68321
7306
55078
21661
21556
1217
55078
21661
9489
21661
2315
21661
68321
21661
70964
1217
61268
17974
55078
21661
70964
21661
55078
21661
17947
17974
9489
22821
17947
17974
55078
2079
67834
21661
102259
21661
55078
21661
2315
21661
55078
21661
9489
37879
55078
1217
82636
21661
55078
7306
82636
21661
21556
1217
82636
21661
9489
21661
2315
21661
55078
21661
55078
1217
55078
17974
82636
21661
55078
21661
82636
21661
17947
17974
9489
22041
17947
17974
75336
2079
55078
21661
55078
21661
68321
21661
2315
21661
61268
21661
9489
1217
9489
21661
9489
7306
9489
21661
9489
1217
9489
21661
74360
21661
2315
21661
9489
21661
9489
1217
9489
17974
9489
21661
9489
21661
9489
21661
9489
17974
74360
22041
9489
17974
9489
2079
9489
21661
9489
21661
9489
21661
2315
21661
9489
21661
55078
1217
86277
1217
55078
1217
21556
22183
55078
1217
9489
1217
2315
1217
86472
1217
68321
22183
61268
1217
55078
1217
68321
1217
55078
1217
17947
1217
9489
1217
17947
1217
55078
1217
67834
1217
68321
1217
55078
1217
2315
1217
55078
1217
55078
7306
101391
22041
21556
1217
102259
22041
9489
22081
2315
37991
55078
37991
55078
1217
55078
17974
102259
22041
55078
23710
102259
22041
17947
17974
9489
21661
17947
17974
75336
2079
55078
23710
55078
36133
68321
22041
2315
22041
61268
22041
55078
7306
21556
1217
55078
7306
9489
7306
2315
7306
86277
7306
68321
1217
61268
7306
55078
7306
68321
7306
55078
7306
17947
7306
9489
7306
17947
7306
55078
2079
67834
7306
68321
7306
55078
7306
2315
7306
55078
7306
21556
1217
101391
54319
9489
22041
2315
22041
55078
22041
55078
1217
55078
17974
101391
37879
55078
22041
101391
59909
17947
17974
9489
21661
17947
17974
75336
2079
55078
22041
55078
22041
68321
186074
2315
47290
61268
47290
21556
1217
9489
1217
2315
1217
21556
1217
21556
37917
21556
1217
21556
1217
21556
1217
21556
1217
17947
1217
9489
1217
17947
1217
21556
1217
21556
1217
21556
1217
21556
1217
2315
1217
21556
1217
9489
22041
2315
22041
55078
22041
55078
1217
55078
17974
250001
37879
55078
22041
102779
54319
17947
17974
9489
21661
17947
17974
75336
2079
55078
22041
55078
22041
68321
54319
2315
47290
61268
47290
2315
22081
9489
22081
9489
1217
9489
17974
9489
22041
9489
22081
9489
22041
9489
17974
250001
21661
9489
17974
9489
2079
9489
22081
9489
22081
9489
22041
2315
22041
9489
22041
2315
38149
2315
1217
2315
17974
2315
22041
2315
23710
2315
22041
2315
17974
2315
21661
2315
17974
2315
2079
2315
23710
2315
36133
2315
22041
3368
22041
2315
22041
68321
1217
61268
17974
61268
1217
55078
22041
55078
1217
68321
23710
77845
1217
55078
22041
55078
1217
17947
17974
17947
1217
9489
21661
9489
1217
17947
17974
17947
1217
55078
2079
55078
1217
67834
23710
67834
1217
68321
36133
70964
1217
55078
22041
55078
1217
2315
22041
55078
22041
2315
1217
55078
1217
55078
17974
61268
17974
55078
17974
17947
37917
9489
17974
17947
37917
55078
2079
61268
17974
61268
17974
55078
17974
2315
17974
55078
17974
55078
22041
102779
37879
17947
17974
9489
21661
17947
17974
75336
2079
55078
22041
55078
22041
68321
37879
2315
37879
61268
37879
55078
22041
17947
17974
9489
21661
17947
17974
55078
2079
67834
60183
70964
23710
55078
22041
2315
22041
55078
22041
17947
17974
9489
21661
17947
17974
75336
2079
55078
22041
55078
22041
68321
59909
2315
47290
61268
47290
9489
17974
97778
228850
17947
2079
17947
17974
17947
17974
17947
17974
2315
17974
17947
17974
9489
17974
9489
2079
9489
21661
9489
21661
9489
21661
2315
21661
9489
21661
17947
2079
17947
17974
17947
17974
17947
17974
2315
17974
17947
17974
55078
2079
55078
2079
68321
2079
2315
2079
61268
2079
67834
23710
55078
22041
2315
22041
55078
22041
55078
22041
2315
22041
55078
22041
2315
47290
61268
47290
2315
54319
