73725
47021
46739
47021
70426
250001
73725
47021
66950
250001
73725
52961
73725
47021
66950
250001
241535
52961
73725
47021
73725
47021
31327
52961
73725
47021
46739
28536
46739
28536
73725
47021
73725
47021
31327
47021
31327
250001
73725
47021
73725
47021
250001
250001
73725
47021
250001
250001
61290
250001
73725
47021
250001
250001
31327
47021
31327
250001
179924
250001
57858
250001
57858
176878
250001
222848
250001
250001
46739
164309
70426
47021
160677
172379
66950
47021
82607
47021
222357
172379
66950
47021
73725
47021
90681
172379
222357
164309
31327
47021
222357
164309
46739
28536
46739
28536
222357
178601
90681
164309
31327
172379
31327
47021
164793
172379
222357
164309
73725
47021
101424
172379
73725
47021
61290
47021
222357
172379
73725
47021
31327
172379
31327
47021
73725
47021
57858
47021
57858
47021
73725
47021
73725
47021
46739
47021
46739
164309
46739
47021
46739
47021
46739
164309
46739
47021
46739
47021
46739
164309
46739
250001
31327
47021
46739
172379
241535
28536
90681
28536
46739
164309
46739
250001
31327
164309
31327
47021
46739
164309
46739
250001
46739
47021
46739
164309
46739
47021
46739
47021
46739
164309
46739
47021
31327
164309
31327
47021
46739
47021
46739
47021
46739
47021
46739
47021
46739
47021
70426
47021
66950
250001
70426
52961
70426
47021
66950
250001
70426
52961
70426
47021
70426
47021
31327
52961
70426
47021
46739
28536
46739
28536
70426
47021
70426
47021
31327
47021
31327
250001
70426
47021
70426
47021
70426
250001
70426
47021
70426
250001
61290
250001
70426
47021
70426
250001
31327
47021
31327
250001
70426
250001
57858
250001
57858
176878
70426
222848
70426
250001
66950
47021
82607
47021
160677
250001
66950
47021
73725
47021
90681
186152
160677
164309
31327
47021
160677
164309
46739
28536
46739
28536
160677
172379
90681
164309
31327
250001
31327
47021
160677
219156
160677
164309
73725
47021
101424
250001
73725
47021
61290
47021
160677
250001
73725
47021
31327
250001
31327
47021
73725
47021
57858
47021
57858
47021
73725
47021
73725
47021
66950
52961
66950
47021
250001
250001
66950
52961
66950
47021
66950
47021
31327
52961
66950
47021
46739
28536
46739
28536
66950
47021
66950
47021
31327
47021
31327
250001
66950
47021
66950
47021
66950
250001
66950
47021
66950
250001
61290
250001
66950
47021
66950
250001
31327
47021
31327
250001
66950
250001
57858
250001
57858
176878
66950
222848
66950
250001
82607
47021
66950
52961
73725
127753
82607
47021
82607
47021
31327
127753
82607
47021
46739
28536
46739
28536
82607
47021
82607
47021
31327
47021
31327
52961
82607
47021
82607
47021
73725
52961
82607
47021
73725
52961
61290
52961
82607
47021
73725
52961
31327
47021
31327
52961
73725
52961
57858
52961
57858
52961
73725
52961
73725
52961
66950
47021
73725
47021
90681
186152
237351
164309
31327
47021
250001
164309
46739
28536
46739
28536
241535
172379
90681
164309
31327
250001
31327
47021
164793
219156
250001
164309
73725
47021
101424
250001
73725
47021
61290
47021
241535
250001
73725
47021
31327
250001
31327
47021
73725
47021
57858
47021
57858
47021
73725
47021
73725
47021
66950
52961
66950
47021
66950
47021
31327
52961
66950
47021
46739
28536
46739
28536
66950
47021
66950
47021
31327
47021
31327
250001
66950
47021
66950
47021
66950
250001
66950
47021
66950
250001
61290
250001
66950
47021
66950
250001
31327
47021
31327
250001
66950
250001
57858
250001
57858
176878
66950
222848
66950
250001
73725
47021
73725
47021
31327
186522
73725
47021
46739
28536
46739
28536
73725
47021
73725
47021
31327
47021
31327
52961
73725
47021
73725
47021
241535
52961
73725
47021
241535
52961
61290
52961
73725
47021
241535
52961
31327
47021
31327
52961
179924
52961
57858
52961
57858
52961
241535
52961
241535
52961
90681
164309
31327
47021
90681
164309
46739
28536
46739
28536
90681
172379
101424
164309
31327
186152
31327
47021
90681
186152
90681
164309
73725
47021
90681
186152
73725
47021
61290
47021
90681
186152
73725
47021
31327
186152
31327
47021
73725
47021
57858
47021
57858
47021
73725
47021
73725
47021
31327
47021
237351
172379
46739
28536
46739
28536
237351
164309
90681
250001
31327
164309
31327
47021
164793
164309
237351
250001
73725
47021
101424
164309
73725
47021
61290
47021
237351
164309
73725
47021
31327
164309
31327
47021
73725
47021
57858
47021
57858
47021
73725
47021
73725
47021
31327
47021
31327
28536
31327
28536
31327
47021
31327
47021
61290
47021
46739
52961
31327
47021
31327
47021
31327
52961
31327
47021
31327
52961
31327
52961
31327
47021
31327
52961
61290
47021
46739
52961
31327
52961
31327
52961
31327
52961
31327
52961
31327
52961
46739
28536
46739
28536
241535
164309
90681
172379
31327
164309
31327
47021
164793
164309
250001
172379
73725
47021
101424
164309
73725
47021
61290
47021
241535
164309
73725
47021
31327
164309
31327
47021
73725
47021
57858
47021
57858
47021
73725
47021
73725
47021
90681
250001
46739
28536
46739
28536
31327
28536
31327
28536
46739
28536
46739
28536
46739
28536
46739
28536
46739
28536
46739
28536
46739
28536
46739
28536
31327
28536
31327
28536
46739
28536
46739
28536
46739
28536
46739
28536
46739
28536
46739
28536
46739
28536
31327
28536
31327
28536
46739
28536
46739
28536
46739
28536
46739
28536
46739
28536
46739
28536
46739
28536
46739
28536
31327
28536
31327
28536
46739
28536
46739
28536
46739
28536
46739
28536
46739
28536
90681
164309
31327
172379
31327
47021
164793
172379
241535
164309
73725
47021
101424
172379
73725
47021
61290
47021
250001
172379
73725
47021
31327
172379
31327
47021
73725
47021
57858
47021
57858
47021
73725
47021
73725
47021
31327
164309
31327
47021
90681
164309
90681
250001
73725
47021
90681
164309
73725
47021
61290
47021
90681
164309
73725
47021
31327
164309
31327
47021
73725
47021
57858
47021
57858
47021
73725
47021
73725
47021
46739
47021
31327
219156
31327
164309
31327
47021
31327
250001
31327
47021
31327
47021
31327
250001
31327
47021
163748
250001
46739
47021
31327
47021
31327
47021
31327
47021
31327
47021
31327
47021
31327
47021
31327
47021
31327
250001
31327
47021
31327
250001
31327
250001
31327
47021
31327
250001
46739
47021
82490
250001
31327
250001
31327
250001
31327
176878
31327
222848
31327
250001
164793
164309
73725
47021
101424
219156
73725
47021
61290
47021
164793
219156
73725
47021
31327
219156
31327
47021
73725
47021
57858
47021
57858
47021
73725
47021
73725
47021
73725
47021
101424
164309
73725
47021
61290
47021
241535
164309
73725
47021
31327
164309
31327
47021
73725
47021
57858
47021
57858
47021
73725
47021
73725
47021
73725
47021
250001
250001
61290
250001
73725
47021
250001
250001
31327
47021
31327
250001
179924
250001
57858
250001
57858
176878
250001
222848
250001
250001
73725
47021
61290
47021
101424
250001
73725
47021
31327
250001
31327
47021
73725
47021
57858
47021
57858
47021
73725
47021
73725
47021
61290
250001
73725
47021
250001
250001
31327
47021
31327
250001
179924
250001
57858
250001
57858
176878
250001
222848
250001
250001
61290
47021
61290
250001
31327
47021
31327
250001
61290
250001
57858
250001
57858
176878
61290
222848
61290
250001
73725
47021
31327
250001
31327
47021
73725
47021
57858
47021
57858
47021
73725
47021
73725
47021
31327
47021
31327
250001
179924
250001
57858
250001
57858
176878
250001
222848
250001
250001
46739
47021
31327
47021
31327
47021
31327
47021
31327
47021
31327
47021
31327
250001
31327
250001
31327
176878
31327
222848
31327
250001
57858
250001
57858
176878
179924
222848
179924
250001
153223
176878
57858
222848
57858
250001
57858
176878
57858
176878
250001
222848
