13667
62423
83016
85681
68333
144975
78872
124956
13051
62423
83016
144975
40810
62423
78872
124956
78872
124956
78872
124956
76070
85681
64279
85681
78872
144975
78872
124956
78872
124956
78872
124956
83016
85681
13667
85681
78872
124956
83016
85681
78872
155084
56193
144975
83016
85681
76070
18366
13051
62423
78872
124956
13051
18366
13051
62423
53240
124956
13051
62423
64279
18366
53745
124956
78872
62423
78872
18366
83016
85681
53240
85681
56193
144975
13667
62423
13667
62423
13667
62423
13051
144975
13667
62423
13667
155040
13667
62423
13667
62423
13667
62423
13667
62423
13667
62423
13667
62423
13667
62423
13667
62423
13667
62423
13667
62423
41688
62423
13667
62423
13667
62423
13667
62423
13667
62423
13667
62423
13667
18366
13051
124956
13667
62423
13051
18366
13051
151405
13667
62423
13051
124956
13667
18366
13667
62423
13667
124956
13667
18366
13667
62423
13667
62423
13667
62423
68333
85681
78872
85681
13051
62423
90694
85681
40810
62423
78872
85681
78872
85681
78872
85681
76070
133907
64279
133907
78872
85681
78872
85681
78872
85681
78872
85681
90694
133907
13667
133907
78872
85681
90694
133614
78872
85681
56193
85681
90694
133907
76070
18366
13051
62423
78872
85681
13051
18366
13051
62423
53240
85681
13051
62423
64279
18366
53745
85681
78872
62423
78872
18366
90694
133907
53240
133907
56193
85681
68333
124956
13051
62423
68333
170058
40810
62423
68333
124956
68333
124956
68333
124956
68333
85681
64279
85681
68333
151405
68333
124956
68333
124956
68333
124956
68333
85681
13667
85681
68333
124956
68333
85681
68333
144975
56193
146269
68333
85681
68333
18366
13051
62423
68333
124956
13051
18366
13051
62423
53240
124956
13051
62423
64279
18366
53745
124956
68333
62423
68333
18366
68333
85681
53240
85681
56193
155275
13051
62423
78872
124956
40810
62423
143010
179596
100987
179596
242300
183791
76070
85681
64279
85681
104179
124956
242300
154567
242300
183791
104179
154567
78872
85681
13667
85681
104179
183791
78872
85681
143450
124956
56193
124956
78872
85681
76070
18366
13051
62423
104179
154567
13051
18366
13051
62423
53240
183791
13051
62423
64279
18366
53745
151405
104179
62423
104179
18366
78872
85681
53240
85681
56193
124956
13051
62423
13051
144975
13051
62423
13051
62423
13051
62423
13051
62423
13051
62423
13051
62423
13051
62423
13051
62423
13051
62423
13051
62423
13051
62423
13051
62423
13051
62423
13051
62423
13051
62423
13051
62423
13051
18366
53240
124956
13051
62423
53240
18366
53240
144975
13051
62423
53240
124956
13051
18366
13051
62423
13051
124956
13051
18366
13051
62423
13051
62423
13051
62423
40810
62423
78872
124956
78872
124956
78872
124956
76070
85681
64279
85681
78872
151405
78872
124956
78872
124956
78872
124956
95616
85681
13667
85681
78872
124956
95616
85681
78872
144975
56193
146269
143803
85681
76070
18366
13051
62423
78872
124956
13051
18366
13051
62423
53240
124956
13051
62423
64279
18366
53745
124956
78872
62423
78872
18366
153673
85681
53240
85681
56193
155275
40810
62423
40810
62423
40810
62423
40810
62423
40810
62423
40810
62423
40810
62423
40810
62423
40810
62423
40810
62423
13667
62423
40810
62423
40810
62423
40810
62423
40810
62423
40810
62423
40810
18366
13051
124956
40810
62423
13051
18366
13051
151405
40810
62423
13051
124956
40810
18366
40810
62423
40810
124956
40810
18366
40810
62423
40810
62423
40810
62423
100987
191558
143010
179596
76070
85681
64279
85681
104179
124956
143010
154567
143010
179596
104179
154567
78872
85681
13667
85681
104179
179596
78872
85681
143010
124956
56193
124956
78872
85681
76070
18366
13051
62423
104179
154567
13051
18366
13051
62423
53240
179596
13051
62423
64279
18366
53745
151405
104179
62423
104179
18366
78872
85681
53240
85681
56193
124956
100987
179596
76070
85681
76070
85681
64279
85681
64279
85681
100987
124956
104179
124956
100987
154567
250001
154567
100987
179596
243941
194570
100987
154567
104179
154567
78872
85681
78872
85681
13667
85681
13667
85681
100987
179596
104179
194570
78872
85681
78872
85681
100987
124956
143450
124956
56193
124956
56193
124956
78872
85681
78872
85681
76070
18366
76070
18366
13051
62423
13051
62423
100987
154567
104179
154567
13051
18366
13051
18366
13051
62423
13051
62423
53240
179596
53240
194570
13051
62423
13051
62423
64279
18366
64279
18366
53745
151405
53745
151405
100987
62423
104179
62423
100987
18366
104179
18366
78872
85681
78872
85681
53240
85681
53240
85681
56193
124956
56193
124956
64279
154567
76070
85681
76070
85681
76070
85681
76070
85681
76070
155040
13667
152476
76070
85681
76070
133614
76070
85681
56193
85681
76070
135176
108876
18366
13051
62423
76070
85681
13051
18366
13051
62423
53240
85681
13051
62423
64279
18366
53745
85681
76070
62423
76070
18366
76070
151405
53240
170371
56193
85681
64279
85681
64279
85681
64279
85681
64279
85681
64279
154567
13667
152476
64279
85681
64279
133614
64279
85681
56193
85681
64279
135176
64279
18366
13051
62423
64279
85681
13051
18366
13051
62423
53240
85681
13051
62423
67887
18366
53745
85681
64279
62423
64279
18366
64279
151405
53240
154567
56193
85681
104179
124956
104179
124956
133040
124956
78872
85681
13667
85681
133040
124956
78872
85681
104179
144975
56193
146269
78872
85681
76070
18366
13051
62423
133040
124956
13051
18366
13051
62423
53240
124956
13051
62423
64279
18366
53745
124956
133040
62423
133040
18366
78872
85681
53240
85681
56193
151405
243941
154567
104179
250001
78872
85681
13667
85681
104179
154567
78872
85681
143450
124956
56193
124956
78872
85681
76070
18366
13051
62423
104179
211853
13051
18366
13051
62423
53240
154567
13051
62423
64279
18366
53745
151405
104179
62423
104179
18366
78872
85681
53240
85681
56193
124956
104179
154567
78872
85681
13667
85681
104179
218740
78872
85681
143450
124956
56193
124956
78872
85681
76070
18366
13051
62423
104179
154567
13051
18366
13051
62423
53240
247703
13051
62423
64279
18366
53745
151405
104179
62423
104179
18366
78872
85681
53240
85681
56193
124956
78872
85681
13667
85681
250001
154567
78872
85681
104179
124956
56193
124956
78872
85681
76070
18366
13051
62423
152766
211853
13051
18366
13051
62423
53240
154567
13051
62423
64279
18366
53745
151405
250001
62423
250001
18366
78872
85681
53240
85681
56193
124956
13667
152476
78872
85681
250001
133614
78872
85681
56193
85681
95616
135176
76070
18366
13051
62423
78872
85681
13051
18366
13051
62423
53240
85681
13051
62423
64279
18366
53745
85681
78872
62423
78872
18366
95616
151405
53240
155040
56193
85681
13667
85681
13667
133614
13667
85681
13667
85681
13667
135176
13667
18366
13051
62423
13667
85681
13051
18366
13051
62423
13667
85681
13051
62423
13667
18366
13667
85681
13667
62423
13667
18366
13667
151405
13667
152476
13667
85681
78872
85681
104179
124956
56193
124956
78872
85681
76070
18366
13051
62423
152766
154567
13051
18366
13051
62423
53240
218740
13051
62423
64279
18366
53745
151405
250001
62423
250001
18366
78872
85681
53240
85681
56193
124956
78872
85681
56193
85681
95616
133614
76070
18366
13051
62423
78872
85681
13051
18366
13051
62423
53240
85681
13051
62423
64279
18366
53745
85681
78872
62423
78872
18366
95616
133614
53240
133614
56193
85681
56193
144975
78872
85681
76070
18366
13051
62423
104179
124956
13051
18366
13051
62423
53240
124956
13051
62423
64279
18366
53745
124956
104179
62423
104179
18366
78872
85681
53240
85681
56193
144975
56193
85681
56193
18366
13051
62423
56193
124956
13051
18366
13051
62423
53240
124956
13051
62423
56193
18366
53745
124956
56193
62423
56193
18366
56193
85681
53240
85681
128623
146269
76070
18366
13051
62423
78872
85681
13051
18366
13051
62423
53240
85681
13051
62423
64279
18366
53745
85681
78872
62423
78872
18366
143803
135176
53240
135176
56193
85681
13051
18366
76070
18366
13051
62423
13051
18366
53240
18366
13051
18366
64279
128267
53745
18366
76070
18366
76070
85681
76070
18366
53240
18366
56193
18366
13051
62423
56583
18366
56583
124956
13051
62423
94230
147889
13051
18366
13051
62423
13051
140032
13051
18366
13051
62423
13051
62423
13051
62423
13051
18366
13051
62423
53240
154567
13051
62423
64279
18366
53745
151405
152766
62423
152766
18366
78872
85681
53240
85681
56193
124956
64279
18366
13051
18366
56583
18366
13051
62423
13051
18366
13051
18366
13051
62423
13051
18366
13051
18366
13051
18366
13051
62423
56583
124956
13051
18366
13051
62423
13051
124956
13051
18366
13051
62423
13051
62423
13051
62423
13051
62423
53240
18366
53240
151405
53240
62423
53240
18366
53240
85681
53745
85681
53240
124956
13051
18366
13051
62423
13051
140032
13051
18366
13051
62423
13051
62423
13051
62423
53745
18366
64279
18366
64279
85681
64279
18366
53240
18366
56193
18366
53745
62423
53745
18366
53745
85681
53240
85681
53745
124956
250001
18366
78872
62423
53240
62423
56193
62423
78872
18366
53240
18366
56193
18366
53240
151405
56193
85681
53240
85681
