5699
147651
5699
147651
5699
147651
5699
147651
161091
234937
5699
147651
161091
250001
91789
234937
73548
234937
118563
250001
5699
143523
5699
168662
5699
20016
5699
15882
5699
20016
5699
147651
181714
250001
161091
250001
5699
147651
5699
182472
134372
194258
118563
20016
44321
20016
118563
182472
5699
147651
5699
147651
118563
250001
118563
147651
73548
221249
106303
221249
5699
15882
134639
143523
118563
250001
161091
250001
96342
250001
10696
231943
44321
231943
44321
231943
5699
147651
49350
231943
5699
147651
5699
147651
5699
147651
5699
147651
44321
143523
37422
147651
44321
20016
44321
15882
37422
20016
44321
231943
5699
147651
5699
147651
44321
231943
44321
147651
5699
147651
5699
20016
5699
20016
5699
147651
44321
231943
10696
213420
5699
147651
5699
194258
5699
147651
5699
147651
44321
15882
5699
143523
5699
147651
5699
147651
5699
147651
10696
250001
10696
250001
5699
147651
10696
250001
5699
147651
5699
147651
5699
147651
5699
147651
10696
143523
10696
147651
10696
20016
10696
15882
10696
20016
10696
250001
5699
147651
5699
147651
10696
250001
10696
147651
5699
147651
5699
20016
5699
20016
5699
147651
10696
250001
134659
213420
5699
147651
5699
194258
5699
147651
5699
147651
10696
15882
5699
143523
5699
147651
5699
147651
5699
147651
161091
250001
5699
147651
44321
250001
5699
147651
5699
147651
5699
147651
5699
147651
86715
143523
37422
147651
134639
20016
134639
15882
37422
20016
154974
250001
5699
147651
5699
147651
118101
250001
134639
147651
5699
147651
5699
20016
5699
20016
5699
147651
118101
250001
10696
213420
5699
147651
5699
194258
5699
147651
5699
147651
134639
15882
5699
143523
5699
147651
5699
147651
5699
147651
5699
147651
44321
250001
5699
147651
5699
147651
5699
147651
5699
147651
86715
143523
37422
147651
134639
20016
134639
15882
37422
20016
154974
250001
5699
147651
5699
147651
118101
250001
134639
147651
5699
147651
5699
20016
5699
20016
5699
147651
118101
250001
10696
213420
5699
147651
5699
194258
5699
147651
5699
147651
134639
15882
5699
143523
5699
147651
5699
147651
5699
147651
5699
147651
219765
234937
91789
239682
73548
239682
118563
234937
5699
143523
5699
168662
5699
20016
5699
15882
5699
20016
5699
147651
161091
234937
208149
234937
5699
147651
5699
182472
134372
194258
118563
20016
44321
20016
118563
182472
5699
147651
5699
147651
118563
234937
118563
147651
73548
221249
106303
221249
5699
15882
134639
143523
118563
234937
225047
234937
96342
234937
5699
147651
5699
147651
5699
147651
5699
147651
44321
143523
37422
147651
44321
20016
44321
15882
37422
20016
44321
250001
5699
147651
5699
147651
44321
250001
44321
147651
5699
147651
5699
20016
5699
20016
5699
147651
44321
250001
10696
213420
5699
147651
5699
194258
5699
147651
5699
147651
44321
15882
5699
143523
5699
147651
5699
147651
5699
147651
91789
234937
73548
234937
118563
250001
5699
143523
5699
168662
5699
20016
5699
15882
5699
20016
5699
147651
161091
250001
208149
250001
5699
147651
5699
182472
134372
194258
118563
20016
44321
20016
118563
182472
5699
147651
5699
147651
118563
250001
118563
147651
73548
221249
106303
221249
5699
15882
134639
143523
118563
250001
219765
250001
96342
250001
73548
250001
91789
234937
5699
143523
5699
168662
5699
20016
5699
15882
5699
20016
5699
147651
91789
234937
91789
234937
5699
147651
5699
182472
91789
194258
91789
20016
44321
20016
91789
182472
5699
147651
5699
147651
91789
234937
91789
147651
73548
221249
91789
221249
5699
15882
91789
143523
91789
234937
91789
234937
91789
234937
73548
234937
5699
143523
5699
168662
5699
20016
5699
15882
5699
20016
5699
147651
73548
234937
73548
234937
5699
147651
5699
182472
73548
194258
73548
20016
44321
20016
73548
182472
5699
147651
5699
147651
73548
234937
73548
147651
91789
221249
73548
221249
5699
15882
73548
143523
73548
234937
73548
234937
73548
234937
5699
143523
5699
168662
5699
20016
5699
15882
5699
20016
5699
147651
118563
250001
118563
250001
5699
147651
5699
182472
118563
194258
134659
20016
44321
20016
134659
182472
5699
147651
5699
147651
134659
250001
134659
147651
73548
221249
106303
221249
5699
15882
118563
143523
134659
250001
118563
250001
96342
250001
37422
143523
86715
20016
86715
15882
37422
20016
86715
143523
5699
143523
5699
143523
86715
143523
86715
143523
5699
143523
5699
20016
5699
20016
5699
143523
86715
143523
10696
143523
5699
143523
5699
143523
5699
143523
5699
143523
86715
15882
5699
250001
5699
143523
5699
143523
5699
143523
37422
20016
37422
15882
134372
20016
37422
147651
5699
168662
5699
168662
37422
147651
37422
168662
5699
168662
5699
20016
5699
20016
5699
168662
37422
147651
10696
147651
5699
168662
5699
147651
5699
168662
5699
168662
37422
15882
5699
143523
5699
168662
5699
168662
5699
168662
165872
15882
37422
245997
134639
20016
5699
20016
5699
20016
118101
20016
134659
20016
5699
20016
5699
137906
5699
137906
5699
20016
118101
20016
10696
20016
5699
20016
5699
20016
5699
20016
5699
20016
165872
15882
5699
20016
5699
20016
5699
20016
5699
20016
37422
15882
134639
15882
5699
15882
5699
15882
118101
15882
134659
15882
5699
15882
5699
15882
5699
15882
5699
15882
118101
15882
10696
15882
5699
15882
5699
15882
5699
15882
5699
15882
226727
197648
5699
15882
5699
15882
5699
15882
5699
15882
37422
20016
5699
20016
5699
20016
37422
20016
37422
20016
5699
20016
5699
137906
5699
137906
5699
20016
37422
20016
10696
20016
5699
20016
5699
20016
5699
20016
5699
20016
37422
15882
5699
20016
5699
20016
5699
20016
5699
20016
5699
147651
5699
147651
118101
250001
134639
147651
5699
147651
5699
20016
5699
20016
5699
147651
118101
250001
10696
213420
5699
147651
5699
194258
5699
147651
5699
147651
134639
15882
5699
143523
5699
147651
5699
147651
5699
147651
161091
250001
5699
147651
5699
182472
134372
194258
118563
20016
44321
20016
118563
182472
5699
147651
5699
147651
118563
250001
118563
147651
73548
221249
106303
221249
5699
15882
134639
143523
118563
250001
161091
250001
96342
250001
5699
147651
5699
182472
134372
194258
118563
20016
44321
20016
118563
182472
5699
147651
5699
147651
118563
250001
118563
147651
73548
221249
106303
221249
5699
15882
134639
143523
118563
250001
208149
250001
96342
250001
118101
147651
5699
147651
5699
20016
5699
20016
5699
147651
154629
250001
10696
213420
5699
147651
5699
194258
5699
147651
5699
147651
118101
15882
5699
143523
5699
147651
5699
147651
5699
147651
5699
182472
5699
20016
5699
20016
5699
197648
118101
147651
10696
147651
5699
182472
5699
147651
5699
182472
5699
182472
134659
15882
5699
143523
5699
182472
5699
182472
5699
182472
118563
20016
44321
20016
118563
182472
5699
147651
5699
147651
118563
194258
118563
147651
73548
194258
106303
194258
5699
15882
134372
143523
118563
194258
134372
194258
96342
194258
44321
197648
181714
20016
5699
20016
5699
20016
161091
20016
250001
20016
73548
20016
106303
20016
5699
15882
118563
20016
154629
20016
118563
20016
96342
20016
44321
20016
5699
20016
5699
20016
44321
20016
44321
20016
44321
20016
44321
20016
5699
15882
44321
20016
44321
20016
44321
20016
44321
20016
5699
147651
5699
147651
161091
182472
181714
147651
73548
182472
106303
182472
5699
15882
118563
143523
154629
182472
118563
182472
96342
182472
10696
213420
5699
147651
5699
194258
5699
147651
5699
147651
118101
15882
5699
143523
5699
147651
5699
147651
5699
147651
5699
147651
5699
194258
5699
147651
5699
147651
10696
15882
5699
143523
5699
147651
5699
147651
5699
147651
161091
147651
73548
221249
106303
221249
5699
15882
118563
143523
154629
250001
118563
250001
96342
250001
73548
147651
106303
147651
5699
15882
118563
143523
154629
147651
118563
147651
96342
147651
73548
250001
5699
15882
73548
143523
73548
221249
73548
221249
73548
221249
5699
15882
106303
143523
106303
221249
106303
221249
96342
221249
5699
15882
5699
15882
5699
15882
5699
15882
118563
143523
134639
143523
96342
143523
118563
250001
96342
250001
96342
250001
