188421
44286
14863
44286
142609
216654
109347
116899
84547
216654
46224
216654
46224
42914
142609
204555
119536
216654
142609
238739
41125
216654
142609
42914
250001
216654
188421
44053
31212
44286
46224
182196
142609
250001
250001
182196
14863
45178
142609
216654
119536
216654
98340
250001
119536
216654
142609
176865
46224
216654
142609
216654
98340
216654
142609
44053
142609
232339
142609
216654
250001
216654
98340
250001
109347
146980
14863
173610
142609
44286
109347
44286
84547
44286
46224
44286
46224
42914
142609
44286
119536
44286
142609
44286
41125
44286
142609
42914
188421
44286
250001
44053
31212
228009
46224
44286
142609
44286
188421
44286
14863
44286
142609
44286
119536
44286
98340
44286
119536
44286
142609
44286
46224
44286
142609
44286
98340
44286
142609
44053
142609
44286
142609
44286
188421
44286
98340
44286
109347
44286
14863
44286
14863
44286
14863
44286
14863
44286
14863
42914
14863
44286
14863
44286
14863
44286
14863
44286
14863
42914
14863
44286
14863
44053
14863
173610
14863
44286
14863
44286
14863
44286
31212
44286
14863
44286
14863
44286
14863
44286
14863
44286
14863
44286
14863
44286
14863
44286
14863
44286
14863
44053
14863
44286
14863
44286
14863
44286
14863
44286
14863
44286
109347
116899
84547
250001
46224
250001
46224
42914
193540
204555
119536
250001
193540
216654
41125
250001
193540
42914
142609
250001
142609
44053
31212
44286
46224
182196
193540
216654
142609
182196
14863
45178
193540
250001
119536
238739
98340
216654
119536
250001
193540
176865
46224
250001
193540
250001
98340
250001
193540
44053
193540
216654
193540
250001
142609
250001
98340
216654
109347
146980
84547
116899
46224
116899
46224
42914
109347
116899
109347
116899
109347
116899
41125
116899
109347
42914
109347
116899
109347
44053
31212
44286
46224
116899
109347
116899
109347
116899
14863
45178
109347
116899
109347
116899
98340
116899
109347
116899
109347
116899
46224
116899
109347
116899
98340
116899
109347
44053
109347
116899
109347
116899
109347
116899
98340
116899
142609
116899
46224
250001
46224
42914
84547
204555
84547
250001
84547
216654
41125
250001
84547
42914
84547
250001
84547
44053
31212
44286
46224
182196
84547
216654
84547
182196
14863
45178
84547
250001
84547
238739
84547
216654
84547
250001
84547
176865
46224
250001
84547
250001
84547
250001
84547
44053
84547
216654
84547
250001
84547
250001
84547
216654
84547
146980
250001
42914
46224
204555
46224
250001
46224
216654
41125
250001
46224
42914
46224
250001
46224
44053
31212
44286
66677
182196
46224
216654
46224
182196
14863
45178
46224
250001
46224
238739
46224
216654
46224
250001
46224
176865
60734
250001
46224
250001
46224
250001
46224
44053
46224
216654
46224
250001
46224
250001
46224
216654
46224
146980
46224
42914
46224
42914
46224
42914
41125
42914
46224
100440
46224
42914
46224
42914
31212
42914
66677
42914
46224
42914
46224
42914
14863
42914
46224
42914
46224
42914
46224
42914
46224
42914
46224
42914
60734
42914
46224
42914
46224
42914
46224
42914
46224
42914
46224
42914
46224
42914
46224
42914
46224
42914
119536
204555
250001
204555
41125
204555
250001
42914
142609
204555
142609
44053
31212
44286
46224
182196
250001
204555
142609
182196
14863
45178
227448
204555
119536
204555
98340
204555
119536
204555
250001
176865
46224
204555
250001
204555
98340
204555
250001
44053
250001
204555
206150
204555
142609
204555
98340
204555
109347
146980
119536
216654
41125
250001
119536
42914
119536
250001
119536
44053
31212
44286
46224
182196
119536
216654
119536
182196
14863
45178
119536
250001
250001
238739
98340
216654
250001
250001
119536
176865
46224
250001
119536
250001
98340
250001
119536
44053
119536
216654
119536
250001
119536
250001
98340
216654
109347
146980
41125
216654
250001
42914
142609
216654
142609
44053
31212
44286
46224
182196
250001
238739
142609
182196
14863
45178
227448
216654
119536
216654
98340
238739
119536
216654
250001
176865
46224
216654
250001
216654
98340
216654
250001
44053
250001
232339
206150
216654
142609
216654
98340
238739
109347
146980
41125
42914
41125
250001
41125
44053
31212
44286
41125
182196
41125
216654
41125
182196
14863
45178
41125
250001
41125
238739
41125
216654
41125
250001
41125
176865
41125
250001
41125
250001
41125
250001
41125
44053
41125
216654
41125
250001
41125
250001
41125
216654
41125
146980
142609
42914
142609
42914
31212
42914
46224
42914
250001
42914
142609
42914
14863
42914
227448
42914
119536
42914
98340
42914
119536
42914
250001
42914
46224
42914
250001
42914
98340
42914
250001
42914
250001
42914
206150
42914
142609
42914
98340
42914
109347
42914
188421
44053
31212
44286
46224
182196
142609
216654
250001
182196
14863
45178
142609
250001
119536
238739
98340
216654
119536
250001
142609
176865
46224
250001
142609
250001
98340
250001
142609
44053
142609
216654
142609
250001
250001
250001
98340
216654
109347
146980
31212
44053
46224
44053
142609
44053
188421
44053
14863
44053
142609
44053
119536
44053
98340
44053
119536
44053
142609
44053
46224
44053
142609
44053
98340
44053
142609
173610
142609
44053
142609
44053
188421
44053
98340
44053
109347
44053
31212
44286
31212
44286
31212
44286
14863
44286
31212
44286
31212
44286
31212
44286
31212
44286
31212
44286
31212
44286
31212
44286
31212
44286
31212
44053
31212
44286
31212
44286
31212
44286
31212
44286
31212
44286
46224
182196
46224
204555
14863
45178
46224
182196
46224
182196
46224
182196
46224
182196
46224
176865
60734
182196
46224
182196
46224
182196
46224
44053
46224
182196
46224
182196
46224
182196
46224
182196
46224
146980
142609
182196
14863
45178
227448
216654
119536
216654
98340
250001
119536
216654
250001
176865
46224
216654
250001
216654
98340
216654
250001
44053
250001
232339
206150
216654
142609
216654
98340
250001
109347
146980
14863
45178
142609
182196
119536
182196
98340
182196
119536
182196
142609
176865
46224
182196
142609
182196
98340
182196
142609
44053
142609
182196
142609
182196
250001
182196
98340
182196
109347
146980
14863
45178
14863
45178
14863
45178
14863
45178
14863
45178
14863
45178
14863
45178
14863
45178
14863
44053
14863
45178
14863
45178
14863
45178
14863
45178
14863
45178
119536
238739
98340
216654
119536
250001
227448
176865
46224
250001
227448
250001
98340
250001
227448
44053
227448
216654
206150
250001
142609
250001
98340
216654
109347
146980
98340
216654
250001
238739
119536
176865
46224
238739
119536
238739
98340
238739
119536
44053
119536
216654
119536
238739
119536
238739
98340
216654
109347
146980
98340
216654
98340
176865
46224
216654
98340
216654
250001
216654
98340
44053
98340
232339
98340
216654
98340
216654
142609
250001
98340
146980
119536
176865
46224
250001
119536
250001
98340
250001
119536
44053
119536
216654
119536
250001
119536
250001
98340
216654
109347
146980
46224
176865
250001
176865
98340
176865
250001
44053
250001
176865
206150
176865
142609
176865
98340
176865
109347
146980
46224
250001
46224
250001
46224
44053
46224
216654
46224
250001
46224
250001
46224
216654
46224
146980
98340
250001
250001
44053
250001
216654
206150
250001
142609
250001
98340
216654
109347
146980
98340
44053
98340
216654
98340
250001
98340
250001
142609
216654
98340
146980
250001
44053
206150
44053
142609
44053
98340
44053
109347
44053
206150
216654
142609
216654
98340
232339
109347
146980
142609
250001
98340
216654
109347
146980
98340
216654
109347
146980
98340
146980
