23752
100524
4854
50759
4854
1498
7204
11613
7204
28485
7204
28485
6852
45376
7204
37363
7244
100524
7204
70827
7204
28485
7204
40271
7204
50759
7244
28485
7204
11613
7204
28485
7293
28485
7244
11613
7204
50759
7244
11613
7204
6913
7204
37363
7204
40271
7204
50759
7204
11613
7204
50759
7244
28485
7204
45376
7204
50759
7244
5482
7204
50759
7204
50759
7204
45376
7204
28485
7204
37363
7244
11613
7204
16945
7204
50759
7204
50759
7204
45376
7204
50759
4854
1498
7204
50759
7204
50759
7204
50759
7204
8254
7204
50759
7293
11613
7204
50759
7204
11613
7204
50759
7204
9251
7204
28485
7244
28485
7244
28485
7204
8254
7204
8254
7244
134752
7204
28485
7204
16945
7204
11613
7244
28485
7204
37363
7204
5482
7204
50759
7204
45376
6852
50759
7204
11613
7204
100524
6852
113057
7204
134752
4854
50759
4854
1498
7204
11613
7204
28485
7204
28485
6852
45376
7204
37363
7244
112516
7204
70827
7204
28485
7204
40271
7204
50759
7244
28485
7204
11613
7204
28485
7293
28485
7244
11613
7204
50759
7244
11613
7204
6913
7204
37363
7204
40271
7204
50759
7204
11613
7204
50759
7244
28485
7204
45376
7204
50759
7244
5482
7204
50759
7204
50759
7204
45376
7204
28485
7204
37363
7244
11613
7204
16945
7204
50759
7204
50759
7204
45376
7204
50759
4854
1498
7204
50759
7204
50759
7204
50759
7204
8254
7204
50759
7293
11613
7204
50759
7204
11613
7204
50759
7204
9251
7204
28485
7244
28485
7244
28485
7204
8254
7204
8254
7244
100524
7204
28485
7204
16945
7204
11613
7244
28485
7204
37363
7204
5482
7204
50759
7204
45376
6852
50759
7204
11613
7204
112516
6852
100524
7204
100524
6805
1498
4854
11613
4854
28485
4854
28485
4854
45376
4854
37363
4854
50759
4854
50759
4854
28485
4854
40271
4854
117886
4854
28485
4854
11613
4854
28485
4854
28485
4854
11613
4854
131447
4854
11613
4854
6913
4854
37363
4854
40271
4854
131447
4854
11613
4854
75274
4854
28485
4854
45376
4854
75274
4854
5482
4854
93086
4854
117886
4854
45376
4854
28485
4854
37363
4854
11613
4854
16945
4854
131447
4854
92331
4854
45376
4854
131447
6805
1498
4854
75274
4854
100524
4854
93086
4854
8254
4854
75274
4854
11613
4854
131447
4854
11613
4854
92331
4854
9251
4854
28485
4854
28485
4854
28485
4854
8254
4854
8254
4854
50759
4854
28485
4854
16945
4854
11613
4854
28485
4854
37363
4854
5482
4854
75274
4854
45376
4854
124283
4854
11613
4854
50759
4854
50759
4854
50759
4854
1498
4854
1498
4854
1498
4854
1498
4854
1498
4854
1498
4854
1498
4854
1498
4854
1498
4854
1498
4854
1498
4854
1498
4854
1498
4854
1498
4854
1498
4854
1498
4854
1498
4854
1498
4854
1498
4854
1498
4854
1498
4854
1498
4854
1498
4854
1498
4854
1498
4854
1498
4854
1498
4854
1498
4854
1498
4854
1498
4854
1498
4854
1498
4854
1498
4854
1498
4854
1498
4854
1498
4854
1498
4854
1498
21958
9305
4854
1498
4854
1498
4854
1498
4854
1498
4854
1498
4854
1498
4854
1498
4854
1498
4854
1498
4854
1498
4854
1498
4854
1498
4854
1498
4854
1498
4854
1498
4854
1498
4854
1498
4854
1498
4854
1498
4854
1498
4854
1498
4854
1498
4854
1498
4854
1498
4854
1498
4854
1498
4854
1498
4854
1498
4854
1498
8267
11613
8267
11613
6852
11613
8267
11613
7204
11613
10408
11613
8267
11613
10408
11613
10408
11613
7204
11613
10408
29935
10408
11613
7204
11613
7204
21790
10408
11613
7204
80438
10408
6913
10408
11613
10408
11613
20486
11613
10408
29935
10408
11613
7204
11613
10408
11613
8592
11613
7204
5482
12954
11613
10408
11613
10408
11613
128860
11613
10408
11613
7204
19272
10408
11613
10408
11613
10408
11613
8267
11613
10408
11613
4854
1498
8592
11613
10408
11613
10408
11613
128860
8254
8592
11613
7204
19272
10408
11613
8267
93086
21132
11613
10408
9251
10070
11613
7204
11613
7204
11613
10408
8254
21901
8254
7204
11613
10408
11613
10070
11613
7938
93086
7204
11613
10408
11613
10408
5482
8592
11613
10408
11613
6852
11613
10408
29935
8267
11613
6852
11613
8267
11613
18296
45376
6852
28485
10408
28485
7204
28485
8267
28485
10408
40731
8267
28485
8267
28485
7204
40731
8267
11613
8267
40271
7204
45376
7204
11613
8267
28485
7204
11613
8267
6913
8267
28485
8267
28485
8267
28485
8267
11613
8267
28485
7204
50759
8267
28485
8267
28485
7204
5482
8267
28485
8267
28485
8267
28485
8267
37363
8267
28485
7204
11613
8267
16945
8267
28485
8267
28485
21132
28485
8267
28485
4854
1498
8267
28485
8267
28485
8267
28485
8267
8254
8267
28485
7204
11613
8267
28485
21132
11613
8267
28485
8267
9251
8267
45376
7204
40731
7204
40731
8267
8254
8267
8254
7204
28485
8267
51785
8267
16945
7938
11613
7204
45376
8267
28485
8267
5482
8267
28485
8267
28485
6852
28485
8267
11613
10408
28485
6852
28485
10070
28485
6852
28485
10408
28485
7204
28485
8267
28485
10408
40731
8267
28485
8267
28485
7204
40731
8267
11613
8267
40271
7204
90862
7204
11613
8267
28485
7204
11613
8267
6913
8267
28485
8267
28485
8267
28485
8267
11613
8267
28485
7204
45376
8267
28485
8267
28485
7204
5482
8267
28485
8267
28485
8267
28485
8267
37363
8267
28485
7204
11613
8267
16945
8267
28485
8267
28485
18296
28485
8267
28485
4854
1498
8267
28485
8267
28485
8267
28485
8267
8254
8267
28485
7204
11613
8267
28485
18296
11613
8267
28485
8267
9251
8267
90862
7204
40731
7204
40731
8267
8254
8267
8254
7204
28485
8267
45376
8267
16945
7938
11613
7204
90862
8267
28485
8267
5482
8267
28485
8267
28485
6852
28485
8267
11613
10408
28485
6852
28485
10070
28485
6852
37363
6852
45376
6852
45376
6852
28485
6852
40271
6852
45376
6852
28485
6852
11613
6852
28485
6852
28485
6852
11613
6852
45376
6852
11613
6852
6913
6852
37363
6852
40271
6852
45376
6852
11613
6852
45376
6852
28485
6852
50759
6852
45376
6852
5482
6852
45376
6852
45376
6852
50759
6852
28485
6852
37363
6852
11613
6852
16945
6852
45376
6852
45376
6852
50759
6852
45376
4854
1498
6852
45376
6852
45376
6852
45376
6852
8254
6852
45376
6852
11613
6852
45376
6852
11613
6852
45376
6852
9251
6852
28485
6852
28485
6852
28485
6852
8254
6852
8254
6852
45376
6852
28485
6852
16945
6852
11613
6852
28485
6852
37363
6852
5482
6852
45376
6852
50759
7910
45376
6852
11613
6852
45376
7471
45376
6852
45376
7204
37363
8267
37363
10614
28485
8267
37363
8267
37363
7204
28485
8267
11613
8267
28485
7204
28485
7204
11613
8267
37363
7204
11613
8267
6913
8267
80438
8267
37363
8267
37363
8267
11613
8267
37363
7204
28485
8267
37363
8267
37363
7204
5482
8267
37363
8267
37363
8267
37363
8267
28485
8267
93086
7204
11613
8267
16945
8267
37363
8267
37363
10408
37363
8267
37363
4854
1498
8267
37363
8267
37363
8267
37363
8267
8254
8267
37363
7204
11613
8267
37363
10408
11613
8267
37363
8267
9251
8267
28485
7204
28485
7204
28485
8267
8254
8267
8254
7204
37363
8267
28485
8267
16945
7938
11613
7204
28485
8267
80438
8267
5482
8267
37363
8267
37363
6852
37363
8267
11613
12954
37363
6852
37363
10070
37363
7204
70827
7204
28485
7204
40271
7204
50759
7293
28485
7204
11613
7204
28485
7244
28485
7293
11613
7204
50759
7293
11613
7204
6913
7204
37363
7204
40271
7204
50759
7204
11613
7204
50759
10408
28485
7204
45376
7204
50759
23385
5482
7204
50759
7204
50759
7204
45376
7204
28485
7204
37363
7293
11613
7204
16945
7204
50759
7204
50759
7204
45376
7204
50759
4854
1498
7204
50759
7204
50759
7204
50759
7204
8254
7204
50759
7244
11613
7204
50759
7204
11613
7204
50759
7204
9251
7204
28485
7293
28485
7293
28485
7204
8254
7204
8254
21958
100524
7204
28485
7204
16945
7204
11613
7293
28485
7204
37363
7204
5482
7204
50759
7204
45376
6852
50759
7204
11613
7204
117685
6852
100524
7204
100524
8267
28485
18586
40271
10695
50759
7204
28485
18586
11613
10695
28485
7204
28485
7204
11613
18586
50759
7204
11613
10695
6913
10695
37363
18586
40271
10408
50759
10695
11613
10618
50759
7204
28485
10695
45376
8592
50759
7204
5482
10408
50759
18586
50759
18586
45376
10408
28485
10695
37363
7204
11613
18586
16945
18586
50759
10695
50759
8267
45376
18586
50759
4854
1498
8592
50759
18586
50759
18586
50759
10408
8254
8592
50759
7204
11613
18586
50759
8267
11613
10408
50759
10695
9251
10070
28485
7204
28485
7204
28485
10695
8254
10408
8254
7204
70827
18586
28485
10070
16945
7938
11613
7204
28485
10695
37363
18586
5482
8592
50759
10695
45376
6852
50759
18586
11613
8267
70827
6852
70827
8267
70827
8267
28485
8267
28485
7204
41758
8267
11613
8267
40271
7204
40731
7204
11613
8267
28485
7204
11613
8267
6913
8267
28485
8267
28485
8267
28485
8267
11613
8267
28485
7204
40731
8267
28485
8267
28485
7204
5482
8267
28485
8267
28485
8267
28485
8267
37363
8267
28485
7204
11613
8267
16945
8267
28485
8267
28485
10408
28485
8267
28485
4854
1498
8267
28485
8267
28485
8267
28485
8267
8254
8267
28485
7204
11613
8267
28485
10408
11613
8267
28485
8267
9251
8267
40731
7204
41772
7204
41758
8267
8254
8267
8254
7204
28485
8267
40731
8267
16945
7938
11613
7204
40731
8267
28485
8267
5482
8267
28485
8267
28485
6852
28485
8267
11613
10614
28485
6852
28485
10070
28485
10695
40271
7204
28485
21213
11613
10695
28485
7204
28485
7204
11613
21213
40271
7204
11613
10695
6913
10695
37363
21213
43502
10408
40271
10695
11613
10618
40271
7204
28485
10695
40271
8592
40271
7204
5482
10408
40271
21213
40271
21213
40271
10408
28485
10695
37363
7204
11613
21213
16945
21213
40271
10695
40271
8267
40271
21213
40271
4854
1498
8592
40271
21213
40271
21213
40271
10408
8254
8592
40271
7204
11613
21213
40271
8267
11613
10408
40271
10695
9251
10070
28485
7204
28485
7204
28485
10695
8254
10408
8254
7204
40271
20943
28485
10070
16945
7938
11613
7204
28485
10695
37363
21213
5482
8592
40271
10695
40271
6852
40271
21213
11613
8267
40271
6852
40271
8267
40271
7204
28485
10695
11613
21958
28485
7204
28485
7204
11613
10695
117886
7204
11613
15810
6913
12842
37363
10695
40271
10408
117886
15810
11613
10618
75274
7204
28485
21958
45376
8592
75274
7204
5482
10408
93086
10695
118087
10695
45376
10408
28485
21958
37363
7204
11613
10695
16945
10695
117886
21958
92331
8267
45376
10695
117886
4854
1498
8592
75274
10695
100524
10695
93086
10408
8254
8592
75274
7204
11613
10695
117886
8267
11613
10408
92331
21958
9251
10070
28485
7204
28485
7204
28485
20778
8254
10408
8254
7204
50759
10695
28485
10070
16945
7938
11613
7204
28485
11678
37363
10695
5482
8592
75274
21958
45376
6852
117886
10695
11613
8267
50759
6852
50759
8267
50759
7204
11613
7204
40271
7244
40731
21213
11613
7204
28485
21958
11613
7204
6913
7204
28485
7204
28485
7204
28485
7204
11613
7204
28485
7293
40731
7204
28485
7204
28485
7293
5482
7204
28485
7204
28485
7204
28485
7204
37363
7204
28485
18296
11613
7204
16945
7204
28485
7204
28485
7204
28485
7204
28485
4854
1498
7204
28485
7204
28485
7204
28485
7204
8254
7204
28485
7244
11613
7204
28485
7204
11613
7204
28485
7204
9251
7204
40731
23385
41758
10070
167009
7204
8254
7204
8254
7293
28485
7204
40731
7204
16945
7204
11613
10070
40731
7204
28485
7204
5482
7204
28485
7204
28485
6852
28485
7204
11613
7204
28485
6852
28485
7204
28485
10695
11613
7204
11613
7204
21790
61505
11613
7204
29935
10695
6913
10695
11613
21958
11613
10408
11613
10695
148084
10618
11613
7204
11613
10695
11613
8592
11613
7204
5482
10408
11613
61505
11613
21958
11613
10408
11613
10695
11613
7204
19272
60982
11613
61505
11613
10695
11613
8267
11613
61505
11613
4854
1498
8592
11613
61505
11613
61505
11613
10408
8254
8592
11613
7204
19272
61505
11613
8267
29935
10408
11613
10695
9251
10070
11613
7204
11613
7204
11613
10695
8254
10408
8254
7204
11613
20943
11613
10070
11613
7938
29935
7204
11613
10695
11613
61505
5482
8592
11613
10695
11613
6852
11613
34350
101587
8267
11613
6852
11613
8267
11613
7204
40271
7204
11613
10695
28485
7204
11613
15810
6913
12842
28485
10695
28485
10408
28485
15810
11613
10618
28485
7204
40271
29815
28485
8592
28485
7204
5482
10408
28485
10695
28485
10695
28485
10408
37363
22536
28485
7204
11613
10695
16945
10695
28485
33284
28485
8267
28485
10695
28485
4854
1498
8592
28485
10695
28485
10695
28485
10408
8254
8592
28485
7204
11613
10695
28485
8267
11613
10408
28485
33284
9251
10070
40271
7204
40271
7204
40271
20778
8254
10408
8254
7204
28485
10695
40271
10070
16945
7938
11613
7204
40271
11678
28485
10695
5482
8592
28485
22536
28485
6852
28485
10695
11613
8267
28485
6852
28485
8267
28485
7244
11613
7204
28485
7244
11613
7204
6913
7204
28485
7204
28485
7204
28485
7204
11613
7204
28485
7244
45376
7204
28485
7204
28485
7244
5482
7204
28485
7204
28485
7204
28485
7204
37363
7204
28485
7244
11613
7204
16945
7204
28485
7204
28485
7204
28485
7204
28485
4854
1498
7204
28485
7204
28485
7204
28485
7204
8254
7204
28485
10070
11613
7204
28485
7204
11613
7204
28485
7204
9251
7204
93086
7244
40731
7244
40731
7204
8254
7204
8254
7244
28485
7204
45376
7204
16945
7204
11613
7244
101587
7204
28485
7204
5482
7204
28485
7204
28485
6852
28485
7204
11613
7204
28485
6852
28485
7204
28485
7204
11613
21213
21790
7204
6913
7204
11613
7204
11613
7204
11613
7204
21790
7204
11613
7293
11613
7204
11613
7204
11613
7293
5482
7204
11613
7204
11613
7204
11613
7204
11613
7204
11613
18296
19272
7204
11613
7204
11613
7204
11613
7204
11613
7204
11613
4854
1498
7204
11613
7204
11613
7204
11613
7204
8254
7204
11613
7244
19272
7204
11613
7204
21790
7204
11613
7204
9251
7204
11613
21213
11613
10070
11613
7204
8254
7204
8254
7293
11613
7204
11613
7204
11613
7204
21790
10070
11613
7204
11613
7204
5482
7204
11613
7204
11613
6852
11613
7204
21790
7204
11613
6852
11613
7204
11613
7204
11613
10695
6913
10695
37363
21958
40271
10408
140901
10695
11613
10618
75274
7204
28485
10695
45376
8592
75274
7204
5482
10408
93086
65660
117886
21958
45376
10408
28485
10695
37363
7204
11613
60982
16945
65660
182692
10695
92331
8267
45376
65660
182692
4854
1498
8592
75274
65660
100524
65660
93086
10408
8254
8592
75274
7204
11613
65660
148300
8267
11613
10408
92331
10695
9251
10070
28485
7204
28485
7204
28485
10695
8254
10408
8254
7204
50759
20943
28485
10070
16945
7938
11613
7204
28485
10695
37363
65660
5482
8592
75274
10695
45376
6852
124283
34350
11613
8267
50759
6852
50759
8267
50759
7204
6913
7204
11613
7204
11613
7204
11613
7204
29935
7204
11613
7293
11613
7204
11613
7204
11613
7293
5482
7204
11613
7204
11613
7204
11613
7204
11613
7204
11613
18296
19272
7204
11613
7204
11613
7204
11613
7204
11613
7204
11613
4854
1498
7204
11613
7204
11613
7204
11613
7204
8254
7204
11613
7244
19272
7204
11613
7204
80438
7204
11613
7204
9251
7204
11613
21958
11613
10070
11613
7204
8254
7204
8254
7293
11613
7204
11613
7204
11613
7204
80438
10070
11613
7204
11613
7204
5482
7204
11613
7204
11613
6852
11613
7204
29935
7204
11613
6852
11613
7204
11613
12842
6913
10695
6913
10408
6913
22536
6913
10618
6913
7204
6913
15810
6913
8592
6913
7204
5482
10408
6913
10695
6913
10695
6913
10408
6913
15810
6913
7204
6913
10695
6913
10695
6913
15810
6913
8267
6913
10695
6913
4854
1498
8592
6913
10695
6913
10695
6913
10408
6913
8592
6913
7204
6913
10695
6913
8267
6913
10408
6913
15810
6913
10070
6913
7204
6913
7204
6913
15810
6913
10408
6913
7204
6913
10695
6913
10070
6913
7938
6913
7204
6913
11678
6913
10695
5482
8592
6913
15810
6913
6852
6913
10695
6913
8267
6913
6852
6913
8267
6913
10695
37363
10408
37363
12842
11613
10618
37363
7204
28485
12842
37363
8592
37363
7204
5482
10408
37363
10695
37363
10695
37363
10408
28485
12842
80438
7204
11613
10695
16945
10695
37363
12842
37363
8267
37363
10695
37363
4854
1498
8592
37363
10695
37363
10695
37363
10408
8254
8592
37363
7204
11613
10695
37363
8267
11613
10408
37363
12842
9251
10070
28485
7204
28485
7204
28485
12842
8254
10408
8254
7204
37363
10695
28485
10070
16945
7938
11613
7204
28485
11678
99423
10695
5482
8592
37363
12842
37363
6852
37363
10695
11613
8267
37363
6852
37363
8267
37363
10408
40271
10695
11613
10408
11613
10618
40271
10408
75274
7204
28485
7204
28485
10695
40271
10408
45376
8592
40271
8592
75274
7204
5482
7204
5482
10408
40271
12954
93086
21958
40271
10408
117886
22536
40271
10408
45376
10408
28485
20486
28485
10695
37363
10408
37363
7204
11613
7204
11613
21958
16945
10408
16945
21958
40271
10408
140901
10695
40271
10408
92331
8267
40271
8267
45376
21958
40271
10408
140901
4854
1498
4854
1498
8592
40271
8592
75274
21958
40271
10408
100524
21958
40271
10408
93086
10408
8254
20486
8254
8592
40271
8592
75274
7204
11613
7204
11613
21958
40271
10408
140901
8267
11613
8267
11613
10408
40271
20486
92331
10695
9251
10408
9251
10070
28485
10070
28485
7204
28485
7204
28485
7204
28485
7204
28485
10695
8254
10408
8254
10408
8254
20486
8254
7204
40271
7204
50759
20943
28485
10408
28485
10070
16945
10070
16945
7938
11613
7938
11613
7204
28485
7204
28485
10695
37363
10408
37363
21958
5482
10408
5482
8592
40271
8592
75274
10695
40271
10408
45376
6852
40271
6852
124283
21958
11613
10408
11613
8267
40271
8267
50759
6852
40271
6852
50759
8267
40271
8267
50759
10618
11613
7204
11613
15810
11613
8592
11613
7204
5482
10408
11613
10695
11613
10695
11613
10408
11613
15810
11613
7204
19272
10695
11613
10695
11613
15810
11613
8267
11613
10695
11613
4854
1498
8592
11613
10695
11613
10695
11613
10408
8254
8592
11613
7204
19272
10695
11613
8267
29935
10408
11613
15810
9251
10070
11613
7204
11613
7204
11613
15810
8254
10408
8254
7204
11613
10695
11613
10070
11613
7938
29935
7204
11613
11678
11613
10695
5482
8592
11613
15810
11613
6852
11613
10695
101587
8267
11613
6852
11613
8267
11613
7204
28485
10618
45376
8592
162296
7204
5482
10408
75274
10618
75274
10618
45376
10408
28485
10618
37363
7204
11613
10618
16945
10618
75274
10618
75274
8267
45376
10618
75274
4854
1498
8592
93086
10618
75274
10618
75274
10408
8254
8592
159887
7204
11613
10618
75274
8267
11613
10408
75274
10618
9251
10070
28485
7204
28485
7204
28485
10618
8254
10408
8254
7204
50759
10618
28485
10070
16945
7938
11613
7204
28485
10618
37363
10618
5482
8592
150064
10618
45376
6852
75274
10618
11613
8267
50759
6852
50759
8267
50759
7204
28485
7204
28485
10408
5482
7204
28485
7204
28485
7204
28485
7204
37363
7204
28485
7293
11613
7204
16945
7204
28485
7204
28485
7204
28485
7204
28485
4854
1498
7204
28485
7204
28485
7204
28485
7204
8254
7204
28485
7244
11613
7204
28485
7204
11613
7204
28485
7204
9251
7204
45376
7293
40731
7293
40731
7204
8254
7204
8254
10408
28485
7204
50759
7204
16945
7204
11613
7293
45376
7204
28485
7204
5482
7204
28485
7204
28485
6852
28485
7204
11613
7204
28485
6852
28485
7204
28485
8592
45376
7204
5482
10408
45376
10695
45376
10695
64265
10408
28485
22536
37363
7204
11613
10695
16945
10695
45376
29815
45376
8267
56687
10695
45376
4854
1498
8592
45376
10695
45376
10695
45376
10408
8254
8592
45376
7204
11613
10695
45376
8267
11613
10408
45376
29815
9251
10070
28485
7204
28485
7204
28485
20778
8254
10408
8254
7204
45376
10695
28485
10070
16945
7938
11613
7204
28485
11678
37363
10695
5482
8592
45376
22536
56687
6852
45376
10695
11613
8267
45376
6852
45376
8267
45376
7204
5482
8592
75274
8592
75274
8592
45376
8592
28485
8592
37363
7204
11613
8592
16945
8592
75274
8592
75274
8267
45376
8592
75274
4854
1498
44807
93086
8592
75274
8592
75274
8592
8254
127285
159887
7204
11613
8592
75274
8267
11613
8592
75274
8592
9251
8592
28485
7204
28485
7204
28485
8592
8254
8592
8254
7204
50759
8592
28485
8592
16945
7938
11613
7204
28485
8592
37363
8592
5482
126926
150064
8592
45376
6852
75274
8592
11613
8267
50759
6852
50759
8267
50759
7204
5482
7204
5482
7204
5482
7204
5482
7204
5482
7293
5482
7204
5482
7204
5482
7204
5482
7204
5482
7204
5482
4854
1498
7204
5482
7204
5482
7204
5482
7204
5482
7204
5482
7244
5482
7204
5482
7204
5482
7204
5482
7204
5482
7204
5482
7293
5482
7293
5482
7204
5482
7204
5482
21958
5482
7204
5482
7204
5482
7204
5482
7293
5482
7204
5482
7204
6913
7204
5482
7204
5482
6852
5482
7204
5482
7204
5482
6852
5482
7204
5482
10408
93086
10408
45376
12954
28485
10408
37363
7204
11613
10408
16945
10408
93086
10408
92331
8267
45376
10408
93086
4854
1498
8592
75274
10408
93086
10408
101587
12954
8254
8592
75274
7204
11613
10408
93086
8267
11613
12954
92331
10408
9251
10070
28485
7204
28485
7204
28485
10408
8254
12954
8254
7204
50759
10408
28485
10070
16945
7938
11613
7204
28485
10408
37363
10408
5482
8592
75274
10408
45376
6852
93086
10408
11613
8267
50759
6852
50759
8267
50759
21958
45376
10408
28485
10695
37363
7204
11613
60982
16945
80220
117886
10695
92331
8267
45376
121959
117886
4854
1498
8592
75274
127517
100524
126926
93086
10408
8254
8592
75274
7204
11613
121959
117886
8267
11613
10408
92331
10695
9251
10070
28485
7204
28485
7204
28485
10695
8254
10408
8254
7204
50759
20943
28485
10070
16945
7938
11613
7204
28485
10695
37363
126926
5482
8592
75274
10695
45376
6852
117886
34350
11613
8267
50759
6852
50759
8267
50759
10408
28485
10695
37363
7204
11613
21958
16945
21958
45376
10695
45376
8267
56687
21958
45376
4854
1498
8592
45376
21958
45376
21958
45376
10408
8254
8592
45376
7204
11613
21958
45376
8267
11613
10408
45376
10695
9251
10070
28485
7204
28485
7204
28485
10695
8254
10408
8254
7204
45376
20943
28485
10070
16945
7938
11613
7204
28485
10695
37363
21958
5482
8592
45376
10695
56687
6852
45376
21958
11613
8267
45376
6852
45376
8267
45376
10408
28485
7204
11613
10408
16945
10408
28485
10408
28485
8267
28485
10408
28485
4854
1498
8592
28485
10408
28485
10408
28485
140220
8254
8592
28485
7204
11613
10408
28485
8267
11613
21132
28485
10408
9251
10070
37363
7204
37363
7204
37363
10408
8254
21901
8254
7204
28485
10408
37363
10070
16945
7938
11613
7204
37363
10408
28485
10408
5482
8592
28485
10408
28485
6852
28485
10408
11613
8267
28485
6852
28485
8267
28485
7204
11613
10695
16945
10695
37363
22536
37363
8267
37363
10695
37363
4854
1498
8592
37363
10695
37363
10695
37363
10408
8254
8592
37363
7204
11613
10695
37363
8267
11613
10408
37363
22536
9251
10070
28485
7204
28485
7204
28485
20778
8254
10408
8254
7204
37363
10695
28485
10070
16945
7938
11613
7204
28485
11678
80438
10695
5482
8592
37363
22724
37363
6852
37363
10695
11613
8267
37363
6852
37363
8267
37363
7204
11613
7204
11613
7204
11613
7204
11613
7204
11613
4854
1498
7204
11613
7204
11613
7204
11613
7204
8254
7204
11613
7244
156366
7204
11613
7204
19272
7204
11613
7204
9251
7204
11613
18296
11613
10070
11613
7204
8254
7204
8254
7293
11613
7204
11613
7204
11613
7204
19272
10070
11613
7204
11613
7204
5482
7204
11613
7204
11613
6852
11613
7204
19272
7204
11613
6852
11613
7204
11613
60982
16945
10695
16945
8267
16945
60982
16945
4854
1498
8592
16945
60982
16945
60982
16945
10408
8254
8592
16945
7204
11613
60982
16945
8267
11613
10408
16945
10695
9251
10070
16945
7204
16945
7204
16945
10695
8254
10408
8254
7204
16945
20943
16945
10070
50918
7938
11613
7204
16945
10695
16945
60982
5482
8592
16945
10695
16945
6852
16945
34350
11613
8267
16945
6852
16945
8267
16945
10695
92331
8267
45376
80220
206748
4854
1498
8592
75274
80220
100524
80220
93086
10408
8254
8592
75274
7204
11613
80220
148300
8267
11613
10408
92331
10695
9251
10070
28485
7204
28485
7204
28485
10695
8254
10408
8254
7204
50759
20943
28485
10070
16945
7938
11613
7204
28485
10695
37363
80220
5482
8592
75274
10695
45376
6852
124283
34350
11613
8267
50759
6852
50759
8267
50759
8267
45376
10695
92331
4854
1498
8592
75274
10695
92331
10695
92331
10408
8254
8592
75274
7204
11613
10695
92331
8267
11613
10408
186408
50818
9251
10070
28485
7204
28485
7204
28485
20778
8254
10408
8254
7204
50759
10695
28485
10070
16945
7938
11613
7204
28485
11678
37363
10695
5482
8592
75274
22536
45376
6852
92331
10695
11613
8267
50759
6852
50759
8267
50759
8267
45376
4854
1498
8267
45376
8267
45376
8267
45376
8267
8254
8267
45376
7204
11613
8267
45376
21901
11613
8267
45376
8267
9251
8267
28485
7204
28485
7204
28485
8267
8254
8267
8254
7204
45376
8267
28485
8267
16945
7938
11613
7204
28485
8267
37363
8267
5482
8267
45376
8267
95033
6852
45376
8267
11613
10408
45376
6852
45376
10070
45376
4854
1498
8592
75274
121959
100524
121959
93086
10408
8254
8592
75274
7204
11613
127583
148300
8267
11613
10408
92331
10695
9251
10070
28485
7204
28485
7204
28485
10695
8254
10408
8254
7204
50759
20943
28485
10070
16945
7938
11613
7204
28485
10695
37363
121959
5482
8592
75274
10695
45376
6852
124283
34350
11613
8267
50759
6852
50759
8267
50759
4854
1498
4854
1498
4854
1498
4854
1498
4854
1498
4854
1498
4854
1498
4854
1498
4854
1498
4854
1498
4854
1498
4854
1498
4854
1498
4854
1498
4854
1498
4854
1498
4854
1498
4854
1498
4854
1498
4854
1498
4854
1498
4854
1498
4854
1498
4854
1498
4854
1498
4854
1498
4854
1498
4854
1498
4854
1498
8592
75274
8592
75274
8592
8254
44807
93086
7204
11613
8592
75274
8267
11613
8592
75274
8592
9251
8592
28485
7204
28485
7204
28485
8592
8254
8592
8254
7204
50759
8592
28485
8592
16945
7938
11613
7204
28485
8592
37363
8592
5482
44807
93086
8592
45376
6852
75274
8592
11613
8267
50759
6852
50759
8267
50759
126926
93086
10408
8254
8592
75274
7204
11613
121959
100524
8267
11613
10408
92331
10695
9251
10070
28485
7204
28485
7204
28485
10695
8254
10408
8254
7204
50759
20943
28485
10070
16945
7938
11613
7204
28485
10695
37363
126926
5482
8592
75274
10695
45376
6852
100524
34350
11613
8267
50759
6852
50759
8267
50759
10408
8254
8592
75274
7204
11613
121959
93086
8267
11613
10408
92331
10695
9251
10070
28485
7204
28485
7204
28485
10695
8254
10408
8254
7204
50759
20943
28485
10070
16945
7938
11613
7204
28485
10695
37363
126976
5482
8592
75274
10695
45376
6852
93086
34350
11613
8267
50759
6852
50759
8267
50759
8592
8254
7204
8254
10408
8254
8267
8254
21132
8254
10408
8254
10070
8254
7204
8254
7204
8254
10408
82130
21901
93851
7204
8254
10408
8254
10070
8254
7938
8254
7204
8254
10408
8254
10408
5482
8592
8254
10408
8254
6852
8254
10408
8254
8267
8254
6852
8254
8267
8254
7204
11613
8592
75274
8267
11613
8592
75274
8592
9251
8592
28485
7204
28485
7204
28485
8592
8254
8592
8254
7204
50759
8592
28485
8592
16945
7938
11613
7204
28485
8592
37363
8592
5482
126926
150064
8592
45376
6852
75274
8592
11613
8267
50759
6852
50759
8267
50759
7204
11613
7204
19272
7204
11613
7204
9251
7204
11613
7244
11613
7244
11613
7204
8254
7204
8254
7244
11613
7204
11613
7204
11613
7204
19272
7244
11613
7204
11613
7204
5482
7204
11613
7204
11613
6852
11613
7204
19272
7204
11613
6852
11613
7204
11613
8267
11613
10408
92331
10695
9251
10070
28485
7204
28485
7204
28485
10695
8254
10408
8254
7204
50759
20943
28485
10070
16945
7938
11613
7204
28485
10695
37363
121959
5482
8592
75274
10695
45376
6852
124283
34350
11613
8267
50759
6852
50759
8267
50759
8267
11613
8267
9251
8267
11613
7204
11613
7204
11613
8267
8254
8267
8254
7204
11613
8267
11613
8267
11613
7938
94112
7204
11613
8267
11613
8267
5482
8267
11613
8267
11613
6852
11613
8267
29935
10408
11613
6852
11613
10070
11613
10408
9251
10070
28485
7204
28485
7204
28485
10408
8254
21132
8254
7204
50759
10408
28485
10070
16945
7938
11613
7204
28485
10408
37363
10408
5482
8592
75274
10408
45376
6852
92331
10408
11613
8267
50759
6852
50759
8267
50759
10070
9251
7204
9251
7204
9251
20778
8254
10408
8254
7204
9251
10695
9251
10070
9251
7938
9251
7204
9251
11678
9251
10695
5482
8592
9251
22536
9251
6852
9251
10695
9251
8267
9251
6852
9251
8267
9251
7204
40731
7204
40731
10070
8254
10070
8254
7204
28485
10070
45376
11678
16945
7938
11613
7204
93086
10070
28485
10070
5482
8592
28485
10070
28485
6852
28485
10070
11613
8267
28485
6852
28485
8267
28485
10070
41758
7204
8254
7204
8254
7293
28485
7204
40731
7204
16945
7204
11613
10070
40731
7204
28485
7204
5482
7204
28485
7204
28485
6852
28485
7204
11613
7204
28485
6852
28485
7204
28485
7204
8254
7204
8254
7293
28485
7204
40731
7204
16945
7204
11613
10695
40731
7204
28485
7204
5482
7204
28485
7204
28485
6852
28485
7204
11613
7204
28485
6852
28485
7204
28485
10408
82130
7204
8254
10695
8254
10070
8254
7938
8254
7204
8254
11678
8254
10695
5482
8592
8254
20778
8254
6852
8254
10695
8254
8267
8254
6852
8254
8267
8254
7204
8254
10408
8254
10070
8254
7938
8254
7204
8254
10408
8254
10408
5482
8592
8254
10408
8254
6852
8254
10408
8254
8267
8254
6852
8254
8267
8254
7204
28485
7204
16945
7204
11613
7293
28485
7204
37363
7204
5482
7204
50759
7204
45376
6852
50759
7204
11613
7204
100524
6852
113057
7204
150377
10070
16945
7938
11613
7204
45376
10695
28485
20943
5482
8592
28485
10695
28485
6852
28485
20943
11613
8267
28485
6852
28485
8267
28485
7938
11613
7204
16945
10070
16945
10070
5482
8592
16945
10070
16945
6852
16945
10070
11613
8267
16945
6852
16945
8267
16945
7204
11613
7938
11613
7938
5482
7938
11613
7938
11613
6852
11613
7938
29935
7938
11613
6852
11613
7938
11613
7204
28485
7204
5482
7204
28485
7204
28485
6852
28485
7204
11613
7204
28485
6852
28485
7204
28485
10695
5482
8592
37363
11678
37363
6852
37363
10695
11613
8267
37363
6852
37363
8267
37363
8592
5482
10695
5482
6852
5482
34350
5482
8267
5482
6852
5482
8267
5482
8592
45376
6852
75274
8592
11613
8267
50759
6852
50759
8267
50759
6852
45376
10695
11613
8267
45376
6852
45376
8267
45376
6852
11613
6852
50759
7471
50759
6852
50759
8267
11613
6852
11613
8267
11613
6852
100524
10070
100524
6852
113057
