135771
92334
149382
80768
64109
92334
109608
11467
136037
92334
135771
80768
147157
92652
149382
129506
149382
92334
121457
92652
149382
92334
105769
11467
64109
160926
149382
80768
150076
11467
64109
73993
149382
157107
64109
127142
135771
11467
105769
92652
105769
11467
149382
11467
147157
92334
105769
153341
149382
92334
152034
11467
149382
92334
135771
92334
149382
92334
135771
92334
135771
11467
149382
169733
149382
104640
149382
92652
135771
140905
149382
80768
149382
129506
152034
92652
135771
80768
64109
221071
109608
11467
135771
140600
171356
80768
135771
92334
135771
92334
135771
221071
121457
92334
135771
96402
105769
11467
64109
92334
135771
80768
135771
11467
64109
73993
135771
92334
64109
92334
149382
11467
105769
92334
105769
11467
135771
11467
135771
221071
105769
92334
135771
221071
135771
11467
135771
250001
168473
115517
135771
160926
150953
229633
149382
11467
135771
92334
135771
92334
135771
92334
171356
92334
135771
80768
135771
92334
135771
92334
64109
80768
109608
11467
136037
80768
135771
92334
147157
80768
150519
80768
250001
80768
121457
80768
250001
80768
105769
11467
64109
80768
154958
157107
149382
11467
64109
73993
168473
80768
64109
80768
135771
11467
105769
80768
105769
11467
250001
11467
147157
80768
105769
80768
150519
80768
149382
11467
250001
80768
135771
80768
250001
80768
135771
80768
135771
11467
250001
80768
250001
80768
250001
80768
135771
80768
250001
92334
250001
80768
149382
80768
64109
11467
64109
140600
64109
80768
64109
92334
64109
92334
64109
250001
64109
92334
64109
96402
64109
11467
135771
92334
64109
80768
64109
11467
105769
73993
64109
92334
168473
92334
64109
11467
64109
92334
64109
11467
64109
11467
64109
229863
64109
92334
64109
250001
64109
11467
64109
221071
64109
115517
64109
160926
64109
221071
64109
11467
64109
92334
64109
92334
64109
92334
64109
92334
64109
80768
64109
92334
64109
92334
109608
11467
109608
11467
109608
11467
109608
11467
109608
11467
109608
11467
109608
11467
105769
73993
64109
11467
109608
11467
109608
82837
64109
11467
109608
11467
64109
11467
109608
96402
105769
11467
105769
92334
109608
127841
109608
11467
105769
11467
109608
11467
109608
80768
109608
11467
109608
11467
109608
11467
109608
11467
109608
80768
109608
11467
109608
11467
109608
11467
109608
11467
109608
11467
109608
11467
109608
11467
135771
80768
136037
92334
136037
92334
136037
140600
121457
92334
136037
96402
105769
11467
64109
92334
136037
80768
136037
11467
64109
73993
136037
92334
64109
92334
135771
11467
105769
92334
105769
11467
136037
11467
136037
140600
105769
92334
136037
140600
136037
11467
136037
140600
135771
115517
136037
140600
135771
140600
135771
11467
136037
92334
136037
92334
136037
92334
135771
92334
136037
80768
136037
92334
136037
92334
135771
80768
135771
80768
135771
80768
121457
80768
135771
80768
105769
11467
64109
80768
135771
92334
135771
11467
64109
73993
135771
80768
64109
80768
149382
11467
105769
80768
105769
11467
135771
11467
135771
80768
105769
80768
135771
80768
135771
11467
135771
80768
168473
80768
135771
80768
150953
80768
149382
11467
135771
80768
135771
80768
135771
80768
228072
80768
135771
169671
135771
80768
135771
80768
147157
92652
147157
92334
121457
99426
147157
92334
105769
11467
64109
92652
147157
80768
147157
11467
64109
73993
147157
92652
64109
92652
135771
11467
105769
160926
105769
11467
147157
11467
149382
92334
105769
92652
147157
92334
147157
11467
147157
92334
135771
92334
147157
92334
135771
92334
135771
11467
147157
92652
147157
92652
147157
102788
135771
92652
147157
80768
147157
92652
147157
99426
150519
92334
121457
92652
150519
92334
105769
11467
64109
129506
150519
80768
149382
11467
64109
73993
150519
129506
64109
127142
135771
11467
105769
92652
105769
11467
150519
11467
147157
92334
105769
129506
250001
92334
149382
11467
150519
92334
135771
92334
150519
92334
135771
92334
135771
11467
150519
129506
150519
104640
150519
92652
135771
129506
150519
80768
150519
190619
149382
92652
121457
92334
250001
96402
105769
11467
64109
92334
154958
80768
149382
11467
64109
73993
168473
92334
64109
92334
135771
11467
105769
92334
105769
11467
250001
11467
147157
229863
105769
92334
150519
250001
149382
11467
250001
221071
135771
115517
250001
160926
135771
221071
135771
11467
250001
92334
250001
92334
250001
92334
135771
92334
250001
80768
250001
92334
149382
92334
121457
92334
105769
11467
64109
92652
121457
80768
121457
11467
64109
73993
121457
92652
64109
92652
121457
11467
105769
99426
105769
11467
121457
11467
121457
92334
105769
92652
121457
92334
121457
11467
121457
92334
121457
92334
121457
92334
121457
92334
121457
11467
121457
92652
121457
92652
121457
99426
121457
92652
121457
80768
121457
92652
121457
170267
105769
11467
64109
92334
154958
80768
149382
11467
64109
73993
168473
92334
64109
92334
135771
11467
105769
92334
105769
11467
250001
11467
147157
96402
105769
92334
150519
96402
149382
11467
250001
96402
135771
96402
250001
96402
135771
96402
135771
11467
250001
92334
250001
92334
250001
92334
135771
92334
250001
80768
250001
92334
149382
92334
64109
11467
105769
11467
105769
73993
64109
11467
105769
11467
64109
11467
105769
73993
130514
11467
109608
73993
105769
73993
105769
11467
149382
11467
105769
11467
105769
73993
105769
11467
105769
11467
105769
11467
105769
11467
105769
73993
105769
11467
105769
11467
105769
11467
105769
11467
105769
11467
105769
11467
105769
11467
64109
80768
64109
11467
105769
73993
64109
157107
135771
127142
64109
11467
64109
92652
64109
11467
64109
11467
64109
92334
64109
153341
64109
92334
64109
11467
64109
92334
64109
92334
64109
92334
64109
92334
64109
11467
64109
160926
64109
104640
64109
92652
64109
140905
64109
80768
64109
129506
64109
92652
149382
11467
64109
73993
154958
80768
64109
80768
135771
11467
105769
80768
105769
11467
154958
11467
147157
80768
105769
80768
150519
80768
149382
11467
154958
80768
135771
80768
154958
80768
135771
80768
135771
11467
154958
80768
154958
80768
154958
80768
135771
80768
154958
92334
154958
80768
149382
80768
64109
11467
149382
11467
64109
11467
135771
82837
105769
11467
105769
82837
149382
82837
147157
11467
105769
11467
149382
11467
150076
80768
149382
11467
135771
11467
149382
11467
135771
11467
135771
80768
149382
11467
149382
11467
149382
11467
135771
11467
149382
11467
149382
11467
150076
11467
64109
73993
105769
73993
64109
11467
64109
73993
64109
11467
64109
11467
64109
73993
64109
73993
64109
73993
64109
11467
64109
73993
64109
73993
64109
73993
64109
73993
64109
11467
64109
73993
64109
73993
64109
73993
64109
73993
64109
73993
64109
73993
64109
73993
64109
127142
135771
11467
105769
92652
105769
11467
168473
11467
147157
92334
105769
153341
150519
92334
149382
11467
168473
92334
135771
92334
168473
92334
135771
92334
135771
11467
168473
157107
168473
104640
168473
92652
135771
140905
168473
80768
168473
129506
149382
92652
64109
11467
64109
92652
64109
11467
64109
11467
64109
92334
64109
127142
64109
92334
64109
11467
64109
92334
64109
92334
64109
92334
64109
92334
64109
11467
64109
127142
64109
104640
64109
92652
64109
127142
64109
80768
64109
127142
64109
92652
105769
11467
105769
92334
135771
96402
135771
11467
105769
11467
135771
11467
135771
80768
135771
11467
149382
11467
135771
11467
149382
11467
152034
80768
135771
11467
135771
11467
135771
11467
149382
11467
135771
11467
135771
11467
135771
11467
109608
11467
105769
11467
105769
92334
130514
92652
105769
92334
105769
11467
105769
92334
105769
92334
105769
92334
105769
92334
105769
11467
105769
92652
105769
92652
105769
102788
105769
92652
105769
80768
105769
92652
105769
99426
105769
92334
105769
11467
109608
11467
105769
11467
105769
80768
105769
11467
105769
11467
105769
11467
105769
11467
105769
80768
105769
11467
105769
11467
105769
11467
105769
11467
105769
11467
105769
11467
105769
11467
147157
11467
105769
11467
150519
11467
149382
80768
250001
11467
135771
11467
250001
11467
135771
11467
135771
80768
250001
11467
250001
11467
250001
11467
135771
11467
250001
11467
250001
11467
149382
11467
105769
92334
147157
229863
147157
11467
147157
221071
135771
115517
147157
160926
135771
221071
135771
11467
147157
92334
147157
92334
147157
92334
135771
92334
147157
80768
147157
92334
147157
92334
105769
92334
105769
11467
105769
92334
105769
92334
105769
92334
105769
92334
105769
11467
105769
153341
105769
104640
105769
92652
105769
140905
105769
80768
105769
129506
105769
92652
149382
11467
150519
221071
135771
115517
150519
160926
135771
221071
135771
11467
150519
92334
150519
92334
150519
92334
135771
92334
150519
80768
150519
92334
149382
92334
149382
11467
135771
11467
149382
11467
135771
11467
135771
96402
149382
11467
149382
11467
149382
11467
135771
11467
149382
11467
149382
11467
232794
11467
135771
115517
250001
160926
135771
229633
135771
11467
250001
92334
250001
92334
250001
92334
135771
92334
250001
80768
250001
92334
149382
92334
135771
115517
150953
115517
149382
11467
135771
92334
135771
92334
135771
92334
168473
92334
135771
80768
135771
92334
135771
92334
135771
160926
135771
11467
250001
92334
250001
92334
250001
92334
135771
92334
250001
80768
250001
92334
149382
92334
149382
11467
135771
92334
135771
92334
135771
92334
150953
92334
135771
80768
135771
92334
135771
92334
135771
11467
135771
11467
135771
11467
149382
11467
135771
11467
135771
11467
135771
11467
250001
104640
250001
92652
135771
140905
250001
80768
250001
129506
149382
92652
250001
92652
135771
104640
250001
80768
250001
104640
149382
92652
135771
92652
250001
80768
250001
92652
149382
99426
135771
80768
135771
129506
135771
92652
250001
80768
149382
80768
149382
92652
