33699
24012
6406
11216
237566
24012
33699
11216
22709
50669
22709
24012
6406
11216
22709
24012
33699
24012
22709
50669
33699
11216
8061
11216
22709
24012
6406
11216
250001
24012
237566
24012
22709
24012
37392
24012
22709
24012
6406
11216
8061
11216
6406
11216
33699
24012
6406
11216
6406
11216
6406
11216
22709
24012
6406
11216
33699
11216
6406
11216
172171
24012
22709
24012
22709
24012
6406
11216
22709
24012
91544
24012
6406
11216
6406
11216
6406
11216
33699
50669
62077
11216
22709
24012
22709
95753
6406
11216
22709
95753
74974
40897
22709
24012
62077
11216
8061
11216
22709
115092
6406
11216
33699
50669
33699
50669
22709
95753
33699
50669
22709
95753
6406
11216
8061
11216
6406
11216
84570
47024
6406
11216
6406
11216
6406
11216
22709
95753
6406
11216
62077
11216
6406
11216
33699
50669
22709
81246
22709
40897
6406
11216
22709
250001
33699
50669
6406
11216
6406
11216
6406
11216
6406
24012
6406
11216
6406
11216
37531
24012
6406
11216
6406
11216
6406
11216
6406
24012
6406
24012
6406
11216
37531
24012
6406
11216
6406
11216
6406
11216
6406
11216
6406
11216
37531
40897
6406
24012
37531
24012
6406
11216
37531
24012
37531
24012
37531
24012
6406
11216
37531
24012
6406
24012
37531
24012
6406
11216
6406
11216
6406
11216
37531
24012
6406
11216
6406
11216
37531
24012
37531
24012
33699
11216
22709
24012
22709
50669
6406
11216
22709
50669
33699
40897
22709
24012
33699
11216
8061
11216
22709
50669
6406
11216
237566
250001
250001
216646
22709
50669
37392
197252
22709
50669
6406
11216
8061
11216
6406
11216
33699
47024
6406
11216
6406
11216
6406
11216
22709
50669
6406
11216
33699
11216
6406
11216
172171
98607
22709
50669
22709
40897
6406
11216
22709
50669
91544
96860
6406
11216
6406
11216
22709
11216
22709
11216
6406
68296
22709
11216
62077
11216
22709
11216
134899
86235
8061
96106
22709
11216
6406
68296
33699
11216
33699
11216
22709
11216
33699
11216
22709
11216
6406
24012
8061
84769
6406
68296
62077
11216
6406
68296
6406
68296
6406
68296
22709
11216
6406
68296
77828
68296
6406
68296
33699
11216
22709
11216
22709
11216
6406
68296
22709
11216
33699
11216
6406
66557
6406
68296
221388
24012
6406
11216
84570
24012
22709
24012
144201
98406
22709
11216
8061
11216
74974
24012
6406
11216
22709
24012
22709
24012
92487
24012
22709
24012
41325
24012
6406
11216
8061
11216
6406
11216
22709
24012
6406
11216
6406
11216
6406
11216
41325
24012
6406
11216
22709
11216
6406
11216
22709
24012
112929
24012
92487
24012
6406
11216
74974
24012
22709
24012
6406
11216
6406
11216
6406
11216
84570
96854
22709
40897
144201
24012
22709
11216
8061
11216
74974
95753
6406
11216
22709
50669
22709
50669
92487
96854
22709
50669
41325
96854
6406
11216
8061
11216
6406
11216
22709
47024
6406
11216
6406
11216
6406
11216
41325
96854
6406
11216
22709
11216
6406
11216
22709
50669
112929
81246
92487
40897
6406
11216
74974
95753
22709
50669
6406
11216
6406
11216
6406
11216
6406
11216
6406
11216
6406
68296
6406
68296
6406
11216
77828
96860
6406
11216
6406
11216
6406
11216
6406
11216
6406
11216
84570
24012
6406
68296
77828
96860
6406
11216
77828
98287
90165
102884
77828
96860
6406
11216
77828
96106
6406
96860
106834
96106
6406
11216
6406
11216
6406
11216
77828
96860
6406
11216
6406
11216
77828
66557
186798
96860
22709
40897
84570
24012
22709
11216
8061
11216
74974
95753
6406
11216
22709
50669
22709
50669
84570
202681
22709
50669
41325
202681
6406
11216
8061
11216
6406
11216
22709
47024
6406
11216
6406
11216
6406
11216
41325
202681
6406
11216
22709
11216
6406
11216
22709
50669
84570
81246
84570
40897
6406
11216
74974
95753
22709
50669
6406
11216
6406
11216
22709
24012
62077
11216
8061
11216
22709
40897
6406
11216
33699
40897
33699
40897
22709
40897
33699
40897
22709
40897
6406
11216
8061
11216
6406
11216
74974
40897
6406
11216
6406
11216
6406
11216
22709
40897
6406
11216
62077
11216
6406
11216
33699
40897
22709
40897
22709
66557
6406
11216
22709
40897
33699
40897
6406
11216
6406
11216
22709
11216
8061
11216
74974
24012
6406
11216
22709
24012
22709
24012
92487
24012
22709
24012
41325
24012
6406
11216
8061
11216
6406
11216
22709
24012
6406
11216
6406
11216
6406
11216
41325
24012
6406
11216
22709
11216
6406
11216
22709
24012
112929
24012
92487
24012
6406
11216
74974
24012
22709
24012
6406
11216
6406
11216
8061
86235
22709
11216
6406
68296
33699
11216
33699
11216
22709
11216
33699
11216
22709
11216
6406
24012
8061
84769
6406
68296
62077
11216
6406
68296
6406
68296
6406
68296
22709
11216
6406
68296
77828
68296
6406
68296
33699
11216
22709
11216
22709
11216
6406
68296
22709
11216
33699
11216
6406
66557
6406
68296
8061
11216
6406
68296
8061
11216
8061
11216
8061
11216
8061
11216
8061
11216
6406
24012
52675
84769
6406
68296
8061
11216
6406
68296
6406
68296
6406
68296
8061
11216
6406
68296
8061
68296
6406
68296
8061
11216
8061
11216
8061
11216
6406
68296
8061
11216
8061
11216
6406
66557
6406
68296
6406
11216
22709
50669
22709
50669
74974
95753
22709
50669
41325
95753
6406
11216
8061
11216
6406
11216
22709
47024
6406
11216
6406
11216
6406
11216
41325
95753
6406
11216
22709
11216
6406
11216
22709
50669
74974
81246
74974
40897
6406
11216
92487
115092
22709
50669
6406
11216
6406
11216
6406
11216
6406
11216
6406
11216
6406
11216
6406
11216
77828
24012
6406
68296
92487
193300
6406
11216
84570
96860
77828
96860
84570
193300
6406
11216
84570
96106
6406
193300
77828
96106
6406
11216
6406
11216
6406
11216
106834
98607
6406
11216
6406
11216
84570
66557
77828
193300
237566
216646
22709
50669
37392
197252
22709
50669
6406
11216
8061
11216
6406
11216
33699
47024
6406
11216
6406
11216
6406
11216
22709
50669
6406
11216
33699
11216
6406
11216
172171
98607
22709
50669
22709
40897
6406
11216
22709
50669
91544
96860
6406
11216
6406
11216
22709
50669
37392
197252
22709
50669
6406
11216
8061
11216
6406
11216
33699
47024
6406
11216
6406
11216
6406
11216
22709
50669
6406
11216
33699
11216
6406
11216
172171
98607
22709
50669
22709
40897
6406
11216
22709
50669
91544
96860
6406
11216
6406
11216
22709
50669
41325
250001
6406
11216
8061
11216
6406
11216
22709
47024
6406
11216
6406
11216
6406
11216
41325
250001
6406
11216
22709
11216
6406
11216
22709
50669
92487
81246
123947
40897
6406
11216
74974
95753
22709
50669
6406
11216
6406
11216
22709
50669
6406
11216
8061
11216
6406
11216
33699
47024
6406
11216
6406
11216
6406
11216
22709
50669
6406
11216
33699
11216
6406
11216
37392
98607
22709
50669
22709
40897
6406
11216
22709
50669
37392
96860
6406
11216
6406
11216
6406
11216
8061
11216
6406
11216
22709
47024
6406
11216
6406
11216
6406
11216
250001
250001
6406
11216
22709
11216
6406
11216
22709
50669
41325
81246
41325
40897
6406
11216
41325
95753
22709
50669
6406
11216
6406
11216
6406
24012
77828
24012
6406
11216
77828
24012
84570
24012
77828
24012
6406
11216
77828
24012
6406
24012
84570
24012
6406
11216
6406
11216
6406
11216
77828
24012
6406
11216
6406
11216
77828
24012
84570
24012
6406
68296
8061
11216
6406
68296
6406
68296
6406
68296
8061
11216
6406
68296
8061
68296
6406
68296
8061
11216
8061
11216
8061
11216
6406
68296
8061
11216
8061
11216
6406
66557
6406
68296
6406
11216
84570
96860
77828
96860
84570
250001
6406
11216
84570
96106
6406
250001
77828
96106
6406
11216
6406
11216
6406
11216
92487
98607
6406
11216
6406
11216
84570
66557
77828
250001
6406
11216
6406
11216
6406
11216
22709
47024
6406
11216
62077
11216
6406
11216
33699
47024
22709
47024
22709
40897
6406
11216
22709
47024
33699
47024
6406
11216
6406
11216
77828
98287
201783
96860
6406
11216
106834
96106
6406
96860
77828
96106
6406
11216
6406
11216
6406
11216
84570
96860
6406
11216
6406
11216
92487
66557
77828
96860
77828
96860
6406
11216
77828
96106
6406
96860
90165
96106
6406
11216
6406
11216
6406
11216
77828
96860
6406
11216
6406
11216
77828
66557
90165
96860
6406
11216
106834
96106
6406
250001
77828
96106
6406
11216
6406
11216
6406
11216
84570
98607
6406
11216
6406
11216
92487
66557
77828
250001
6406
11216
22709
11216
6406
11216
22709
50669
41325
81246
41325
40897
6406
11216
41325
95753
22709
50669
6406
11216
6406
11216
6406
96106
77828
96860
6406
11216
6406
11216
6406
11216
84570
96106
6406
11216
6406
11216
92487
66557
77828
96106
6406
96106
33699
11216
22709
11216
22709
11216
6406
98607
22709
11216
33699
11216
6406
66557
6406
250001
6406
11216
6406
11216
6406
11216
77828
96106
6406
11216
6406
11216
77828
66557
106834
96106
22709
50669
22709
40897
6406
11216
22709
50669
91544
96860
6406
11216
6406
11216
92487
40897
6406
11216
74974
81246
22709
50669
6406
11216
6406
11216
6406
11216
74974
40897
22709
40897
6406
11216
6406
11216
6406
11216
6406
11216
84570
66557
77828
98607
22709
50669
6406
11216
6406
11216
6406
11216
6406
11216
77828
66557
