634
5018
106019
27213
634
5018
106019
40358
246658
67505
47131
40358
634
5018
634
5018
106236
40358
634
5018
49275
27213
634
5018
634
5018
97056
59940
47131
10107
189703
33297
106019
40358
47131
9069
634
5018
49275
38091
97056
40358
47131
40358
106236
40358
86882
40358
189703
46609
106019
40358
106019
40358
87837
5785
110975
9069
49275
40358
634
5018
47131
40358
634
5018
244102
59940
49275
40358
86882
40358
247241
59940
634
5018
6407
59940
634
5018
634
5018
634
5018
42580
191786
42580
13516
634
5018
4407
21970
634
5018
42580
59940
6407
21970
634
5018
634
5018
634
5018
634
5018
634
5018
4407
59940
634
5018
634
5018
634
5018
634
5018
634
5018
634
5018
634
5018
634
5018
634
5018
634
5018
634
5018
6407
13516
634
5018
41601
107417
634
5018
634
5018
634
5018
634
5018
634
5018
159619
27213
106019
27213
47131
27213
634
5018
634
5018
106019
27213
634
5018
49275
27501
634
5018
634
5018
97056
27213
47131
10107
106019
27213
244102
27213
47131
9069
634
5018
49275
27213
97056
27213
47131
27213
106019
27213
86882
27213
106019
27213
159619
27213
106236
27213
87837
5785
106019
9069
49275
27213
634
5018
47131
27213
634
5018
106019
27213
49275
27213
86882
27213
106019
27213
634
5018
634
5018
634
5018
6407
59940
6407
13516
634
5018
4407
21970
634
5018
6407
67180
18261
21970
634
5018
634
5018
634
5018
634
5018
634
5018
4407
67180
634
5018
634
5018
634
5018
634
5018
634
5018
634
5018
634
5018
634
5018
634
5018
634
5018
634
5018
97016
13516
634
5018
6407
59940
634
5018
634
5018
634
5018
634
5018
106019
40358
47131
50396
634
5018
634
5018
106019
162359
634
5018
49275
27213
634
5018
634
5018
97056
40358
47131
10107
106019
33297
159619
131518
47131
9069
634
5018
49275
38091
97056
136415
47131
50396
106019
162359
86882
104089
106019
40358
184090
59940
106236
59940
87837
5785
106019
9069
49275
84478
634
5018
47131
50396
634
5018
106019
40358
49275
162359
86882
42834
106019
40358
47131
40358
634
5018
634
5018
106236
40358
634
5018
49275
27213
634
5018
634
5018
97056
59940
47131
10107
189703
33297
106019
40358
47131
9069
634
5018
49275
38091
97056
40358
47131
40358
106236
40358
86882
40358
189703
46609
106019
40358
106019
40358
87837
5785
110975
9069
49275
40358
634
5018
47131
40358
634
5018
244102
59940
49275
40358
86882
40358
246658
59940
634
5018
634
5018
47131
50396
634
5018
47131
27213
634
5018
634
5018
47131
40358
244102
10107
47131
33297
47131
50396
244102
9069
634
5018
47131
38091
47131
50396
244102
115427
47131
50396
47131
50396
47131
40358
47131
50396
47131
50396
47131
5785
47131
9069
47131
50396
634
5018
206757
250001
634
5018
47131
40358
47131
50396
47131
42834
47131
40358
49791
13516
634
5018
4407
21970
634
5018
49791
59940
6407
21970
634
5018
634
5018
634
5018
634
5018
634
5018
4407
59940
634
5018
634
5018
634
5018
634
5018
634
5018
634
5018
634
5018
634
5018
634
5018
634
5018
634
5018
6407
13516
634
5018
41601
107417
634
5018
634
5018
634
5018
634
5018
634
5018
4407
13516
634
5018
106824
13516
6407
13516
634
5018
634
5018
634
5018
634
5018
634
5018
4407
13516
634
5018
634
5018
634
5018
634
5018
634
5018
634
5018
634
5018
634
5018
634
5018
634
5018
634
5018
6407
23848
634
5018
41601
13516
634
5018
634
5018
634
5018
634
5018
634
5018
49275
27213
634
5018
634
5018
97056
40358
47131
10107
106236
33297
106019
131518
47131
9069
634
5018
49275
38091
97056
136415
47131
50396
197232
209408
86882
104089
106236
40358
106019
59940
106019
59940
87837
5785
106236
9069
49275
84478
634
5018
47131
50396
634
5018
106236
40358
49275
209408
86882
42834
106236
40358
634
5018
4407
21970
4407
67180
634
5018
634
5018
634
5018
634
5018
634
5018
200927
21970
634
5018
634
5018
634
5018
634
5018
634
5018
634
5018
634
5018
634
5018
634
5018
634
5018
634
5018
4407
13516
634
5018
4407
21970
634
5018
634
5018
634
5018
634
5018
634
5018
634
5018
49275
27213
47131
10107
49275
27213
49275
27213
47131
9069
634
5018
89326
27213
49275
27213
47131
27213
49275
27213
49275
27213
49275
27213
49275
27213
49275
27213
49275
5785
49275
9069
89326
27213
634
5018
47131
27213
634
5018
49275
27213
85898
27213
49275
27213
49275
27213
6407
21970
634
5018
634
5018
634
5018
634
5018
634
5018
4407
113395
634
5018
634
5018
634
5018
634
5018
634
5018
634
5018
634
5018
634
5018
634
5018
634
5018
634
5018
6407
13516
634
5018
41601
59940
634
5018
634
5018
634
5018
634
5018
634
5018
634
5018
634
5018
634
5018
634
5018
4407
21970
634
5018
634
5018
634
5018
634
5018
634
5018
634
5018
634
5018
634
5018
634
5018
634
5018
634
5018
18261
13516
634
5018
6407
21970
634
5018
634
5018
634
5018
634
5018
47131
10107
97056
33297
47131
10107
97056
40358
47131
10107
47131
9069
247241
9069
634
5018
634
5018
49275
38091
47131
10107
97061
40358
47131
10107
47131
40358
247241
10107
97056
40358
47131
10107
86882
40358
47131
10107
97056
46609
47131
10107
97056
40358
47131
10107
97056
40358
47131
10107
87837
5785
47131
5785
97056
9069
47131
9069
49275
40358
47131
10107
634
5018
634
5018
47131
40358
206757
10107
634
5018
634
5018
97056
162359
47131
10107
49275
40358
47131
10107
86882
40358
47131
10107
97056
250001
47131
10107
106019
33297
47131
9069
634
5018
49275
33297
97056
33297
47131
33297
106236
33297
86882
33297
189803
33297
106019
33297
106019
33297
87837
5785
110975
9069
49275
33297
634
5018
47131
33297
634
5018
189703
33297
49275
33297
86882
33297
189703
33297
47131
9069
634
5018
49275
38091
97056
131518
47131
50396
106019
131518
86882
104089
106019
40358
159619
59940
106236
59940
87837
5785
106019
9069
49275
84478
634
5018
47131
50396
634
5018
106019
40358
49275
131518
86882
42834
106019
40358
634
5018
47131
9069
47131
9069
250001
9069
47131
9069
47131
9069
47131
9069
47131
9069
47131
9069
47131
5785
47131
9573
47131
9069
634
5018
206757
9069
634
5018
47131
9069
47131
9069
47131
9069
47131
9069
634
5018
634
5018
634
5018
634
5018
634
5018
634
5018
634
5018
634
5018
634
5018
634
5018
634
5018
4407
13516
634
5018
4407
59940
634
5018
634
5018
634
5018
634
5018
49275
38091
47131
38091
49275
38091
49275
38091
49275
38091
49275
38091
49275
38091
49275
5785
49275
9069
188786
38091
634
5018
47131
38091
634
5018
49275
38091
85898
38091
49275
38091
49275
38091
47131
50396
97056
136415
86882
104089
97056
40358
97056
59940
97056
59940
87837
5785
97056
9069
49275
84478
634
5018
47131
50396
634
5018
97056
40358
49275
136415
86882
42834
97056
40358
47131
50396
47131
50396
47131
40358
47131
50396
47131
50396
47131
5785
47131
9069
47131
50396
634
5018
206757
115427
634
5018
47131
40358
47131
50396
47131
42834
47131
40358
86882
104089
106236
40358
106019
59940
106019
59940
87837
5785
106236
9069
49275
84478
634
5018
47131
50396
634
5018
106236
40358
49275
235853
86882
42834
106236
40358
86882
40358
86882
59940
86882
59940
86882
5785
86882
9069
49275
84478
634
5018
47131
50396
634
5018
86882
40358
49275
104089
97056
42834
86882
40358
106019
40358
106019
40358
87837
5785
110975
9069
49275
40358
634
5018
47131
40358
634
5018
189703
46609
49275
40358
86882
40358
189703
46609
106236
200026
87837
5785
106019
9069
49275
59940
634
5018
47131
50396
634
5018
106019
40358
49275
59940
86882
42834
106019
40358
87837
5785
106019
9069
49275
59940
634
5018
47131
50396
634
5018
106019
40358
49275
59940
86882
42834
106019
40358
87837
5785
49275
5785
634
5018
47131
5785
634
5018
87837
5785
49275
5785
86882
5785
87837
5785
49275
9069
634
5018
47131
9069
634
5018
110975
9069
49275
9069
86882
9069
110975
9069
634
5018
47131
50396
634
5018
49275
40358
85898
84478
49275
42834
49275
40358
634
5018
6407
13516
634
5018
634
5018
634
5018
634
5018
634
5018
47131
40358
47131
50396
47131
42834
47131
40358
634
5018
634
5018
634
5018
634
5018
49275
40358
86882
40358
244102
162359
49275
42834
49275
40358
86882
40358
