83546
105597
136224
105597
136224
161966
136224
105597
48754
105597
31768
161966
31768
49735
71234
105597
83546
105597
136224
105597
136224
49735
28488
105597
136224
105597
83546
105597
136224
105597
31768
102964
136224
105597
28488
105597
28488
93423
31683
93423
136224
105597
55320
161966
136224
105597
136224
212533
32393
105597
79357
102964
47395
105597
136224
23019
28488
105597
136224
49735
83546
105597
31683
23019
37673
105597
136224
105597
136224
129953
31683
105597
83546
161966
83546
105597
83546
165201
48754
161966
31768
105597
31768
49735
71234
189505
86837
189505
83546
189505
83546
49735
28488
189505
83546
189505
250001
165514
83546
189505
31768
102964
83546
161966
28488
189505
28488
93423
31683
93423
83546
161966
55320
105597
83546
161966
83546
105597
32393
189505
79357
102964
47395
189505
83546
23019
28488
189505
83546
49735
250001
189505
31683
23019
37673
183947
83546
161966
83546
105597
31683
189505
250001
105597
250001
161966
48754
250001
31768
105597
31768
49735
71234
161966
83546
161966
250001
161966
250001
49735
28488
161966
250001
161966
83546
161966
250001
161966
31768
102964
250001
164457
28488
161966
28488
93423
31683
93423
144882
164457
55320
105597
250001
250001
189987
105597
32393
161966
79357
102964
47395
161966
177460
23019
28488
161966
250001
49735
83546
161966
31683
23019
37673
161966
250001
176949
250001
105597
31683
161966
250001
105597
48754
105597
31768
183228
31768
49735
71234
105597
83546
105597
250001
105597
250001
49735
28488
105597
250001
105597
83546
105597
250001
105597
31768
102964
250001
105597
28488
105597
28488
93423
31683
93423
144882
105597
55320
164457
250001
105597
189987
161966
32393
105597
79357
102964
47395
105597
177460
23019
28488
105597
250001
49735
83546
105597
31683
23019
37673
105597
250001
105597
250001
129953
31683
105597
48754
161966
31768
105597
31768
49735
71234
165201
83546
165201
250001
165201
250001
49735
28488
165201
250001
165201
83546
165201
250001
165201
31768
102964
250001
161966
28488
165201
28488
93423
31683
93423
144882
161966
55320
105597
250001
161966
189987
105597
32393
165201
79357
102964
47395
165201
177460
23019
28488
165201
250001
49735
83546
165201
31683
23019
37673
165201
250001
161966
250001
105597
31683
165201
31768
105597
31768
49735
48754
161966
48754
161966
48754
161966
48754
49735
28488
161966
48754
161966
48754
161966
48754
161966
31768
102964
48754
164457
28488
161966
28488
93423
31683
93423
48754
164457
48754
105597
48754
250001
48754
105597
32393
161966
48754
102964
47395
161966
48754
23019
28488
161966
48754
49735
48754
161966
31683
23019
37673
161966
48754
176949
48754
105597
31683
161966
44777
49735
31768
105597
31768
105597
31768
105597
31768
49735
28488
105597
31768
105597
31768
105597
31768
105597
44777
102964
31768
105597
28488
105597
28488
93423
31683
93423
31768
105597
31768
164457
31768
105597
31768
161966
31768
105597
31768
102964
31768
105597
31768
23019
28488
105597
31768
49735
31768
105597
31683
23019
31768
105597
31768
105597
31768
129953
31683
105597
31768
49735
31768
49735
31768
49735
31768
208147
28488
49735
31768
49735
31768
49735
31768
49735
61490
49735
31768
49735
28488
49735
28488
49735
31683
49735
31768
49735
31768
49735
31768
49735
31768
49735
31768
49735
31768
49735
31768
49735
31768
23019
28488
49735
31768
68109
31768
49735
31683
23019
31768
49735
31768
49735
31768
49735
31683
49735
71234
250001
71234
250001
71234
49735
28488
250001
71234
206702
71234
165514
71234
206702
31768
102964
71234
161966
28488
206199
28488
93423
31683
93423
71234
161966
55320
105597
71234
161966
71234
105597
32393
250001
71234
102964
47395
250001
71234
23019
28488
250001
71234
49735
71234
250001
31683
23019
37673
183947
71234
161966
71234
105597
31683
206702
83546
250001
83546
49735
28488
250001
83546
206702
86837
165514
83546
206702
31768
102964
83546
161966
28488
206199
28488
93423
31683
93423
83546
161966
55320
105597
83546
161966
83546
105597
32393
250001
79357
102964
47395
250001
83546
23019
28488
250001
83546
49735
86837
250001
31683
23019
37673
183947
83546
161966
83546
105597
31683
206702
250001
49735
28488
250001
250001
206702
83546
165514
250001
206702
31768
102964
250001
161966
28488
206199
28488
93423
31683
93423
144882
161966
55320
105597
250001
161966
189987
105597
32393
250001
79357
102964
47395
250001
177460
23019
28488
250001
250001
49735
83546
250001
31683
23019
37673
183947
250001
161966
250001
105597
31683
206702
28488
49735
250001
49735
83546
49735
250001
49735
31768
49735
250001
49735
28488
49735
28488
49735
31683
49735
144882
49735
55320
49735
250001
49735
189987
49735
32393
49735
79357
49735
47395
49735
177460
23019
28488
49735
250001
68109
83546
49735
31683
23019
37673
49735
250001
49735
250001
49735
31683
49735
28488
206702
28488
165514
28488
206702
28488
102964
28488
161966
31200
206199
31200
93423
28488
93423
28488
161966
28488
105597
28488
161966
28488
105597
28488
250001
28488
102964
28488
250001
28488
23019
31200
250001
28488
49735
28488
250001
28488
23019
28488
183947
28488
161966
28488
105597
28488
206702
83546
165514
250001
250001
31768
102964
250001
161966
28488
206199
28488
93423
31683
93423
144882
161966
55320
105597
250001
161966
189987
105597
32393
206702
79357
102964
47395
206702
177460
23019
28488
206702
250001
49735
83546
206702
31683
23019
37673
183947
250001
161966
250001
105597
31683
250001
83546
165514
31768
102964
83546
161966
28488
165514
28488
93423
31683
93423
83546
161966
55320
105597
83546
161966
83546
105597
32393
165514
79357
102964
47395
165514
83546
23019
28488
165514
83546
49735
250001
165514
31683
23019
37673
165514
83546
161966
83546
105597
31683
165514
31768
102964
250001
161966
28488
206199
28488
93423
31683
93423
144882
161966
55320
105597
250001
161966
189987
105597
32393
206702
79357
102964
47395
206702
177460
23019
28488
206702
250001
49735
83546
206702
31683
23019
37673
183947
250001
161966
250001
105597
31683
250001
31768
102964
28488
102964
28488
93423
31683
93423
31768
102964
31768
102964
31768
102964
31768
102964
31768
102964
31768
204589
31768
102964
31768
23019
28488
102964
31768
49735
31768
102964
31683
23019
31768
102964
31768
102964
31768
102964
31683
102964
28488
161966
28488
93423
31683
93423
144882
204589
55320
105597
250001
164457
189987
105597
32393
161966
79357
102964
47395
161966
177460
23019
28488
161966
250001
49735
83546
161966
31683
23019
37673
161966
250001
164457
250001
105597
31683
161966
43316
93423
28488
93423
28488
161966
28488
105597
28488
161966
28488
105597
28488
206199
28488
102964
28488
206199
28488
23019
43316
206199
28488
49735
28488
206199
28488
23019
28488
183947
28488
161966
28488
105597
28488
206199
28488
161966
28488
93423
28488
93423
28488
93423
28488
93423
28488
93423
28488
93423
28488
93423
28488
23019
53489
93423
28488
49735
28488
93423
28488
23019
28488
93423
28488
93423
28488
93423
28488
93423
31683
93423
31683
93423
31683
93423
31683
93423
31683
93423
31683
93423
31683
93423
31683
23019
28488
93423
31683
49735
31683
93423
39056
23019
31683
93423
31683
93423
31683
93423
65498
93423
55320
105597
144882
164457
144882
105597
32393
161966
79357
102964
47395
161966
144882
23019
28488
161966
144882
49735
83546
161966
31683
23019
37673
161966
144882
164457
144882
105597
31683
161966
55320
105597
55320
161966
32393
105597
55320
102964
47395
105597
55320
23019
28488
105597
55320
49735
55320
105597
31683
23019
37673
105597
55320
105597
55320
129953
31683
105597
189987
105597
32393
161966
79357
102964
47395
161966
177460
23019
28488
161966
250001
49735
83546
161966
31683
23019
37673
161966
250001
176949
250001
105597
31683
161966
32393
105597
79357
102964
47395
105597
177460
23019
28488
105597
189987
49735
83546
105597
31683
23019
37673
105597
189987
105597
189987
129953
31683
105597
32393
102964
32393
250001
32393
23019
28488
250001
32393
49735
32393
250001
31683
23019
32393
183947
32393
161966
32393
105597
31683
206702
47395
102964
79357
23019
28488
102964
79357
49735
79357
102964
31683
23019
37673
102964
79357
102964
79357
102964
31683
102964
47395
23019
28488
250001
47395
49735
47395
250001
31683
23019
37673
183947
47395
161966
47395
105597
31683
206702
28488
23019
177460
23019
83546
23019
31683
105597
37673
23019
177460
23019
177460
23019
31683
23019
28488
49735
28488
250001
28488
23019
28488
183947
28488
161966
28488
105597
28488
206702
83546
49735
31683
23019
37673
49735
250001
49735
250001
49735
31683
49735
31683
23019
37673
183947
83546
161966
83546
105597
31683
206702
31683
23019
31683
23019
31683
23019
39056
23019
37673
161966
37673
105597
31683
183947
250001
105597
31683
161966
31683
105597
