79556
62311
191229
13460
145507
53349
145507
62311
145507
7193
11457
14729
11457
8373
166817
14729
145507
14729
79556
14729
191229
7193
77478
14729
191229
13460
35732
14729
11457
14729
145507
112466
166817
7193
191229
14729
26990
14729
191229
7731
26990
14729
214688
7731
191229
14729
191229
17737
191229
14729
145507
7193
145507
7193
191229
14729
77478
14729
145507
14729
191229
48855
145507
7193
191229
7193
69501
62311
162971
14729
191229
7193
79556
13460
79556
53349
79556
112466
79556
7193
11457
14729
11457
8373
79556
14729
79556
14729
250001
14729
79556
7193
77478
14729
79556
13460
35732
14729
11457
14729
79556
62311
79556
7193
79556
14729
26990
14729
79556
7731
26990
14729
79556
7731
79556
14729
79556
17737
79556
14729
79556
7193
79556
7193
79556
14729
77478
14729
79556
14729
79556
48855
79556
7193
79556
7193
69501
86531
79556
14729
79556
7193
145507
13460
145507
13460
145507
7193
11457
13460
11457
8373
166817
13460
145507
13460
79556
13460
214688
7193
77478
13460
214688
30463
35732
13460
11457
13460
145507
13460
166817
7193
214688
13460
26990
13460
214688
7731
26990
13460
191229
7731
229753
13460
214688
13460
214688
13460
145507
7193
145507
7193
206111
13460
77478
13460
145507
13460
214688
13460
145507
7193
214688
7193
69501
13460
162971
13460
214688
7193
250001
53349
250001
7193
11457
14729
11457
8373
145507
14729
250001
14729
79556
14729
145507
7193
77478
14729
145507
13460
35732
14729
11457
14729
214688
53349
145507
7193
145507
14729
26990
14729
145507
7731
26990
14729
145507
7731
145507
14729
145507
17737
145507
14729
250001
7193
166817
7193
145507
14729
77478
14729
250001
14729
145507
48855
250001
7193
145507
7193
69501
53349
145507
14729
145507
7193
250001
7193
11457
14729
11457
8373
145507
14729
250001
14729
79556
14729
145507
7193
77478
14729
145507
13460
35732
14729
11457
14729
214688
62311
145507
7193
145507
14729
26990
14729
145507
7731
26990
14729
145507
7731
145507
14729
145507
17737
145507
14729
250001
7193
166817
7193
145507
14729
77478
14729
250001
14729
145507
48855
250001
7193
145507
7193
69501
86531
145507
14729
145507
7193
11457
7193
11457
7193
145507
7193
250001
7193
79556
7193
145507
26012
77478
7193
145507
7193
35732
7193
11457
7193
214688
7193
145507
48495
145507
7193
26990
7193
145507
7193
26990
7193
145507
7193
145507
7193
145507
7193
145507
7193
250001
250001
166817
250001
145507
7193
77478
7193
250001
7193
145507
7193
250001
250001
145507
48495
69501
7193
145507
7193
145507
48495
35732
8373
11457
112466
11457
123100
11457
47507
11457
7193
11457
53349
11457
13460
11457
53349
166817
58024
11457
14729
11457
7193
11457
64026
11457
146138
11457
7731
11457
30463
11457
7731
11457
17737
11457
14729
11457
148119
11457
7193
11457
7193
11457
169133
11457
53349
11457
86531
11457
14729
11457
7193
11457
7193
11457
14729
11457
53349
11457
7193
11457
8373
11457
8373
11457
8373
11457
7193
11457
8373
11457
8373
11457
8373
35732
8373
11457
8373
11457
7193
11457
8373
11457
8373
11457
7731
11457
8373
11457
7731
11457
8373
11457
8373
11457
8373
11457
7193
11457
7193
11457
8373
11457
8373
11457
8373
11457
8373
11457
7193
11457
7193
11457
8373
11457
8373
11457
7193
145507
112466
79556
47507
166817
7193
77478
53349
166817
13460
35732
53349
11457
58024
145507
14729
214688
7193
166817
64026
26990
112466
166817
7731
26990
30463
166817
7731
166817
17737
166817
14729
166817
112466
145507
7193
145507
7193
166817
112466
77478
53349
145507
86531
166817
14729
145507
7193
166817
7193
69501
14729
162971
53349
166817
7193
79556
47507
145507
7193
77478
53349
145507
13460
35732
53349
11457
58024
214688
14729
145507
7193
145507
64026
26990
123100
145507
7731
26990
30463
145507
7731
145507
17737
145507
14729
145507
123100
250001
7193
166817
7193
145507
123100
77478
53349
250001
86531
145507
14729
250001
7193
145507
7193
69501
14729
145507
53349
145507
7193
79556
7193
77478
47507
79556
13460
35732
47507
11457
47507
79556
14729
79556
7193
79556
47507
26990
47507
79556
7731
26990
30463
79556
7731
79556
17737
79556
14729
79556
47507
79556
7193
79556
7193
79556
47507
77478
47507
79556
47507
79556
14729
79556
7193
79556
7193
69501
14729
79556
47507
79556
7193
77478
7193
248908
7193
35732
7193
11457
7193
145507
7193
166817
26012
248908
7193
26990
7193
248908
7193
26990
7193
191229
7193
214688
7193
248908
7193
250001
7193
145507
26012
145507
26012
206111
7193
77478
7193
145507
7193
250001
7193
145507
26012
248908
26012
69501
7193
162971
7193
250001
26012
77478
13460
35732
115930
11457
53349
77478
14729
77478
7193
77478
53349
26990
53349
77478
7731
26990
30463
77478
7731
77478
17737
77478
14729
77478
53349
77478
7193
77478
7193
77478
53349
166817
75135
77478
53349
77478
14729
77478
7193
77478
7193
69501
14729
77478
112466
77478
7193
35732
13460
11457
13460
145507
13460
166817
7193
250001
13460
26990
13460
250001
7731
26990
13460
191229
7731
214688
13460
250001
13460
248908
13460
145507
7193
145507
7193
206111
13460
77478
13460
145507
13460
248908
13460
145507
7193
250001
7193
69501
13460
162971
13460
248908
7193
11457
53349
35732
14729
35732
7193
35732
53349
26990
53349
35732
7731
26990
30463
35732
7731
35732
17737
35732
14729
35732
53349
35732
7193
35732
7193
35732
53349
35732
75135
35732
53349
35732
14729
35732
7193
35732
7193
35732
14729
35732
112466
35732
7193
11457
14729
11457
7193
11457
58024
11457
58024
11457
7731
11457
30463
11457
7731
11457
17737
11457
14729
11457
58024
11457
7193
11457
7193
11457
58024
11457
53349
11457
58024
11457
14729
11457
7193
11457
7193
11457
14729
11457
53349
11457
7193
145507
7193
145507
14729
26990
14729
145507
7731
26990
14729
145507
7731
145507
14729
145507
17737
145507
14729
214688
7193
166817
7193
145507
14729
77478
14729
214688
14729
145507
48855
214688
7193
145507
7193
69501
62311
145507
14729
145507
7193
166817
7193
26990
7193
166817
7193
26990
7193
166817
7193
166817
7193
166817
7193
166817
7193
145507
48495
145507
48495
166817
7193
77478
7193
145507
7193
166817
7193
145507
48495
166817
53347
69501
7193
162971
7193
166817
53347
26990
64026
250001
7731
26990
30463
191229
7731
214688
17737
250001
14729
248908
64026
145507
7193
145507
7193
206111
64026
77478
53349
145507
64026
248908
14729
145507
7193
250001
7193
69501
14729
162971
53349
248908
7193
26990
7731
35732
30463
26990
7731
26990
17737
26990
14729
26990
146138
26990
7193
26990
7193
26990
146138
26990
53349
26990
86531
26990
14729
26990
7193
26990
7193
26990
14729
26990
53349
26990
7193
26990
7731
191229
53349
214688
7731
250001
7731
248908
7731
145507
7193
145507
7193
206111
7731
77478
7731
145507
7731
248908
7731
145507
7193
250001
7193
69501
7731
162971
7731
248908
7193
26990
7731
26990
17737
26990
14729
26990
30463
26990
7193
26990
7193
26990
30463
26990
30463
26990
30463
26990
14729
26990
7193
26990
7193
26990
14729
26990
30463
26990
7193
191229
7731
191229
7731
191229
7731
145507
7193
145507
7193
191229
7731
77478
7731
145507
7731
191229
7731
145507
7193
191229
7193
69501
7731
162971
7731
191229
7193
214688
14729
214688
17737
145507
7193
145507
7193
206111
17737
77478
17737
145507
17737
214688
14729
145507
7193
214688
7193
69501
14729
162971
17737
214688
7193
248908
14729
145507
7193
145507
7193
206111
14729
77478
14729
145507
14729
248908
17737
145507
7193
250001
7193
69501
17737
162971
14729
248908
7193
145507
7193
145507
7193
206111
148119
77478
53349
145507
86531
250001
14729
145507
7193
248908
7193
69501
14729
162971
53349
250001
7193
166817
250001
145507
7193
77478
7193
250001
7193
145507
7193
250001
250001
145507
48495
69501
7193
145507
7193
145507
48495
145507
7193
77478
7193
166817
7193
145507
7193
166817
250001
145507
48495
69501
7193
145507
7193
145507
48495
77478
53349
145507
86531
206111
14729
145507
7193
206111
7193
69501
14729
162971
53349
206111
7193
77478
53349
77478
14729
77478
7193
77478
7193
69501
14729
77478
75135
77478
7193
145507
14729
250001
7193
145507
7193
69501
14729
145507
53349
145507
7193
145507
7193
248908
7193
69501
48855
162971
14729
250001
7193
145507
48495
69501
7193
145507
7193
145507
48495
69501
7193
162971
7193
248908
78644
69501
14729
69501
7193
162971
7193
