69837
42281
41452
73665
69837
102701
69837
92200
72635
38772
66705
155842
69837
54946
69837
19657
41452
53142
41452
33426
41452
33816
239855
54946
73497
54946
41452
53142
69837
53142
69837
130501
69837
21496
69837
73665
69837
53142
41821
95207
69837
92200
41452
53142
73497
53142
69837
134102
69837
134102
69837
73665
11100
156330
2464
54946
69837
156330
69837
21496
68000
53142
41452
21496
41452
134102
73497
156330
41452
4130
2464
4130
72247
156330
41452
42281
74561
42281
74561
42281
69837
38772
66705
42281
74561
42281
74561
19657
41452
42281
41452
33426
41452
33816
69837
42281
69837
42281
41452
42281
74561
42281
74561
42281
74561
21496
74561
42281
74561
42281
41821
42281
74561
42281
41452
42281
69837
42281
70935
42281
73552
42281
74561
42281
11100
42281
2464
42281
74561
42281
74561
21496
68000
42281
41452
21496
41452
42281
69837
42281
41452
4130
2464
4130
69837
42281
41452
73665
41452
73665
41452
38772
41452
73665
41452
54946
41452
19657
126364
53142
152442
33426
73552
33816
41452
54946
41452
54946
69837
53142
41452
53142
41452
73665
41452
21496
41452
92200
41452
53142
41452
73665
41452
73665
73552
53142
41452
53142
41452
73665
41452
73665
41452
92200
11100
73665
2464
54946
41452
73665
41452
21496
41452
53142
191200
21496
70935
73665
41452
73665
230028
4130
2464
4130
41452
73665
191200
92200
69837
38772
66705
102701
126364
54946
191200
19657
41452
53142
41452
33426
41452
33816
69837
54946
69837
54946
41452
53142
139966
53142
126364
102701
138821
21496
126364
73665
126364
53142
41821
95207
99622
92200
41452
53142
69837
53142
70935
102701
73552
102701
126364
73665
11100
102701
2464
54946
191200
102701
191200
21496
68000
53142
41452
21496
41452
102701
69837
102701
41452
4130
2464
4130
69837
102701
69837
38772
66705
92200
126364
54946
239855
19657
41452
53142
41452
33426
41452
33816
69837
54946
69837
54946
41452
53142
139966
53142
126364
92200
138821
21496
126364
73665
126364
53142
41821
92200
99622
95207
41452
53142
69837
53142
70935
92200
73552
92200
126364
73665
11100
92200
2464
54946
239123
92200
193397
21496
68000
53142
41452
21496
41452
92200
69837
92200
41452
4130
2464
4130
69837
92200
66705
38772
69837
38772
69837
19657
41452
38772
41452
33426
41452
33816
72635
38772
72635
38772
41452
38772
69837
38772
69837
38772
69837
21496
69837
38772
69837
38772
41821
38772
69837
38772
41452
38772
72635
38772
69837
38772
69837
38772
69837
38772
11100
38772
2464
38772
69837
38772
69837
21496
68000
38772
41452
21496
41452
38772
72635
38772
41452
4130
2464
4130
72247
38772
66705
54946
66705
19657
41452
53142
41452
33426
41452
33816
66705
54946
66705
54946
41452
53142
66705
53142
66705
130501
66705
21496
66705
73665
66705
53142
41821
95207
66705
92200
41452
53142
66705
53142
66705
134102
66705
134102
66705
73665
11100
155842
2464
54946
66705
155842
66705
21496
66705
53142
41452
21496
41452
134102
66705
155842
41452
4130
2464
4130
66705
155842
126364
19657
41452
53142
41452
33426
41452
33816
69837
103462
69837
70153
41452
53142
126364
53142
218836
54946
126364
21496
173826
54946
179689
53142
41821
54946
99622
54946
41452
53142
69837
53142
70935
54946
73552
54946
218836
54946
11100
54946
2464
103462
126364
54946
126364
21496
68000
53142
41452
21496
41452
54946
69837
54946
41452
4130
2464
4130
69837
54946
41452
19657
41452
19657
41452
19657
69837
19657
69837
19657
41452
19657
139966
19657
126364
19657
138821
19657
126364
19657
126364
19657
41821
19657
99622
19657
41452
19657
69837
19657
70935
19657
73552
19657
126364
19657
11100
19657
2464
19657
239123
19657
193397
19657
68000
19657
41452
19657
41452
19657
69837
19657
41452
4130
2464
4130
69837
19657
126364
33426
73552
33816
41452
53142
41452
53142
69837
92200
41452
86884
41452
53142
41452
21496
41452
53142
41452
89828
41452
53142
41452
53142
73552
86884
41452
86884
41452
53142
41452
53142
41452
53142
11100
53142
2464
53142
41452
53142
41452
21496
41452
86884
126364
21496
70935
53142
41452
53142
126364
4130
2464
4130
41452
53142
73552
33426
41452
33426
41452
33426
69837
33426
41452
33426
41452
33426
41452
21496
41452
33426
41452
33426
41452
33426
41452
33426
73552
33426
41452
33426
41452
33426
41452
33426
41452
33426
11100
33426
2464
33426
41452
33426
41452
21496
41452
33426
152442
21496
70935
33426
41452
33426
152442
4130
2464
4130
41452
33426
41452
33816
41452
33816
69837
33816
41452
33816
41452
33816
41452
21496
41452
33816
41452
33816
41452
33816
41452
33816
150607
33816
41452
33816
41452
33816
41452
33816
41452
33816
11100
33816
2464
33816
41452
33816
41452
21496
41452
33816
73552
21496
70935
33816
41452
33816
73552
4130
2464
4130
41452
33816
73497
70153
41452
53142
69837
53142
69837
54946
69837
21496
69837
54946
69837
53142
41821
54946
69837
54946
41452
53142
73497
53142
69837
54946
69837
54946
69837
54946
11100
54946
2464
175405
69837
54946
69837
21496
68000
53142
41452
21496
41452
54946
73497
54946
41452
4130
2464
4130
72247
54946
41452
53142
69837
53142
69837
54946
69837
21496
69837
54946
69837
53142
41821
54946
69837
54946
41452
53142
74372
53142
69837
54946
69837
54946
69837
54946
11100
54946
2464
70153
69837
54946
69837
21496
68000
53142
41452
21496
41452
54946
74372
54946
41452
4130
2464
4130
72247
54946
41452
86884
41452
53142
41452
21496
41452
53142
41452
89828
41452
53142
41452
53142
69837
86884
41452
86884
41452
53142
41452
53142
41452
53142
11100
53142
2464
53142
41452
53142
41452
21496
41452
86884
69837
21496
69837
53142
41452
53142
69837
4130
2464
4130
41452
53142
126364
53142
138821
21496
126364
53142
126364
86884
41821
53142
99622
53142
41452
92200
69837
92200
70935
53142
73552
53142
126364
53142
11100
53142
2464
53142
139966
53142
139966
21496
68000
92200
41452
21496
41452
53142
69837
53142
41452
4130
2464
4130
69837
53142
126364
21496
173826
73665
179689
53142
41821
95207
99622
92200
41452
53142
69837
53142
70935
130501
73552
130501
239362
73665
11100
130501
2464
54946
126364
130501
126364
21496
68000
53142
41452
21496
41452
130501
69837
130501
41452
4130
2464
4130
69837
130501
126364
21496
126364
21496
41821
21496
99622
21496
41452
21496
69837
21496
70935
21496
73552
21496
126364
21496
11100
21496
2464
21496
138821
21496
138821
30072
68000
21496
41452
22363
41452
21496
69837
21496
41452
4130
2464
4130
69837
21496
173826
53142
41821
73665
99622
73665
41452
53142
69837
53142
70935
73665
73552
73665
173826
250001
11100
73665
2464
54946
126364
73665
126364
21496
68000
53142
41452
21496
41452
73665
69837
73665
41452
4130
2464
4130
69837
73665
41821
53142
99622
53142
41452
86884
69837
86884
70935
53142
73552
53142
179689
53142
11100
53142
2464
53142
126364
53142
126364
21496
68000
86884
41452
21496
41452
53142
69837
53142
41452
4130
2464
4130
69837
53142
41821
92200
41452
53142
41821
53142
41821
95207
41821
95207
41821
73665
11100
95207
2464
54946
41821
95207
41821
21496
41821
53142
41452
21496
41452
95207
41821
95207
41452
4130
2464
4130
41821
95207
41452
53142
69837
53142
70935
92200
73552
92200
99622
73665
11100
92200
2464
54946
99622
92200
99622
21496
68000
53142
41452
21496
41452
92200
69837
92200
41452
4130
2464
4130
69837
92200
41452
250001
41452
53142
41452
53142
41452
53142
11100
53142
2464
53142
41452
53142
41452
21496
41452
110817
73552
21496
70935
53142
41452
53142
73552
4130
2464
4130
41452
53142
69837
53142
69837
53142
69837
53142
11100
53142
2464
53142
69837
53142
69837
21496
68000
110817
41452
21496
41452
53142
104625
53142
41452
4130
2464
4130
72247
53142
70935
155842
70935
73665
11100
134102
2464
54946
70935
134102
70935
21496
68000
53142
41452
21496
41452
250001
69837
134102
41452
4130
2464
4130
69837
134102
73552
73665
11100
134102
2464
54946
73552
134102
73552
21496
68000
53142
41452
21496
41452
155842
69837
134102
41452
4130
2464
4130
69837
134102
11100
73665
2464
54946
126364
73665
126364
21496
68000
53142
41452
21496
41452
73665
69837
73665
41452
4130
2464
4130
69837
73665
2464
54946
11100
250001
11100
21496
11100
53142
11100
21496
11100
134102
11100
209549
11100
4130
2464
4130
11100
209549
2464
54946
2464
21496
2464
53142
2464
21496
2464
54946
2464
54946
2464
4130
11100
4130
2464
54946
193397
21496
68000
53142
41452
21496
41452
134102
69837
209549
41452
4130
2464
4130
69837
209549
68000
21496
41452
22363
41452
21496
69837
21496
41452
4130
2464
4130
69837
21496
41452
21496
41452
53142
68000
53142
41452
4130
2464
4130
68000
53142
70935
21496
41452
21496
191200
4130
2464
4130
41452
21496
41452
134102
70935
4130
2464
4130
41452
134102
41452
4130
2464
4130
72247
239751
2464
19657
41452
4130
2464
4130
