65640
79236
230722
79236
65640
79236
230722
204892
226472
20587
65640
161250
65640
79236
65640
20587
65640
20587
226420
20587
65640
20587
116641
20587
65640
20587
65640
79236
230722
79236
230722
20587
65640
79236
65640
20587
3839
20587
65640
20587
60876
161250
230722
20587
65640
79236
169558
20587
65640
20587
230722
109648
162447
20587
65640
79236
65640
20587
65640
20587
60876
20587
65640
20587
3839
20587
65640
250001
165276
161250
65640
79236
65640
20587
190886
79236
250001
225782
190886
20587
190886
20587
65640
20587
162447
20587
65640
20587
116641
20587
190886
161250
65640
161250
65640
20587
190886
250001
190886
20587
3839
20587
169558
20587
60876
79236
65640
20587
190886
161250
65640
20587
190886
20587
65640
79236
65640
20587
190886
161250
162447
20587
190886
20587
60876
20587
116641
20587
3839
20587
65640
161250
250001
79236
226472
20587
65640
79236
65640
225782
65640
20587
65640
20587
226420
20587
65640
20587
116641
20587
65640
20587
65640
161250
250001
161250
250001
20587
65640
250001
65640
20587
3839
20587
65640
20587
60876
79236
250001
20587
65640
161250
169558
20587
65640
20587
250001
79236
162447
20587
65640
161250
65640
20587
65640
20587
60876
20587
65640
20587
3839
20587
65640
79236
65640
20587
165276
79236
165276
161250
165276
20587
165276
20587
65640
20587
162447
20587
65640
20587
116641
20587
165276
250001
65640
250001
65640
20587
165276
161250
165276
20587
3839
20587
165276
20587
60876
79236
65640
20587
165276
250001
65640
20587
165276
20587
65640
79236
65640
20587
165276
204892
162447
20587
165276
20587
60876
20587
116641
20587
3839
20587
226472
20587
65640
161250
65640
79236
65640
20587
65640
20587
226420
20587
65640
20587
116641
20587
65640
20587
65640
79236
250001
79236
250001
20587
65640
79236
65640
20587
3839
20587
65640
20587
60876
161250
250001
20587
65640
79236
169558
20587
65640
20587
250001
109648
162447
20587
65640
79236
65640
20587
65640
20587
60876
20587
65640
20587
3839
20587
65640
20587
65640
20587
65640
109648
65640
109648
226420
109648
65640
140124
116641
109648
65640
109648
65640
20587
226472
20587
226472
109648
65640
20587
65640
79236
3839
109648
65640
109648
60876
20587
226472
109648
65640
20587
169558
109648
65640
109648
226472
20587
162447
109648
65640
20587
65640
109648
65640
109648
60876
109648
65640
79236
3839
109648
190886
79236
230722
20587
206933
20587
65640
20587
162447
20587
65640
20587
116641
20587
230722
79236
65640
79236
65640
20587
230722
79236
230722
20587
3839
20587
169558
20587
60876
250001
65640
20587
230722
79236
65640
20587
230722
20587
65640
109648
65640
20587
230722
79236
162447
20587
230722
20587
60876
20587
116641
20587
3839
20587
190886
20587
190886
20587
65640
20587
162447
20587
65640
20587
116641
20587
190886
161250
65640
161250
65640
20587
190886
225782
190886
20587
3839
20587
169558
20587
60876
79236
65640
20587
190886
161250
65640
20587
190886
20587
65640
79236
65640
20587
190886
161250
162447
20587
190886
20587
60876
20587
116641
20587
3839
20587
206933
204892
65640
207596
162447
109648
65640
207596
116641
161250
250001
20587
65640
20587
65640
161250
250001
20587
250001
79236
3839
135208
169558
207596
60876
20587
65640
140124
250001
20587
65640
207596
250001
116081
65640
20587
65640
207596
250001
20587
162447
140124
250001
116081
60876
116081
116641
79236
3839
135208
65640
204892
162447
109648
65640
204892
116641
161250
206933
20587
65640
20587
65640
161250
206933
20587
206933
79236
3839
135208
169558
204892
60876
20587
65640
140124
206933
20587
65640
204892
206933
116081
65640
20587
65640
204892
206933
20587
162447
140124
206933
116081
60876
116081
116641
79236
3839
135208
65640
109648
116641
226013
65640
161250
65640
20587
226420
20587
226420
161250
65640
20587
65640
79236
3839
135208
65640
250001
60876
20587
226420
140124
65640
20587
169558
250001
65640
116081
226420
20587
162447
226013
65640
20587
65640
140124
65640
116081
60876
116081
65640
79236
3839
135208
65640
109648
116641
109648
162447
20587
65640
20587
65640
109648
162447
20587
162447
79236
3839
109648
162447
109648
60876
20587
65640
109648
162447
20587
65640
109648
162447
109648
65640
20587
65640
109648
162447
20587
250001
109648
162447
109648
60876
109648
116641
79236
3839
109648
65640
161250
65640
20587
116641
20587
116641
161250
65640
20587
65640
79236
3839
135208
65640
226013
60876
20587
116641
140124
65640
20587
116641
226013
65640
116081
116641
20587
116641
250001
65640
20587
65640
140124
65640
116081
60876
116081
65640
79236
3839
135208
116641
20587
65640
20587
65640
204892
116641
20587
116641
79236
3839
135208
116641
161250
60876
20587
65640
140124
116641
20587
65640
161250
116641
116081
65640
20587
65640
161250
116641
20587
116641
140124
116641
116081
60876
116081
139002
79236
3839
135208
65640
250001
65640
20587
250001
161250
250001
20587
3839
20587
169558
20587
60876
79236
65640
20587
250001
250001
65640
20587
250001
20587
65640
79236
65640
20587
250001
204892
162447
20587
250001
20587
60876
20587
116641
20587
3839
20587
250001
20587
65640
161250
65640
20587
3839
20587
65640
20587
60876
79236
250001
20587
65640
250001
169558
20587
65640
20587
250001
79236
162447
20587
65640
204892
65640
20587
65640
20587
60876
20587
65640
20587
3839
20587
65640
20587
65640
79236
3839
135208
65640
161250
60876
20587
250001
140124
65640
20587
169558
161250
65640
116081
250001
20587
162447
161250
65640
20587
65640
140124
65640
116081
60876
116081
65640
79236
3839
135208
250001
20587
3839
20587
169558
20587
60876
79236
65640
20587
250001
161250
65640
20587
250001
20587
65640
79236
65640
20587
250001
161250
162447
20587
250001
20587
60876
20587
116641
20587
3839
20587
3839
79236
169558
79236
60876
20587
65640
79236
250001
20587
65640
79236
250001
79236
65640
20587
65640
79236
250001
20587
162447
79236
250001
79236
60876
79236
116641
109648
3839
79236
3839
135208
3839
20587
3839
135208
3839
20587
3839
135208
3839
116081
3839
20587
3839
135208
3839
20587
3839
135208
3839
116081
3839
116081
3839
79236
65640
250001
60876
20587
65640
140124
169558
20587
65640
250001
169558
116081
65640
20587
65640
226013
169558
20587
162447
140124
169558
116081
60876
116081
116641
79236
3839
135208
60876
20587
60876
79236
60876
20587
60876
20587
60876
109648
60876
20587
60876
79236
60876
20587
60876
20587
130142
20587
60876
20587
3839
20587
65640
20587
169558
140124
65640
116081
250001
20587
162447
140124
65640
20587
65640
161250
65640
116081
60876
116081
65640
79236
3839
135208
65640
20587
250001
20587
65640
79236
65640
20587
250001
204892
162447
20587
250001
20587
60876
20587
116641
20587
3839
20587
65640
116081
169558
20587
162447
226013
65640
20587
65640
140124
65640
116081
60876
116081
65640
79236
3839
135208
65640
20587
65640
116081
250001
20587
162447
116081
250001
140124
60876
140124
116641
79236
3839
116081
162447
20587
65640
79236
65640
20587
65640
20587
60876
20587
65640
20587
3839
20587
65640
20587
65640
140124
65640
116081
60876
116081
65640
79236
3839
135208
162447
20587
250001
20587
60876
20587
116641
20587
3839
20587
162447
116081
60876
116081
116641
79236
3839
135208
60876
250001
116641
79236
3839
116081
60876
79236
3839
116081
3839
79236
