23174
14518
6863
14518
61939
250001
23174
250001
23174
250001
61939
14518
6863
250001
33496
14518
61939
14518
61939
250001
176638
14518
7900
14518
6863
14518
23174
250001
61939
250001
23174
250001
61939
250001
6863
250001
7070
51768
61939
14518
61939
250001
61939
250001
23174
250001
7070
14518
23174
14518
61939
14518
23174
14518
6863
250001
23174
14518
61939
14518
23174
250001
61939
51768
61939
250001
23174
14518
82938
14518
6863
250001
23174
14518
115670
14518
227061
14518
23174
250001
6863
14518
23174
250001
23174
250001
23174
14518
23174
38403
7900
250001
6863
250001
55932
14518
23174
14518
115670
14518
23174
14518
6863
14518
7070
14518
23174
250001
23174
14518
23174
14518
165817
14518
7070
38403
215243
250001
23174
250001
49100
38403
6863
14518
43761
51768
23174
250001
174124
14518
23174
14518
23174
14518
115670
250001
23174
250001
6863
14518
6863
14518
6863
14518
6863
250001
115670
14518
6863
250001
6863
250001
6863
14518
6863
38403
6863
250001
115670
250001
6863
14518
6863
14518
6863
14518
6863
14518
48696
14518
6863
14518
6863
250001
6863
14518
6863
14518
6863
14518
6863
38403
6863
250001
6863
250001
6863
38403
7070
14518
6863
51768
6863
250001
6863
14518
6863
14518
6863
14518
6863
250001
6863
250001
23174
250001
23174
250001
215243
14518
6863
250001
33496
14518
225870
14518
187301
250001
61939
14518
7900
14518
6863
14518
23174
250001
225870
250001
23174
250001
83431
250001
6863
250001
7070
51768
174124
14518
225870
250001
106554
250001
23174
250001
7070
14518
23174
14518
96733
14518
23174
14518
6863
250001
23174
14518
92703
14518
23174
250001
106554
51768
225870
250001
23174
14518
61939
14518
115670
250001
23174
14518
6863
250001
23174
14518
23174
14518
23174
250001
23174
14518
7900
14518
6863
14518
55932
250001
23174
250001
174124
250001
23174
250001
6863
250001
7070
51768
23174
14518
23174
250001
23174
250001
115670
250001
7070
14518
115670
14518
23174
14518
49100
14518
6863
250001
43761
14518
23174
14518
115670
250001
23174
51768
23174
250001
119078
14518
23174
14518
23174
14518
6863
250001
23174
14518
23174
14518
23174
250001
23174
14518
7900
14518
6863
14518
55932
250001
23174
250001
115670
250001
23174
250001
6863
250001
7070
51768
23174
14518
23174
250001
23174
250001
165817
250001
7070
14518
215243
14518
23174
14518
49100
14518
6863
250001
43761
14518
23174
14518
174124
250001
23174
51768
23174
250001
115670
14518
23174
14518
6863
14518
33496
250001
215243
250001
187301
14518
61939
38403
7900
250001
6863
250001
23174
14518
215243
14518
23174
14518
83431
14518
6863
14518
7070
14518
174124
250001
215243
14518
106554
14518
23174
14518
7070
38403
23174
250001
96733
250001
23174
38403
6863
14518
23174
51768
92703
250001
23174
14518
106554
14518
215243
14518
23174
250001
61939
250001
6863
14518
6863
14518
6863
250001
6863
14518
6863
14518
204086
14518
6863
250001
6863
250001
6863
250001
6863
250001
48696
250001
6863
51768
6863
14518
6863
250001
6863
250001
6863
250001
6863
14518
6863
14518
6863
14518
6863
14518
7070
250001
6863
14518
6863
14518
6863
250001
6863
51768
6863
250001
6863
14518
6863
14518
33496
250001
33496
14518
33496
38403
7900
250001
6863
250001
23174
14518
33496
14518
23174
14518
33496
14518
6863
14518
7070
14518
33496
250001
33496
14518
33496
14518
23174
14518
7070
38403
23174
250001
33496
250001
23174
38403
6863
14518
23174
51768
33496
250001
23174
14518
33496
14518
33496
14518
23174
250001
33496
250001
187301
14518
61939
38403
7900
250001
6863
250001
23174
14518
226828
14518
23174
14518
83431
14518
6863
14518
7070
14518
174124
250001
250001
14518
106554
14518
23174
14518
7070
38403
23174
250001
96733
250001
23174
38403
6863
14518
23174
51768
92703
250001
23174
14518
106554
14518
250001
14518
23174
250001
61939
250001
61939
14518
7900
14518
6863
14518
23174
250001
187301
250001
23174
250001
83431
250001
6863
250001
7070
51768
174124
14518
187301
250001
106554
250001
23174
250001
7070
14518
23174
14518
96733
14518
23174
14518
6863
250001
23174
14518
92703
14518
23174
250001
106554
51768
187301
250001
23174
14518
61939
14518
7900
38403
6863
38403
23174
14518
61939
14518
23174
14518
61939
14518
6863
14518
7070
14518
61939
38403
61939
14518
61939
14518
23174
14518
7070
250001
23174
38403
61939
38403
23174
250001
6863
14518
23174
38403
61939
38403
23174
14518
61939
14518
61939
14518
23174
38403
82938
38403
6863
250001
7900
14518
7900
14518
7900
14518
7900
14518
6863
14518
7070
14518
7900
250001
7900
14518
7900
14518
7900
14518
7070
38403
7900
250001
7900
250001
7900
38403
6863
14518
7900
51768
7900
250001
7900
14518
7900
14518
7900
14518
7900
250001
7900
250001
6863
14518
6863
14518
6863
14518
6863
14518
48696
14518
6863
14518
6863
250001
6863
14518
6863
14518
6863
14518
6863
38403
6863
250001
6863
250001
6863
38403
7070
14518
6863
51768
6863
250001
6863
14518
6863
14518
6863
14518
6863
250001
6863
250001
23174
250001
55932
250001
23174
250001
6863
250001
7070
51768
23174
14518
23174
250001
23174
250001
55932
250001
7070
14518
55932
14518
23174
14518
49100
14518
6863
250001
43761
14518
23174
14518
55932
250001
23174
51768
23174
250001
55932
14518
23174
14518
23174
250001
83431
250001
6863
250001
7070
51768
174124
14518
226828
250001
106554
250001
23174
250001
7070
14518
23174
14518
96733
14518
23174
14518
6863
250001
23174
14518
92703
14518
23174
250001
106554
51768
226828
250001
23174
14518
61939
14518
23174
250001
6863
250001
7070
51768
23174
14518
23174
250001
23174
250001
115670
250001
7070
14518
115670
14518
23174
14518
49100
14518
6863
250001
43761
14518
23174
14518
115670
250001
23174
51768
23174
250001
119078
14518
23174
14518
6863
250001
7070
51768
83431
14518
83431
250001
83431
250001
23174
250001
7070
14518
23174
14518
83431
14518
23174
14518
6863
250001
23174
14518
83431
14518
23174
250001
83431
51768
83431
250001
23174
14518
61939
14518
6863
51768
6863
14518
6863
250001
6863
250001
6863
250001
6863
14518
6863
14518
6863
14518
6863
14518
7070
250001
6863
14518
6863
14518
6863
250001
6863
51768
6863
250001
6863
14518
6863
14518
7070
14518
7070
51768
7070
51768
7070
51768
7900
14518
7070
14518
7070
14518
7070
14518
6863
51768
7070
14518
7070
14518
7070
51768
7070
250001
7070
51768
7070
14518
7070
14518
174124
14518
106554
14518
23174
14518
7070
38403
23174
250001
96733
250001
23174
38403
6863
14518
23174
51768
92703
250001
23174
14518
106554
14518
174124
14518
23174
250001
61939
250001
106554
250001
23174
250001
7070
14518
23174
14518
96733
14518
23174
14518
6863
250001
23174
14518
92703
14518
23174
250001
106554
51768
250001
250001
23174
14518
61939
14518
23174
250001
7070
14518
23174
14518
96733
14518
23174
14518
6863
250001
23174
14518
92703
14518
23174
250001
226828
51768
106554
250001
23174
14518
61939
14518
7070
14518
165817
14518
23174
14518
49100
14518
6863
250001
43761
14518
23174
14518
165817
250001
23174
51768
23174
250001
115670
14518
23174
14518
7070
38403
7070
38403
7070
250001
6863
14518
7070
38403
7070
38403
7070
14518
7070
14518
7070
14518
7070
38403
7070
38403
23174
250001
49100
38403
6863
14518
43761
51768
23174
250001
174124
14518
23174
14518
23174
14518
115670
250001
23174
250001
23174
38403
6863
14518
23174
51768
92703
250001
23174
14518
96733
14518
96733
14518
23174
250001
61939
250001
6863
14518
43761
38403
23174
38403
49100
14518
23174
14518
23174
14518
49100
38403
23174
38403
6863
14518
6863
14518
6863
250001
6863
51768
6863
250001
6863
14518
6863
14518
23174
51768
43761
14518
23174
14518
23174
14518
43761
51768
23174
51768
23174
14518
92703
14518
92703
14518
23174
250001
61939
250001
23174
51768
23174
250001
115670
14518
23174
14518
106554
51768
23174
14518
61939
14518
23174
14518
61939
14518
23174
250001
