65485
195073
65485
151442
65485
250001
65485
61516
65485
20131
65485
20131
65485
250001
65485
18151
65485
38886
119975
250001
65485
250001
65485
250001
65485
147068
65485
18151
65485
18151
65485
17307
155395
18663
65485
250001
65485
17307
65485
17307
65485
17395
65485
20131
65485
17307
65485
250001
65485
86041
65485
17543
65485
20131
65485
250001
85104
222646
65485
17543
65485
250001
65485
250001
65485
43722
65485
17307
65485
250001
85104
151442
85104
195073
85104
61516
85104
20131
85104
20131
85104
195073
85104
18151
85104
38886
65485
195073
85104
195073
85104
195073
85104
147068
85104
18151
119975
18151
85104
17307
65485
18663
85104
195073
85104
17307
85104
17307
85104
17395
85104
20131
85104
17307
85104
195073
85104
86041
85104
17543
85104
20131
85104
195073
65485
195073
85104
17543
85104
195073
85104
195073
85104
43722
85104
17307
85104
195073
155395
151442
139995
61516
139995
20131
139995
20131
155395
151442
155395
18151
155395
38886
65485
151442
121304
151442
155395
151442
155395
147068
250001
18151
85104
18151
139995
17307
65485
18663
155395
151442
155395
17307
155395
17307
121304
17395
139995
20131
104763
17307
155395
151442
104763
86041
104763
17543
139995
20131
155395
151442
65485
151442
155395
17543
155395
151442
104763
151442
155395
43722
155395
17307
155395
151442
139995
61516
139995
20131
139995
20131
186218
250001
186218
18151
186218
38886
65485
250001
121304
250001
186218
250001
186218
147068
155395
18151
85104
18151
139995
17307
65485
18663
186218
250001
186218
17307
186218
17307
121304
17395
139995
20131
104763
17307
186218
250001
104763
86041
104763
17543
139995
20131
186218
250001
65485
222646
186218
17543
186218
250001
104763
250001
186218
43722
186218
17307
186218
250001
250001
20131
250001
20131
139995
61516
139995
18151
139995
38886
65485
61516
121304
61516
139995
61516
139995
61516
139995
18151
85104
18151
250001
17307
65485
18663
139995
61516
139995
17307
139995
17307
121304
17395
250001
20131
104763
17307
139995
61516
104763
61516
104763
17543
155626
20131
139995
61516
65485
61516
139995
17543
139995
61516
104763
61516
139995
43722
139995
17307
139995
61516
250001
43722
139995
20131
139995
18151
139995
20131
65485
20131
121304
20131
139995
20131
139995
20131
139995
18151
85104
18151
250001
17307
65485
18663
139995
20131
139995
17307
139995
17307
121304
17395
250001
43722
104763
17307
139995
20131
104763
20131
104763
17543
155626
43722
139995
20131
65485
20131
139995
17543
139995
20131
104763
20131
139995
20131
139995
17307
139995
20131
139995
20131
139995
18151
139995
20131
65485
20131
121304
20131
139995
20131
139995
20131
139995
18151
85104
18151
250001
17307
65485
18663
139995
20131
139995
17307
139995
17307
121304
17395
250001
250001
104763
17307
139995
20131
104763
20131
104763
17543
155626
132117
139995
20131
65485
20131
139995
17543
139995
20131
104763
20131
139995
20131
139995
17307
139995
20131
250001
18151
250001
38886
65485
250001
121304
250001
250001
250001
250001
147068
155395
18151
85104
18151
139995
17307
65485
18663
250001
250001
250001
17307
250001
17307
121304
17395
139995
20131
104763
17307
250001
250001
104763
86041
104763
17543
139995
20131
250001
250001
65485
222646
250001
17543
250001
250001
104763
250001
250001
43722
250001
17307
250001
250001
250001
18151
65485
18151
121304
18151
250001
18151
250001
18151
155395
250001
85104
21577
139995
17307
65485
18151
250001
18151
250001
17307
250001
17307
121304
17395
139995
18151
104763
17307
250001
18151
104763
18151
104763
17543
139995
18151
250001
18151
65485
18151
250001
17543
250001
18151
104763
18151
250001
18151
250001
17307
250001
18151
65485
38886
121304
38886
250001
38886
250001
38886
155395
18151
85104
18151
139995
17307
65485
18663
250001
38886
250001
17307
250001
17307
121304
17395
139995
20131
104763
17307
250001
38886
104763
38886
104763
17543
139995
20131
250001
38886
65485
38886
250001
17543
250001
38886
104763
38886
250001
38886
250001
17307
250001
38886
65485
250001
65485
250001
65485
147068
65485
18151
65485
18151
65485
17307
119975
18663
65485
250001
65485
17307
65485
17307
65485
17395
65485
20131
65485
17307
65485
250001
65485
86041
65485
17543
65485
20131
65485
250001
85104
222646
65485
17543
65485
250001
65485
250001
65485
43722
65485
17307
65485
250001
121304
250001
121304
147068
121304
18151
85104
18151
121304
17307
65485
18663
121304
250001
121304
17307
121304
17307
250001
17395
121304
20131
104763
17307
121304
250001
104763
86041
104763
17543
121304
20131
121304
250001
65485
222646
121304
17543
121304
250001
104763
250001
121304
43722
121304
17307
121304
250001
250001
147068
155395
18151
85104
18151
139995
17307
65485
18663
250001
250001
250001
17307
250001
17307
121304
17395
139995
20131
104763
17307
250001
250001
104763
86041
104763
17543
139995
20131
250001
250001
65485
222646
250001
17543
250001
250001
104763
250001
250001
43722
250001
17307
250001
250001
155395
18151
85104
18151
139995
17307
65485
18663
250001
147068
250001
17307
250001
17307
121304
17395
139995
20131
104763
17307
250001
147068
104763
86041
104763
17543
139995
20131
250001
147068
65485
147068
250001
17543
250001
147068
104763
147068
250001
43722
250001
17307
250001
147068
85104
21577
139995
17307
65485
18151
155395
18151
155395
17307
155395
17307
121304
17395
139995
18151
104763
17307
155395
18151
104763
18151
104763
17543
139995
18151
155395
18151
65485
18151
155395
17543
155395
18151
104763
18151
155395
18151
155395
17307
155395
18151
85104
17307
65485
18151
85104
18151
85104
17307
85104
17307
85104
17395
85104
18151
85104
17307
85104
18151
85104
18151
85104
17543
85104
18151
85104
18151
65485
18151
85104
17543
85104
18151
85104
18151
85104
18151
85104
17307
85104
18151
65485
17307
139995
17307
139995
18663
139995
34039
121304
17307
250001
17307
104763
34039
139995
17307
104763
17307
104763
17307
155626
17307
139995
17307
65485
17307
139995
17307
139995
17307
104763
17307
139995
17307
139995
34039
139995
17307
65485
18663
65485
17307
65485
17307
65485
17395
65485
18663
65485
17307
65485
18663
65485
18663
65485
17543
65485
18663
65485
18663
85104
18663
65485
17543
65485
18663
65485
18663
65485
18663
65485
17307
65485
18663
250001
17307
250001
17307
121304
17395
139995
20131
104763
17307
250001
250001
104763
86041
104763
17543
139995
20131
250001
250001
65485
222646
250001
17543
250001
250001
104763
250001
250001
43722
250001
17307
250001
250001
250001
18663
121304
17307
139995
17307
104763
18663
250001
17307
104763
17307
104763
17307
139995
17307
250001
17307
65485
17307
250001
17307
250001
17307
104763
17307
250001
17307
250001
18663
250001
17307
121304
17307
139995
17307
104763
194875
250001
17307
104763
17307
104763
17307
139995
17307
250001
17307
65485
17307
250001
17307
250001
17307
104763
17307
250001
17307
250001
194875
250001
17307
121304
17395
104763
17307
121304
17395
104763
17395
104763
17395
121304
17395
121304
17395
65485
17395
121304
17395
121304
17395
104763
17395
121304
17395
121304
17307
121304
17395
104763
17307
139995
20131
104763
20131
104763
17543
155626
132117
139995
20131
65485
20131
139995
17543
139995
20131
104763
20131
139995
20131
139995
17307
139995
20131
104763
17307
186218
17307
226972
17307
104763
17307
104763
17307
65485
17307
104763
17307
104763
17307
174788
17307
104763
17307
104763
250001
104763
17307
104763
86041
104763
17543
139995
20131
250001
250001
65485
222646
250001
17543
250001
250001
104763
250001
250001
43722
250001
17307
250001
250001
186218
17543
104763
20131
104763
86041
65485
86041
104763
17543
104763
86041
174788
86041
104763
43722
104763
17307
104763
86041
104763
17543
104763
17543
65485
17543
104763
80811
104763
17543
174788
17543
104763
17543
104763
17307
104763
17543
139995
20131
65485
20131
139995
17543
139995
20131
104763
20131
139995
20131
139995
17307
139995
20131
65485
222646
250001
17543
250001
250001
104763
250001
250001
43722
250001
17307
250001
250001
65485
17543
65485
222646
65485
222646
65485
43722
65485
17307
65485
222646
250001
17543
104763
17543
250001
17543
250001
17307
250001
17543
104763
250001
250001
43722
250001
17307
250001
250001
104763
43722
104763
17307
104763
250001
250001
17307
250001
43722
250001
17307
