14254
91120
14254
91120
14254
28148
14254
28121
14254
91120
14254
28121
14254
9852
14254
91120
80287
28121
14254
9852
14254
9852
14254
19288
230283
91120
14254
9852
14254
91120
14254
28121
14254
9852
230283
28121
14254
91120
14254
91120
14254
9852
14254
9852
14254
28121
14254
9852
81857
91120
14254
91120
14254
28121
14254
28121
14254
28121
14254
91120
14254
91120
14254
28121
14254
91120
80287
92048
80287
28148
80287
28121
111466
92048
80287
28121
80287
9852
80287
117652
14254
28121
80287
9852
71629
9852
71629
19288
14254
133848
71629
9852
80287
114666
71629
28121
80287
9852
14254
28121
80287
92738
80287
114666
80287
9852
80287
9852
80287
28121
80287
9852
14254
117652
80287
117652
80287
28121
80287
28121
80287
28121
71629
117652
111466
94903
80287
28121
80287
120115
109683
28148
250001
28121
80287
92738
117390
28121
109683
9852
109683
92048
14254
28121
109683
9852
71629
9852
71629
19288
14254
92048
71629
9852
130300
92048
71629
28121
130300
9852
14254
28121
109683
92048
109683
92048
109683
9852
109683
9852
250001
28121
250001
9852
14254
92048
109683
92048
109683
28121
81857
28121
109683
28121
71629
92048
80287
92048
109683
28121
109683
92048
109683
28121
80287
28148
109683
28121
250001
9852
250001
28148
14254
28121
250001
9852
71629
9852
71629
19288
14254
28148
71629
9852
109683
28148
71629
28121
109683
9852
14254
28121
245496
28148
250001
28148
231608
9852
250001
9852
109683
28121
109683
9852
14254
28148
250001
28148
250001
28121
81857
28121
130300
28121
71629
28148
80287
28148
250001
28121
130300
28148
80287
28121
117390
131051
109683
9852
109683
28121
14254
114666
109683
9852
71629
9852
71629
19288
14254
28121
71629
9852
130300
28121
71629
131051
130300
9852
14254
114666
109683
28121
109683
28121
109683
9852
109683
9852
250001
92048
250001
9852
14254
28121
109683
28121
109683
92048
81857
92048
109683
36946
71629
28121
80287
28121
109683
28148
109683
28121
80287
28121
80287
9852
80287
92048
14254
28121
80287
9852
71629
9852
71629
19288
14254
92048
71629
9852
80287
92048
71629
28121
80287
9852
14254
28121
80287
92048
80287
92048
80287
9852
80287
9852
80287
28121
80287
9852
14254
92048
80287
92048
80287
28121
80287
28121
80287
28121
71629
92048
130300
92048
80287
28121
80287
92048
109683
9852
109683
28121
14254
114666
109683
9852
71629
9852
71629
19288
14254
28121
71629
9852
117390
28121
71629
137458
117390
9852
14254
114666
109683
28121
109683
28121
109683
9852
109683
9852
117390
92048
117390
9852
14254
28121
109683
28121
109683
92048
81857
92048
109683
36946
71629
28121
80287
28121
109683
28148
109683
28121
250001
9852
14254
9852
250001
30681
71629
30681
71629
9852
14254
9852
71629
28121
109683
9852
71629
9852
109683
30681
14254
9852
245496
9852
250001
9852
231608
19288
250001
30681
109683
9852
109683
30681
14254
9852
250001
9852
250001
9852
81857
9852
130300
9852
71629
9852
80287
9852
250001
9852
130300
9852
14254
28121
250001
9852
71629
9852
71629
19288
14254
117652
71629
9852
109683
114666
71629
28121
109683
9852
14254
28121
245496
92738
250001
114666
231608
9852
250001
9852
109683
28121
109683
9852
14254
138010
250001
131051
250001
28121
81857
28121
130300
28121
71629
126759
80287
94903
250001
28121
130300
117652
14254
9852
14254
9852
14254
19288
80287
28121
14254
9852
14254
28121
14254
114666
14254
9852
80287
115166
14254
28121
14254
28121
14254
9852
14254
9852
14254
92048
14254
9852
80287
28121
14254
28121
14254
92048
14254
92048
14254
36946
14254
28121
14254
28121
14254
28148
14254
28121
71629
92048
71629
9852
14254
9852
71629
28121
109683
9852
71629
9852
109683
92048
14254
9852
245496
9852
250001
9852
231608
19288
250001
91120
109683
9852
109683
100190
14254
9852
250001
9852
250001
9852
81857
9852
130300
9852
71629
9852
80287
9852
250001
9852
130300
9852
81857
9852
14254
9852
130300
28121
71629
9852
111466
9852
71629
94903
14254
9852
71629
9852
71629
9852
71629
19288
71629
91120
71629
9852
71629
92048
14254
9852
71629
9852
71629
9852
71629
9852
71629
9852
130300
9852
71629
9852
71629
9852
71629
9852
14254
19288
81857
9852
71629
19288
81857
19288
71629
9852
14254
19288
71629
19288
71629
19288
71629
9852
71629
9852
71629
19288
71629
9852
14254
19288
71629
19288
71629
19288
71629
19288
71629
19288
81857
19288
71629
19288
71629
19288
71629
19288
14254
9852
14254
114666
14254
28121
14254
9852
250001
28121
14254
92738
14254
114666
14254
9852
14254
9852
14254
28121
14254
9852
81857
117652
14254
117652
14254
28121
14254
28121
14254
28121
14254
117652
14254
94903
14254
28121
14254
120115
71629
9852
111466
9852
71629
28121
14254
9852
71629
9852
71629
9852
71629
19288
71629
28121
71629
9852
71629
28121
14254
9852
71629
9852
71629
9852
71629
9852
71629
9852
250001
9852
71629
9852
71629
9852
71629
9852
71629
28121
250001
9852
14254
28121
109683
92738
109683
116231
109683
9852
109683
9852
130300
28121
130300
9852
14254
114666
109683
114666
109683
28121
81857
28121
109683
28121
71629
114666
80287
94903
109683
28121
109683
114666
71629
9852
14254
114666
71629
28121
71629
28121
71629
9852
71629
9852
71629
92048
71629
9852
14254
28121
71629
28121
71629
92048
71629
92048
71629
36946
111466
28121
71629
28121
71629
28148
71629
28121
14254
9852
109683
9852
109683
9852
109683
19288
109683
91120
130300
9852
130300
92048
14254
9852
109683
9852
109683
9852
81857
9852
109683
9852
71629
9852
80287
9852
109683
9852
109683
9852
14254
28121
14254
28121
14254
9852
14254
9852
14254
92048
14254
9852
81857
28121
14254
28121
14254
92048
14254
92048
14254
36946
14254
28121
14254
28121
14254
28148
14254
28121
245496
92738
231608
9852
245496
9852
109683
28121
109683
9852
14254
92738
245496
92738
245496
28121
81857
28121
130300
28121
71629
92738
80287
92738
245496
28121
130300
92738
231608
9852
250001
9852
109683
28121
109683
9852
14254
114666
250001
114666
250001
28121
81857
28121
130300
28121
71629
114666
80287
94903
250001
28121
130300
114666
231608
19288
109683
9852
109683
19288
14254
9852
231608
9852
231608
9852
81857
9852
130300
9852
71629
9852
80287
9852
231608
9852
130300
9852
109683
9852
109683
91120
14254
9852
250001
9852
250001
9852
81857
9852
130300
9852
71629
9852
80287
9852
250001
9852
130300
9852
250001
9852
14254
28121
109683
28121
109683
92738
81857
99346
109683
36946
71629
28121
80287
28121
109683
28148
109683
28121
14254
9852
109683
9852
109683
9852
81857
9852
109683
9852
71629
9852
80287
9852
109683
9852
109683
9852
14254
131051
14254
28121
14254
28121
14254
28121
14254
126759
14254
94903
14254
28121
14254
117652
250001
28121
81857
28121
130300
28121
71629
126759
80287
94903
250001
28121
130300
117652
81857
92738
130300
36946
71629
28121
80287
28121
250001
28148
130300
28121
81857
36946
71629
28121
80287
28121
81857
28148
81857
28121
71629
28121
80287
28121
130300
28148
146819
28121
71629
94903
71629
28121
71629
117652
80287
28121
80287
94903
130300
28121
