231786
34195
149783
3571
250001
34195
250001
26079
89604
60262
250001
57122
231786
60262
95973
57122
250001
48650
231786
57122
231786
60262
89604
3571
95973
56322
231786
4207
149783
34195
95973
34195
231786
60262
250001
45820
95973
56099
231786
56099
231786
57122
231786
4207
231786
26079
231786
57122
250001
4207
95973
57122
250001
60262
231786
4207
231787
57122
231786
57122
250001
34195
231786
54160
149783
3571
231786
46345
231786
26079
89604
34195
231786
34195
250001
34195
95973
34195
231786
34195
250001
34195
250001
34195
89604
3571
95973
34195
250001
4207
149783
46345
95973
46345
250001
34195
231786
34195
95973
34195
250001
34195
250001
34195
250001
4207
250001
26079
250001
34195
231786
4207
95973
34195
231786
34195
250001
4207
231786
34195
250001
34195
231786
46345
250001
34195
149783
3571
149783
3571
89604
3571
149783
3571
149783
3571
95973
3571
149783
3571
149783
3571
149783
3571
89604
48650
95973
3571
149783
3571
250001
3571
95973
3571
149783
3571
149783
3571
95973
3571
149783
3571
149783
3571
149783
3571
149783
3571
149783
3571
149783
3571
95973
3571
149783
3571
149783
3571
149783
3571
149783
3571
149783
3571
149783
3571
250001
26079
89604
34195
250001
34195
231786
34195
95973
34195
250001
34195
231786
34195
231786
34195
89604
3571
95973
34195
231786
4207
149783
58991
95973
56322
231786
34195
250001
34195
95973
34195
231786
34195
231786
34195
231786
4207
231786
26079
231786
34195
250001
4207
95973
34195
250001
34195
231786
4207
231787
34195
231786
34195
250001
49222
231786
34195
89604
26079
250001
26079
231786
26079
95973
26079
250001
26079
231786
26079
231786
26079
89604
3571
95973
26079
231786
4207
149783
26079
95973
26079
231786
26079
250001
26079
95973
26079
231786
26079
231786
26079
231786
4207
231786
56099
231786
26079
250001
4207
95973
26079
250001
26079
231786
4207
231787
26079
231786
26079
250001
26079
231786
26079
89604
57122
89604
250001
89604
57122
89604
48650
89604
57122
89604
250001
231786
3571
89604
56322
89604
4207
89604
34195
89604
34195
89604
65392
89604
45820
89604
56099
89604
56099
89604
57122
89604
4207
89604
26079
89604
57122
89604
4207
89604
57122
89604
226879
89604
4207
89604
57122
89604
57122
89604
34195
89604
54160
231786
57122
95973
166757
250001
48650
231786
166757
231786
57122
89604
3571
95973
56322
231786
4207
149783
34195
95973
34195
231786
57122
250001
45820
95973
56099
231786
56099
231786
166757
231786
4207
231786
26079
231786
166757
250001
4207
95973
86470
250001
57122
231786
4207
231787
58991
231786
166757
250001
34195
231786
54160
95973
57122
231786
48650
250001
57122
250001
250001
89604
3571
95973
56322
250001
4207
149783
34195
95973
34195
250001
65392
231786
45820
95973
56099
250001
56099
250001
57122
250001
4207
250001
26079
250001
57122
231786
4207
95973
57122
231786
226879
250001
4207
231786
57122
250001
57122
231786
34195
250001
54160
95973
48650
95973
176080
95973
57122
89604
3571
137949
56322
95973
4207
95973
34195
231786
34195
95973
57122
95973
45820
231786
56099
95973
56099
95973
176080
95973
4207
95973
26079
95973
176080
95973
4207
250001
86470
95973
57122
95973
4207
95973
58991
95973
176080
95973
34195
95973
54160
231786
48650
231786
48650
89604
3571
95973
48650
231786
4207
149783
34195
95973
34195
231786
48650
250001
45820
95973
48650
231786
48650
231786
48650
231786
4207
231786
26079
231786
48650
250001
4207
95973
48650
250001
48650
231786
4207
231787
48650
231786
48650
250001
34195
231786
48650
250001
57122
89604
3571
95973
56322
250001
4207
149783
34195
95973
34195
250001
57122
231786
45820
95973
56099
250001
56099
250001
235593
250001
4207
250001
26079
250001
250001
231786
4207
95973
86470
231786
57122
250001
4207
231786
58991
250001
179816
231786
34195
250001
54160
89604
3571
95973
56322
250001
4207
149783
34195
95973
34195
250001
65392
231786
45820
95973
56099
250001
56099
250001
57122
250001
4207
250001
26079
250001
57122
231786
4207
95973
57122
231786
226879
250001
4207
231786
57122
250001
57122
231786
34195
250001
54160
89604
3571
89604
3571
89604
3571
89604
3571
89604
3571
89604
3571
89604
3571
89604
3571
89604
3571
89604
3571
89604
3571
89604
3571
89604
3571
89604
3571
89604
3571
89604
3571
89604
3571
89604
3571
89604
3571
89604
3571
95973
4207
95973
34195
137949
34195
95973
56322
95973
45820
137949
56099
95973
56099
95973
56322
95973
4207
95973
26079
95973
56322
95973
4207
137949
56322
95973
56322
95973
4207
95973
56322
95973
56322
95973
34195
95973
54160
149783
4207
95973
4207
250001
4207
231786
4207
95973
4207
250001
4207
250001
4207
250001
45820
250001
4207
250001
4207
231786
45820
95973
4207
231786
4207
250001
48650
231786
4207
250001
4207
231786
4207
250001
4207
95973
56322
149783
34195
149783
34195
95973
34195
149783
34195
149783
34195
149783
4207
149783
26079
149783
34195
149783
4207
95973
34195
149783
34195
149783
4207
149783
34195
149783
34195
149783
49222
149783
34195
95973
34195
95973
34195
250001
34195
95973
34195
95973
34195
95973
4207
95973
26079
95973
34195
95973
4207
231786
34195
95973
34195
95973
4207
95973
34195
95973
34195
95973
49222
95973
34195
231786
45820
95973
56099
250001
56099
250001
57122
250001
4207
250001
26079
250001
57122
231786
4207
95973
57122
231786
65392
250001
4207
231786
57122
250001
57122
231786
34195
250001
54160
95973
45820
231786
45820
231786
45820
231786
4207
231786
26079
231786
45820
250001
4207
95973
45820
250001
45820
231786
4207
231787
45820
231786
45820
250001
34195
231786
45820
95973
64242
95973
56099
95973
4207
95973
26079
95973
56099
95973
4207
231786
56099
95973
56099
95973
4207
95973
56099
95973
56099
95973
34195
95973
54160
250001
56099
250001
4207
250001
26079
250001
56099
231786
4207
95973
56099
231786
56099
250001
4207
231786
56099
250001
56099
231786
34195
250001
54160
250001
4207
250001
26079
250001
235593
231786
4207
95973
86470
231786
57122
250001
4207
231786
58991
250001
179816
231786
34195
250001
54160
250001
4207
250001
4207
231786
49834
95973
4207
231786
4207
250001
45820
231786
4207
250001
4207
231786
4207
250001
4207
250001
26079
231786
4207
95973
26079
231786
26079
250001
4207
231786
26079
250001
26079
231786
26079
250001
26079
231786
4207
95973
86470
231786
57122
250001
4207
231786
58991
250001
179816
231786
34195
250001
54160
95973
4207
250001
4207
231786
45820
231787
4207
231786
4207
250001
4207
231786
4207
95973
57122
95973
4207
95973
58991
95973
86470
95973
34195
95973
54160
231786
4207
231787
57122
231786
57122
250001
34195
231786
54160
231786
4207
250001
4207
231786
4207
250001
4207
231786
58991
231787
34195
231786
54160
231786
34195
250001
54160
231786
34195
