128398
15935
128398
11416
14575
11416
128398
11416
128398
6194
80542
11416
64759
11416
128398
11416
128398
11416
128398
11416
128398
11416
138977
11416
127546
11416
128398
11416
128398
11416
19928
6194
128398
11416
14575
11416
128398
11416
128398
11416
128398
11416
128398
11416
36660
11416
19928
6194
64759
11416
128398
11416
128398
11416
80542
11416
128398
6194
128398
11416
128398
6194
128398
11416
128398
11416
128398
11416
128398
6194
128398
11416
128398
11416
138977
11416
14575
11416
138977
11416
138977
6194
80542
11416
64759
11416
140568
11416
138977
11416
138977
11416
132071
11416
128398
11416
127546
11416
138977
11416
138977
11416
19928
6194
138977
11416
14575
11416
138977
11416
138977
11416
138977
11416
138977
11416
36660
11416
19928
6194
64759
11416
138977
11416
138977
11416
80542
11416
138977
6194
138977
11416
149800
6194
138977
11416
132071
11416
138977
11416
138977
6194
138977
11416
138977
11416
14575
15935
139609
15935
148420
6194
80542
250001
64759
15935
138977
15935
250001
99058
250001
250001
132071
99058
128398
98611
127546
99058
148420
250001
250001
250001
19928
6194
148420
177020
14575
15935
148420
15935
148420
99058
148420
99387
148420
165100
36660
250001
19928
6194
64759
151476
139010
15935
148420
99058
80542
15935
232306
6194
148420
179307
138977
6194
148420
98611
132071
250001
148420
250001
140568
6194
139010
15935
148420
165100
14575
18880
14575
6194
14575
15935
14575
18880
14575
19418
14575
15935
14575
15935
14575
15935
14575
15935
14575
15935
14575
15935
14575
15935
14575
6194
14575
15935
19928
18880
14575
19838
14575
15935
14575
15935
14575
15935
14575
15935
14575
6194
14575
15935
14575
18880
14575
15935
14575
18880
14575
6194
14575
15935
14575
6194
14575
15935
14575
15935
14575
15935
14575
6194
14575
18880
14575
15935
139609
6194
80542
15935
64759
99058
138977
18880
139609
15935
139609
15935
132071
15935
128398
15935
127546
15935
139609
15935
139609
15935
19928
6194
139609
15935
14575
99058
139609
18880
139609
15935
139609
15935
139609
15935
36660
15935
19928
6194
64759
15935
139010
133180
139609
15935
80542
99058
139609
6194
139609
15935
138977
6194
139609
15935
132071
15935
139609
15935
139609
6194
139010
133180
139609
15935
80542
6194
64759
6194
138977
6194
148420
6194
148420
6194
132071
6194
128398
6194
127546
6194
172854
6194
148420
6194
19928
99058
250001
6194
14575
6194
172854
6194
152254
6194
234328
6194
234328
6194
36660
6194
19928
144777
64759
6194
139010
6194
234328
6194
80542
6194
148420
144777
234328
6194
138977
99058
234328
6194
132071
6194
234328
6194
140568
144777
139010
6194
218841
6194
64759
15935
80542
15935
80542
99058
80542
250001
80542
99058
80542
98611
80542
99058
80542
250001
80542
250001
19928
6194
80542
177020
14575
15935
80542
15935
80542
99058
80542
99387
80542
165100
36660
250001
19928
6194
64759
151476
80542
15935
80542
99058
138977
15935
80542
6194
80542
179307
80542
6194
80542
98611
80542
250001
80542
250001
80542
6194
80542
15935
80542
165100
64759
18880
64759
15935
64759
15935
64759
15935
64759
15935
64759
15935
64759
15935
64759
15935
19928
6194
64759
15935
14575
144777
64759
18880
64759
15935
64759
15935
64759
15935
36660
15935
19928
6194
134488
15935
64759
99058
64759
15935
64759
99387
64759
6194
64759
15935
64759
6194
64759
15935
64759
15935
64759
15935
64759
6194
64759
99058
64759
15935
138977
15935
138977
15935
132071
15935
128398
15935
127546
15935
138977
15935
138977
15935
19928
6194
138977
15935
14575
18880
138977
19418
138977
15935
138977
15935
138977
15935
36660
15935
19928
6194
64759
15935
138977
18880
138977
15935
80542
18880
138977
6194
138977
15935
140568
6194
138977
15935
132071
15935
138977
15935
138977
6194
138977
18880
138977
15935
250001
99058
132071
111777
128398
98611
127546
177087
148420
99058
250001
99058
19928
6194
148420
99058
14575
15935
148420
15935
148420
111777
148420
99058
148420
99058
36660
99058
19928
6194
64759
99058
139010
15935
148420
111777
80542
15935
232306
6194
148420
99058
138977
6194
148420
98611
132071
99058
148420
99058
140568
6194
139010
15935
148420
99058
132071
99058
128398
98611
127546
99058
148420
250001
250001
250001
19928
6194
148420
177020
14575
15935
148420
15935
148420
99058
148420
99387
148420
165100
36660
250001
19928
6194
64759
151476
139010
15935
148420
99058
80542
15935
232306
6194
148420
179307
138977
6194
148420
98611
132071
250001
148420
250001
140568
6194
139010
15935
148420
165100
128398
98611
127546
111777
132071
99058
132071
99058
19928
6194
132071
99058
14575
15935
132071
15935
132071
131530
132071
99058
132071
99058
36660
99058
19928
6194
64759
99058
132071
15935
132071
176974
80542
15935
132071
6194
132071
99058
132071
6194
132071
98611
132864
99058
132071
99058
132071
6194
132071
15935
132071
99058
127546
98611
128398
98611
128398
98611
19928
6194
128398
98611
14575
15935
128398
15935
128398
98611
128398
98611
128398
98611
36660
98611
19928
6194
64759
98611
128398
15935
128398
98611
80542
15935
128398
6194
128398
98611
128398
6194
128398
151926
128398
98611
128398
98611
128398
6194
128398
15935
128398
98611
127546
99058
127546
99058
19928
6194
127546
99058
14575
15935
127546
15935
127546
111777
127546
99058
127546
99058
36660
99058
19928
6194
64759
99058
127546
15935
127546
111777
80542
15935
127546
6194
127546
99058
127546
6194
127546
98611
127546
99058
127546
99058
127546
6194
127546
15935
127546
99058
148420
250001
19928
6194
172854
177020
14575
15935
250001
15935
152254
99058
172854
99387
172854
165100
36660
250001
19928
6194
64759
151476
139010
15935
172854
99058
80542
15935
148420
6194
172854
179307
138977
6194
172854
98611
132071
250001
172854
250001
140568
6194
139010
15935
172854
165100
19928
6194
148420
177020
14575
15935
148420
15935
148420
99058
148420
99387
148420
165100
36660
250001
19928
6194
64759
151476
139010
15935
148420
99058
80542
15935
232306
6194
148420
179307
138977
6194
148420
98611
132071
250001
148420
250001
140568
6194
139010
15935
148420
165100
19928
6194
14575
6194
19928
6194
19928
6194
19928
6194
19928
6194
19928
6194
140568
99058
19928
6194
19928
6194
19928
6194
19928
6194
19928
99058
19928
6194
19928
111777
19928
6194
19928
6194
19928
6194
19928
99058
19928
6194
19928
6194
14575
15935
172854
15935
152254
99058
234328
99387
234328
165100
36660
177020
19928
6194
64759
151476
139010
15935
234328
99058
80542
15935
148420
6194
234328
177020
138977
6194
234328
98611
132071
177020
234328
177020
140568
6194
139010
15935
218841
165100
14575
18880
14575
15935
14575
15935
14575
15935
14575
15935
14575
6194
14575
15935
14575
99058
14575
15935
14575
99387
14575
6194
14575
15935
14575
6194
14575
15935
14575
15935
14575
15935
14575
6194
14575
99058
14575
15935
152254
15935
172854
15935
172854
15935
36660
15935
19928
6194
64759
15935
139010
18880
172854
15935
80542
18880
148420
6194
172854
15935
138977
6194
172854
15935
132071
15935
172854
15935
140568
6194
139010
18880
172854
15935
152254
99058
152254
99058
36660
99058
19928
6194
64759
99058
139010
15935
152254
131530
80542
15935
148420
6194
152254
99058
138977
6194
152254
98611
132071
99058
152254
99058
140568
6194
139010
15935
152254
99058
250001
99387
36660
99387
19928
6194
64759
99387
139010
15935
250001
99058
80542
15935
148420
6194
250001
99387
138977
6194
250001
98611
132071
99387
250001
99387
140568
6194
139010
15935
218841
99387
36660
165100
19928
6194
64759
151476
139010
15935
250001
99058
80542
15935
148420
6194
250001
165100
138977
6194
250001
98611
132071
165100
250001
165100
140568
6194
139010
15935
218841
179307
19928
6194
36660
151476
36660
15935
36660
99058
36660
15935
36660
6194
36660
179307
36660
6194
36660
98611
36660
250001
36660
250001
36660
6194
36660
15935
36660
165100
19928
6194
19928
6194
19928
6194
19928
6194
19928
250001
19928
6194
19928
99058
19928
6194
19928
6194
19928
6194
19928
248179
19928
6194
19928
6194
64759
15935
64759
99058
64759
15935
64759
6194
64759
151476
64759
6194
64759
98611
64759
151476
64759
151476
64759
6194
64759
15935
64759
151476
139010
15935
80542
99058
139010
6194
139010
15935
138977
6194
139010
15935
132071
15935
139010
15935
139010
6194
142358
204356
139010
15935
80542
15935
148420
6194
250001
99058
138977
6194
250001
98611
132071
99058
250001
99058
140568
6194
139010
15935
218841
99058
80542
6194
80542
15935
80542
6194
80542
15935
80542
15935
80542
15935
80542
6194
80542
99058
80542
15935
148420
6194
138977
99058
148420
6194
132071
6194
148420
6194
140568
248179
139010
6194
148420
6194
138977
6194
250001
98611
132071
179307
250001
179307
140568
6194
139010
15935
218841
165100
138977
6194
132071
6194
138977
6194
138977
99058
138977
6194
138977
6194
132071
98611
250001
98611
140568
6194
139010
15935
218841
98611
132071
250001
132071
6194
132071
15935
132071
165100
140568
6194
139010
15935
218841
165100
139010
6194
140568
6194
139010
15935
