21263
127944
30669
84044
30669
72346
120104
191020
30669
191020
30669
191020
30669
191020
30669
245165
30669
191020
21263
127944
30669
40079
30669
37356
30669
169399
30669
72346
11337
84044
30669
37356
30669
127944
30669
40079
30669
191020
30669
191020
30669
191020
30669
245165
120567
108546
30669
40079
30669
40079
120104
127944
30669
72346
11337
10261
30669
127944
30669
40079
30669
191020
30669
250001
30669
217987
30669
60465
33147
84044
30669
191020
30669
191020
11337
10261
21263
84044
21263
72346
21263
127944
21263
127944
21263
127944
21263
127944
21263
127944
21263
127944
250001
250001
21263
40079
21263
37356
21263
127944
21263
72346
11337
84044
21263
37356
21263
185355
21263
40079
21263
127944
21263
127944
21263
127944
21263
127944
21263
108546
21263
40079
21263
40079
21263
185355
21263
72346
11337
10261
21263
185355
21263
40079
21263
127944
21263
127944
21263
127944
21263
60465
21263
84044
21263
127944
21263
127944
11337
10261
121998
72346
30669
84044
121998
84044
120567
84044
121998
84044
39979
84044
121998
84044
21263
84044
34842
40079
121741
37356
120567
84044
121998
72346
11337
250001
121741
37356
109186
84044
121998
40079
121741
84044
121998
84044
34842
84044
39979
84044
30669
84044
31276
40079
121741
40079
30669
84044
121998
72346
11337
10261
121998
84044
109186
40079
121998
84044
125717
84044
121741
84044
121741
60465
30669
108546
112152
84044
121741
84044
11337
10261
30669
72346
132398
72346
120567
72346
132398
72346
39979
72346
143106
72346
21263
72346
34842
40079
121741
37356
120567
72346
250001
185355
11337
72346
121741
37356
109186
72346
250001
40079
121741
72346
132398
72346
34842
72346
39979
72346
30669
72346
31276
40079
121741
40079
30669
72346
250001
185355
11337
10261
250001
72346
109186
40079
132398
72346
121998
72346
121741
72346
121741
60465
30669
72346
112152
72346
121741
72346
11337
10261
30669
250001
30669
245165
30669
197453
30669
191020
30669
217987
21263
127944
30669
40079
30669
37356
30669
169399
30669
72346
11337
84044
30669
37356
30669
127944
30669
40079
30669
245165
30669
197453
30669
217987
30669
191020
120104
108546
30669
40079
30669
40079
121741
127944
30669
72346
11337
10261
30669
127944
30669
40079
30669
245165
30669
191020
30669
191020
30669
60465
33147
84044
30669
250001
30669
245165
11337
10261
120567
245165
140178
197453
39979
191020
132398
217987
21263
127944
34842
40079
121741
37356
120567
169399
132398
72346
11337
84044
121741
37356
109186
127944
132398
40079
121741
245165
140178
197453
34842
217987
39979
191020
30669
108546
31276
40079
121741
40079
30669
127944
132398
72346
11337
10261
132398
127944
109186
40079
250001
245165
121998
191020
121741
191020
121741
60465
30669
84044
112152
250001
121741
245165
11337
10261
120567
197453
39979
191020
120567
217987
21263
127944
34842
40079
120567
37356
121453
169399
120567
72346
11337
84044
120567
37356
109186
127944
120567
40079
120567
250001
120567
197453
34842
217987
39979
191020
30669
108546
31276
40079
120567
40079
30669
127944
120567
72346
11337
10261
120567
127944
109186
40079
120567
250001
120567
191020
120567
191020
120567
60465
30669
84044
112152
245165
120567
250001
11337
10261
39979
191020
132398
197453
21263
127944
34842
40079
121741
37356
120567
169399
132398
72346
11337
84044
121741
37356
109186
127944
132398
40079
121741
197453
224671
206407
34842
197453
39979
191020
30669
108546
31276
40079
121741
40079
30669
127944
132398
72346
11337
10261
132398
127944
109186
40079
140178
197453
121998
191020
121741
191020
121741
60465
30669
84044
112152
197453
121741
197453
11337
10261
39979
191020
21263
127944
34842
40079
39979
37356
39979
169399
39979
72346
11337
84044
39979
37356
39979
127944
39979
40079
39979
191020
39979
191020
34842
191020
250001
250001
30669
108546
31276
40079
39979
40079
30669
127944
39979
72346
11337
10261
39979
127944
39979
40079
39979
191020
39979
245165
39979
217987
39979
60465
30669
84044
39979
191020
39979
191020
11337
10261
21263
127944
34842
40079
121741
37356
120567
169399
143106
72346
11337
84044
121741
37356
109186
127944
143106
40079
121741
217987
132398
197453
34842
250001
39979
191020
30669
108546
31276
40079
121741
40079
30669
127944
143106
72346
11337
10261
143106
127944
109186
40079
132398
217987
121998
191020
121741
191020
121741
60465
30669
84044
112152
217987
121741
217987
11337
10261
21263
40079
21263
37356
21263
127944
21263
72346
11337
84044
21263
37356
21263
185355
21263
40079
21263
127944
21263
127944
21263
127944
21263
127944
21263
108546
21263
40079
21263
40079
21263
185355
21263
72346
11337
10261
21263
185355
21263
40079
21263
127944
21263
127944
21263
127944
21263
60465
21263
84044
21263
127944
21263
127944
11337
10261
34842
37356
34842
40079
34842
40079
11337
40079
34842
37356
34842
40079
34842
127944
34842
40079
34842
40079
132398
40079
34842
40079
30669
40079
31276
127944
34842
191020
30669
40079
34842
40079
11337
10261
34842
40079
34842
60465
34842
40079
34842
40079
34842
40079
34842
40079
30669
40079
34842
40079
34842
40079
11337
10261
120567
37356
121741
37356
11337
37356
250001
40079
109186
37356
121741
37356
144150
37356
121741
37356
34842
37356
39979
37356
30669
37356
31276
37356
144150
37356
30669
37356
121741
37356
11337
10261
121741
37356
109186
37356
121741
37356
121741
37356
144150
37356
144150
37356
30669
37356
112152
37356
144150
37356
11337
10261
120567
72346
11337
84044
120567
37356
109186
127944
120567
40079
120567
169399
120567
169399
34842
169399
39979
169399
30669
108546
31276
40079
120567
40079
30669
127944
120567
72346
11337
10261
120567
127944
109186
40079
120567
169399
120567
169399
120567
169399
120567
60465
30669
84044
112152
169399
120567
169399
11337
10261
11337
72346
121741
37356
109186
72346
250001
40079
121741
72346
132398
72346
34842
72346
39979
72346
30669
72346
31276
40079
121741
40079
30669
72346
250001
250001
11337
10261
250001
72346
109186
40079
132398
72346
121998
72346
121741
72346
121741
60465
30669
72346
112152
72346
121741
72346
11337
10261
11337
37356
11337
84044
11337
40079
11337
84044
11337
84044
11337
84044
11337
84044
11337
84044
11337
40079
11337
40079
11337
84044
11337
72346
120567
10261
11337
84044
11337
40079
11337
84044
11337
84044
11337
84044
11337
60465
11337
108546
11337
84044
11337
84044
120567
10261
109186
37356
121741
37356
144150
37356
121741
37356
34842
37356
39979
37356
30669
37356
31276
37356
144150
37356
30669
37356
121741
37356
11337
10261
121741
37356
109186
37356
121741
37356
121741
37356
144150
37356
144150
37356
30669
37356
112152
37356
144150
37356
11337
10261
109186
40079
109186
127944
109186
127944
34842
127944
39979
127944
30669
108546
31276
40079
109186
40079
30669
250001
109186
72346
11337
10261
109186
245165
208354
40079
109186
127944
109186
127944
109186
127944
109186
60465
30669
84044
109186
127944
109186
127944
11337
10261
121741
40079
132398
40079
34842
40079
39979
40079
30669
40079
31276
191897
121741
127944
30669
40079
250001
40079
11337
10261
250001
40079
109186
60465
132398
40079
121998
40079
121741
40079
121741
40079
30669
40079
112152
40079
121741
40079
11337
10261
121741
197453
34842
217987
39979
191020
30669
108546
31276
40079
250001
40079
30669
127944
121741
72346
11337
10261
121741
127944
109186
40079
121741
250001
121741
191020
250001
191020
250001
60465
30669
84044
112152
245165
250001
250001
11337
10261
34842
197453
39979
191020
30669
108546
31276
40079
121741
40079
30669
127944
132398
72346
11337
10261
132398
127944
109186
40079
140178
197453
121998
191020
121741
191020
121741
60465
30669
84044
112152
197453
121741
197453
11337
10261
34842
191020
30669
108546
31276
40079
34842
40079
30669
127944
34842
72346
11337
10261
34842
127944
34842
40079
34842
217987
34842
191020
34842
191020
34842
60465
30669
84044
34842
217987
34842
217987
11337
10261
30669
108546
31276
40079
39979
40079
30669
127944
39979
72346
11337
10261
39979
127944
39979
40079
39979
191020
39979
245165
39979
217987
39979
60465
30669
84044
39979
191020
39979
191020
11337
10261
30669
40079
30669
40079
120104
108546
30669
72346
11337
10261
30669
108546
30669
40079
30669
108546
30669
108546
30669
108546
30669
60465
33147
84044
30669
108546
30669
108546
11337
10261
31276
127944
30669
40079
31276
40079
11337
10261
31276
40079
31276
60465
31276
40079
31276
40079
31276
40079
31276
40079
30669
40079
31276
40079
31276
40079
11337
10261
30669
40079
121741
40079
11337
10261
121741
40079
109186
60465
121741
40079
121741
40079
250001
40079
250001
40079
30669
40079
112152
40079
250001
40079
11337
10261
30669
72346
11337
10261
30669
245165
30669
40079
30669
127944
30669
127944
30669
127944
30669
60465
33147
84044
30669
127944
30669
127944
11337
10261
11337
10261
250001
72346
109186
40079
132398
72346
121998
72346
121741
72346
121741
60465
30669
72346
112152
72346
121741
72346
11337
10261
11337
10261
11337
10261
11337
10261
11337
10261
11337
10261
11337
10261
11337
10261
11337
10261
11337
10261
121453
250001
109186
40079
132398
127944
121998
127944
121741
127944
121741
60465
30669
84044
112152
127944
121741
127944
11337
10261
109186
40079
109186
40079
109186
40079
109186
40079
30669
40079
109186
40079
109186
40079
11337
10261
121998
191020
121741
191020
121741
60465
30669
84044
112152
245165
121741
250001
11337
10261
121741
217987
121741
60465
30669
84044
112152
191020
121741
191020
11337
10261
250001
60465
30669
84044
112152
191020
250001
191020
11337
10261
30669
60465
112152
60465
250001
60465
11337
10261
30669
84044
30669
84044
11337
10261
112152
245165
11337
10261
11337
10261
