224867
181767
101524
181767
234432
214049
234431
181767
74552
27296
186429
213843
74552
214049
74552
91295
74552
110561
74552
91295
38838
27296
186429
213843
118076
50895
241576
181767
44240
181767
145833
28295
38838
181767
58503
69947
74552
213843
74552
163457
74552
214049
44240
181767
145833
213843
122003
181767
74552
213843
148470
214049
148470
213843
143147
214049
38838
27296
245107
181767
118210
214049
177817
28295
217126
28295
217126
213843
125522
213843
241576
28295
74552
213843
74552
214049
101524
250001
224867
181767
224867
213843
74552
27296
186429
181767
74552
181767
74552
91295
74552
110561
74552
91295
38838
27296
186429
181767
118076
50895
224867
250001
44240
250001
145833
28295
38838
250001
58503
69947
74552
181767
74552
163457
74552
181767
44240
213843
145833
181767
122003
213843
74552
181767
148470
181767
148470
181767
143147
181767
38838
27296
224867
213843
118210
181767
177817
28295
217126
28295
217126
181767
125522
181767
224867
28295
74552
181767
74552
181767
101524
181767
101524
213843
74552
27296
101524
181767
74552
181767
74552
91295
74552
110561
74552
91295
38838
27296
101524
181767
101524
50895
101524
250001
44240
250001
101524
28295
38838
250001
58503
69947
74552
181767
74552
163457
74552
181767
44240
213843
101524
181767
101524
213843
74552
181767
101524
181767
101524
181767
101524
181767
38838
27296
101524
213843
101524
181767
101524
28295
101524
28295
101524
181767
101524
181767
101524
28295
74552
181767
74552
181767
234431
181767
74552
27296
186429
213843
74552
250001
74552
91295
74552
110561
74552
91295
38838
27296
186429
213843
118076
50895
234432
181767
44240
181767
145833
28295
38838
181767
58503
69947
74552
213843
74552
163457
74552
250001
44240
181767
145833
213843
122003
181767
74552
213843
148470
250001
148470
213843
143147
250001
38838
27296
234432
181767
118210
250001
177817
28295
217126
28295
217126
213843
125522
213843
234432
28295
74552
213843
74552
250001
74552
27296
186429
181767
74552
181767
74552
91295
74552
110561
74552
91295
38838
27296
186429
181767
118076
50895
234431
213843
44240
213843
145833
28295
38838
213843
58503
69947
74552
181767
74552
163457
74552
181767
44240
250001
145833
181767
122003
214049
74552
181767
148470
181767
148470
181767
143147
181767
38838
27296
234431
250001
118210
181767
177817
28295
217126
28295
217126
181767
125522
181767
234431
28295
74552
181767
74552
181767
74552
27296
250001
27296
250001
27296
250001
27296
250001
27296
38838
50895
74552
27296
74552
27296
74552
27296
44240
27296
74552
27296
38838
27296
58503
27296
250001
27296
250001
27296
250001
27296
44240
27296
74552
27296
74552
27296
250001
27296
74552
27296
74552
27296
74552
27296
38838
69947
74552
27296
74552
27296
74552
27296
74552
27296
74552
27296
74552
27296
74552
27296
250001
27296
250001
27296
74552
213843
74552
91295
74552
110561
74552
91295
38838
27296
234431
250001
118076
50895
186429
181767
44240
181767
145833
28295
38838
181767
58503
69947
74552
215167
74552
163457
74552
213843
44240
181767
145833
250001
122003
181767
74552
214049
148470
213843
148470
250001
143147
213843
38838
27296
186429
181767
118210
213843
177817
28295
186429
28295
186429
250001
125522
250001
186429
28295
74552
250001
74552
213843
250001
91295
250001
110561
250001
91295
38838
27296
74552
213843
74552
50895
74552
181767
44240
181767
74552
28295
38838
181767
58503
69947
250001
213843
250001
163457
250001
250001
44240
181767
74552
213843
74552
181767
250001
213843
74552
250001
74552
213843
74552
250001
38838
27296
74552
181767
74552
250001
74552
28295
74552
28295
74552
213843
74552
213843
74552
28295
250001
213843
250001
250001
250001
91295
250001
163457
38838
27296
74552
91295
74552
50895
74552
91295
44240
91295
74552
28295
38838
91295
58503
69947
250001
91295
250001
91295
250001
91295
44240
91295
74552
91295
74552
91295
250001
91295
74552
91295
74552
91295
74552
91295
38838
27296
74552
91295
74552
91295
74552
28295
74552
28295
74552
91295
74552
91295
74552
28295
250001
91295
250001
91295
250001
91295
38838
27296
74552
110561
74552
50895
74552
110561
44240
110561
74552
28295
38838
110561
58503
69947
250001
110561
250001
110561
250001
110561
44240
110561
74552
110561
74552
110561
250001
110561
74552
110561
74552
110561
74552
110561
38838
27296
74552
110561
74552
110561
74552
28295
74552
28295
74552
110561
74552
110561
74552
28295
250001
110561
250001
110561
38838
27296
74552
91295
74552
50895
74552
91295
44240
91295
74552
28295
38838
91295
58503
69947
250001
91295
250001
91295
250001
91295
44240
91295
74552
91295
74552
91295
250001
91295
74552
91295
74552
91295
74552
91295
38838
27296
74552
91295
74552
91295
74552
28295
74552
28295
74552
91295
74552
91295
74552
28295
250001
91295
250001
91295
38838
27296
38838
27296
38838
27296
38838
27296
38838
27296
58503
27296
38838
27296
38838
27296
38838
27296
38838
27296
38838
27296
38838
27296
38838
27296
38838
27296
38838
27296
38838
27296
38838
27296
58503
50895
38838
27296
38838
27296
38838
27296
38838
27296
38838
27296
38838
27296
38838
27296
38838
27296
38838
27296
118076
50895
186429
181767
44240
181767
145833
28295
38838
181767
58503
69947
74552
215167
74552
163457
74552
213843
44240
181767
145833
250001
122003
181767
74552
214049
148470
213843
148470
250001
143147
213843
38838
27296
186429
181767
118210
213843
177817
28295
186429
28295
186429
250001
125522
250001
186429
28295
74552
250001
74552
213843
118076
50895
44240
50895
118076
28295
38838
50895
58503
50895
74552
50895
74552
50895
74552
50895
44240
50895
118076
50895
118076
50895
74552
50895
118076
50895
118076
50895
118076
50895
38838
27296
118076
50895
118076
50895
118076
28295
118076
28295
118076
50895
118076
50895
118076
28295
74552
50895
74552
50895
44240
250001
145833
28295
38838
250001
58503
69947
74552
181767
74552
163457
74552
181767
44240
213843
145833
181767
122003
213843
74552
181767
148470
181767
148470
181767
143147
181767
38838
27296
241576
213843
118210
181767
177817
28295
217126
28295
217126
181767
125522
181767
241830
28295
74552
181767
74552
181767
44240
28295
38838
250001
44240
69947
44240
181767
44240
163457
44240
181767
162594
213843
44240
181767
44240
213843
44240
181767
44240
181767
44240
181767
44240
181767
38838
27296
44240
213843
44240
181767
44240
28295
44240
28295
44240
181767
44240
181767
44240
28295
44240
181767
44240
181767
38838
28295
58503
28295
74552
28295
74552
28295
74552
28295
44240
28295
201121
28295
122003
28295
74552
28295
145833
28295
145833
28295
143147
28295
38838
27296
145833
28295
118210
28295
145833
250001
145833
50895
145833
28295
125522
28295
145833
181767
74552
28295
74552
28295
38838
69947
38838
181767
38838
163457
38838
181767
38838
213843
38838
181767
38838
213843
38838
181767
38838
181767
38838
181767
38838
181767
75263
27296
38838
213843
38838
181767
38838
28295
38838
28295
38838
181767
38838
181767
38838
28295
38838
181767
38838
181767
58503
69947
58503
69947
58503
69947
44240
69947
58503
69947
58503
69947
58503
69947
58503
69947
58503
69947
58503
69947
38838
27296
58503
69947
58503
69947
58503
28295
58503
28295
58503
69947
58503
69947
58503
28295
58503
69947
58503
69947
250001
163457
250001
213843
44240
181767
74552
215167
74552
181767
250001
214049
74552
213843
74552
215167
74552
213843
38838
27296
74552
181767
74552
213843
74552
28295
74552
28295
74552
215167
74552
215167
74552
28295
250001
215167
250001
213843
250001
163457
44240
163457
74552
163457
74552
163457
250001
163457
74552
163457
74552
163457
74552
163457
38838
27296
74552
163457
74552
163457
74552
28295
74552
28295
74552
163457
74552
163457
74552
28295
250001
163457
250001
163457
44240
181767
74552
213843
74552
181767
250001
213843
74552
250001
74552
213843
74552
250001
38838
27296
74552
181767
74552
250001
74552
28295
74552
28295
74552
213843
74552
213843
74552
28295
250001
213843
250001
250001
44240
181767
44240
214049
44240
181767
44240
181767
44240
181767
44240
181767
38838
27296
44240
250001
44240
181767
44240
28295
44240
28295
44240
181767
44240
181767
44240
28295
44240
181767
44240
181767
122003
181767
74552
214049
145833
213843
145833
250001
143147
213843
38838
27296
145833
181767
118210
213843
145833
28295
145833
28295
145833
250001
125522
250001
145833
28295
74552
250001
74552
213843
74552
181767
122003
181767
122003
181767
122003
181767
38838
27296
122003
214049
118210
181767
122003
28295
122003
28295
122003
181767
122003
181767
122003
28295
74552
181767
74552
181767
74552
213843
74552
214049
74552
213843
38838
27296
74552
181767
74552
213843
74552
28295
74552
28295
74552
214049
74552
214049
74552
28295
250001
214049
250001
213843
201121
213843
143147
250001
38838
27296
148470
181767
118210
250001
148470
28295
148470
28295
148470
213843
125522
213843
148470
28295
74552
213843
74552
250001
143147
213843
38838
27296
148470
181767
118210
213843
148470
28295
148470
28295
148470
250001
125522
250001
148470
28295
74552
250001
74552
213843
38838
27296
143147
181767
118210
250001
143147
28295
143147
28295
143147
213843
125522
213843
143147
28295
74552
213843
74552
250001
38838
27296
38838
27296
38838
27296
38838
27296
38838
27296
38838
27296
38838
27296
38838
27296
38838
27296
118210
181767
177817
28295
217126
28295
217126
181767
125522
181767
241576
28295
74552
181767
74552
181767
118210
28295
118210
28295
118210
213843
118210
213843
118210
28295
74552
213843
74552
250001
177817
50895
177817
28295
125522
28295
177817
181767
74552
28295
74552
28295
225034
28295
125522
28295
217126
50895
74552
28295
74552
28295
125522
250001
217126
28295
74552
250001
74552
213843
125522
28295
74552
250001
74552
213843
74552
28295
74552
28295
250001
213843
