17152
31080
18343
30619
27995
43009
31774
169704
51996
43009
31774
15559
31774
43009
31774
30032
31774
43009
31774
43009
18343
43009
31774
33086
45297
43009
31774
14798
45297
43009
45297
30619
31774
14798
30493
43009
27995
30619
19599
43009
19599
43009
5435
2533
31774
14798
18343
30619
45297
53034
45297
43009
45297
43009
31774
30189
5435
2533
31774
14798
31774
15559
45297
43009
45297
43009
31774
48109
31774
43009
17152
30619
17152
31080
17152
31080
17152
31080
17152
15559
17152
31080
17152
30032
17152
31080
17152
31080
17152
31080
17152
31080
17152
31080
17152
14798
17152
31080
17152
30619
17152
14798
17152
31080
17152
30619
17152
31080
17152
31080
5435
2533
17152
14798
17152
30619
17152
31080
17152
31080
17152
31080
17152
30189
5435
2533
17152
14798
17152
15559
17152
31080
17152
31080
17152
31080
17152
31080
18343
30619
18343
30619
18343
30619
18343
15559
18343
30619
18343
30032
18343
30619
18343
30619
128491
30619
18343
30619
18343
30619
18343
14798
18343
30619
18343
31080
18343
14798
18343
30619
18343
33086
18343
30619
18343
30619
5435
2533
18343
14798
91410
43009
18343
30619
18343
30619
18343
30619
18343
30189
5435
2533
18343
14798
18343
15559
18343
30619
18343
30619
18343
30619
18343
30619
27995
43009
27995
146636
27995
15559
27995
64920
27995
30032
27995
64920
27995
64920
18343
64920
27995
33086
27995
64920
27995
14798
27995
64920
27995
30619
27995
14798
27995
64920
28017
30619
19599
64920
19599
64920
5435
2533
27995
14798
18343
30619
27995
43009
27995
64920
27995
146636
27995
30189
5435
2533
27995
14798
27995
15559
27995
146636
27995
64920
27995
43009
27995
64920
31774
43009
141614
15559
155960
43009
250001
30032
239412
43009
107538
43009
18343
43009
107538
33086
31774
43009
41237
14798
31774
43009
31774
30619
41237
14798
30493
43009
27995
30619
19599
43009
19599
43009
5435
2533
41237
14798
18343
30619
31774
53034
31774
43009
31774
43009
41237
30189
5435
2533
41237
14798
41237
15559
31774
43009
31774
43009
41237
48109
139437
43009
31774
15559
31774
64920
31774
30032
31774
64920
31774
64920
18343
64920
31774
33086
45297
64920
31774
14798
45297
64920
45297
30619
31774
14798
30493
64920
27995
30619
19599
64920
19599
64920
5435
2533
31774
14798
18343
30619
45297
43009
45297
64920
45297
250001
31774
30189
5435
2533
31774
14798
31774
15559
45297
165228
45297
64920
31774
43009
31774
64920
141614
15559
141614
15559
141614
15559
107538
15559
18343
15559
107538
15559
31774
15559
41237
14798
31774
15559
31774
15559
41237
14798
30493
15559
27995
15559
19599
15559
19599
15559
5435
2533
41237
14798
18343
15559
31774
15559
31774
15559
31774
15559
41237
15559
5435
2533
41237
14798
41237
19908
31774
15559
31774
15559
41237
15559
139437
15559
155960
30032
155960
99919
107538
99919
18343
99919
107538
33086
31774
99919
41237
14798
31774
96496
31774
30619
41237
14798
30493
99919
27995
30619
19599
99919
19599
99919
5435
2533
41237
14798
18343
30619
31774
43009
31774
90132
31774
64920
41237
30189
5435
2533
41237
14798
41237
15559
31774
64920
31774
66193
41237
43009
139437
99919
239412
30032
107538
30032
18343
30032
107538
30032
31774
30032
41237
14798
31774
30032
31774
30032
41237
14798
30493
30032
27995
30032
19599
30032
19599
30032
5435
2533
41237
14798
18343
30032
31774
30032
31774
30032
31774
30032
41237
30032
5435
2533
41237
14798
41237
15559
31774
30032
31774
30032
41237
30032
139437
30032
107538
196836
18343
170282
107538
33086
31774
250001
41237
14798
31774
96496
31774
30619
41237
14798
30493
250001
27995
30619
19599
164255
19599
164255
5435
2533
41237
14798
18343
30619
31774
43009
31774
90132
31774
64920
41237
30189
5435
2533
41237
14798
41237
15559
31774
64920
31774
66193
41237
43009
139437
184017
18343
170282
116908
33086
31774
196836
41237
14798
31774
96496
31774
30619
41237
14798
30493
196836
27995
30619
19599
164255
19599
164255
5435
2533
41237
14798
18343
30619
31774
43009
31774
90132
31774
64920
41237
30189
5435
2533
41237
14798
41237
15559
31774
64920
31774
66193
41237
43009
107538
184017
18343
33086
18343
170282
18343
14798
18343
96496
18343
30619
18343
14798
18343
170282
18343
30619
18343
164255
18343
164255
5435
2533
18343
14798
91410
30619
18343
43009
18343
90132
18343
64920
18343
30189
5435
2533
18343
14798
18343
15559
18343
64920
18343
66193
18343
43009
18343
170282
31774
33086
41237
14798
31774
33086
31774
30619
41237
14798
30493
33086
27995
30619
19599
33086
19599
33086
5435
2533
41237
14798
18343
30619
31774
33086
31774
33086
31774
33086
41237
30189
5435
2533
41237
14798
41237
15559
31774
33086
31774
33086
41237
33086
107538
33086
31774
14798
53563
96496
53563
30619
31774
14798
30493
250001
27995
30619
19599
164255
19599
164255
5435
2533
31774
14798
18343
30619
55169
43009
53563
90132
51996
64920
31774
30189
5435
2533
31774
14798
31774
15559
53563
64920
53563
66193
31774
43009
31774
184017
31774
14798
31774
14798
138623
71559
30493
14798
27995
14798
19599
14798
19599
14798
5435
2533
55169
67065
18343
14798
31774
14798
31774
14798
31774
14798
55169
14798
5435
2533
55169
90127
55169
14798
31774
14798
31774
14798
41594
14798
41237
14798
126430
30619
31774
14798
30493
96496
27995
30619
19599
96496
19599
96496
5435
2533
31774
14798
18343
30619
53563
43009
68429
90132
51996
64920
31774
30189
5435
2533
31774
14798
31774
15559
126430
64920
103528
66193
31774
43009
31774
96496
31774
14798
30493
30619
27995
31080
19599
30619
19599
30619
5435
2533
31774
14798
18343
31080
53563
30619
68429
30619
51996
30619
31774
30189
5435
2533
31774
14798
31774
15559
139437
30619
103528
30619
31774
30619
31774
30619
30493
14798
27995
14798
19599
14798
19599
14798
5435
2533
55169
67065
18343
14798
31774
14798
31774
14798
31774
14798
55169
14798
5435
2533
55169
71559
55169
14798
31774
14798
31774
14798
41594
14798
41237
14798
27995
30619
19599
164255
19599
164255
5435
2533
30493
14798
18343
30619
30493
43009
30493
90132
30493
64920
30493
30189
5435
2533
30493
14798
30493
15559
30493
64920
30493
66193
30493
43009
30493
184017
19599
30619
19599
30619
5435
2533
27995
14798
18343
33086
27995
30619
27995
30619
27995
30619
27995
30189
5435
2533
27995
14798
27995
15559
27995
30619
27995
30619
27995
30619
27995
30619
139053
180293
5435
2533
19599
14798
18343
30619
19599
43009
19599
90132
19599
64920
19599
30189
5435
2533
19599
14798
19599
15559
19599
64920
19599
66193
19599
43009
19599
164255
5435
2533
19599
14798
18343
30619
19599
43009
19599
90132
19599
64920
19599
30189
5435
2533
19599
14798
19599
15559
19599
64920
19599
66193
19599
43009
19599
164255
5435
2533
5435
2533
5435
2533
5435
2533
5435
2533
5435
2533
28017
28075
5435
2533
5435
2533
5435
2533
5435
2533
5435
2533
5435
2533
18343
14798
31774
14798
31774
14798
31774
14798
117737
14798
5435
2533
60211
67065
117737
14798
31774
14798
31774
14798
41594
14798
41237
14798
18343
30619
18343
30619
18343
30619
18343
30189
5435
2533
18343
14798
18343
15559
18343
30619
18343
30619
18343
30619
18343
30619
53563
43009
51996
43009
31774
30189
5435
2533
31774
14798
31774
15559
53563
43009
53563
43009
31774
48109
31774
43009
51996
64920
31774
30189
5435
2533
31774
14798
31774
15559
68429
64920
68429
66193
31774
43009
31774
90132
31774
30189
5435
2533
31774
14798
31774
15559
51996
165228
51996
64920
31774
43009
31774
64920
5435
2533
60211
14798
128491
15559
31774
30189
31774
30189
41594
30189
41237
30189
5435
2533
5435
2533
5435
2533
5435
2533
5435
2533
5435
2533
60211
14798
31774
14798
31774
14798
41594
14798
41237
14798
31774
15559
31774
15559
41594
15559
41237
15559
103528
64920
31774
43009
31774
64920
31774
43009
31774
66193
41237
43009
