62508
8752
53883
42809
53883
42809
330
42809
31060
29368
31060
42809
16493
8752
53883
42809
24364
11167
16493
61698
39694
42056
16493
42056
11998
73540
31060
73606
59550
11167
16493
73540
16493
72459
36013
30276
16493
42056
16493
47762
16493
79377
330
30276
16493
46056
31060
42809
22897
19786
16493
79377
13943
73540
16493
48100
16493
48100
11998
30276
16493
73540
53883
31045
36013
42056
53883
8752
53883
8752
330
8752
31060
8752
31060
8752
16493
42056
53883
8752
24364
8752
16493
8752
39694
8752
16493
8752
11998
8752
31060
8752
59550
8752
16493
8752
16493
8752
36013
8752
16493
8752
16493
8752
16493
8752
330
8752
16493
8752
31060
8752
22897
8752
16493
8752
13943
8752
16493
8752
16493
8752
11998
8752
16493
8752
53883
8752
36013
8752
62508
163358
330
81867
31060
29368
31060
46056
16493
8752
62508
83214
24364
11167
16493
42809
39694
42056
16493
42056
11998
42809
31060
42809
53883
11167
16493
42809
16493
42809
36013
30276
16493
42056
16493
42809
16493
42809
330
30276
16493
42809
31060
46056
22897
19786
16493
42809
13943
42809
16493
42809
16493
42809
11998
30276
16493
42809
63789
31045
36013
42056
330
81867
31060
29368
31060
46056
16493
8752
62759
83214
24364
11167
16493
42809
39694
42056
16493
42056
11998
42809
31060
42809
53883
11167
16493
42809
16493
42809
36013
30276
16493
42056
16493
42809
16493
42809
330
30276
16493
42809
31060
46056
22897
19786
16493
42809
13943
42809
16493
42809
16493
42809
11998
30276
16493
42809
62508
31045
36013
42056
330
29368
330
46056
330
8752
330
81867
330
11167
330
42809
330
42056
330
42056
330
42809
330
42809
330
11167
330
42809
330
42809
330
30276
330
42056
330
42809
330
42809
24364
30276
330
42809
330
46056
330
19786
330
42809
330
42809
330
42809
330
42809
330
30276
330
42809
330
31045
330
42056
35279
29368
16493
8752
31060
29368
24364
11167
16493
29368
31060
29368
16493
29368
11998
29368
35279
29368
31060
11167
16493
29368
16493
29368
31060
29368
16493
29368
16493
29368
16493
29368
330
29368
16493
29368
35279
29368
22897
19786
16493
29368
13943
29368
16493
29368
16493
29368
11998
29368
16493
29368
31060
29368
31060
29368
16493
8752
31060
46056
24364
11167
16493
42809
31060
42056
16493
42056
11998
42809
39694
42809
31060
11167
16493
42809
16493
42809
31060
30276
16493
42056
16493
42809
16493
42809
330
30276
16493
42809
39694
90587
22897
19786
16493
42809
13943
42809
16493
42809
16493
42809
11998
30276
16493
42809
31060
31045
31060
42056
16493
8752
16493
8752
250001
8752
16493
8752
68982
8752
11998
8752
16493
8752
16493
8752
31675
8752
68982
8752
16493
8752
63644
8752
68982
8752
74351
8752
330
8752
68982
8752
16493
8752
16493
8752
68982
8752
13943
8752
226959
8752
68982
8752
11998
8752
188078
8752
16493
8752
16493
8752
24364
11167
16493
42809
39694
42056
16493
42056
11998
42809
31060
42809
53883
11167
16493
42809
16493
42809
36013
30276
16493
42056
16493
42809
16493
42809
330
30276
16493
42809
31060
46056
22897
19786
16493
42809
13943
42809
16493
42809
16493
42809
11998
30276
16493
42809
62508
31045
36013
42056
16493
11167
24364
11167
16493
11167
11998
11167
24364
11167
24364
27745
16493
11167
16493
11167
24364
11167
16493
11167
16493
11167
16493
11167
330
11167
16493
11167
24364
11167
22897
11167
16493
11167
13943
11167
16493
11167
16493
11167
11998
11167
16493
11167
24364
11167
24364
11167
16493
42056
68982
42056
11998
61698
16493
61698
16493
11167
31675
61698
68982
61698
16493
30276
63644
42056
68982
47762
74351
61698
330
30276
68982
46056
16493
42809
16493
19786
68982
61698
13943
61698
226959
48100
68982
48100
11998
30276
188078
61698
16493
31045
16493
42056
16493
42792
11998
42056
31060
42056
39694
11167
16493
42056
16493
42056
36013
30276
16493
42809
16493
42056
16493
42056
330
30276
16493
42056
31060
42056
22897
19786
16493
42056
13943
42056
16493
42056
16493
42056
11998
30276
16493
42056
39694
31045
36013
42809
11998
42056
16493
42056
16493
11167
31675
42056
81663
42056
16493
30276
63644
42792
76575
42056
68982
42056
330
30276
75594
42056
16493
42056
16493
19786
81663
42056
13943
42056
68982
42056
81273
42056
11998
30276
68982
42056
16493
31045
16493
42792
11998
73540
11998
11167
11998
88963
11998
72459
11998
30276
11998
42056
11998
47762
11998
73540
330
30276
11998
46056
11998
42809
11998
19786
11998
73540
11998
83507
11998
48100
11998
48100
13943
30276
11998
107676
11998
31045
11998
42056
31060
11167
16493
73540
16493
72459
31060
30276
16493
42056
16493
47762
16493
73606
330
30276
16493
46056
43796
42809
22897
19786
16493
73606
13943
73540
16493
48100
16493
48100
11998
30276
16493
73540
31060
31045
31060
42056
16493
11167
16493
11167
36013
11167
16493
11167
16493
11167
16493
11167
330
11167
16493
11167
31060
11167
22897
11167
16493
11167
13943
11167
16493
11167
16493
11167
11998
11167
16493
11167
53883
11167
36013
11167
31675
72459
16493
30276
31675
42056
31675
47762
31675
73540
330
30276
31675
46056
16493
42809
16493
19786
31675
73540
13943
83507
31675
48100
31675
48100
11998
30276
31675
88963
16493
31045
16493
42056
16493
30276
63644
42056
76575
47762
68982
72459
330
30276
75594
46056
16493
42809
16493
19786
104193
72459
13943
72459
68982
48100
81273
48100
11998
30276
68982
72459
16493
31045
16493
42056
16493
30276
16493
30276
16493
30276
330
33286
16493
30276
31060
30276
22897
19786
16493
30276
13943
30276
16493
30276
16493
30276
11998
31045
16493
30276
36013
30276
76575
30276
63644
42056
63644
42056
330
30276
63644
42056
16493
42056
16493
19786
63644
42056
13943
42056
63644
42056
63644
42056
11998
30276
63644
42056
16493
31045
16493
47762
68982
47762
330
30276
75594
46056
16493
42809
16493
19786
76575
47762
13943
47762
68982
47762
76575
47762
11998
30276
68982
47762
16493
31045
16493
42056
330
30276
68982
46056
16493
42809
16493
19786
68982
166294
13943
73540
74351
48100
68982
48100
11998
30276
74351
73540
16493
31045
16493
42056
330
30276
330
30276
330
19786
330
30276
330
30276
330
30276
330
30276
330
31045
330
30276
330
30276
330
30276
16493
42809
16493
19786
75594
46056
13943
46056
68982
46056
75594
46056
11998
30276
68982
46056
16493
31045
16493
42056
22897
19786
16493
42809
13943
42809
16493
42809
16493
42809
11998
30276
16493
42809
31060
31045
31060
42056
16493
19786
13943
19786
16493
19786
16493
19786
11998
19786
16493
19786
22897
19786
22897
19786
13943
73540
68982
48100
81273
48100
11998
30276
68982
73540
16493
31045
16493
42056
13943
48100
13943
48100
11998
30276
13943
83507
13943
31045
13943
42056
68982
56750
11998
30276
188078
48100
16493
31045
16493
42056
11998
30276
68982
48100
16493
31045
16493
42056
11998
30276
11998
30276
11998
30276
16493
31045
16493
42056
36013
31045
