45919
36434
45797
36434
250001
27967
45919
66509
47681
36434
250001
37895
45797
36434
29281
76473
29281
36434
47681
36434
49713
36434
29281
27967
40792
87461
45919
36434
29281
36434
40792
36434
45919
27967
211963
87461
45919
39199
45919
36434
113375
87461
45919
39199
211963
36434
250001
49195
122952
87461
45919
70284
45919
36434
123467
87461
250001
27967
45919
76473
45919
50427
29281
27967
45797
37895
45919
27967
85783
36434
45919
65801
45919
36434
45797
41107
29281
36434
29281
48870
45919
133534
45919
41386
29281
27967
40792
36434
85783
41386
29281
48870
40792
48870
85783
27967
45919
36434
47681
36434
56217
41107
45919
36434
60258
36434
45919
97709
45919
36434
45919
36434
56217
36434
56217
133534
45919
36434
45919
27967
85783
36434
85783
36434
29281
27967
45797
27967
45797
36434
45797
37895
45797
36434
45919
37895
29281
36434
29281
37895
45797
37895
45797
37895
29281
27967
40792
36434
45797
37895
29281
37895
40792
37895
45797
27967
45797
36434
45797
36434
45797
37895
45797
36434
45797
36434
45797
37895
45797
36434
45797
36434
45797
36434
45797
37895
45797
36434
45797
27967
45797
36434
45797
36434
29281
27967
45919
27967
47681
27967
250001
27967
45797
27967
29281
27967
29281
27967
47681
27967
49713
27967
29281
36434
40792
27967
45919
27967
29281
27967
40792
27967
45919
36434
211963
27967
45919
27967
45919
27967
113375
27967
45919
27967
211963
27967
250001
27967
122952
27967
45919
27967
45919
27967
123467
27967
250001
36434
45919
27967
45919
27967
29281
36434
45919
36434
45919
37895
45797
36434
29281
66509
29281
36434
45919
36434
45919
36434
29281
27967
40792
66509
173404
36434
29281
36434
40792
36434
164042
27967
45919
66509
47681
39199
56217
36434
45919
66509
60258
39199
45919
36434
45919
49195
45919
66509
56217
66509
56217
36434
45919
66509
45919
27967
101173
66509
250001
50427
29281
27967
47681
36434
45797
41107
29281
36434
29281
48870
211963
65801
47681
41386
29281
27967
40792
36434
45919
41386
29281
48870
40792
48870
45919
27967
47681
36434
45919
36434
45919
41107
47681
36434
45919
36434
47681
65801
47681
36434
47681
36434
45919
36434
45919
65801
47681
36434
47681
27967
45919
36434
45919
36434
29281
27967
45797
36434
29281
37895
29281
36434
47681
36434
49713
36434
29281
27967
40792
37895
45919
36434
29281
36434
40792
36434
45919
27967
211963
37895
45919
37895
45919
36434
113375
37895
45919
37895
211963
36434
250001
37895
122952
37895
45919
37895
45919
36434
123467
37895
250001
27967
45919
37895
45919
37895
29281
27967
29281
36434
29281
41107
45797
41107
45797
41107
29281
27967
40792
36434
45797
41107
29281
41107
40792
41107
45797
27967
45797
36434
45797
36434
45797
177621
45797
36434
45797
36434
45797
41107
45797
36434
45797
36434
45797
36434
45797
41107
45797
36434
45797
27967
45797
36434
45797
36434
29281
27967
45919
36434
29281
36434
29281
36434
40792
27967
29281
76473
29281
36434
81309
36434
29281
36434
29281
27967
29281
76473
29281
39199
29281
36434
29281
76473
29281
39199
29281
36434
29281
49195
29281
76473
29281
70284
29281
36434
29281
76473
29281
27967
29281
250001
29281
50427
40792
27967
29281
48870
29281
41386
40792
27967
29281
36434
29281
41386
45919
54856
29281
54856
29281
27967
29281
36434
29281
36434
29281
41107
29281
36434
29281
36434
29281
48870
29281
36434
29281
36434
29281
36434
29281
48870
29281
36434
29281
27967
29281
36434
29281
36434
40792
27967
47681
41386
29281
27967
40792
36434
45919
41386
29281
48870
40792
48870
45919
27967
47681
36434
45919
36434
45919
41107
47681
36434
45919
36434
47681
97709
47681
36434
47681
36434
45919
36434
45919
197219
47681
36434
47681
27967
45919
36434
45919
36434
29281
27967
29281
27967
40792
36434
45919
50427
29281
41386
40792
41386
45919
27967
49713
36434
45919
36434
45919
41107
49713
36434
45919
36434
49713
41386
49713
36434
49713
36434
45919
36434
45919
41386
49713
36434
49713
27967
45919
36434
45919
36434
29281
27967
29281
27967
29281
27967
40792
27967
29281
27967
29281
41386
29281
27967
29281
27967
29281
27967
29281
27967
29281
27967
29281
27967
29281
27967
29281
27967
29281
27967
29281
27967
29281
27967
29281
97709
29281
27967
29281
27967
250001
64072
40792
36434
29281
36434
45919
36434
40792
27967
40792
108501
40792
39199
40792
36434
40792
105319
40792
39199
40792
36434
40792
49195
40792
108501
40792
70284
40792
36434
40792
105319
40792
27967
40792
76473
40792
50427
29281
27967
29281
41386
40792
41386
164042
27967
45919
36434
47681
36434
56217
41107
45919
36434
60258
36434
45919
41386
45919
36434
45919
36434
56217
36434
56217
41386
45919
36434
45919
27967
101173
36434
173404
36434
29281
27967
29281
58288
29281
27967
29281
36434
29281
36434
29281
41107
29281
36434
29281
36434
29281
48870
29281
36434
29281
36434
29281
36434
29281
48870
29281
36434
29281
27967
29281
36434
29281
36434
40792
27967
40792
27967
40792
36434
40792
36434
40792
41107
40792
36434
40792
36434
40792
48870
40792
36434
40792
36434
40792
36434
40792
48870
40792
36434
40792
27967
40792
36434
40792
36434
29281
27967
45919
27967
47681
27967
56217
27967
45919
27967
60258
27967
45919
27967
45919
27967
45919
27967
56217
27967
56217
27967
45919
27967
45919
41386
101173
27967
164042
27967
29281
41386
45919
39199
45919
36434
113375
105319
45919
39199
231002
36434
211963
49195
122952
250001
45919
70284
45919
36434
123467
105319
211963
27967
45919
76473
45919
50427
29281
27967
47681
36434
45919
39199
47681
41386
45919
36434
45919
39199
45919
39199
47681
39199
47681
36434
45919
39199
45919
27967
47681
39199
47681
39199
29281
27967
45919
36434
56217
36434
45919
41107
45919
36434
45919
36434
109793
36434
81309
41107
45919
36434
45919
27967
56217
36434
56217
36434
29281
27967
45919
39199
113375
36434
113375
49195
113375
105319
45919
70284
45919
36434
113375
214704
113375
27967
45919
76473
45919
50427
29281
27967
45919
36434
45919
39199
45919
39199
56217
39199
56217
36434
45919
39199
45919
27967
60258
39199
60258
39199
29281
27967
211963
36434
122952
36434
45919
36434
45919
97709
123467
36434
211963
27967
45919
36434
45919
36434
29281
27967
122952
49195
45919
49195
45919
36434
123467
49195
250001
27967
45919
49195
45919
49195
29281
27967
45919
70284
45919
36434
122952
105319
122952
27967
45919
76473
45919
50427
29281
27967
81309
36434
45919
70284
45919
27967
56217
70284
56217
50427
29281
27967
45919
36434
45919
27967
56217
36434
56217
36434
29281
27967
123467
27967
45919
76473
45919
50427
29281
27967
45919
27967
45919
27967
29281
64072
101173
50427
29281
27967
29281
27967
