48409
108596
85025
36732
107454
108596
72346
34389
84791
108596
70687
12161
34462
11266
84966
108596
72346
34389
5789
34389
85025
11266
84791
68049
85025
11266
83780
44041
5789
68049
70687
61033
8119
44041
8672
108596
84585
44041
34462
11266
84824
45785
72346
108596
8672
34389
5789
76491
84966
44041
5789
68049
84516
44041
42561
68049
107454
12550
85025
68049
84516
250001
26813
45785
85025
34389
107454
11874
5789
34389
84516
108596
84516
34389
5789
108596
48409
36732
48409
250001
48409
34389
48409
134179
48409
12161
34462
11266
48409
250001
48409
34389
5789
34389
48409
11266
48409
68049
48409
11266
48409
44041
5789
68049
48409
61033
8119
44041
8672
194116
48409
44041
34462
11266
48409
45785
48409
139029
8672
34389
5789
76491
48409
44041
5789
68049
48409
44041
42561
68049
48409
12550
48409
68049
48409
108596
26813
45785
48409
34389
48409
11874
5789
34389
48409
194116
48409
34389
5789
194116
85025
36732
72346
34389
84791
36732
70687
12161
34462
11266
84966
36732
72346
34389
5789
34389
157945
11266
84791
36732
93406
11266
83780
36732
5789
36732
70687
36732
8119
36732
8672
36732
84585
36732
34462
11266
84824
36732
72346
36732
8672
34389
5789
36732
84966
36732
5789
36732
84516
36732
42561
36732
85025
12550
108845
36732
84516
36732
26813
36732
160538
34389
85025
11874
5789
34389
84516
36732
84516
34389
5789
36732
72346
34389
84791
134179
70687
12161
34462
11266
84966
250001
72346
34389
5789
34389
85025
11266
84791
68049
85025
11266
83780
44041
5789
68049
70687
61033
8119
44041
8672
194116
84585
44041
34462
11266
84824
45785
72346
139029
8672
34389
5789
76491
84966
44041
5789
68049
84516
44041
42561
68049
250001
12550
85025
68049
84516
108596
26813
45785
85025
34389
118962
11874
5789
34389
84516
194116
84516
34389
5789
194116
72346
34389
70687
12161
34462
11266
72346
34389
73292
36053
5789
36053
72346
11266
72346
34389
72346
11266
72346
34389
5789
34389
70687
34389
8119
34389
8672
34389
72346
34389
34462
11266
72346
34389
84791
34389
8672
36053
5789
34389
72346
34389
5789
34389
72346
34389
42561
34389
72346
12550
72346
34389
72346
34389
26813
34389
72346
126948
72346
11874
5789
36053
72346
34389
72346
36053
5789
34389
70687
12161
34462
11266
84791
134179
72346
34389
5789
34389
84791
11266
84824
68049
84791
11266
83780
44041
5789
68049
70687
61033
8119
44041
8672
134179
84585
44041
34462
11266
84791
45785
72346
134179
8672
34389
5789
76491
84791
44041
5789
68049
84516
44041
42561
68049
84791
12550
84791
68049
84516
108596
26813
45785
84791
34389
84791
11874
5789
34389
84516
134179
84516
34389
5789
134179
34462
11266
70687
12161
70687
12161
5789
12161
70687
11266
70687
12161
70687
11266
70687
12161
5789
12161
72346
12161
8119
12161
8672
12161
70687
12161
34462
11266
70687
12161
70687
12161
8672
12161
5789
12161
70687
12161
5789
12161
70687
12161
42561
12161
70687
12161
70687
12161
70687
12161
26813
12161
70687
12161
70687
11874
5789
12161
70687
12161
70687
12161
5789
12161
34462
11266
34462
11266
5789
11266
34462
12550
34462
11266
34462
11874
34462
11266
5789
11266
34462
11266
8119
11266
8672
11266
34462
11266
108845
43362
34462
11266
34462
11266
8672
11266
5789
11266
34462
11266
5789
11266
34462
11266
34462
11266
34462
11266
34462
11266
34462
11266
26813
11266
34462
11266
34462
11266
5789
11266
34462
11266
34462
11266
5789
11266
72346
34389
5789
34389
84966
11266
84791
68049
84966
11266
83780
44041
5789
68049
70687
61033
8119
44041
8672
194116
84585
44041
34462
11266
84824
45785
72346
139029
8672
34389
5789
76491
90169
44041
5789
68049
84516
44041
42561
68049
84966
12550
84966
68049
84516
108596
26813
45785
84966
34389
84966
11874
5789
34389
84516
194116
84516
34389
5789
194116
5789
45785
72346
11266
72346
34389
72346
11266
72346
34389
5789
34389
70687
34389
8119
34389
8672
34389
72346
34389
34462
11266
72346
34389
73292
34389
8672
43362
5789
34389
72346
34389
5789
34389
72346
34389
42561
34389
72346
12550
72346
34389
72346
34389
26813
34389
72346
36053
72346
11874
5789
70923
72346
34389
72346
58388
5789
34389
5789
11266
5789
34389
5789
11266
5789
34389
19575
34389
5789
34389
5789
34389
5789
34389
5789
34389
5789
11266
5789
34389
5789
34389
5789
43362
40922
34389
5789
34389
41978
34389
5789
34389
5789
34389
5789
12550
5789
34389
5789
34389
5789
34389
5789
36053
5789
11874
19575
45785
5789
34389
5789
45785
161960
34389
84791
11266
93406
11874
83780
11266
5789
11266
70687
11266
8119
11266
8672
11266
84585
11266
34462
12550
84824
11266
72346
11266
8672
11266
5789
11266
84966
11266
5789
11266
84516
11266
42561
11266
85025
11266
108845
11266
84516
11266
26813
11266
157945
11266
85025
11266
5789
11266
84516
11266
84516
11266
5789
11266
84791
11266
83780
44041
5789
168968
70687
61033
8119
44041
8672
68049
84585
44041
34462
11266
84791
45785
72346
68049
8672
34389
5789
68049
84791
44041
5789
168968
84516
44041
42561
168968
84791
12550
84791
168968
84516
68049
26813
45785
84791
34389
84791
11874
5789
34389
84516
68049
84516
34389
5789
68049
83780
11266
5789
11266
70687
11266
8119
11266
8672
11266
84585
11266
34462
11874
84824
11266
72346
11266
8672
11266
5789
11266
84966
11266
5789
11266
84516
11266
42561
11266
85025
11266
93406
11266
84516
11266
26813
11266
93406
11266
85025
11266
5789
11266
84516
11266
84516
11266
5789
11266
5789
44041
70687
44041
8119
59650
8672
44041
83780
85115
34462
11266
83780
44041
72346
44041
8672
34389
5789
44041
83780
51432
5789
44041
83780
59650
42561
44041
83780
12550
83780
44041
83780
44041
26813
44041
83780
34389
83780
11874
5789
34389
83780
44041
83780
34389
5789
44041
5789
61033
5789
44041
5789
68049
5789
44041
5789
11266
5789
45785
5789
68049
5789
34389
19575
68049
5789
44041
19575
250001
5789
44041
5789
194116
5789
12550
5789
194116
5789
68049
5789
45785
5789
34389
5789
11874
97007
34389
5789
68049
5789
34389
19575
68049
8119
44041
8672
61033
70687
44041
34462
11266
70687
45785
70687
61033
8672
34389
5789
61033
70687
44041
5789
61033
70687
44041
42561
61033
70687
12550
70687
61033
70687
61033
26813
45785
70687
34389
70687
11874
5789
34389
70687
61033
70687
34389
5789
61033
8119
44041
8119
59650
8119
11266
8119
44041
8119
44041
8119
34389
5789
44041
8119
51432
5789
44041
8119
82931
8119
44041
8119
12550
8119
44041
8119
44041
8119
44041
8119
34389
8119
11874
5789
34389
8119
44041
8119
34389
5789
44041
8672
44041
8672
11266
8672
45785
8672
139029
13534
34389
5789
76491
8672
44041
5789
68049
8672
44041
8672
68049
8672
12550
8672
68049
8672
108596
8672
45785
8672
34389
8672
11874
5789
34389
8672
194690
8672
34389
5789
194690
34462
11266
84585
44041
72346
44041
8672
34389
5789
44041
84585
51432
5789
44041
84516
59650
42561
44041
84585
12550
84585
44041
84516
44041
26813
44041
84585
34389
84585
11874
5789
34389
84516
44041
84516
34389
5789
44041
34462
11266
34462
11266
8672
11266
5789
11266
34462
11266
5789
11266
34462
11266
34462
11266
34462
11266
34462
11266
34462
11266
26813
11266
34462
11266
34462
11266
5789
11266
34462
11266
34462
11266
5789
11266
72346
45785
8672
34389
5789
45785
84824
44041
5789
45785
84516
44041
42561
45785
84824
12550
84824
45785
84516
45785
26813
232505
84824
34389
84824
11874
5789
34389
84516
45785
84516
34389
5789
45785
8672
34389
5789
76491
72346
44041
5789
68049
72346
44041
42561
68049
72346
12550
72346
68049
72346
108596
26813
45785
72346
34389
72346
11874
5789
34389
72346
139029
72346
34389
5789
139029
5789
34389
8672
34389
5789
34389
8672
34389
8672
34389
8672
12550
8672
34389
8672
34389
8672
34389
8672
36053
8672
11874
5789
43362
8672
34389
8672
43362
5789
34389
5789
44041
40922
68049
5789
44041
5789
68049
5789
12550
5789
68049
5789
76491
5789
45785
5789
34389
5789
11874
19575
34389
5789
76491
5789
34389
40922
76491
5789
44041
84516
51432
42561
44041
84966
12550
84966
44041
84516
44041
26813
44041
84966
34389
84966
11874
5789
34389
84516
44041
84516
34389
5789
44041
5789
44041
5789
194116
5789
12550
5789
194116
5789
68049
5789
45785
5789
34389
5789
11874
19575
34389
5789
68049
5789
34389
41978
68049
42561
44041
84516
12550
84516
44041
84538
44041
26813
44041
84516
34389
84516
11874
5789
34389
84585
44041
84692
34389
5789
44041
42561
12550
42561
231340
42561
68049
26813
45785
42561
34389
42561
11874
5789
34389
42561
68049
42561
34389
5789
68049
85025
12550
84516
12550
26813
12550
85025
12550
118962
11874
5789
12550
84516
12550
84516
12550
5789
12550
84516
68049
26813
45785
108845
34389
85025
11874
5789
34389
84516
68049
84516
34389
5789
68049
26813
45785
84516
34389
84516
11874
5789
34389
84538
108596
84538
34389
5789
108596
26813
34389
26813
11874
5789
34389
26813
45785
26813
34389
5789
45785
85025
11874
5789
36053
84516
34389
84516
36053
5789
34389
5789
11874
84516
11874
84516
11874
5789
11874
5789
34389
5789
58388
84585
34389
19575
34389
5789
250001
5789
34389
