23753
23317
21393
230094
23753
10692
23753
22260
23753
10791
2276
250001
2276
80988
23753
117832
23753
10692
23753
10791
19325
26184
19707
10692
23753
94925
23753
74373
23753
23317
23753
85548
12639
23317
23753
10692
30244
23317
23753
10791
23753
10692
23753
23317
2061
26184
30244
66790
2061
26184
23753
84246
19325
26530
2276
250001
23753
23317
23753
23317
23753
19226
23753
88592
23753
84775
21393
10791
23753
250001
21393
23317
24998
10692
24998
22260
24998
10791
2276
23317
2276
23317
24998
23317
24998
10692
24998
10791
19325
23317
19707
10692
24998
23317
27059
23317
24998
74373
24998
23317
12639
39980
74256
10692
23753
74373
95889
10791
24998
10692
95889
26467
2061
23317
23753
23317
2061
23317
24998
23317
19325
23317
2276
23317
24998
74373
24998
74373
27059
19226
24998
23317
153616
23317
21393
10791
24998
23317
21393
10692
21393
22260
21393
10791
2276
230094
2276
80988
21393
117832
21393
10692
21393
10791
19325
26184
19707
10692
21393
94925
21393
74373
21393
23317
21393
85548
12639
23317
21393
10692
21393
23317
21393
10791
21393
10692
21393
23317
2061
26184
21393
66790
2061
26184
21393
84246
19325
26530
2276
230094
21393
23317
21393
23317
21393
19226
21393
88592
21393
84775
24998
10791
21393
230094
74256
10692
74256
10692
2276
10692
2276
10692
74256
10692
58089
37561
74256
10692
19325
10692
19707
80988
133790
10692
24998
10692
74256
10692
74256
10692
12639
10692
24998
80988
23753
10692
24998
10692
133790
80988
24998
10692
2061
10692
23753
10692
2061
10692
30176
10692
19325
10692
2276
10692
74256
10692
133790
10692
24998
10692
74256
10692
24998
10692
21393
10692
74256
10692
173671
10791
2276
22260
2276
22260
153616
22260
58089
10692
153616
10791
19325
22260
19707
10692
74256
22260
24998
22260
153616
22260
153616
22260
12639
22260
24998
10692
23753
22260
24998
10791
74256
10692
24998
22260
2061
22260
23753
22260
2061
22260
30176
22260
19325
22260
2276
22260
153616
22260
74256
22260
24998
19226
95889
22260
24998
22260
21393
10791
173671
22260
2276
10791
2276
10791
153616
10791
58089
10692
153616
12044
19325
10791
19707
10692
74256
10791
24998
10791
153616
10791
153616
10791
12639
10791
24998
10692
23753
10791
24998
12989
74256
10692
24998
10791
2061
10791
23753
10791
2061
10791
30176
10791
19325
10791
2276
10791
153616
10791
74256
10791
24998
10791
95889
10791
24998
10791
21393
22260
238926
10791
11467
80988
2276
117832
2276
10692
2276
10791
2276
26184
2276
10692
2276
94925
2276
74373
2276
23317
2276
85548
2276
23317
2276
10692
2276
23317
2276
10791
2276
10692
2276
23317
2061
26184
2276
66790
2061
26184
2276
84246
2276
26530
21393
250001
2276
23317
2276
23317
2276
19226
2276
88592
2276
84775
2276
10791
2276
250001
2276
80988
2276
10692
2276
10791
2276
26184
2276
10692
2276
80988
2276
74373
2276
23317
2276
80988
2276
23317
2276
10692
2276
23317
2276
10791
2276
10692
2276
23317
2061
26184
2276
66790
2061
26184
2276
80988
2276
26530
11467
80988
2276
23317
2276
23317
2276
19226
2276
80988
2276
80988
2276
10791
2276
80988
58089
10692
239276
10791
19325
26184
19707
10692
74256
94925
24998
74373
250001
23317
250001
85548
12639
23317
24998
10692
23753
23317
24998
10791
74256
10692
24998
23317
2061
26184
23753
66790
2061
26184
30176
84246
19325
26530
2276
117832
250001
23317
74256
23317
24998
19226
95889
88592
24998
84775
21393
10791
153616
117832
58089
10692
19325
10692
19707
37561
58089
10692
24998
10692
58089
10692
58089
10692
12639
10692
24998
37561
23753
10692
24998
10692
58089
37561
24998
10692
2061
10692
23753
10692
2061
10692
30176
10692
19325
10692
2276
10692
58089
10692
58089
10692
24998
10692
58089
10692
24998
10692
21393
10692
58089
10692
19325
10791
19707
10692
74256
10791
24998
10791
239276
10791
239276
10791
12639
10791
24998
10692
23753
10791
24998
12044
74256
10692
24998
10791
2061
10791
23753
10791
2061
10791
30176
10791
19325
10791
2276
10791
239276
10791
74256
10791
24998
10791
95889
10791
24998
10791
21393
12044
153616
10791
19325
10692
19325
26184
19325
26184
19325
23317
19325
26184
12639
23317
19325
10692
19325
23317
19325
10791
19325
10692
19325
23317
2061
26214
19325
26184
2061
26214
19325
26184
21743
26184
2276
26184
19325
23317
19325
23317
19325
19226
19325
26184
19325
26184
19325
10791
19325
26184
19707
10692
19707
10692
19707
10692
19707
10692
12639
10692
19707
95486
19707
10692
19707
10692
19707
231282
19707
10692
2061
10692
19707
10692
2061
10692
19707
10692
19325
10692
2276
10692
19707
10692
19707
10692
19707
10692
19707
10692
19707
10692
19707
10692
19707
10692
24998
74373
74256
23317
74256
85548
12639
23317
24998
10692
23753
23317
24998
10791
171848
10692
24998
23317
2061
26184
23753
66790
2061
26184
30176
84246
19325
26530
2276
94925
74256
23317
250001
23317
24998
19226
74256
88592
24998
84775
21393
10791
74256
94925
24998
23317
24998
74373
12639
23317
27059
10692
23753
23317
27059
10791
24998
10692
27059
23317
2061
26184
23753
66790
2061
26184
24998
74373
19325
26530
2276
74373
24998
23317
24998
23317
173671
19226
24998
74373
27059
74373
21393
10791
24998
74373
250001
23317
12639
39980
24998
10692
23753
128826
24998
10791
74256
10692
24998
26467
2061
23317
23753
23317
2061
23317
30176
23317
19325
23317
2276
23317
250001
250001
74256
128826
24998
19226
95889
23317
24998
23317
21393
10791
153616
23317
12639
23317
24998
10692
23753
23317
24998
10791
74256
10692
24998
23317
2061
26184
23753
66790
2061
26184
30176
84246
19325
26530
2276
85548
250001
23317
74256
23317
24998
19226
95889
85548
24998
84775
21393
10791
153616
85548
12639
10692
12639
39980
12639
10791
12639
10692
12639
26467
2061
23317
12639
23317
2061
23317
12639
23317
12639
23317
2276
23317
12639
39980
12639
39980
12639
19226
12639
23317
12639
23317
12639
10791
12639
23317
23753
10692
74256
10692
24998
95486
74256
10692
2061
10692
23753
10692
2061
10692
24998
10692
19325
10692
2276
10692
24998
10692
24998
10692
27059
10692
24998
10692
74256
10692
21393
10692
24998
10692
23753
10791
23753
10692
23753
26467
2061
23317
75861
23317
2061
23317
23753
23317
19325
23317
2276
23317
23753
128826
23753
188353
23753
19226
23753
23317
23753
23317
21393
10791
23753
23317
24998
10692
250001
10791
2061
10791
23753
10791
2061
10791
24998
10791
19325
10791
2276
10791
24998
10791
24998
10791
27059
10791
24998
10791
95889
10791
21393
12989
24998
10791
24998
10692
2061
10692
23753
10692
2061
10692
30176
10692
19325
10692
2276
10692
74256
10692
171848
10692
24998
10692
74256
10692
24998
10692
21393
10692
74256
10692
2061
23317
23753
23317
2061
23317
24998
23317
19325
23317
2276
23317
24998
26467
24998
26467
27059
19226
24998
23317
95889
23317
21393
10791
24998
23317
2061
26184
213385
31742
2061
26184
2061
26184
2061
26184
2061
23317
2061
23317
2061
19226
2061
26184
2061
26184
2061
10791
2061
26184
2061
26184
23753
66790
19325
26530
2276
66790
23753
23317
23753
23317
23753
19226
23753
66790
23753
66790
21393
10791
23753
66790
2061
26184
2061
26184
2061
26184
2061
23317
2061
23317
2061
19226
2061
26184
2061
26184
2061
10791
2061
26184
19325
26530
2276
84246
30176
23317
30176
23317
24998
19226
30176
84246
24998
84246
21393
10791
30176
84246
2276
26530
19325
23317
19325
23317
19325
19226
19325
26530
19325
26530
19325
10791
19325
26530
2276
23317
2276
23317
2276
19226
2276
88592
2276
84775
2276
10791
2276
250001
74256
128826
24998
19226
95889
23317
24998
23317
21393
10791
153616
23317
24998
19226
74256
23317
24998
23317
21393
10791
74256
23317
24998
19226
27059
19226
21393
10791
24998
19226
24998
84775
21393
10791
95889
88592
21393
10791
24998
84775
21393
10791
