7476
3961
7476
32450
7476
32450
7476
3961
7476
3961
7476
3961
7476
28167
7476
3961
7476
3961
7476
32450
80223
32450
7476
32450
7476
3112
7476
3112
7476
32450
7476
3961
7476
3961
7476
3112
7476
3961
7476
29603
7476
32450
7476
3961
7476
3961
7476
3961
7476
32450
7476
32450
7476
3961
7476
3961
7476
3961
7476
3961
7476
32450
7476
3112
132166
3961
162958
3961
20262
29416
7494
12088
9264
28167
250001
3961
7494
12088
95310
201833
132166
3961
7476
3961
20302
3961
9264
3112
9264
3112
114277
3961
9264
28167
9264
27688
9264
3112
9264
42697
250001
3961
132166
3961
9264
28167
9264
28167
9264
28167
250001
3961
95310
3961
144909
28516
183056
42697
9264
27688
9264
28167
20262
3961
9264
3112
132166
67846
20262
3961
7494
3961
9264
3961
132166
28167
7494
3961
95310
3961
250001
165976
7476
83432
20302
80177
9264
3112
9264
3112
114277
165976
9264
3961
9264
3961
9264
3112
9264
3961
132166
29603
210875
163997
9264
3961
9264
3961
9264
3961
132166
163997
95310
117432
132166
3961
132166
3961
9264
3961
9264
3961
20262
118014
9264
3112
20262
3961
7494
3961
9264
3961
162958
28167
7494
3961
95310
3961
132166
67846
7476
67846
20302
67846
9264
3112
9264
3112
114277
67846
9264
3961
9264
3961
9264
3112
9264
3961
162958
29603
132166
67846
9264
3961
9264
3961
9264
3961
162958
67846
95310
67846
144909
3961
162958
3961
9264
3961
9264
3961
20262
67846
9264
3112
7494
12088
9264
28167
20262
3961
7494
12088
20262
29416
20262
3961
7476
3961
20262
3961
9264
3112
9264
3112
20262
3961
9264
28167
9264
27688
9264
3112
9264
29416
20262
3961
20262
3961
9264
28167
9264
28167
9264
28167
20262
3961
20262
3961
20262
28516
20262
29416
9264
27688
9264
28167
88063
3961
9264
3112
7494
12088
7494
3961
225444
48826
7494
12088
7494
3961
7476
3961
7494
3961
7494
3112
7494
3112
7494
3961
7494
12088
7494
12088
7494
3112
7494
12088
7494
3961
7494
3961
7494
12088
7494
12088
7494
12088
7494
3961
7494
3961
7494
12088
7494
12088
7494
12088
7494
12088
7494
3961
7494
3112
9264
3961
7494
12088
9264
28167
9264
3961
7476
3961
9264
3961
132166
3112
214905
3112
9264
3961
95310
48826
80223
27688
132166
3112
95310
28167
9264
3961
9264
3961
129960
28516
129960
49704
95310
28827
9264
3961
9264
3961
9264
28167
9264
28167
20262
27688
95310
29416
9264
3961
225444
3112
7494
3961
95310
3961
132166
28167
7476
28167
20302
28167
9264
3112
9264
3112
114277
28167
9264
3961
9264
3961
9264
3112
9264
3961
250001
28167
132166
28167
9264
3961
9264
3961
9264
3961
250001
28167
95310
28167
144909
3961
183056
3961
9264
3961
9264
3961
20262
28167
9264
3112
7494
12088
7494
3961
7476
3961
7494
3961
7494
3112
7494
3112
7494
3961
7494
12088
7494
12088
7494
3112
7494
12088
7494
3961
7494
3961
7494
12088
7494
12088
7494
12088
7494
3961
7494
3961
7494
12088
7494
12088
7494
12088
7494
12088
7494
3961
7494
3112
95310
3961
7476
3961
20302
3961
9264
3112
9264
3112
95310
3961
9264
28167
9264
27688
9264
3112
9264
42697
95310
3961
95310
3961
9264
28167
9264
28167
9264
28167
95310
3961
114277
3961
95310
28516
95310
42697
9264
27688
9264
28167
20262
3961
9264
3112
7476
83432
20302
80177
9264
3112
9264
3112
114277
242028
9264
3961
9264
3961
9264
3112
9264
3961
132166
29603
210875
163997
9264
3961
9264
3961
9264
3961
132166
163997
95310
117432
132166
3961
132166
3961
9264
3961
9264
3961
20262
118014
9264
3112
7476
80177
7476
3112
7476
3112
7476
83432
7476
3961
7476
3961
7476
3112
7476
3961
7476
29603
7476
83432
7476
3961
7476
3961
7476
3961
7476
83432
7476
83432
7476
3961
7476
3961
7476
3961
7476
3961
7476
83432
7476
3112
9264
3112
9264
3112
20302
80177
9264
3961
9264
3961
9264
3112
9264
3961
20302
29603
20302
80177
9264
3961
9264
3961
9264
3961
20302
80177
20302
80177
20302
3961
20302
3961
9264
3961
9264
3961
20262
80177
9264
3112
132166
27688
9264
3112
95310
3112
80223
3112
250001
166519
95310
3112
9264
3112
9264
3112
129960
3112
129960
3112
95310
3112
9264
3112
9264
3112
9264
3112
9264
3112
20262
3112
95310
3112
9264
3112
132166
27688
9264
3112
95310
3112
80223
3112
132166
27688
95310
3112
9264
3112
9264
3112
129960
3112
129960
3112
95310
3112
9264
3112
9264
3112
9264
3112
9264
3112
20262
3112
95310
3112
9264
3112
214905
28516
9264
3961
9264
3961
9264
3112
9264
3961
114277
29603
114277
163997
9264
3961
9264
3961
9264
3961
114277
163997
95310
117432
114277
3961
114277
3961
9264
3961
9264
3961
20262
118014
9264
3112
80223
27688
95310
3112
194428
28167
9264
3961
9264
3961
95310
28516
95310
48826
176716
28827
9264
3961
9264
3961
9264
28167
9264
28167
20262
27688
132166
29416
9264
3961
95310
3112
80223
3112
80223
27688
9264
3961
9264
3961
80223
27688
80223
27688
80223
27688
9264
3961
9264
3961
9264
27688
9264
27688
20262
59303
80223
27688
9264
3961
80223
3112
95310
3112
9264
3112
9264
3112
129960
3112
129960
3112
95310
3112
9264
3112
9264
3112
9264
3112
9264
3112
20262
3112
95310
3112
9264
3112
132166
27688
9264
3961
9264
3961
95310
28167
95310
28167
176716
28167
9264
3961
9264
3961
9264
28516
9264
86558
20262
27688
132166
28167
9264
3961
95310
3112
132166
29603
9264
3961
9264
3961
9264
3961
250001
29603
95310
29603
144909
3961
183056
3961
9264
3961
9264
3961
20262
29603
9264
3112
9264
3961
9264
3961
9264
3961
132166
165976
95310
117432
132166
3961
132166
3961
9264
3961
9264
3961
20262
118014
9264
3112
176716
28516
95310
28516
9264
3961
9264
3961
9264
28167
9264
28167
20262
27688
95310
28516
9264
3961
129960
3112
95310
28827
9264
3961
9264
3961
9264
28167
9264
28167
20262
27688
95310
29416
9264
3961
129960
3112
9264
3961
9264
3961
9264
28167
9264
28167
20262
27688
132166
28827
9264
3961
95310
3112
95310
117432
144909
3961
183056
3961
9264
3961
9264
3961
20262
118014
9264
3112
95310
3961
95310
3961
9264
3961
9264
3961
20262
117432
9264
3112
144909
28516
9264
27688
9264
28167
20262
3961
9264
3112
9264
27688
9264
28167
20262
3961
9264
3112
20262
27688
9264
3961
20262
3112
9264
3961
95310
3112
9264
3112
