3927
76350
108541
66935
250001
188668
98070
188668
152492
33570
250001
105787
108478
33570
22309
105787
152492
56943
143017
45166
152492
147738
250001
45224
108541
123911
108541
45166
250001
188668
250001
188668
250001
188668
69570
49582
98070
188668
108478
123911
108478
123911
161726
188668
108478
188668
3927
39116
108541
70533
108541
123911
108541
75375
109380
188668
108541
45224
69570
66935
108478
123911
250001
250001
143017
165813
3927
66935
3927
76350
3927
76350
3927
33570
3927
76350
3927
33570
3927
76350
3927
56943
3927
45166
3927
76350
3927
45224
3927
76350
3927
45166
3927
76350
3927
76350
3927
76350
3927
49582
3927
76350
3927
76350
3927
76350
3927
76350
3927
76350
22309
39116
3927
70533
3927
76350
3927
75375
3927
76350
3927
45224
3927
66935
3927
76350
3927
76350
3927
76350
108541
66935
98070
66935
108541
33570
108541
66935
108478
33570
22309
66935
108541
56943
108541
45166
108541
66935
108541
45224
250001
66935
250001
45166
108541
66935
108541
66935
108541
66935
69570
49582
98070
66935
108478
66935
108478
66935
108541
66935
108478
66935
3927
39116
250001
66935
250001
66935
152492
66935
108541
66935
172719
45224
69570
237278
108478
66935
108541
66935
108541
66935
98070
189780
152492
33570
250001
105787
108478
33570
22309
105787
152492
56943
143017
45166
152492
147738
250001
45224
108541
123911
108541
45166
250001
189780
250001
189780
250001
189780
69570
49582
98070
189780
108478
123911
108478
123911
161726
189780
108478
189780
3927
39116
108541
70533
108541
123911
108541
75375
109380
189780
108541
45224
69570
66935
108478
123911
250001
188668
143017
165813
98070
33570
98070
105787
98070
33570
22309
105787
98070
56943
98070
45166
98070
147738
98070
45224
98070
123911
98070
45166
98070
195258
98070
250001
98070
250001
69570
49582
109380
250001
98070
123911
98070
123911
98070
250001
98070
250001
3927
39116
98070
70533
98070
123911
98070
75375
98070
250001
98070
45224
69570
66935
98070
123911
98070
188668
98070
165813
152492
33570
108478
39116
22309
33570
250001
33570
143017
33570
183875
33570
152492
33570
108541
33570
108541
33570
152492
33570
152492
33570
152492
33570
69570
33570
98070
33570
108478
33570
108478
33570
152492
33570
108478
33570
3927
33570
108541
33570
108541
33570
108541
33570
109380
33570
108541
33570
69570
33570
108478
33570
152492
33570
143017
33570
108478
33570
22309
250001
152492
56943
143017
45166
152492
105787
250001
45224
108541
105787
108541
45166
250001
105787
250001
105787
250001
105787
69570
49582
98070
105787
108478
105787
108478
105787
161726
105787
108478
105787
3927
39116
108541
70533
108541
105787
108541
75375
109380
105787
108541
45224
69570
66935
108478
105787
250001
105787
143017
105787
22309
33570
108478
33570
108478
33570
108478
33570
108478
33570
108478
33570
108478
33570
108478
33570
108478
33570
108478
33570
69570
33570
98070
33570
204100
33570
108541
33570
108478
33570
152492
33570
3927
33570
108478
33570
108478
33570
108478
33570
108478
33570
108478
33570
69570
33570
108541
33570
108478
33570
108478
33570
22309
56943
22309
45166
22309
105787
22309
45224
22309
105787
22309
45166
22309
105787
22309
105787
22309
105787
22309
49582
22309
105787
22309
105787
22309
105787
22309
105787
22309
105787
3927
39116
22309
70533
22309
105787
22309
75375
22309
105787
22309
45224
22309
66935
22309
105787
22309
105787
22309
105787
143017
45166
183875
56943
152492
45224
108541
56943
108541
45166
152492
56943
152492
56943
152492
56943
69570
49582
98070
56943
108478
56943
108478
56943
152492
56943
108478
56943
3927
39116
108541
56943
108541
56943
108541
56943
109380
56943
108541
45224
69570
56943
108478
56943
152492
56943
143017
56943
143017
45166
143017
45166
108541
45166
108541
45224
143017
45166
143017
45166
143017
45166
69570
45166
98070
45166
108478
45166
108478
45166
143017
45166
108478
45166
3927
39116
108541
45166
108541
45166
108541
45166
109380
45166
108541
45166
69570
45166
108478
45166
143017
45166
250001
45166
152492
45224
108541
123911
108541
45166
152492
147738
152492
147738
152492
147738
69570
49582
98070
147738
108478
123911
108478
123911
152492
147738
108478
147738
3927
39116
108541
70533
108541
123911
108541
75375
109380
147738
108541
45224
69570
66935
108478
123911
152492
147738
143017
147738
108541
45224
108541
45166
250001
45224
250001
45224
250001
45224
69570
45224
98070
45224
108478
45224
108478
45224
161726
45224
108478
45224
3927
39116
108541
45224
108541
45224
108541
45224
109380
45224
108541
123911
69570
45224
108478
45224
250001
45224
143017
45224
250001
45166
108541
123911
108541
123911
108541
123911
69570
49582
98070
123911
108478
205375
108478
148739
108541
123911
108478
123911
3927
39116
250001
70533
250001
205375
152492
75375
108541
123911
172719
45224
69570
66935
108478
129888
108541
123911
108541
123911
108541
45166
108541
45166
108541
45166
69570
45166
98070
45166
108478
45166
108478
45166
108541
45166
108478
45166
3927
39116
250001
45166
250001
45166
152492
45166
108541
45166
172719
45166
69570
45166
108478
45166
108541
45166
108541
45166
250001
195258
250001
195258
69570
49582
98070
195258
108478
123911
108478
123911
161726
195258
108478
195258
3927
39116
108541
70533
108541
123911
108541
75375
109380
195258
108541
45224
69570
66935
108478
123911
250001
188668
143017
165813
250001
250001
69570
49582
98070
250001
108478
123911
108478
123911
161726
250001
108478
250001
3927
39116
108541
70533
108541
123911
108541
75375
109380
250001
108541
45224
69570
66935
108478
123911
250001
188668
143017
165813
69570
49582
98070
250001
108478
123911
108478
123911
161726
250001
108478
250001
3927
39116
108541
70533
108541
123911
108541
75375
109380
250001
108541
45224
69570
66935
108478
123911
250001
188668
143017
165813
69570
49582
69570
49582
69570
49582
69570
49582
69570
49582
3927
39116
69570
49582
69570
49582
69570
49582
69570
49582
69570
45224
108541
49582
69570
49582
69570
49582
69570
49582
98070
123911
98070
123911
98070
250001
98070
250001
3927
39116
98070
70533
98070
123911
98070
75375
98070
250001
98070
45224
69570
66935
98070
123911
98070
188668
98070
165813
108541
148739
108478
123911
152492
123911
3927
39116
108478
70533
108478
250001
108478
75375
108478
123911
108478
45224
69570
66935
108541
129888
108478
123911
108478
123911
108478
123911
108541
123911
3927
39116
108478
70533
108478
148739
108478
75375
108478
123911
108478
45224
69570
66935
250001
129888
108478
123911
108478
123911
108478
250001
3927
39116
108541
70533
108541
123911
108541
75375
109380
250001
108541
45224
69570
66935
108478
123911
161726
188668
143017
165813
3927
39116
108478
70533
108478
123911
108478
75375
108478
250001
108478
45224
69570
66935
108541
123911
108478
188668
108478
165813
3927
39116
3927
39116
3927
39116
3927
39116
3927
39116
3927
39116
3927
39116
3927
39116
3927
39116
250001
70533
152492
70533
108541
70533
172719
45224
69570
66935
108478
70533
108541
70533
108541
70533
152492
75375
108541
123911
172719
45224
69570
66935
108478
129888
108541
123911
108541
123911
108541
75375
152492
45224
69570
66935
108478
75375
108541
75375
108541
75375
108541
45224
69570
66935
108478
123911
109380
188668
109380
165813
69570
45224
108478
45224
108541
45224
108541
45224
69570
66935
69570
66935
69570
66935
108478
123911
108478
123911
143017
165813
