27238
15295
27238
94641
222644
164125
27238
124836
27238
96986
27238
169296
27238
169296
27238
169296
27238
31157
27238
169296
250001
169296
38691
15295
27238
45663
27238
169296
143109
127347
99283
169296
250001
171157
27238
169296
27238
169296
27238
29898
222644
15295
138799
69990
27238
47947
27238
169296
222644
33103
27238
15295
27238
15295
143109
15295
138799
29614
138799
169296
27238
169296
222644
169296
138799
169296
250001
169296
27238
164125
125015
15295
27238
15295
125015
15295
99283
15295
125015
15295
125015
15295
125015
15295
125015
15295
125015
15295
27238
15295
27238
45663
125015
15295
125015
15295
27238
15295
27238
15295
27238
15295
125015
15295
99283
15295
125015
15295
27238
35693
27238
15295
138799
15295
125015
15295
27238
15295
38691
45663
125015
29614
27238
45663
27238
15295
27238
15295
125015
15295
27238
15295
27238
15295
27238
15295
125015
15295
27238
94641
138799
94641
99283
94641
222644
94641
138799
94641
138799
94641
138799
31157
138799
94641
27238
94641
27238
15295
138799
45663
138799
94641
27238
94641
27238
94641
27238
94641
138799
94641
99283
94641
138799
29898
27238
15295
27238
69990
125015
47947
138799
94641
27238
33103
38691
15295
138799
15295
27238
15295
27238
29614
27238
94641
138799
94641
27238
94641
27238
94641
27238
94641
138799
94641
27238
124836
27238
96986
27238
164125
27238
164125
27238
164125
27238
31157
27238
164125
222644
164125
38691
15295
27238
45663
27238
164125
143109
127347
99283
164125
222644
164125
27238
164125
27238
164125
27238
29898
226422
15295
138799
69990
27238
47947
27238
164125
250001
33103
27238
15295
27238
15295
143109
15295
138799
29614
138799
164125
27238
164125
250001
164125
138799
164125
222644
164125
27238
165571
99283
96986
138799
124836
250001
124836
250001
124836
222644
31157
250001
124836
27238
124836
27238
15295
222644
45663
202700
124836
27238
124836
27238
124836
27238
124836
250001
124836
99283
124836
250001
29898
27238
15295
27238
69990
125015
47947
250001
124836
27238
33103
38691
15295
241727
15295
27238
15295
27238
29614
27238
124836
250001
124836
27238
124836
27238
124836
27238
124836
222644
124836
99283
96986
99283
96986
99283
96986
99283
31157
99283
96986
27238
96986
27238
15295
99283
45663
99283
96986
27238
96986
27238
96986
27238
96986
99283
96986
228295
96986
99283
29898
27238
15295
27238
69990
99283
47947
99283
96986
27238
33103
38691
15295
99283
15295
27238
15295
27238
29614
27238
96986
99283
96986
27238
96986
27238
96986
27238
96986
99283
96986
138799
250001
138799
250001
138799
31157
138799
250001
27238
250001
27238
15295
138799
45663
138799
250001
27238
127347
27238
250001
27238
169296
138799
246531
99283
171480
138799
29898
27238
15295
27238
69990
125015
47947
138799
171480
27238
33103
38691
15295
138799
15295
27238
15295
27238
29614
27238
250001
138799
250001
27238
246531
27238
250001
27238
250001
138799
164125
250001
250001
222644
31157
250001
250001
27238
250001
27238
15295
222644
45663
202700
250001
27238
127347
27238
250001
27238
169296
250001
246531
99283
171480
250001
29898
27238
15295
27238
69990
125015
47947
250001
171480
27238
33103
38691
15295
241727
15295
27238
15295
27238
29614
27238
250001
250001
250001
27238
246531
27238
250001
27238
250001
222644
164125
222644
31157
250001
250001
27238
250001
27238
15295
222644
45663
202700
250001
27238
127347
27238
250001
27238
169296
250001
246531
99283
171480
250001
29898
27238
15295
27238
69990
125015
47947
250001
171480
27238
33103
38691
15295
241727
15295
27238
15295
27238
29614
27238
250001
250001
250001
27238
246531
27238
250001
27238
250001
222644
164125
222644
31157
27238
31157
27238
15295
226422
31157
202700
31157
27238
31157
27238
31157
27238
31157
222644
31157
99283
31157
222644
29898
27238
15295
27238
31157
125015
31157
222644
31157
27238
31157
38691
15295
222644
15295
27238
15295
27238
29614
27238
31157
222644
31157
27238
31157
27238
31157
27238
31157
250001
31157
27238
250001
27238
15295
222644
45663
202700
250001
27238
127347
27238
250001
27238
169296
250001
246531
99283
171480
250001
29898
27238
15295
27238
69990
125015
47947
250001
171480
27238
33103
38691
15295
241727
15295
27238
15295
27238
29614
27238
250001
250001
250001
27238
246531
27238
250001
27238
250001
222644
164125
38691
15295
27238
45663
27238
250001
143109
127347
99283
250001
250001
169296
27238
246531
27238
171480
27238
29898
222644
15295
138799
69990
27238
47947
27238
171480
222644
33103
27238
15295
27238
15295
143109
15295
138799
29614
138799
250001
27238
250001
222644
246531
138799
250001
250001
250001
27238
164125
27238
15295
27238
15295
38691
15295
38691
15295
38691
15295
27238
15295
27238
15295
27238
15295
38691
35693
38691
15295
27238
15295
27238
15295
38691
15295
27238
85006
27238
29614
38691
75456
38691
15295
38691
15295
27238
15295
38691
15295
38691
15295
38691
15295
27238
15295
202700
45663
27238
45663
27238
45663
27238
45663
222644
45663
99283
45663
222644
29898
27238
15295
27238
45663
125015
45663
222644
45663
27238
33103
38691
15295
222644
15295
27238
15295
27238
29614
27238
45663
222644
45663
27238
45663
27238
45663
27238
45663
226422
45663
27238
127347
27238
250001
27238
169296
202700
246531
99283
171480
202700
29898
27238
15295
27238
69990
125015
47947
202700
171480
27238
33103
38691
15295
202700
15295
27238
15295
27238
29614
27238
250001
202700
250001
27238
246531
27238
250001
27238
250001
202700
164125
99283
127347
143109
127347
27238
127347
27238
127347
27238
29898
143109
15295
138799
69990
27238
47947
27238
127347
143109
33103
27238
15295
27238
15295
250001
15295
138799
29614
138799
127347
27238
127347
143109
127347
138799
127347
143109
127347
27238
127347
99283
169296
27238
246531
27238
171480
27238
29898
99283
15295
99283
69990
27238
47947
27238
171480
99283
33103
27238
15295
27238
15295
99283
15295
99283
29614
99283
250001
27238
250001
99283
246531
99283
250001
99283
250001
27238
164125
27238
169296
27238
169296
27238
29898
222644
15295
138799
69990
27238
47947
27238
169296
222644
33103
27238
15295
27238
15295
143109
15295
138799
29614
138799
169296
27238
169296
222644
169296
138799
169296
250001
169296
27238
164125
99283
171480
250001
29898
27238
15295
27238
69990
125015
47947
250001
171480
27238
33103
38691
15295
241727
15295
27238
15295
27238
29614
27238
246531
250001
246531
27238
250001
27238
246531
27238
246531
222644
164125
99283
29898
27238
15295
27238
69990
99283
47947
99283
171879
27238
33103
38691
15295
99283
15295
27238
15295
27238
29614
27238
171480
99283
171480
27238
171480
27238
171480
27238
171480
99283
164125
27238
15295
27238
29898
125015
29898
250001
29898
27238
29898
38691
15295
241727
15295
27238
15295
27238
29614
27238
29898
250001
29898
27238
29898
27238
29898
27238
29898
222644
29898
138799
15295
27238
15295
27238
15295
226422
15295
27238
35693
27238
29614
143109
35693
138799
15295
138799
15295
27238
15295
226422
15295
138799
15295
222644
15295
27238
15295
27238
47947
27238
69990
138799
33103
27238
15295
27238
15295
138799
15295
222282
29614
222282
69990
27238
69990
138799
69990
222282
69990
138799
69990
27238
69990
125015
47947
27238
33103
38691
15295
125015
15295
27238
15295
27238
29614
27238
47947
125015
47947
27238
47947
27238
47947
27238
47947
125015
47947
27238
33103
38691
15295
241727
15295
27238
15295
27238
29614
27238
171480
250001
171480
27238
171480
27238
171480
27238
171480
222644
164125
27238
15295
27238
15295
143109
15295
138799
29614
138799
33103
27238
33103
250001
33103
138799
33103
222644
33103
27238
33103
38691
29614
27238
75456
27238
15295
27238
15295
38691
15295
27238
15295
27238
15295
27238
15295
38691
15295
27238
29614
27238
15295
27238
15295
241727
15295
27238
15295
27238
15295
27238
15295
222644
15295
138799
15295
138799
15295
27238
15295
143109
15295
138799
15295
143109
15295
27238
15295
222644
29614
27238
29614
138799
29614
250001
29614
138799
29614
27238
29614
27238
250001
138799
246531
222644
250001
138799
250001
27238
164125
27238
246531
27238
250001
27238
250001
222644
164125
138799
246531
222644
246531
27238
164125
138799
250001
27238
164125
27238
164125
