49642
69542
247946
70414
96554
106568
24882
70414
250001
58630
24882
69542
53255
58630
96554
232652
24882
17075
96554
58630
53255
106568
170664
70414
250001
87621
130056
106568
235962
250001
24882
182661
49642
69542
250001
112881
130056
164059
250001
208029
49642
58630
250001
106568
78958
58630
75816
58630
197309
105496
53255
69542
250001
58630
235962
17075
250001
250001
230082
58630
250001
104615
103841
96728
250001
106190
53255
70414
250001
58630
49642
69542
49642
69542
24882
69542
49642
58630
24882
72198
49642
58630
49642
69542
24882
17075
49642
58630
49642
69542
49642
69542
49642
69542
49642
69542
49642
69542
24882
69542
250001
106568
49642
69542
49642
69542
49642
69542
250001
58630
49642
69542
49642
58630
49642
58630
49642
69542
49642
72198
49642
58630
49642
17075
49642
69542
49642
58630
49642
69542
49642
69542
49642
69542
49642
69542
49642
58630
96554
70414
24882
92111
247946
58630
24882
69542
53255
58630
96554
70414
24882
17075
96554
58630
53255
70414
170664
105434
247946
70414
130056
70414
235962
70414
24882
70414
49642
69542
247946
70414
130056
70414
247946
70414
49642
58630
247946
70414
78958
58630
75816
58630
197309
70414
53255
69542
247946
58630
235962
17075
247946
70414
230082
58630
247946
70414
103841
70414
247946
70414
53255
87621
247946
58630
24882
70414
96554
58630
24882
69542
53255
58630
250001
106568
24882
17075
250001
58630
53255
152063
96554
70414
96554
87621
96554
128068
96554
106568
24882
106568
49642
69542
96554
106568
96554
106568
96554
106568
49642
58630
96554
164059
78958
58630
75816
58630
96554
105496
53255
69542
96554
58630
96554
17075
96554
106568
96554
58630
96554
104615
96554
96728
96554
106190
53255
70414
96554
58630
24882
58630
53455
69542
24882
58630
24882
70414
53455
17075
24882
58630
24882
70414
24882
92111
24882
70414
24882
70414
24882
70414
193952
70414
24882
69542
24882
70414
24882
70414
24882
70414
24882
58630
24882
70414
24882
58630
24882
58630
24882
70414
24882
69542
24882
58630
24882
17075
24882
70414
24882
58630
24882
70414
24882
70414
24882
70414
24882
87621
24882
58630
24882
58630
53255
70414
96554
58630
24882
17075
96554
106568
53255
58630
170664
58630
250001
58630
130056
58630
235962
58630
24882
58630
49642
58630
250001
58630
130056
58630
250001
58630
49642
69542
250001
58630
78958
160231
75816
106568
197309
58630
53255
58630
250001
182661
235962
17075
250001
58630
230082
106568
250001
58630
103841
58630
250001
58630
53255
58630
250001
90314
24882
58630
24882
69542
250001
17075
24882
58630
24882
69542
24882
69542
24882
69542
24882
69542
24882
69542
53455
69542
24882
72198
24882
69542
24882
69542
24882
69542
24882
58630
24882
69542
24882
58630
24882
58630
24882
69542
24882
105496
24882
58630
24882
17075
24882
69542
24882
58630
24882
69542
24882
69542
24882
69542
24882
69542
24882
58630
53255
58630
24882
17075
53255
70414
250001
58630
53255
58630
53255
58630
53255
58630
53255
58630
24882
58630
49642
58630
53255
58630
53255
58630
53255
58630
49642
69542
53255
58630
53255
70414
53255
70414
53255
58630
250001
58630
53255
70414
53255
17075
53255
58630
53255
70414
53255
58630
53255
58630
53255
58630
250001
58630
53255
70414
24882
17075
250001
58630
53255
106568
96554
70414
96554
87621
96554
106568
96554
232652
24882
182661
49642
69542
96554
112881
96554
164059
96554
208029
49642
58630
96554
106568
78958
58630
75816
58630
96554
105496
53255
69542
96554
58630
96554
17075
96554
232652
96554
58630
96554
104615
96554
96728
96554
106190
53255
70414
96554
58630
24882
17075
24882
17075
24882
17075
24882
17075
24882
17075
24882
17075
53455
17075
24882
17075
24882
17075
24882
17075
24882
17075
24882
17075
24882
17075
24882
17075
24882
17075
24882
17075
24882
17075
24882
17075
24882
250001
24882
17075
24882
17075
24882
17075
24882
17075
24882
17075
24882
17075
24882
17075
53255
58630
96554
58630
96554
58630
96554
58630
96554
58630
24882
58630
49642
58630
96554
58630
96554
58630
96554
58630
49642
69542
96554
58630
78958
106568
75816
129191
96554
58630
53255
58630
96554
106568
96554
17075
96554
58630
96554
128068
96554
58630
96554
58630
96554
58630
53255
58630
96554
90314
53255
70414
53255
87621
53255
128068
53255
106568
24882
106568
49642
69542
53255
106568
53255
106568
53255
106568
49642
58630
53255
152063
53255
58630
53255
58630
53255
105496
250001
69542
53255
58630
53255
17075
53255
106568
53255
58630
53255
104615
53255
96728
53255
106190
250001
70414
53255
58630
170664
70414
130056
70414
170664
70414
24882
70414
49642
69542
170664
70414
130056
70414
170664
70414
49642
58630
170664
70414
78958
58630
75816
58630
170664
70414
53255
69542
170664
58630
170664
17075
170664
70414
170664
58630
170664
70414
103841
70414
170664
70414
53255
87621
170664
58630
130056
87621
235962
87621
24882
87621
49642
69542
250001
87621
130056
87621
250001
87621
49642
58630
250001
87621
78958
58630
75816
58630
197309
87621
53255
69542
250001
58630
235962
17075
250001
87621
230082
58630
250001
87621
103841
87621
250001
87621
53255
70414
250001
58630
130056
106568
24882
106568
49642
69542
130056
106568
227796
106568
130056
106568
49642
58630
130056
128068
78958
58630
75816
58630
130056
105496
53255
69542
130056
58630
130056
17075
130056
106568
130056
58630
130056
104615
103841
96728
130056
106190
53255
70414
130056
58630
24882
182661
49642
69542
235962
112881
130056
164059
235962
208029
49642
58630
235962
106568
78958
58630
75816
58630
197309
105496
53255
69542
235962
58630
250001
17075
235962
250001
230082
58630
235962
104615
103841
96728
235962
106190
53255
70414
235962
58630
24882
69542
24882
112881
24882
164059
24882
182661
24882
58630
24882
106568
24882
58630
24882
58630
24882
105496
24882
69542
24882
58630
24882
17075
24882
182661
24882
58630
24882
104615
24882
96728
24882
106190
24882
70414
24882
58630
49642
69542
49642
69542
49642
69542
250001
58630
49642
69542
49642
58630
49642
58630
49642
69542
49642
72198
49642
58630
49642
17075
49642
69542
49642
58630
49642
69542
49642
69542
49642
69542
49642
69542
49642
58630
130056
112881
250001
112881
49642
58630
250001
106568
78958
58630
75816
58630
197309
105496
53255
69542
250001
58630
235962
17075
250001
112881
230082
58630
250001
104615
103841
96728
250001
106190
53255
70414
250001
58630
130056
164059
49642
58630
130056
106568
78958
58630
75816
58630
130056
105496
53255
69542
130056
58630
130056
17075
130056
164059
130056
58630
130056
104615
103841
96728
130056
106190
53255
70414
130056
58630
49642
58630
250001
106568
78958
58630
75816
58630
197309
105496
53255
69542
250001
58630
235962
17075
250001
208029
230082
58630
250001
104615
103841
96728
250001
106190
53255
70414
250001
58630
49642
58630
49642
69542
49642
69542
49642
58630
49642
58630
49642
69542
49642
17075
49642
58630
49642
69542
49642
58630
49642
58630
49642
58630
49642
58630
49642
69542
78958
58630
75816
58630
197309
105496
53255
69542
250001
58630
235962
17075
250001
106568
230082
58630
250001
104615
103841
96728
250001
106190
53255
70414
250001
58630
75816
106568
78958
58630
53255
58630
78958
160231
78958
17075
78958
58630
78958
106568
78958
58630
78958
58630
78958
58630
53255
58630
78958
90314
75816
58630
53255
58630
75816
106568
75816
17075
75816
58630
75816
128068
75816
58630
75816
58630
75816
58630
53255
58630
75816
90314
53255
69542
197309
58630
197309
17075
197309
105496
197309
58630
197309
104615
103841
96728
197309
105496
53255
70414
197309
58630
53255
58630
53255
17075
53255
69542
53255
58630
53255
69542
53255
69542
53255
69542
250001
69542
53255
58630
235962
17075
250001
58630
230082
106568
250001
58630
103841
58630
250001
58630
53255
58630
250001
90314
235962
17075
230082
17075
235962
17075
103841
17075
235962
17075
53255
17075
235962
17075
230082
58630
250001
104615
103841
96728
250001
106190
53255
70414
250001
58630
230082
58630
103841
58630
230082
58630
53255
58630
230082
90314
103841
96728
250001
104615
53255
70414
250001
58630
103841
96728
53255
70414
103841
58630
53255
70414
250001
58630
53255
58630
