23178
99055
18650
33045
23101
56832
23101
61067
11188
100529
23101
53226
11188
60744
23101
214102
23178
100908
21738
136362
23101
214102
23541
61067
23101
60977
23101
60891
23101
214102
23178
183437
11188
93761
23101
33045
23101
95210
23541
143434
23101
101936
23101
214102
11188
214102
20706
214102
23101
53226
23101
61468
23101
33045
23178
211709
23101
107613
23101
214102
23178
214102
23178
207183
23101
219672
18650
214102
18650
33045
23101
56832
23101
61067
11188
99055
23101
53226
11188
60744
23101
99055
105264
99055
21738
99055
23101
99055
23178
61067
23101
60977
23101
60891
23101
99055
38284
99055
11188
93761
23101
33045
23101
95210
23178
99055
23101
99055
23101
99055
11188
99055
20706
99055
23101
53226
23101
61468
23101
33045
36164
99055
23101
99055
23101
99055
38695
99055
38284
99055
23101
99055
18650
99055
18650
33045
18650
33045
11188
33045
18650
33045
11188
33045
18650
33045
18650
33045
18650
33045
18650
33045
18650
33045
18650
33045
18650
33045
18650
33045
18650
33045
11188
33045
18650
52318
18650
33045
18650
33045
18650
33045
18650
33045
11188
33045
18650
33045
18650
33045
18650
33045
18650
52318
18650
33045
18650
33045
18650
33045
18650
33045
18650
33045
18650
33045
23101
33045
110853
56832
11188
56832
38301
53226
11188
56832
110853
56832
23101
56832
21738
56832
55098
56832
23101
56832
61232
56832
110853
56832
84610
56832
23101
56832
11188
56832
110853
33045
55726
56832
23101
56832
84610
56832
110853
56832
11188
56832
20706
56832
38301
53226
250001
56832
68076
33045
23101
56832
44586
56832
81758
56832
23101
56832
23101
56832
47423
56832
18650
56832
11188
61067
38301
53226
11188
60744
233847
61067
23101
61067
21738
61067
55098
61067
23101
183437
61232
60977
233847
60891
84610
61067
23101
61067
11188
61067
231824
33045
55726
61067
23101
61067
84610
61067
209325
61067
11188
61067
20706
61067
38301
53226
110853
61067
68076
33045
23101
61067
44586
61067
81758
61067
23101
61067
23101
61067
47423
61067
18650
61067
11188
53226
23101
60744
11188
100529
11188
100529
11188
100529
11188
100529
11188
61067
11188
60977
11188
60891
11188
100529
11188
100529
18650
93761
11188
33045
11188
95210
11188
100529
11188
100529
11188
100529
23101
100529
11188
100529
11188
53226
11188
61468
11188
33045
11188
100529
11188
100529
11188
100529
11188
100529
11188
100529
11188
100529
11188
100529
11188
53226
38301
53226
23101
53226
21738
53226
38301
53226
23101
53226
38301
53226
38301
53226
38301
53226
23101
53226
11188
53226
38301
33045
38301
53226
23101
53226
38301
53226
38301
53226
11188
53226
20706
53226
186438
250001
38301
53226
38301
33045
23101
53226
38301
53226
38301
53226
23101
53226
23101
53226
38301
53226
18650
53226
11188
60744
11188
60744
11188
60744
11188
60744
11188
60744
11188
60744
11188
60744
11188
60744
11188
60744
18650
60744
11188
33045
11188
60744
11188
60744
11188
60744
11188
60744
23178
60744
11188
60744
11188
53226
11188
60744
11188
33045
11188
60744
11188
60744
11188
60744
11188
60744
11188
60744
11188
60744
11188
60744
23101
100908
21738
136362
55098
250001
23101
61067
61232
60977
250001
60891
84610
250001
23101
183437
11188
93761
231824
33045
55726
95210
23101
143434
84610
101936
209325
250001
11188
250001
20706
219672
38301
53226
110853
61468
68076
33045
23101
211709
44586
107613
81758
250001
23101
238528
23101
207183
47423
214102
18650
220625
21738
100908
23101
100908
23178
61067
23101
60977
23101
60891
23101
100908
38284
100908
11188
93761
23101
33045
23101
95210
23178
100908
23101
100908
23101
100908
11188
100908
20706
100908
23101
53226
23101
61468
23101
33045
36164
100908
23101
100908
23101
100908
38695
100908
38284
100908
23101
100908
18650
100908
21738
136362
21738
61067
21738
60977
21738
60891
21738
136362
21738
136362
11188
93761
21738
33045
21738
95210
21738
136362
21738
101936
21738
136362
11188
136362
20706
136362
21738
53226
21738
61468
21738
33045
21738
136362
21738
107613
21738
136362
21738
136362
21738
136362
21738
136362
18650
136362
23101
61067
55098
60977
55098
60891
55098
250001
23101
183437
11188
93761
55098
33045
55098
95210
23101
143434
55098
101936
55098
250001
11188
250001
20706
219672
38301
53226
55098
61468
55098
33045
23101
211709
44586
107613
55098
250001
23101
238528
23101
207183
47423
214102
18650
220625
23101
60977
23101
60891
23101
61067
23178
61067
11188
61067
23101
33045
23101
61067
46510
61067
23101
61067
23101
61067
11188
61067
20706
61067
23101
53226
23101
61067
23101
33045
23178
61067
23101
61067
23101
61067
23178
61067
23178
61067
23101
61067
18650
61067
61232
60891
61232
60977
23101
60977
11188
60977
61232
33045
55726
60977
23101
60977
61232
60977
61232
60977
11188
60977
20706
60977
38301
53226
61232
60977
61232
33045
23101
60977
44586
60977
61232
60977
23101
60977
23101
60977
47423
60977
18650
60977
84610
60891
23101
60891
11188
60891
231824
33045
55726
60891
23101
60891
84610
60891
209325
60891
11188
60891
20706
60891
38301
53226
110853
60891
68076
33045
23101
60891
44586
60891
81758
60891
23101
60891
23101
60891
47423
60891
18650
60891
23101
183437
11188
93761
84610
33045
55726
95210
23101
143434
218230
101936
84610
250001
11188
250001
20706
219672
38301
53226
84610
61468
68076
33045
23101
211709
44586
107613
81758
250001
23101
238528
23101
207183
47423
214102
18650
220625
11188
93761
23101
33045
23101
95210
23178
143434
23101
101936
23101
183437
11188
183437
20706
183437
23101
53226
23101
61468
23101
33045
36164
183437
23101
107613
23101
183437
38284
183437
47927
183437
23101
183437
18650
183437
11188
33045
11188
93761
11188
93761
11188
93761
11188
93761
18650
93761
11188
93761
11188
53226
11188
61468
11188
33045
11188
93761
11188
93761
11188
93761
11188
93761
11188
93761
11188
93761
11188
93761
55726
33045
23101
33045
84610
33045
209325
33045
11188
33045
20706
33045
38301
33045
110853
33045
68076
100529
23101
33045
44586
33045
81758
33045
23101
33045
23101
33045
47423
33045
18650
33045
23101
95210
55726
95210
55726
95210
11188
95210
20706
95210
38301
53226
55726
61468
55726
33045
23101
95210
44586
95210
55726
95210
23101
95210
23101
95210
47423
95210
18650
95210
23101
101936
23101
143434
11188
143434
20706
143434
23101
53226
23101
61468
23101
33045
23178
143434
23101
107613
23101
143434
23178
143434
23178
143434
23101
143434
18650
143434
84610
101936
11188
101936
20706
101936
38301
53226
84610
61468
68076
33045
23101
101936
44586
101936
81758
101936
23101
101936
23101
101936
47423
101936
18650
101936
11188
250001
20706
219672
38301
53226
110853
61468
68076
33045
23101
211709
44586
107613
81758
250001
23101
238528
23101
207183
47423
214102
18650
220625
11188
219672
11188
53226
11188
61468
11188
33045
11188
211709
11188
107613
11188
250001
11188
238528
11188
207183
11188
214102
11188
220625
20706
53226
20706
61468
20706
33045
20706
211709
20706
107613
20706
219672
20706
219672
20706
207183
20706
214102
18650
219672
38301
53226
38301
33045
23101
53226
38301
53226
38301
53226
23101
53226
23101
53226
38301
53226
18650
53226
68076
33045
23101
61468
44586
61468
81758
61468
23101
61468
23101
61468
47423
61468
18650
61468
23101
33045
44586
33045
68076
33045
23101
33045
23101
33045
47423
33045
18650
33045
23101
107613
23101
211709
36164
211709
36164
207183
23101
211709
18650
211709
44586
107613
23101
107613
23101
107613
44586
107613
18650
107613
23101
238528
23101
207183
47423
214102
18650
220625
38284
207183
23101
214102
18650
220625
23101
207183
18650
207183
18650
214102
