156558
250001
156558
250001
250001
250001
161706
121301
22150
241042
154674
168768
156558
250001
250001
136389
250001
161455
50046
250001
98957
250001
156558
152056
156558
152056
82742
250001
167856
250001
192418
250001
156558
121301
156558
250001
250001
136389
250001
250001
161706
250001
22150
241042
250001
250001
153689
250001
22150
250001
161706
250001
211076
250001
156558
136389
156558
136389
250001
250001
156558
161455
153689
250001
156558
152056
50046
250001
157603
250001
156558
250001
156558
121301
22150
241042
154674
168768
157603
250001
156558
136389
156558
161455
50046
250001
98957
250001
157603
152056
157603
152056
82742
250001
156558
250001
156558
250001
157603
121301
157603
250001
156558
136389
156558
250001
156558
250001
22150
241042
156558
250001
153689
250001
22150
250001
156558
250001
156558
250001
157603
136389
157603
136389
156558
250001
157603
161455
153689
250001
157603
152056
50046
250001
156558
250001
156558
121301
22150
241042
154674
168768
166828
250001
156558
136389
156558
161455
50046
250001
98957
250001
166828
152056
166828
152056
82742
250001
156558
250001
156558
250001
166828
121301
191705
250001
156558
136389
156558
250001
156558
250001
22150
241042
156558
250001
153689
250001
22150
250001
156558
250001
156558
250001
166828
136389
166828
136389
156558
250001
167661
161455
153689
250001
158102
152056
50046
250001
161706
121301
22150
241042
154674
168768
156558
250001
250001
136389
250001
161455
50046
250001
98957
250001
156558
152056
156558
152056
82742
250001
167856
250001
192418
250001
156558
121301
156558
250001
250001
136389
250001
250001
161706
250001
22150
241042
250001
250001
153689
250001
22150
250001
161706
250001
211076
250001
156558
136389
156558
136389
250001
250001
156558
161455
153689
250001
156558
152056
50046
250001
22150
121301
154674
121301
156558
121301
161706
121301
161706
121301
50046
121301
98957
121301
156558
121301
156558
121301
82742
121301
161706
121301
161706
121301
156558
250001
156558
121301
161706
121301
161706
121301
191705
121301
22150
121301
161706
121301
153689
121301
22150
121301
166828
121301
161706
121301
156558
121301
156558
121301
161706
121301
156558
121301
153689
121301
156558
121301
50046
121301
22150
168768
22150
241042
22150
136389
22150
161455
22150
241042
22150
241042
22150
152056
22150
152056
22150
241042
22150
241042
22150
241042
22150
121301
22150
241042
22150
136389
22150
241042
22150
241042
161706
250001
22150
241042
22150
241042
161706
241042
22150
241042
22150
241042
22150
136389
22150
136389
22150
241042
22150
161455
22150
241042
22150
152056
22150
241042
154674
168768
154674
136389
154674
161455
50046
168768
98957
168768
154674
152056
154674
152056
82742
168768
154674
168768
154674
168768
154674
121301
154674
168768
154674
136389
154674
168768
154674
168768
22150
168768
154674
168768
153689
168768
22150
168768
154674
168768
154674
168768
154674
136389
154674
136389
154674
168768
154674
161455
153689
168768
154674
152056
50046
168768
156558
136389
156558
161455
50046
250001
98957
250001
250001
152056
250001
152056
82742
250001
156558
250001
156558
250001
250001
121301
166828
250001
156558
136389
156558
250001
156558
250001
22150
241042
156558
250001
153689
250001
22150
250001
156558
250001
156558
250001
192286
136389
169885
136389
156558
250001
166828
161455
153689
250001
158102
152056
50046
250001
250001
136389
50046
136389
98957
136389
156558
136389
156558
136389
82742
136389
167856
136389
192418
136389
156558
121301
156558
136389
250001
250001
250001
136389
161706
136389
22150
136389
250001
136389
153689
136389
22150
136389
161706
136389
211076
136389
156558
250001
156558
250001
250001
136389
156558
136389
153689
136389
156558
136389
50046
136389
50046
161455
98957
161455
156558
152056
156558
152056
82742
161455
167856
161455
192418
161455
156558
121301
156558
161455
250001
136389
250001
161455
161706
161455
22150
161455
250001
161455
153689
161455
22150
161455
161706
161455
211076
161455
156558
136389
156558
136389
250001
161455
156558
168768
153689
161455
156558
152056
50046
161455
50046
250001
50046
152056
50046
152056
50046
250001
50046
250001
50046
250001
50046
121301
50046
250001
50046
136389
50046
250001
50046
250001
22150
241042
50046
250001
50046
250001
22150
250001
50046
250001
50046
250001
50046
136389
50046
136389
50046
250001
50046
161455
50046
250001
50046
152056
82742
250001
98957
152056
98957
152056
82742
250001
98957
250001
98957
250001
98957
121301
98957
250001
98957
136389
98957
250001
98957
250001
22150
241042
98957
250001
98957
250001
22150
250001
98957
250001
98957
250001
98957
136389
98957
136389
98957
250001
98957
161455
98957
250001
98957
152056
50046
250001
250001
250001
82742
152056
156558
152056
156558
152056
250001
121301
166828
152056
156558
136389
156558
152056
156558
152056
22150
152056
156558
152056
153689
152056
22150
152056
156558
152056
156558
152056
192286
136389
169885
136389
156558
152056
166828
152056
153689
152056
158102
250001
50046
152056
82742
152056
156558
152056
156558
152056
250001
121301
166828
152056
156558
136389
156558
152056
156558
152056
22150
152056
156558
152056
153689
152056
22150
152056
156558
152056
156558
152056
192286
136389
169885
136389
156558
152056
166828
152056
153689
152056
158102
250001
50046
152056
82742
250001
82742
250001
82742
121301
82742
250001
82742
136389
82742
250001
82742
250001
22150
241042
82742
250001
82742
250001
22150
250001
82742
250001
82742
250001
82742
136389
82742
136389
82742
250001
82742
161455
82742
250001
82742
152056
50046
250001
167856
250001
156558
121301
156558
250001
167856
136389
167856
250001
161706
250001
22150
241042
167856
250001
153689
250001
22150
250001
161706
250001
167856
250001
156558
136389
156558
136389
167856
250001
156558
161455
153689
250001
156558
152056
50046
250001
156558
121301
156558
250001
192418
136389
192418
250001
161706
250001
22150
241042
192418
250001
153689
250001
22150
250001
161706
250001
192418
250001
156558
136389
156558
136389
192418
250001
156558
161455
153689
250001
156558
152056
50046
250001
166828
121301
156558
121301
156558
121301
156558
121301
22150
121301
156558
121301
153689
121301
22150
121301
156558
121301
156558
121301
192286
121301
169885
121301
156558
121301
166828
121301
153689
121301
158102
121301
50046
121301
156558
136389
156558
250001
156558
250001
22150
241042
156558
250001
153689
250001
22150
250001
156558
250001
156558
250001
166828
136389
166828
136389
156558
250001
167661
161455
153689
250001
158102
152056
50046
250001
250001
136389
161706
136389
22150
136389
250001
136389
153689
136389
22150
136389
161706
136389
211076
136389
156558
250001
156558
250001
250001
136389
156558
136389
153689
136389
156558
136389
50046
136389
161706
250001
22150
241042
250001
250001
153689
250001
22150
250001
161706
250001
211076
250001
156558
136389
156558
136389
250001
250001
156558
161455
153689
250001
156558
152056
50046
250001
22150
241042
161706
250001
153689
250001
22150
250001
166828
250001
161706
250001
156558
136389
156558
136389
161706
250001
156558
161455
153689
250001
156558
152056
50046
250001
22150
241042
22150
241042
166828
241042
22150
241042
22150
241042
22150
136389
22150
136389
22150
241042
22150
161455
22150
241042
22150
152056
22150
241042
153689
250001
22150
250001
161706
250001
211076
250001
156558
136389
156558
136389
250001
250001
156558
161455
153689
250001
156558
152056
50046
250001
22150
250001
153689
250001
153689
250001
153689
136389
153689
136389
153689
250001
153689
161455
173521
250001
153689
152056
50046
250001
22150
250001
22150
250001
22150
136389
22150
136389
22150
250001
22150
161455
22150
250001
22150
152056
22150
250001
161706
250001
156558
136389
156558
136389
161706
250001
156558
161455
153689
250001
156558
152056
50046
250001
156558
136389
156558
136389
211076
250001
156558
161455
153689
250001
156558
152056
50046
250001
169885
250001
156558
136389
166828
136389
153689
136389
158102
136389
50046
136389
156558
136389
166828
136389
153689
136389
158102
136389
50046
136389
156558
161455
153689
250001
156558
152056
50046
250001
153689
161455
158102
152056
50046
161455
153689
152056
50046
250001
50046
152056
