51352
36078
51352
36078
51352
36078
63412
35810
84069
35810
65992
35810
84069
35810
51352
36078
51352
36078
51352
36078
51352
36078
51352
36078
51352
37816
84069
35810
84069
36078
250001
35810
51352
37816
84069
35810
250001
35810
51352
36078
51352
36078
84069
37637
51352
37816
84069
35810
51352
37816
51352
36078
84069
15040
51352
35810
51352
35810
63609
36078
51352
36078
84069
36078
84069
36078
63412
15040
228516
115061
228516
184099
51352
35810
51352
35810
51352
35810
51352
35810
96474
37556
228516
37816
215522
37556
84524
184099
228516
115061
228516
36078
51352
35810
51352
37816
51352
35810
228516
36078
51352
35810
51352
35810
227128
115061
228516
179042
51352
36078
228516
36078
51352
35810
228516
36078
228516
158495
51352
15040
228516
35810
228516
35810
51352
184099
228516
115061
51352
37816
51352
37556
51352
15040
250001
115061
51352
35810
51352
35810
51352
35810
51352
35810
96474
37556
250001
37816
215522
37556
84524
115061
250001
169601
245244
36078
51352
35810
51352
37816
51352
35810
250001
36078
51352
35810
51352
35810
227128
169601
250001
115061
51352
36078
233642
36078
51352
35810
245244
36078
250001
115061
51352
15040
250001
35810
250001
35810
51352
115061
250001
169601
51352
37816
51352
37556
51352
15040
51352
35810
51352
35810
51352
35810
51352
35810
96474
37556
250001
37816
215522
37556
84524
249244
250001
115061
245244
36078
51352
35810
51352
37816
51352
35810
250001
36078
51352
35810
51352
35810
227128
115061
250001
179042
51352
36078
233642
36078
51352
35810
245244
36078
250001
158495
51352
15040
250001
35810
250001
35810
51352
249244
250001
115061
51352
37816
51352
37556
51352
15040
63412
36078
63412
37637
63412
36078
51352
35810
51352
35810
51352
35810
51352
35810
51352
35810
51352
35810
63412
36078
63412
35810
63412
36078
51352
35810
63412
36078
63412
36078
51352
35810
51352
35810
63412
35810
51352
35810
63412
36078
51352
35810
51352
35810
63412
15040
51352
250001
51352
36078
63412
35810
51352
35810
63412
35810
63412
35810
74548
15040
65992
36078
177065
37556
51352
35810
51352
35810
51352
35810
51352
35810
51352
35810
51352
35810
131867
37556
177065
35810
84069
37556
51352
35810
177065
37556
84069
37556
51352
35810
51352
35810
92938
35810
51352
35810
92938
37556
51352
35810
51352
35810
92938
15040
51352
36078
51352
37637
63609
35810
51352
35810
177065
35810
177065
35810
63412
15040
65992
36078
51352
35810
51352
35810
51352
35810
51352
35810
51352
35810
51352
35810
65992
36078
65992
35810
65992
36078
51352
35810
65992
36078
65992
36078
51352
35810
51352
35810
65992
35810
51352
35810
65992
36078
51352
35810
51352
35810
65992
15040
51352
37637
51352
36078
63609
35810
51352
35810
65992
35810
65992
35810
63412
15040
51352
35810
51352
35810
51352
35810
51352
35810
51352
35810
51352
35810
131867
106833
182188
35810
84069
106833
51352
35810
182188
106833
84069
106833
51352
35810
51352
35810
92938
35810
51352
35810
92938
106833
51352
35810
51352
35810
92938
15040
51352
36078
51352
37556
63609
35810
51352
35810
182188
35810
182188
35810
63412
15040
96474
37556
96474
42839
84524
37556
96474
37556
96474
36078
51352
35810
51352
37556
51352
35810
96474
36078
51352
35810
51352
35810
96474
37556
96474
37556
51352
36078
96474
36078
51352
35810
96474
36078
96474
37556
51352
15040
96474
35810
96474
35810
51352
37556
96474
37556
51352
37556
51352
49651
51352
15040
215522
37556
84524
37816
250001
37816
245244
36078
51352
35810
51352
158495
51352
35810
250001
36078
51352
35810
51352
35810
227128
37816
250001
37816
51352
36078
233642
36078
51352
35810
245244
36078
250001
37816
51352
15040
250001
35810
250001
35810
51352
37816
250001
37816
51352
158495
51352
37556
51352
15040
84524
37556
215522
37556
215522
36078
51352
35810
51352
37556
51352
35810
215522
36078
51352
35810
51352
35810
215522
37556
215522
37556
51352
36078
215522
36078
51352
35810
215522
36078
215522
37556
51352
15040
215522
35810
215522
35810
51352
37556
215522
37556
51352
37556
51352
42839
51352
15040
84524
115061
84524
36078
51352
35810
51352
37816
51352
35810
84524
36078
51352
35810
51352
35810
84524
115061
84524
179042
51352
36078
84524
36078
51352
35810
84524
36078
84524
158495
51352
15040
84524
35810
84524
35810
51352
250001
84524
115061
51352
37816
51352
37556
51352
15040
245244
36078
51352
35810
51352
37816
51352
35810
250001
36078
51352
35810
51352
35810
227128
223826
250001
115061
51352
36078
233642
36078
51352
35810
245244
36078
250001
115061
51352
15040
250001
35810
250001
35810
51352
115061
250001
172828
51352
37816
51352
37556
51352
15040
51352
35810
51352
36078
51352
35810
245244
250001
51352
35810
51352
35810
227128
36078
245244
36078
51352
37637
233642
250001
51352
35810
250001
250001
245244
36078
51352
15040
245244
35810
245244
35810
51352
36078
245244
36078
51352
36078
51352
36078
51352
15040
131867
35810
84069
220250
51352
35810
131867
250001
84069
220250
51352
35810
51352
35810
92938
35810
51352
35810
92938
220250
51352
35810
51352
35810
92938
15040
51352
36078
51352
37556
63609
35810
51352
35810
131867
35810
131867
35810
63412
15040
84069
35810
51352
36078
208416
35810
84069
35810
51352
37816
51352
37816
92938
36078
51352
36078
92938
35810
51352
36078
51352
37816
92938
15040
51352
35810
51352
35810
63609
37816
51352
37816
208416
229818
208416
37556
63412
15040
51352
35810
84069
220250
250001
250001
51352
35810
51352
35810
84069
35810
51352
35810
84069
250001
51352
35810
51352
35810
84069
15040
51352
36078
51352
37556
63609
35810
51352
35810
84069
35810
84069
35810
63412
15040
51352
35810
51352
35810
227128
36078
250001
36078
51352
37637
233642
250001
51352
35810
245244
250001
250001
36078
51352
15040
250001
35810
250001
35810
51352
36078
250001
36078
51352
36078
51352
36078
51352
15040
84069
220250
51352
35810
51352
35810
92938
35810
51352
35810
92938
220250
51352
35810
51352
35810
92938
15040
51352
36078
51352
37556
63609
35810
51352
35810
212214
35810
212214
35810
63412
15040
51352
35810
51352
35810
84069
35810
51352
35810
84069
250001
51352
35810
51352
35810
84069
15040
51352
36078
51352
37556
63609
35810
51352
35810
84069
35810
84069
35810
63412
15040
227128
115061
51352
36078
227128
36078
51352
35810
227128
36078
227128
115061
51352
15040
227128
35810
227128
35810
51352
115061
227128
172828
51352
37816
51352
37556
51352
15040
51352
36078
233642
36078
51352
35810
245244
36078
250001
158495
51352
15040
250001
35810
250001
35810
51352
179042
250001
115061
51352
37816
51352
37556
51352
15040
51352
37637
218740
35810
51352
37637
51352
36078
218740
15040
51352
35810
51352
35810
63609
36078
51352
36078
92938
36078
92938
36078
63412
15040
51352
35810
233642
250001
233642
36078
51352
15040
233642
35810
233642
35810
51352
36078
233642
36078
51352
36078
51352
36078
51352
15040
51352
35810
51352
35810
250001
15040
51352
36078
51352
37556
63609
35810
51352
35810
92938
35810
92938
35810
63412
15040
245244
36078
51352
15040
245244
35810
245244
35810
51352
36078
245244
36078
51352
36078
51352
36078
51352
15040
51352
15040
250001
35810
250001
35810
51352
158495
250001
115061
51352
37816
51352
37556
51352
15040
51352
15040
51352
15040
63609
15040
51352
15040
92938
15040
92938
15040
63412
35810
250001
36078
51352
35810
250001
35810
51352
35810
51352
35810
51352
15040
51352
35810
250001
35810
51352
35810
51352
35810
51352
15040
51352
115061
63609
37816
63609
37556
63412
15040
51352
37816
51352
37556
51352
15040
227128
37556
63412
15040
63412
15040
