153693
148515
34918
148515
120403
32416
14598
148515
68696
154558
153693
148515
39572
148515
153693
148798
153693
72695
66506
148515
153693
27429
120403
95831
4240
227061
144585
27429
153693
76229
202638
27429
44811
34480
153693
148515
4240
148515
202638
95831
153693
34480
75389
126083
90939
92227
153693
35471
71744
30784
213013
27429
153693
27429
153693
148515
44811
117252
14598
27429
90939
30784
153693
34480
34918
250001
120403
32416
14598
148978
68696
148515
210427
148798
39572
244881
210419
148515
210419
72695
66506
148978
250001
27429
120403
95831
4240
148515
144585
27429
250001
76229
153693
27429
44811
34480
216281
186632
4240
227061
153693
95831
250001
34480
75389
126083
90939
92227
250001
35471
71744
30784
153693
27429
207421
27429
250001
201765
44811
117252
14598
27429
90939
30784
210419
34480
34918
32416
14598
148978
34918
148515
34918
148798
34918
244881
34918
148515
34918
72695
34918
148978
34918
27429
34918
95831
4240
148515
34918
27429
34918
76229
34918
27429
34918
34480
34918
186632
4240
227061
34918
95831
34918
34480
34918
126083
34918
92227
34918
35471
34918
30784
34918
27429
34918
27429
34918
201765
34918
117252
14598
27429
34918
30784
34918
34480
14598
32416
68696
32416
120403
32416
39572
32416
120403
32416
120403
32416
66506
32416
120403
27429
120903
32416
4240
32416
120403
27429
120403
32416
120403
27429
44811
32416
120403
32416
4240
32416
120403
32416
120403
32416
75389
32416
90939
32416
120403
32416
71744
30784
120403
27429
120403
27429
120403
32416
44811
32416
14598
27429
90939
30784
120403
32416
14598
148515
14598
148798
14598
148978
14598
148515
14598
72695
14598
170241
14598
27429
14598
95831
4240
148515
14598
27429
14598
76229
14598
27429
14598
34480
14598
148978
4240
148978
14598
95831
14598
34480
14598
126083
14598
92227
14598
35471
14598
30784
14598
27429
14598
27429
14598
148978
14598
117252
34587
27429
14598
30784
14598
34480
68696
148515
39572
148515
68696
148798
68696
72695
66506
148515
68696
27429
68696
95831
4240
154558
68696
27429
68696
76229
68696
27429
44811
34480
68696
148515
4240
148515
68696
95831
68696
34480
68696
126083
68696
92227
68696
35471
68696
30784
68696
27429
68696
27429
68696
148515
44811
117252
14598
27429
68696
30784
68696
34480
39572
148798
210419
148515
210419
72695
66506
148798
210427
27429
120403
95831
4240
148515
144585
27429
210427
76229
153693
27429
44811
34480
210427
148798
4240
148798
153693
95831
210427
34480
75389
126083
90939
92227
210427
35471
71744
30784
153693
27429
207421
27429
210427
148798
44811
117252
14598
27429
90939
30784
210419
34480
39572
148515
39572
72695
39572
148978
39572
27429
39572
95831
4240
148515
39572
27429
39572
76229
39572
27429
39572
34480
39572
186632
4240
227061
39572
95831
39572
34480
39572
126083
39572
92227
39572
35471
39572
30784
39572
27429
39572
27429
39572
201765
39572
117252
14598
27429
39572
30784
39572
34480
250001
72695
66506
148515
210419
27429
120403
95831
4240
148798
144585
27429
210419
76229
153693
27429
44811
34480
210419
148515
4240
148515
153693
95831
210419
34480
75389
126083
90939
92227
210419
35471
71744
30784
153693
27429
207421
27429
210419
148515
44811
117252
14598
27429
90939
30784
214608
34480
66506
72695
210419
27429
120403
72695
4240
72695
144585
27429
210419
72695
153693
27429
44811
34480
210419
72695
4240
72695
153693
72695
210419
34480
75389
72695
90939
72695
210419
35471
71744
30784
153693
27429
207421
27429
210419
72695
44811
72695
14598
27429
90939
30784
214608
34480
66506
27429
66506
95831
4240
148515
66506
27429
66506
76229
66506
27429
44811
34480
66506
148978
4240
148978
66506
95831
66506
34480
66506
126083
66506
92227
66506
35471
66506
30784
66506
27429
66506
27429
66506
148978
44811
117252
14598
27429
66506
30784
66506
34480
120403
27429
4240
27429
144585
186039
250001
27429
153693
34584
44811
27429
216281
27429
4240
27429
153693
27429
250001
27429
75389
27429
90939
27429
250001
27429
71744
27429
153693
32416
207421
148515
250001
27429
44811
27429
14598
186039
90939
27429
210419
27429
4240
95831
120403
27429
120403
76229
120403
27429
44811
34480
120403
95831
4240
95831
120403
98214
120403
34480
75389
95831
90939
92227
120403
35471
71744
30784
120403
27429
120403
27429
120403
95831
44811
95831
14598
27429
90939
30784
120403
34480
4240
27429
4240
76229
4240
27429
4240
34480
4240
148515
90158
148515
4240
95831
4240
34480
4240
126083
4240
92227
4240
35471
4240
30784
4240
27429
4240
27429
4240
148515
4240
117252
4240
27429
4240
30784
4240
34480
144585
27429
144585
34584
44811
27429
144585
27429
4240
27429
144585
27429
144585
27429
75389
27429
90939
27429
144585
27429
71744
27429
144585
32416
144585
148515
144585
27429
44811
27429
14598
227061
90939
27429
144585
27429
153693
27429
44811
34480
216281
76229
4240
76229
153693
76229
250001
34480
75389
76229
90939
76229
250001
35471
71744
30784
153693
27429
207421
27429
250001
76229
44811
76229
14598
27429
90939
30784
210419
34480
44811
27429
153693
27429
4240
27429
233661
27429
153693
27429
75389
27429
90939
27429
153693
27429
71744
27429
202638
32416
153693
34584
153693
27429
44811
27429
14598
34584
90939
27429
153693
27429
44811
34480
4240
34480
44811
34480
44811
35471
44811
34480
44811
34480
44811
34480
44811
30784
44811
27429
44811
27429
44811
34480
144585
34480
14598
27429
44811
30784
44811
92227
4240
186632
153693
95831
216281
34480
75389
126083
90939
92227
216281
35471
71744
30784
153693
27429
207421
27429
216281
186632
44811
117252
14598
27429
90939
30784
210419
34480
4240
95831
4240
34480
4240
126083
4240
92227
4240
35471
4240
30784
4240
27429
4240
27429
4240
201765
4240
117252
4240
27429
4240
30784
4240
34480
153693
34480
75389
95831
90939
92227
153693
35471
71744
30784
202638
27429
153693
27429
153693
95831
44811
95831
14598
27429
90939
30784
153693
34480
75389
34480
90939
34480
250001
34480
71744
30784
153693
27429
207421
27429
250001
34480
44811
34480
14598
27429
90939
30784
210419
35471
75389
92227
75389
35471
71744
30784
75389
27429
75389
27429
75389
126083
44811
117252
14598
27429
75389
30784
75389
34480
90939
35471
71744
30784
90939
27429
90939
27429
90939
92227
44811
92227
14598
27429
153693
30784
90939
34480
71744
30784
153693
27429
207421
27429
250001
35471
44811
35471
14598
27429
90939
30784
210419
34480
71744
27429
71744
27429
71744
30784
44811
30784
14598
27429
71744
34480
71744
30784
153693
32416
153693
27429
44811
27429
14598
32416
90939
27429
153693
27429
207421
27429
44811
27429
14598
148515
90939
27429
207421
27429
44811
117252
14598
27429
90939
30784
210419
34480
14598
27429
44811
30784
44811
34480
14598
27429
14598
27429
90939
30784
