16964
27341
16098
85517
250001
85546
16964
100360
16964
96708
14402
96708
16098
40879
16964
100360
16098
96708
250001
48307
16964
100360
221041
100360
20412
100360
16964
100360
16098
70690
16098
70690
16964
100360
16098
100360
16964
23477
250001
23477
16964
10646
168310
100360
16964
100360
16098
100360
21725
100360
16098
100360
44405
85546
16098
100360
16964
100360
16964
100360
16098
10646
13946
23477
250001
100360
16098
100360
16964
96708
16964
96708
13946
10646
16098
70690
16098
27341
16964
27341
110850
27341
18570
27341
14402
27341
16098
27341
102166
27341
16098
27341
16964
27341
85744
27341
16964
27341
16964
27341
102107
27341
16098
27341
16098
27341
133420
27341
16098
27341
18570
23477
16964
23477
43535
10646
16964
27341
18570
27341
16098
27341
16964
27341
16098
27341
16964
27341
16098
27341
43535
27341
250001
27341
16098
10646
13946
23477
16964
27341
16098
27341
100772
27341
133420
27341
13946
10646
16098
27341
16098
85517
16098
85517
16098
85517
14402
85517
94547
40879
16098
85517
61305
85517
16098
48307
16098
85517
16098
85517
16098
85517
16098
85517
18570
70690
18570
70690
16098
85517
94547
85517
16098
23477
16098
23477
16098
10646
16098
85517
16098
85517
94547
85517
16098
85517
18570
85517
16098
85517
94547
85517
16098
85517
16098
85517
94547
10646
13946
23477
16098
85517
94547
85517
16098
85517
16098
85517
13946
10646
18570
70690
16964
85546
16964
85546
14402
85546
16098
40879
16964
85546
16098
85546
250001
48307
16964
85546
221041
85546
20412
85546
16964
85546
16098
70690
16098
70690
16964
85546
16098
85546
16964
23477
250001
23477
16964
10646
168310
85546
16964
85546
16098
85546
21725
85546
16098
85546
44405
107069
16098
85546
16964
85546
16964
85546
16098
10646
13946
23477
250001
85546
16098
85546
16964
85546
16964
85546
13946
10646
16098
70690
18570
96708
14402
96708
16098
40879
102166
154011
16098
96708
16964
48307
85744
250001
16964
107435
16964
134067
102107
250001
16098
70690
16098
70690
110850
154011
16098
107069
18570
23477
16964
23477
43535
10646
16964
226258
18570
134067
16098
107435
16964
117106
16098
154011
16964
85546
16098
154011
43535
154011
110850
250001
16098
10646
13946
23477
16964
140372
16098
234940
100772
96708
110850
96708
13946
10646
16098
70690
14402
154011
16098
40879
18570
96708
16098
154011
16964
48307
18570
96708
16964
96708
16964
96708
18570
96708
16098
70690
16098
70690
18570
96708
16098
96708
18696
23477
16964
23477
18570
10646
16964
96708
44405
96708
16098
96708
16964
96708
16098
96708
16964
85546
16098
96708
18570
96708
18570
96708
16098
10646
13946
23477
16964
96708
16098
96708
18570
202807
18570
250001
13946
10646
16098
70690
14402
40879
14402
96708
14402
207425
14402
48307
14402
96708
14402
96708
14402
96708
14402
96708
14402
70690
14402
70690
14402
96708
14402
96708
14402
23477
14402
23477
14402
10646
14402
96708
14402
96708
14402
96708
14402
96708
14402
96708
14402
85546
14402
96708
14402
96708
14402
96708
14402
10646
13946
23477
14402
96708
14402
96708
14402
154011
14402
154011
13946
10646
14402
70690
16098
40879
61305
40879
16098
40879
16098
40879
16098
40879
16098
40879
16098
40879
18570
40879
18570
40879
16098
40879
99132
40879
16098
23477
16098
23477
16098
10646
16098
40879
16098
40879
133420
40879
16098
40879
18570
40879
16098
40879
250001
40879
16098
40879
16098
40879
111780
10646
13946
23477
16098
40879
133420
40879
16098
40879
16098
40879
13946
10646
18570
40879
16098
96708
16964
48307
85744
154011
16964
107435
16964
134067
102107
154011
16098
70690
16098
70690
102166
250001
16098
107069
18570
23477
16964
23477
43535
10646
16964
154011
18570
134067
16098
107435
16964
117106
16098
250001
16964
85546
16098
219937
43535
250001
102166
154011
16098
10646
13946
23477
16964
140372
16098
154011
100772
96708
102166
96708
13946
10646
16098
70690
16098
48307
16098
96708
16098
96708
16098
96708
16098
96708
18570
70690
18570
70690
16098
96708
61305
96708
16098
23477
16098
23477
16098
10646
16098
96708
16098
96708
61305
96708
16098
96708
18570
96708
16098
85546
61305
96708
16098
96708
16098
96708
61305
10646
13946
23477
16098
96708
61305
96708
16098
154011
16098
154011
13946
10646
18570
70690
16964
48307
221041
48307
20412
48307
16964
48307
16098
48307
16098
48307
16964
48307
16098
48307
16964
23477
250001
23477
16964
10646
168310
48307
16964
48307
16098
48307
21725
48307
16098
48307
44405
48307
16098
48307
16964
48307
16964
48307
16098
10646
13946
23477
250001
48307
16098
48307
16964
48307
16964
48307
13946
10646
16098
48307
16964
107435
16964
134067
85744
250001
16098
70690
16098
70690
85744
154011
16098
107069
18570
23477
16964
23477
43535
10646
16964
226258
18570
134067
16098
107435
16964
117106
16098
154011
16964
85546
16098
154011
43535
154011
85744
250001
16098
10646
13946
23477
16964
140372
16098
234940
85744
96708
85744
96708
13946
10646
16098
70690
20412
107435
16964
107435
16098
70690
16098
70690
16964
107435
16098
107069
16964
23477
221041
23477
16964
10646
168310
107435
16964
107435
16098
107822
21725
107435
16098
107435
44405
85546
16098
107435
16964
107435
16964
107435
16098
10646
13946
23477
221041
107435
16098
107435
16964
96708
16964
96708
13946
10646
16098
70690
16964
134067
16098
70690
16098
70690
16964
134067
16098
107069
16964
23477
20412
23477
16964
10646
20412
134067
16964
250001
16098
107435
20412
117106
16098
134067
20412
85546
16098
134067
16964
134067
16964
134067
16098
10646
13946
23477
20412
134067
16098
134067
16964
96708
16964
96708
13946
10646
16098
70690
16098
70690
16098
70690
102107
154011
16098
107069
18570
23477
16964
23477
43535
10646
16964
226258
18570
134067
16098
107435
16964
117106
16098
154011
16964
85546
16098
154011
43535
154011
102107
250001
16098
10646
13946
23477
16964
140372
16098
234940
100772
96708
102107
96708
13946
10646
16098
70690
250001
250001
16098
70690
18570
70690
16098
23477
16098
23477
16098
10646
16098
70690
16098
70690
18570
70690
16098
70690
41572
70690
16098
70690
18570
70690
16098
70690
16098
70690
18570
10646
13946
23477
16098
70690
18570
70690
16098
70690
16098
70690
13946
10646
250001
250001
16098
70690
18570
70690
16098
23477
16098
23477
16098
10646
16098
70690
16098
70690
18570
70690
16098
70690
41572
70690
16098
70690
18570
70690
16098
70690
16098
70690
18570
10646
13946
23477
16098
70690
18570
70690
16098
70690
16098
70690
13946
10646
250001
250001
16098
107069
18570
23477
16964
23477
43535
10646
16964
154011
18570
134067
16098
107435
16964
117106
16098
250001
16964
85546
16098
219937
43535
250001
133420
154011
16098
10646
13946
23477
16964
140372
16098
154011
100772
96708
193003
96708
13946
10646
16098
70690
16098
23477
16098
23477
16098
10646
16098
107069
16098
107069
99132
107069
16098
107069
18570
107069
16098
85546
99132
107069
16098
107069
16098
107069
99132
10646
13946
23477
16098
107069
99132
107069
16098
96708
16098
96708
13946
10646
18570
70690
16964
64944
18570
10646
16964
23477
18696
23477
16098
23477
16964
23477
16098
23477
16964
23477
16098
23477
18570
23477
18570
23477
16098
10646
13946
27341
16964
23477
16098
23477
18570
23477
18570
23477
13946
10646
16098
23477
16964
10646
168310
23477
16964
23477
16098
23477
21725
23477
16098
23477
44405
23477
16098
23477
16964
23477
16964
23477
16098
10646
13946
27341
250001
23477
16098
23477
16964
23477
16964
23477
13946
10646
16098
23477
16964
10646
18570
10646
16098
10646
16964
10646
16098
10646
16964
10646
16098
10646
120243
10646
43535
10646
16098
96708
13946
10646
16964
10646
16098
10646
43535
10646
43535
10646
13946
64950
16098
10646
16964
134067
16098
107435
21725
117106
16098
154011
44405
85546
16098
154011
16964
154011
16964
226258
16098
10646
13946
23477
168310
140372
16098
226258
16964
96708
16964
96708
13946
10646
16098
70690
16098
107435
16964
117106
16098
134067
16964
85546
16098
134067
18570
134067
18570
134067
16098
10646
13946
23477
16964
134067
16098
134067
18570
96708
18570
96708
13946
10646
16098
70690
16098
107435
18570
107435
16098
85546
133420
107435
16098
107435
16098
107435
111780
10646
13946
23477
16098
107435
178567
107435
16098
96708
16098
96708
13946
10646
18570
70690
16098
117106
21725
85546
16098
117106
16964
117106
16964
117106
16098
10646
13946
23477
21725
117106
16098
117106
16964
96708
16964
96708
13946
10646
16098
70690
16098
85546
18570
219937
16098
250001
16098
154011
18570
10646
13946
23477
16098
140372
18570
154011
16098
96708
16098
96708
13946
10646
41572
70690
16098
85546
16964
85546
16964
85546
16098
10646
13946
23477
44405
85546
16098
85546
16964
85546
16964
85546
13946
10646
16098
70690
16098
219937
16098
154011
111780
10646
13946
23477
16098
140372
133420
154011
16098
96708
16098
96708
13946
10646
18570
70690
43535
154011
16098
10646
13946
23477
16964
140372
16098
154011
43535
96708
43535
96708
13946
10646
16098
70690
16098
10646
13946
23477
16964
140372
16098
234940
100772
96708
133420
96708
13946
10646
16098
70690
13946
10646
16098
10646
111780
10646
16098
10646
16098
10646
13946
64950
18570
10646
13946
23477
13946
23477
13946
23477
13946
23477
14402
10646
13946
23477
16098
140372
16964
96708
16964
96708
13946
10646
16098
70690
16098
96708
16098
96708
13946
10646
18570
70690
100772
202807
13946
10646
16098
70690
13946
10646
16098
70690
13946
10646
