37108
18535
37108
18535
37108
18535
37108
86764
37108
139641
25587
18535
37108
18535
25587
17998
37108
139641
37108
40361
37108
45438
27854
18535
37108
18535
37108
18535
37108
18535
37108
139641
37108
18535
37108
18535
37108
18535
70843
18535
37108
18535
37108
86764
37108
18535
27854
18535
25587
17299
37108
18535
37108
17299
37108
18535
37108
18535
37108
18535
37108
18535
37108
18535
48997
39894
174986
39894
236218
18535
174986
18535
25587
39894
236218
87044
25587
17998
236218
18535
174986
18535
174986
18535
27854
27465
174986
39894
168923
39894
75074
39894
174986
18535
174986
86149
236218
86149
174986
39894
37108
28794
174986
39894
236218
18535
209301
39894
27854
27465
25587
17299
174986
39894
174986
17299
174986
142252
75074
39894
174986
18948
174899
72031
174986
39894
48997
139540
48997
18535
48997
18535
25587
66830
48997
39894
25587
17998
48997
18535
48997
18535
48997
18535
27854
27465
48997
139540
48997
66830
48997
66830
48997
18535
48997
39894
48997
39894
48997
90459
37108
28794
48997
142150
48997
18535
48997
141700
27854
27465
25587
17299
48997
90459
48997
17299
48997
39894
48997
250001
48997
18948
48997
39894
48997
142150
174986
18535
250001
18535
25587
66830
174986
39894
25587
17998
174986
18535
250001
18535
250001
18535
27854
27465
242951
139641
168923
66830
75074
66830
250001
18535
250001
39894
174986
39894
250001
90459
37108
28794
250001
139540
174986
18535
174986
139540
27854
27465
25587
17299
250001
90459
227437
17299
250001
39894
75074
139540
250001
18948
174899
39894
250001
139540
174986
86764
25587
18535
250001
18535
25587
17998
250001
86764
174986
40361
174986
45438
27854
18535
174986
18535
168923
18535
75074
18535
174986
86764
174986
18535
250001
18535
174986
18535
37108
18535
174986
18535
250001
137969
209301
18535
27854
18535
25587
17299
174986
18535
174986
17299
174986
18535
75074
18535
174986
18535
174899
18535
174986
18535
25587
18535
174986
18535
25587
17998
174986
186910
250001
40361
250001
45438
27854
18535
242951
18535
168923
18535
75074
18535
250001
228423
250001
18535
174986
18535
250001
18535
37108
18535
250001
18535
174986
86764
174986
18535
27854
18535
25587
17299
250001
18535
227437
17299
250001
18535
75074
18535
250001
18535
174899
18535
250001
18535
25587
39894
25690
17998
25587
18535
25587
18535
25587
18535
25587
27465
25587
66830
25587
139540
25587
203017
25587
18535
25587
39894
25587
39894
25587
66830
25587
28794
25587
66830
25587
18535
25587
66830
25587
27465
27854
17299
25587
66830
25587
17299
25587
39894
25587
66830
25587
18948
25587
39894
25587
66830
25587
17998
250001
18535
174986
18535
174986
18535
27854
27465
174986
39894
168923
39894
75074
39894
174986
18535
174986
86149
250001
86149
174986
39894
37108
28794
174986
39894
250001
18535
209301
39894
27854
27465
25587
17299
174986
39894
174986
17299
174986
87044
75074
39894
174986
18948
174899
72031
174986
39894
25587
17998
25587
17998
25587
17998
25587
17998
25587
17998
25587
17998
25587
17998
25587
17998
25587
17998
25587
17998
25587
17998
25587
17998
25587
17998
25587
17998
25587
17998
25587
17998
25690
17299
25587
17998
25587
17299
25587
17998
25587
17998
25587
17998
25587
17998
25587
17998
174986
40361
174986
45438
27854
18535
174986
18535
168923
18535
75074
18535
174986
186910
174986
18535
250001
18535
174986
18535
37108
18535
174986
18535
250001
86764
209301
18535
27854
18535
25587
17299
174986
18535
174986
17299
174986
18535
75074
18535
174986
18535
174899
18535
174986
18535
250001
40361
27854
18535
242951
18535
168923
18535
75074
18535
250001
40361
250001
18535
174986
18535
250001
18535
37108
18535
250001
18535
174986
40361
174986
18535
27854
18535
25587
17299
250001
18535
227437
17299
250001
18535
75074
18535
250001
18535
174899
18535
250001
18535
27854
18535
242951
18535
168923
18535
75074
18535
250001
45438
250001
18535
174986
18535
250001
18535
37108
18535
250001
18535
174986
45438
174986
18535
27854
18535
25587
17299
250001
18535
227437
17299
250001
18535
75074
18535
250001
18535
174899
18535
250001
18535
27854
27465
27854
27465
27854
27465
27854
18535
27854
27465
27854
27465
27854
27465
27854
27465
27854
27465
27854
18535
27854
27465
232937
141715
25587
17299
27854
27465
27854
17299
27854
27465
27854
27465
27854
18948
27854
27465
27854
27465
168923
66830
75074
66830
242951
18535
242951
39894
174986
39894
242951
90459
37108
28794
242951
139540
174986
18535
174986
139540
27854
27465
25587
17299
242951
90459
227437
17299
242951
39894
75074
139540
242951
18948
174899
39894
242951
139540
75074
139540
168923
18535
168923
39894
168923
39894
168923
66830
37108
28794
168923
66830
168923
18535
168923
66830
27854
27465
25587
17299
168923
66830
168923
17299
168923
39894
75074
66830
168923
18948
168923
39894
168923
66830
75074
18535
75074
39894
75074
39894
75074
66830
37108
28794
75074
66830
75074
18535
75074
66830
27854
27465
25587
17299
75074
66830
75074
17299
75074
39894
174986
66830
75074
18948
75074
39894
75074
66830
250001
18535
174986
18535
250001
18535
37108
18535
250001
18535
174986
86764
174986
18535
27854
18535
25587
17299
250001
18535
227437
17299
250001
18535
75074
18535
250001
18535
174899
18535
250001
18535
174986
138200
250001
39894
37108
28794
250001
39894
174986
18535
174986
39894
27854
27465
25587
17299
250001
39894
227437
17299
250001
86149
75074
39894
250001
18948
174899
72031
250001
39894
174986
39894
37108
28794
174986
39894
250001
18535
209301
39894
27854
27465
25587
17299
174986
39894
174986
17299
174986
86149
75074
39894
174986
18948
174899
72031
174986
39894
37108
28794
250001
90459
174986
18535
174986
90459
27854
27465
25587
17299
250001
201951
227437
17299
250001
39894
75074
90459
250001
18948
174899
39894
250001
90459
37108
28794
37108
18535
37108
28794
27854
27465
25587
17299
37108
28794
37108
17299
37108
28794
37108
28794
37108
18948
37108
28794
37108
28794
174986
18535
174986
141700
27854
27465
25587
17299
250001
90459
227437
17299
250001
39894
75074
142150
250001
18948
174899
39894
250001
150294
209301
18535
27854
18535
25587
17299
174986
18535
174986
17299
174986
18535
75074
18535
174986
18535
174899
18535
174986
18535
27854
27465
25587
17299
174986
90459
174986
17299
174986
39894
75074
141700
174986
18948
174899
39894
174986
141700
25587
17299
27854
27465
27854
17299
27854
27465
27854
27465
27854
18948
27854
27465
27854
27465
25587
17299
25587
17998
25587
17299
25587
17299
25587
17299
25587
17299
25587
17299
227437
17299
250001
39894
75074
90459
250001
18948
174899
39894
250001
90459
227437
17299
75074
17299
227437
17299
174899
17299
227437
17299
75074
39894
250001
18948
174899
72031
250001
39894
75074
18948
75074
39894
75074
142150
174899
18948
250001
18948
174899
39894
