10810	0.0120128205128205	0.266777777777778	0.153064102564103	0.0913376068376068	0.0757051282051282	0.0550470085470085	0.358068376068376	0	0	0	0	0	0	0	0	0	0	0	0	0	0	0	0	0	0	0	0	0	
11156	0.0125726495726491	0.267884615384615	0.147145299145299	0.0965213675213675	0.0765598290598291	0.0541581196581197	0.357730769230769	0	0	0	0	0	0	0	0	0	0	0	0	0	0	0	0	0	0	0	0	0	
9571	0.0151666666666669	0.264901709401709	0.155474358974359	0.0906410256410256	0.0756923076923077	0.0542136752136752	0.359076923076923	0	0	0	0	0	0	0	0	0	0	0	0	0	0	0	0	0	0	0	0	0	
9815	0.0152606837606828	0.271222222222222	0.152764957264957	0.0915213675213675	0.0727820512820513	0.0524529914529915	0.35925641025641	0	0	0	0	0	0	0	0	0	0	0	0	0	0	0	0	0	0	0	0	0	
10349	0.0171068376068361	0.264769230769231	0.147709401709402	0.0988247863247863	0.0747393162393162	0.050991452991453	0.362965811965812	0	0	0	0	0	0	0	0	0	0	0	0	0	0	0	0	0	0	0	0	0	
10197	0.0175427350427333	0.270551282051282	0.145098290598291	0.0918461538461538	0.0756538461538462	0.0506923076923077	0.36615811965812	0	0	0	0	0	0	0	0	0	0	0	0	0	0	0	0	0	0	0	0	0	
10493	0.0184188034188018	0.272858974358974	0.146089743589744	0.0922692307692308	0.0751367521367521	0.0562521367521367	0.357393162393162	0	0	0	0	0	0	0	0	0	0	0	0	0	0	0	0	0	0	0	0	0	
9923	0.0188119658119664	0.269470085470085	0.151423076923077	0.0939316239316239	0.0681752136752137	0.0541880341880342	0.362811965811966	0	0	0	0	0	0	0	0	0	0	0	0	0	0	0	0	0	0	0	0	0	
10089	0.0191239316239319	0.265952991452991	0.154363247863248	0.0968547008547009	0.0737991452991453	0.0501837606837607	0.358846153846154	0	0	0	0	0	0	0	0	0	0	0	0	0	0	0	0	0	0	0	0	0	
10125	0.0194529914529913	0.26717094017094	0.154769230769231	0.0955384615384615	0.0708589743589744	0.0498205128205128	0.36184188034188	0	0	0	0	0	0	0	0	0	0	0	0	0	0	0	0	0	0	0	0	0	
10183	0.0196111111111116	0.270568376068376	0.155153846153846	0.0903461538461538	0.0780213675213675	0.0461623931623932	0.359747863247863	0	0	0	0	0	0	0	0	0	0	0	0	0	0	0	0	0	0	0	0	0	
10961	0.0197264957264961	0.26907264957265	0.152465811965812	0.0902564102564103	0.0698376068376068	0.0573504273504273	0.361017094017094	0	0	0	0	0	0	0	0	0	0	0	0	0	0	0	0	0	0	0	0	0	
10161	0.0199059829059832	0.261025641025641	0.149602564102564	0.0990769230769231	0.0736794871794872	0.0534017094017094	0.363213675213675	0	0	0	0	0	0	0	0	0	0	0	0	0	0	0	0	0	0	0	0	0	
9921	0.0207948717948718	0.266119658119658	0.153209401709402	0.0977948717948718	0.0732820512820513	0.0476837606837607	0.361910256410256	0	0	0	0	0	0	0	0	0	0	0	0	0	0	0	0	0	0	0	0	0	
9839	0.0209786324786335	0.26857264957265	0.14708547008547	0.0840811965811966	0.0786794871794872	0.059017094017094	0.362564102564103	0	0	0	0	0	0	0	0	0	0	0	0	0	0	0	0	0	0	0	0	0	
9129	0.0211111111111116	0.26907264957265	0.151192307692308	0.0911282051282051	0.0682735042735043	0.057025641025641	0.363307692307692	0	0	0	0	0	0	0	0	0	0	0	0	0	0	0	0	0	0	0	0	0	
9565	0.0214230769230769	0.265106837606838	0.150081196581197	0.102286324786325	0.0711239316239316	0.0516239316239316	0.359777777777778	0	0	0	0	0	0	0	0	0	0	0	0	0	0	0	0	0	0	0	0	0	
9102	0.0215213675213681	0.271200854700855	0.154679487179487	0.0927905982905983	0.0713803418803419	0.0482649572649573	0.361683760683761	0	0	0	0	0	0	0	0	0	0	0	0	0	0	0	0	0	0	0	0	0	
10590	0.0215982905982906	0.269388888888889	0.142974358974359	0.0954273504273504	0.0740897435897436	0.0582606837606838	0.359858974358974	0	0	0	0	0	0	0	0	0	0	0	0	0	0	0	0	0	0	0	0	0	
9703	0.0216623931623947	0.262363247863248	0.157098290598291	0.0948931623931624	0.0780769230769231	0.0508461538461538	0.356722222222222	0	0	0	0	0	0	0	0	0	0	0	0	0	0	0	0	0	0	0	0	0	
10460	0.02169658119658	0.26658547008547	0.146905982905983	0.094042735042735	0.0717222222222222	0.0507008547008547	0.370042735042735	0	0	0	0	0	0	0	0	0	0	0	0	0	0	0	0	0	0	0	0	0	
9650	0.0221623931623939	0.261470085470085	0.14941452991453	0.0982948717948718	0.0723888888888889	0.052542735042735	0.365888888888889	0	0	0	0	0	0	0	0	0	0	0	0	0	0	0	0	0	0	0	0	0	
11098	0.0221666666666679	0.270239316239316	0.151636752136752	0.0977393162393162	0.0776837606837607	0.0529230769230769	0.349777777777778	0	0	0	0	0	0	0	0	0	0	0	0	0	0	0	0	0	0	0	0	0	
9787	0.0222051282051294	0.265205128205128	0.150615384615385	0.098991452991453	0.0690470085470085	0.0521282051282051	0.364012820512821	0	0	0	0	0	0	0	0	0	0	0	0	0	0	0	0	0	0	0	0	0	
9710	0.0224316239316217	0.26801282051282	0.140521367521368	0.0902350427350427	0.0772649572649573	0.0532264957264957	0.370739316239316	0	0	0	0	0	0	0	0	0	0	0	0	0	0	0	0	0	0	0	0	0	
9828	0.0225427350427345	0.265303418803419	0.143816239316239	0.100876068376068	0.0735470085470085	0.0545854700854701	0.361871794871795	0	0	0	0	0	0	0	0	0	0	0	0	0	0	0	0	0	0	0	0	0	
10969	0.0226324786324773	0.266482905982906	0.14532905982906	0.0882435897435897	0.0749871794871795	0.0641410256410256	0.360816239316239	0	0	0	0	0	0	0	0	0	0	0	0	0	0	0	0	0	0	0	0	0	
10276	0.022850427350426	0.266598290598291	0.151461538461538	0.101619658119658	0.077525641025641	0.049457264957265	0.353337606837607	0	0	0	0	0	0	0	0	0	0	0	0	0	0	0	0	0	0	0	0	0	
9890	0.0231538461538466	0.263337606837607	0.149700854700855	0.0887307692307692	0.0733888888888889	0.0552521367521367	0.369589743589744	0	0	0	0	0	0	0	0	0	0	0	0	0	0	0	0	0	0	0	0	0	
9981	0.023542735042735	0.273068376068376	0.138435897435897	0.0922905982905983	0.0767393162393162	0.0539615384615385	0.365504273504274	0	0	0	0	0	0	0	0	0	0	0	0	0	0	0	0	0	0	0	0	0	
10165	0.0237051282051285	0.267188034188034	0.146764957264957	0.0983119658119658	0.0682435897435897	0.0544529914529915	0.365038461538462	0	0	0	0	0	0	0	0	0	0	0	0	0	0	0	0	0	0	0	0	0	
9617	0.0237179487179492	0.262790598290598	0.152918803418803	0.0926666666666667	0.070008547008547	0.0540213675213675	0.367594017094017	0	0	0	0	0	0	0	0	0	0	0	0	0	0	0	0	0	0	0	0	0	
10866	0.0238119658119662	0.275709401709402	0.146884615384615	0.0937692307692308	0.0707948717948718	0.0547051282051282	0.358136752136752	0	0	0	0	0	0	0	0	0	0	0	0	0	0	0	0	0	0	0	0	0	
10338	0.0238461538461519	0.273128205128205	0.146397435897436	0.0923675213675214	0.0734230769230769	0.0586965811965812	0.35598717948718	0	0	0	0	0	0	0	0	0	0	0	0	0	0	0	0	0	0	0	0	0	
10420	0.0239017094017104	0.26857264957265	0.151094017094017	0.0992606837606838	0.0793376068376068	0.0511794871794872	0.350555555555556	0	0	0	0	0	0	0	0	0	0	0	0	0	0	0	0	0	0	0	0	0	
10205	0.0243760683760666	0.269807692307692	0.145581196581197	0.101833333333333	0.0725470085470085	0.052017094017094	0.358213675213675	0	0	0	0	0	0	0	0	0	0	0	0	0	0	0	0	0	0	0	0	0	
9577	0.0244230769230769	0.269747863247863	0.151431623931624	0.086982905982906	0.0733076923076923	0.0602136752136752	0.358316239316239	0	0	0	0	0	0	0	0	0	0	0	0	0	0	0	0	0	0	0	0	0	
10126	0.0244658119658117	0.256824786324786	0.148115384615385	0.0915598290598291	0.0856196581196581	0.0568119658119658	0.361068376068376	0	0	0	0	0	0	0	0	0	0	0	0	0	0	0	0	0	0	0	0	0	
9014	0.0245555555555554	0.259602564102564	0.145277777777778	0.101303418803419	0.0772735042735043	0.0561752136752137	0.360367521367521	0	0	0	0	0	0	0	0	0	0	0	0	0	0	0	0	0	0	0	0	0	
11252	0.0248547008546993	0.268478632478632	0.14457264957265	0.100897435897436	0.0760384615384615	0.0553290598290598	0.354683760683761	0	0	0	0	0	0	0	0	0	0	0	0	0	0	0	0	0	0	0	0	0	
9791	0.0251068376068373	0.268871794871795	0.158739316239316	0.0923376068376068	0.0749957264957265	0.0541239316239316	0.350931623931624	0	0	0	0	0	0	0	0	0	0	0	0	0	0	0	0	0	0	0	0	0	
11020	0.0253034188034202	0.267965811965812	0.151089743589744	0.0943119658119658	0.0763632478632479	0.0608418803418803	0.34942735042735	0	0	0	0	0	0	0	0	0	0	0	0	0	0	0	0	0	0	0	0	0	
9888	0.0254529914529918	0.275029914529915	0.151910256410256	0.0868034188034188	0.0704273504273504	0.054017094017094	0.361811965811966	0	0	0	0	0	0	0	0	0	0	0	0	0	0	0	0	0	0	0	0	0	
9121	0.0255555555555552	0.267410256410256	0.149478632478632	0.086474358974359	0.0707051282051282	0.0554017094017094	0.370529914529915	0	0	0	0	0	0	0	0	0	0	0	0	0	0	0	0	0	0	0	0	0	
9594	0.0260641025641015	0.279106837606838	0.147465811965812	0.0852307692307692	0.0746196581196581	0.0517136752136752	0.361863247863248	0	0	0	0	0	0	0	0	0	0	0	0	0	0	0	0	0	0	0	0	0	
9817	0.0260683760683759	0.269564102564103	0.145880341880342	0.102465811965812	0.0695299145299145	0.0532820512820513	0.359277777777778	0	0	0	0	0	0	0	0	0	0	0	0	0	0	0	0	0	0	0	0	0	
10260	0.0261495726495726	0.259799145299145	0.149038461538462	0.0952948717948718	0.072025641025641	0.0592692307692308	0.36457264957265	0	0	0	0	0	0	0	0	0	0	0	0	0	0	0	0	0	0	0	0	0	
10184	0.0262222222222211	0.275952991452991	0.148346153846154	0.094457264957265	0.0754444444444444	0.0549786324786325	0.350820512820513	0	0	0	0	0	0	0	0	0	0	0	0	0	0	0	0	0	0	0	0	0	
10118	0.0263888888888884	0.276735042735043	0.146888888888889	0.0929401709401709	0.0667777777777778	0.0538076923076923	0.362850427350427	0	0	0	0	0	0	0	0	0	0	0	0	0	0	0	0	0	0	0	0	0	
10615	0.0264487179487184	0.271820512820513	0.152188034188034	0.0960598290598291	0.0769401709401709	0.0547136752136752	0.348277777777778	0	0	0	0	0	0	0	0	0	0	0	0	0	0	0	0	0	0	0	0	0	
10225	0.0265042735042751	0.258290598290598	0.158457264957265	0.0958589743589744	0.0731153846153846	0.0532564102564103	0.361021367521368	0	0	0	0	0	0	0	0	0	0	0	0	0	0	0	0	0	0	0	0	0	
11236	0.0270256410256408	0.270696581196581	0.147299145299145	0.097965811965812	0.0818846153846154	0.0526239316239316	0.349529914529915	0	0	0	0	0	0	0	0	0	0	0	0	0	0	0	0	0	0	0	0	0	
9932	0.0271623931623948	0.253495726495726	0.149435897435897	0.0982478632478632	0.0778461538461538	0.0563034188034188	0.36467094017094	0	0	0	0	0	0	0	0	0	0	0	0	0	0	0	0	0	0	0	0	0	
10804	0.0271837606837616	0.259059829059829	0.151538461538462	0.0966495726495726	0.0723931623931624	0.0598846153846154	0.360474358974359	0	0	0	0	0	0	0	0	0	0	0	0	0	0	0	0	0	0	0	0	0	
9358	0.027299145299146	0.261457264957265	0.149991452991453	0.0960384615384615	0.0695512820512821	0.0536410256410256	0.369320512820513	0	0	0	0	0	0	0	0	0	0	0	0	0	0	0	0	0	0	0	0	0	
10342	0.0274230769230779	0.267880341880342	0.149529914529915	0.093534188034188	0.0773504273504274	0.0643247863247863	0.347380341880342	0	0	0	0	0	0	0	0	0	0	0	0	0	0	0	0	0	0	0	0	0	
10299	0.0275769230769218	0.279726495726496	0.150418803418803	0.0874529914529915	0.0740213675213675	0.0527905982905983	0.355589743589744	0	0	0	0	0	0	0	0	0	0	0	0	0	0	0	0	0	0	0	0	0	
9791	0.0275940170940172	0.260196581196581	0.151628205128205	0.0973247863247863	0.0758504273504274	0.0593247863247863	0.355675213675214	0	0	0	0	0	0	0	0	0	0	0	0	0	0	0	0	0	0	0	0	0	
9977	0.0276111111111121	0.268004273504274	0.14975641025641	0.0971880341880342	0.0660598290598291	0.0604145299145299	0.358576923076923	0	0	0	0	0	0	0	0	0	0	0	0	0	0	0	0	0	0	0	0	0	
10619	0.0276239316239322	0.269405982905983	0.155504273504274	0.0937735042735043	0.0692564102564103	0.0473376068376068	0.364722222222222	0	0	0	0	0	0	0	0	0	0	0	0	0	0	0	0	0	0	0	0	0	
11157	0.0276709401709411	0.270055555555556	0.152141025641026	0.100371794871795	0.0763205128205128	0.0526111111111111	0.3485	0	0	0	0	0	0	0	0	0	0	0	0	0	0	0	0	0	0	0	0	0	
10221	0.0278888888888892	0.265705128205128	0.156038461538462	0.0994700854700855	0.0659059829059829	0.0519273504273504	0.360952991452991	0	0	0	0	0	0	0	0	0	0	0	0	0	0	0	0	0	0	0	0	0	
10332	0.0281153846153851	0.273529914529915	0.15408547008547	0.0943547008547009	0.0738547008547009	0.0536452991452991	0.350529914529915	0	0	0	0	0	0	0	0	0	0	0	0	0	0	0	0	0	0	0	0	0	
9705	0.0281623931623933	0.270517094017094	0.149722222222222	0.0869145299145299	0.0689615384615385	0.0542179487179487	0.369666666666667	0	0	0	0	0	0	0	0	0	0	0	0	0	0	0	0	0	0	0	0	0	
9478	0.028299145299146	0.25865811965812	0.156683760683761	0.0948632478632479	0.0718504273504273	0.0548931623931624	0.363051282051282	0	0	0	0	0	0	0	0	0	0	0	0	0	0	0	0	0	0	0	0	0	
8650	0.0283846153846157	0.253666666666667	0.150807692307692	0.0915940170940171	0.0860512820512821	0.0536581196581197	0.364222222222222	0	0	0	0	0	0	0	0	0	0	0	0	0	0	0	0	0	0	0	0	0	
10095	0.0285940170940175	0.261350427350427	0.148196581196581	0.0969017094017094	0.0700940170940171	0.0533076923076923	0.370149572649573	0	0	0	0	0	0	0	0	0	0	0	0	0	0	0	0	0	0	0	0	0	
10719	0.0286837606837601	0.272901709401709	0.152760683760684	0.0835384615384615	0.0732435897435897	0.0516581196581197	0.365897435897436	0	0	0	0	0	0	0	0	0	0	0	0	0	0	0	0	0	0	0	0	0	
9226	0.0289017094017088	0.266653846153846	0.144944444444444	0.102397435897436	0.071	0.0497136752136752	0.365290598290598	0	0	0	0	0	0	0	0	0	0	0	0	0	0	0	0	0	0	0	0	0	
11422	0.0290384615384618	0.273230769230769	0.151183760683761	0.089508547008547	0.084042735042735	0.0501538461538462	0.351880341880342	0	0	0	0	0	0	0	0	0	0	0	0	0	0	0	0	0	0	0	0	0	
10599	0.0291666666666663	0.26775641025641	0.155393162393162	0.0988931623931624	0.0761923076923077	0.0540982905982906	0.347666666666667	0	0	0	0	0	0	0	0	0	0	0	0	0	0	0	0	0	0	0	0	0	
9709	0.0292051282051298	0.266017094017094	0.14034188034188	0.10057264957265	0.0777350427350427	0.0590769230769231	0.35625641025641	0	0	0	0	0	0	0	0	0	0	0	0	0	0	0	0	0	0	0	0	0	
9523	0.0292435897435883	0.27608547008547	0.146200854700855	0.0894957264957265	0.0689188034188034	0.0577478632478632	0.361551282051282	0	0	0	0	0	0	0	0	0	0	0	0	0	0	0	0	0	0	0	0	0	
10243	0.0293931623931636	0.254641025641026	0.149752136752137	0.0901153846153846	0.0790769230769231	0.0550940170940171	0.371320512820513	0	0	0	0	0	0	0	0	0	0	0	0	0	0	0	0	0	0	0	0	0	
10506	0.0296923076923079	0.267594017094017	0.14925641025641	0.102260683760684	0.0719230769230769	0.0572692307692308	0.351696581196581	0	0	0	0	0	0	0	0	0	0	0	0	0	0	0	0	0	0	0	0	0	
10291	0.0297820512820496	0.272615384615385	0.147260683760684	0.0881111111111111	0.069	0.0527991452991453	0.370213675213675	0	0	0	0	0	0	0	0	0	0	0	0	0	0	0	0	0	0	0	0	0	
9623	0.0298760683760671	0.275504273504273	0.14058547008547	0.088042735042735	0.0756709401709402	0.0573760683760684	0.362820512820513	0	0	0	0	0	0	0	0	0	0	0	0	0	0	0	0	0	0	0	0	0	
9330	0.0299102564102563	0.257213675213675	0.149196581196581	0.0943803418803419	0.0725726495726496	0.0595	0.367136752136752	0	0	0	0	0	0	0	0	0	0	0	0	0	0	0	0	0	0	0	0	0	
10335	0.030029914529915	0.252952991452991	0.149205128205128	0.0915598290598291	0.0783034188034188	0.0582649572649573	0.369713675213675	0	0	0	0	0	0	0	0	0	0	0	0	0	0	0	0	0	0	0	0	0	
9269	0.0300555555555551	0.26025641025641	0.149273504273504	0.0867307692307692	0.075025641025641	0.0552820512820513	0.373431623931624	0	0	0	0	0	0	0	0	0	0	0	0	0	0	0	0	0	0	0	0	0	
10190	0.0300598290598289	0.266705128205128	0.140264957264957	0.103350427350427	0.0816367521367521	0.0491965811965812	0.358846153846154	0	0	0	0	0	0	0	0	0	0	0	0	0	0	0	0	0	0	0	0	0	
10182	0.0300726495726499	0.258282051282051	0.153863247863248	0.10282905982906	0.0756794871794872	0.0519316239316239	0.35741452991453	0	0	0	0	0	0	0	0	0	0	0	0	0	0	0	0	0	0	0	0	0	
10580	0.030132478632479	0.27532905982906	0.153401709401709	0.0850811965811966	0.0791538461538462	0.0539444444444444	0.353089743589744	0	0	0	0	0	0	0	0	0	0	0	0	0	0	0	0	0	0	0	0	0	
10811	0.0301965811965811	0.27374358974359	0.143675213675214	0.0832008547008547	0.0832179487179487	0.0556196581196581	0.360542735042735	0	0	0	0	0	0	0	0	0	0	0	0	0	0	0	0	0	0	0	0	0	
10865	0.0302692307692312	0.27515811965812	0.153393162393162	0.0935384615384615	0.0654358974358974	0.0546025641025641	0.357871794871795	0	0	0	0	0	0	0	0	0	0	0	0	0	0	0	0	0	0	0	0	0	
10720	0.0303162393162393	0.262320512820513	0.14091452991453	0.105320512820513	0.0797948717948718	0.0520213675213675	0.359628205128205	0	0	0	0	0	0	0	0	0	0	0	0	0	0	0	0	0	0	0	0	0	
10118	0.0303589743589742	0.259837606837607	0.146132478632479	0.103222222222222	0.0816111111111111	0.0531282051282051	0.356068376068376	0	0	0	0	0	0	0	0	0	0	0	0	0	0	0	0	0	0	0	0	0	
10620	0.0303931623931614	0.273119658119658	0.149064102564103	0.0966837606837607	0.0824273504273504	0.0511581196581197	0.347547008547009	0	0	0	0	0	0	0	0	0	0	0	0	0	0	0	0	0	0	0	0	0	
10850	0.0304358974358969	0.269952991452991	0.144316239316239	0.0981623931623932	0.0767478632478632	0.0593803418803419	0.351440170940171	0	0	0	0	0	0	0	0	0	0	0	0	0	0	0	0	0	0	0	0	0	
10969	0.030495726495728	0.260487179487179	0.152017094017094	0.0992478632478632	0.0689230769230769	0.0531581196581197	0.366166666666667	0	0	0	0	0	0	0	0	0	0	0	0	0	0	0	0	0	0	0	0	0	
9112	0.0305769230769233	0.264850427350427	0.137965811965812	0.0987991452991453	0.0806623931623932	0.0510769230769231	0.366645299145299	0	0	0	0	0	0	0	0	0	0	0	0	0	0	0	0	0	0	0	0	0	
9625	0.03059829059829	0.269811965811966	0.15242735042735	0.086982905982906	0.0700683760683761	0.0504316239316239	0.370277777777778	0	0	0	0	0	0	0	0	0	0	0	0	0	0	0	0	0	0	0	0	0	
9520	0.0306452991452988	0.261307692307692	0.149183760683761	0.095051282051282	0.0681239316239316	0.0540299145299145	0.372303418803419	0	0	0	0	0	0	0	0	0	0	0	0	0	0	0	0	0	0	0	0	0	
10372	0.0307478632478624	0.262444444444444	0.144423076923077	0.0963974358974359	0.0741794871794872	0.0503418803418803	0.372213675213675	0	0	0	0	0	0	0	0	0	0	0	0	0	0	0	0	0	0	0	0	0	
9622	0.030790598290597	0.263141025641026	0.144333333333333	0.103952991452991	0.0710683760683761	0.0535598290598291	0.363944444444444	0	0	0	0	0	0	0	0	0	0	0	0	0	0	0	0	0	0	0	0	0	
10784	0.0308119658119647	0.267944444444444	0.159487179487179	0.0917307692307692	0.0718076923076923	0.0438376068376068	0.365192307692308	0	0	0	0	0	0	0	0	0	0	0	0	0	0	0	0	0	0	0	0	0	
10431	0.0308162393162403	0.266645299145299	0.15565811965812	0.0996495726495727	0.070042735042735	0.0545811965811966	0.353423076923077	0	0	0	0	0	0	0	0	0	0	0	0	0	0	0	0	0	0	0	0	0	
10054	0.0310384615384609	0.262354700854701	0.158824786324786	0.0884871794871795	0.0753717948717949	0.0587991452991453	0.356162393162393	0	0	0	0	0	0	0	0	0	0	0	0	0	0	0	0	0	0	0	0	0	
10698	0.0310555555555556	0.271076923076923	0.153623931623932	0.0995598290598291	0.0647435897435897	0.0524316239316239	0.358564102564103	0	0	0	0	0	0	0	0	0	0	0	0	0	0	0	0	0	0	0	0	0	
10569	0.0311111111111107	0.27425641025641	0.144004273504274	0.0971111111111111	0.0797606837606838	0.0542863247863248	0.350581196581197	0	0	0	0	0	0	0	0	0	0	0	0	0	0	0	0	0	0	0	0	0	
