83256	2983	116	0.0137435897435871	0.298029914529915	0.216991452991453	0.126115384615385	0.0926666666666667	0.0566410256410256	0.209555555555556	0	0	0	0	0	0	0	0	0	0	0	0	0	0	0	0	0	0	0	0	0	
40111	4445	125	0.0153760683760683	0.292260683760684	0.216307692307692	0.125470085470085	0.0866153846153846	0.0632435897435897	0.216102564102564	0	0	0	0	0	0	0	0	0	0	0	0	0	0	0	0	0	0	0	0	0	
37139	2415	164	0.0206581196581207	0.302316239316239	0.217119658119658	0.124794871794872	0.0894444444444444	0.0637735042735043	0.202551282051282	0	0	0	0	0	0	0	0	0	0	0	0	0	0	0	0	0	0	0	0	0	
30304	1708	199	0.021581196581196	0.301034188034188	0.224722222222222	0.125952991452991	0.0841709401709402	0.0577777777777778	0.20634188034188	0	0	0	0	0	0	0	0	0	0	0	0	0	0	0	0	0	0	0	0	0	
93875	3707	104	0.0224529914529924	0.299175213675214	0.206735042735043	0.127995726495726	0.0848247863247863	0.0696495726495727	0.211619658119658	0	0	0	0	0	0	0	0	0	0	0	0	0	0	0	0	0	0	0	0	0	
25959	2188	192	0.022461538461536	0.294816239316239	0.214320512820513	0.132435897435897	0.085982905982906	0.055974358974359	0.216470085470085	0	0	0	0	0	0	0	0	0	0	0	0	0	0	0	0	0	0	0	0	0	
62630	4487	108	0.0228974358974355	0.301747863247863	0.208901709401709	0.129217948717949	0.0838461538461538	0.0667820512820513	0.209504273504274	0	0	0	0	0	0	0	0	0	0	0	0	0	0	0	0	0	0	0	0	0	
38954	4353	125	0.0231965811965834	0.30274358974359	0.206226495726496	0.128735042735043	0.0901410256410256	0.0597307692307692	0.212423076923077	0	0	0	0	0	0	0	0	0	0	0	0	0	0	0	0	0	0	0	0	0	
51487	3524	115	0.0243589743589737	0.293568376068376	0.21782905982906	0.121598290598291	0.0952777777777778	0.0629230769230769	0.208803418803419	0	0	0	0	0	0	0	0	0	0	0	0	0	0	0	0	0	0	0	0	0	
37746	1650	167	0.0265641025641032	0.297542735042735	0.218739316239316	0.132380341880342	0.0875384615384615	0.0652350427350427	0.198564102564103	0	0	0	0	0	0	0	0	0	0	0	0	0	0	0	0	0	0	0	0	0	
45603	4314	89	0.0288717948717948	0.295820512820513	0.204709401709402	0.12684188034188	0.0922264957264957	0.0646965811965812	0.215705128205128	0	0	0	0	0	0	0	0	0	0	0	0	0	0	0	0	0	0	0	0	0	
45394	3470	135	0.0289999999999983	0.294568376068376	0.215495726495726	0.138679487179487	0.0854145299145299	0.0636452991452992	0.202196581196581	0	0	0	0	0	0	0	0	0	0	0	0	0	0	0	0	0	0	0	0	0	
48355	4057	108	0.0291367521367526	0.301803418803419	0.205401709401709	0.125205128205128	0.0939358974358974	0.0646623931623932	0.208991452991453	0	0	0	0	0	0	0	0	0	0	0	0	0	0	0	0	0	0	0	0	0	
30677	1129	348	0.0297863247863232	0.292286324786325	0.209337606837607	0.134504273504273	0.0847435897435897	0.0619316239316239	0.217196581196581	0	0	0	0	0	0	0	0	0	0	0	0	0	0	0	0	0	0	0	0	0	
28114	3055	154	0.0301623931623941	0.305551282051282	0.211876068376068	0.119777777777778	0.0876495726495727	0.0575811965811966	0.217564102564103	0	0	0	0	0	0	0	0	0	0	0	0	0	0	0	0	0	0	0	0	0	
39138	1612	189	0.0310085470085484	0.303935897435897	0.217457264957265	0.126350427350427	0.0902136752136752	0.0662222222222222	0.195820512820513	0	0	0	0	0	0	0	0	0	0	0	0	0	0	0	0	0	0	0	0	0	
30745	5291	151	0.0310170940170914	0.313982905982906	0.215226495726496	0.120679487179487	0.084457264957265	0.0592179487179487	0.206435897435897	0	0	0	0	0	0	0	0	0	0	0	0	0	0	0	0	0	0	0	0	0	
38524	5543	103	0.0310683760683741	0.294418803418803	0.212217948717949	0.122606837606838	0.0920726495726496	0.0580128205128205	0.22067094017094	0	0	0	0	0	0	0	0	0	0	0	0	0	0	0	0	0	0	0	0	0	
33497	1574	170	0.0312564102564097	0.288106837606838	0.211354700854701	0.132811965811966	0.0861709401709402	0.0629316239316239	0.218623931623932	0	0	0	0	0	0	0	0	0	0	0	0	0	0	0	0	0	0	0	0	0	
46002	4254	108	0.0314358974358967	0.291380341880342	0.22284188034188	0.12474358974359	0.0942264957264957	0.054457264957265	0.212350427350427	0	0	0	0	0	0	0	0	0	0	0	0	0	0	0	0	0	0	0	0	0	
28055	1227	218	0.0316923076923055	0.292837606837607	0.21617094017094	0.129205128205128	0.0849145299145299	0.0525555555555556	0.224316239316239	0	0	0	0	0	0	0	0	0	0	0	0	0	0	0	0	0	0	0	0	0	
24458	2751	180	0.0320769230769234	0.299333333333333	0.223987179487179	0.126042735042735	0.0794871794871795	0.0525512820512821	0.218598290598291	0	0	0	0	0	0	0	0	0	0	0	0	0	0	0	0	0	0	0	0	0	
43571	1570	147	0.0328803418803421	0.282089743589744	0.216435897435897	0.138910256410256	0.0864871794871795	0.0616324786324786	0.214444444444444	0	0	0	0	0	0	0	0	0	0	0	0	0	0	0	0	0	0	0	0	0	
76097	2403	127	0.0329230769230796	0.282012820512821	0.21967094017094	0.133837606837607	0.0897606837606838	0.0637777777777778	0.210940170940171	0	0	0	0	0	0	0	0	0	0	0	0	0	0	0	0	0	0	0	0	0	
68015	2043	143	0.0330085470085463	0.306252136752137	0.215726495726496	0.129239316239316	0.0861324786324786	0.0673119658119658	0.195337606837607	0	0	0	0	0	0	0	0	0	0	0	0	0	0	0	0	0	0	0	0	0	
96083	4010	99	0.0335470085470077	0.307350427350427	0.209782051282051	0.133162393162393	0.0853760683760684	0.0625598290598291	0.201769230769231	0	0	0	0	0	0	0	0	0	0	0	0	0	0	0	0	0	0	0	0	0	
56955	4352	100	0.0339487179487178	0.30615811965812	0.207363247863248	0.12382905982906	0.0813803418803419	0.0612350427350427	0.220034188034188	0	0	0	0	0	0	0	0	0	0	0	0	0	0	0	0	0	0	0	0	0	
31929	3002	165	0.0339572649572654	0.310380341880342	0.220282051282051	0.128042735042735	0.0776239316239316	0.058991452991453	0.204679487179487	0	0	0	0	0	0	0	0	0	0	0	0	0	0	0	0	0	0	0	0	0	
93749	4197	102	0.0341111111111097	0.308521367521367	0.209354700854701	0.133316239316239	0.0852564102564103	0.061517094017094	0.202034188034188	0	0	0	0	0	0	0	0	0	0	0	0	0	0	0	0	0	0	0	0	0	
68562	2778	131	0.0341880341880378	0.298555555555556	0.218854700854701	0.132974358974359	0.0906623931623932	0.0651324786324786	0.193820512820513	0	0	0	0	0	0	0	0	0	0	0	0	0	0	0	0	0	0	0	0	0	
25763	4415	174	0.0342222222222232	0.308619658119658	0.220299145299145	0.115153846153846	0.0832478632478632	0.0586068376068376	0.21407264957265	0	0	0	0	0	0	0	0	0	0	0	0	0	0	0	0	0	0	0	0	0	
28641	1098	292	0.0348205128205131	0.293025641025641	0.220418803418803	0.130286324786325	0.0853119658119658	0.0500854700854701	0.220871794871795	0	0	0	0	0	0	0	0	0	0	0	0	0	0	0	0	0	0	0	0	0	
27411	1418	235	0.0348461538461533	0.312440170940171	0.207376068376068	0.130217948717949	0.0856752136752137	0.055465811965812	0.208824786324786	0	0	0	0	0	0	0	0	0	0	0	0	0	0	0	0	0	0	0	0	0	
73834	1667	147	0.0353162393162376	0.290871794871795	0.215683760683761	0.130688034188034	0.0957307692307692	0.0653589743589744	0.201666666666667	0	0	0	0	0	0	0	0	0	0	0	0	0	0	0	0	0	0	0	0	0	
53011	4092	120	0.0355897435897452	0.300354700854701	0.203119658119658	0.13782905982906	0.0864401709401709	0.0657649572649573	0.206491452991453	0	0	0	0	0	0	0	0	0	0	0	0	0	0	0	0	0	0	0	0	0	
29059	1756	187	0.0356837606837617	0.300760683760684	0.216192307692308	0.140538461538462	0.0758760683760684	0.0539401709401709	0.212692307692308	0	0	0	0	0	0	0	0	0	0	0	0	0	0	0	0	0	0	0	0	0	
85588	3028	116	0.0361196581196562	0.296401709401709	0.205269230769231	0.126393162393162	0.0818974358974359	0.0706196581196581	0.219418803418803	0	0	0	0	0	0	0	0	0	0	0	0	0	0	0	0	0	0	0	0	0	
27322	2257	210	0.0363589743589721	0.313380341880342	0.208589743589744	0.130034188034188	0.0847905982905983	0.0576068376068376	0.205598290598291	0	0	0	0	0	0	0	0	0	0	0	0	0	0	0	0	0	0	0	0	0	
35945	2591	162	0.0367948717948721	0.305098290598291	0.214504273504274	0.133876068376068	0.088525641025641	0.063491452991453	0.194504273504274	0	0	0	0	0	0	0	0	0	0	0	0	0	0	0	0	0	0	0	0	0	
37671	1986	152	0.0370170940170958	0.301311965811966	0.218722222222222	0.129162393162393	0.0973333333333333	0.0590042735042735	0.194465811965812	0	0	0	0	0	0	0	0	0	0	0	0	0	0	0	0	0	0	0	0	0	
64562	5648	85	0.0373760683760703	0.30334188034188	0.197803418803419	0.127995726495726	0.0890213675213675	0.0637863247863248	0.218051282051282	0	0	0	0	0	0	0	0	0	0	0	0	0	0	0	0	0	0	0	0	0	
25405	5211	157	0.0376410256410256	0.307820512820513	0.212568376068376	0.127205128205128	0.0742264957264957	0.0582350427350427	0.219944444444444	0	0	0	0	0	0	0	0	0	0	0	0	0	0	0	0	0	0	0	0	0	
58740	3264	120	0.037760683760684	0.29784188034188	0.199478632478632	0.131423076923077	0.0894615384615385	0.0721153846153846	0.209679487179487	0	0	0	0	0	0	0	0	0	0	0	0	0	0	0	0	0	0	0	0	0	
70941	5752	90	0.0378034188034183	0.299649572649573	0.205277777777778	0.13991452991453	0.0818205128205128	0.0656367521367521	0.207700854700855	0	0	0	0	0	0	0	0	0	0	0	0	0	0	0	0	0	0	0	0	0	
25019	1119	394	0.0378803418803413	0.300068376068376	0.21017094017094	0.119700854700855	0.0807350427350427	0.061508547008547	0.227816239316239	0	0	0	0	0	0	0	0	0	0	0	0	0	0	0	0	0	0	0	0	0	
66059	3325	122	0.0380683760683775	0.299521367521368	0.209713675213675	0.129188034188034	0.0998589743589744	0.0630598290598291	0.19865811965812	0	0	0	0	0	0	0	0	0	0	0	0	0	0	0	0	0	0	0	0	0	
71735	2546	127	0.0380769230769236	0.282598290598291	0.21332905982906	0.130021367521368	0.0921068376068376	0.068	0.213944444444444	0	0	0	0	0	0	0	0	0	0	0	0	0	0	0	0	0	0	0	0	0	
85768	6227	73	0.0383162393162413	0.30625641025641	0.201418803418803	0.128589743589744	0.0822094017094017	0.063465811965812	0.218059829059829	0	0	0	0	0	0	0	0	0	0	0	0	0	0	0	0	0	0	0	0	0	
28222	1746	215	0.0386410256410231	0.306418803418803	0.213405982905983	0.138136752136752	0.083457264957265	0.0568974358974359	0.201683760683761	0	0	0	0	0	0	0	0	0	0	0	0	0	0	0	0	0	0	0	0	0	
88529	6820	78	0.0391623931623946	0.303820512820513	0.20284188034188	0.137247863247863	0.0875470085470085	0.0635598290598291	0.204982905982906	0	0	0	0	0	0	0	0	0	0	0	0	0	0	0	0	0	0	0	0	0	
29155	1399	280	0.0391709401709407	0.302777777777778	0.205474358974359	0.136628205128205	0.0811196581196581	0.0576709401709402	0.21632905982906	0	0	0	0	0	0	0	0	0	0	0	0	0	0	0	0	0	0	0	0	0	
61091	4030	112	0.0391794871794836	0.313807692307692	0.213055555555556	0.120012820512821	0.0832136752136752	0.0653205128205128	0.204589743589744	0	0	0	0	0	0	0	0	0	0	0	0	0	0	0	0	0	0	0	0	0	
71605	4236	113	0.0391965811965803	0.307282051282051	0.204555555555556	0.136051282051282	0.0858076923076923	0.0625641025641026	0.203739316239316	0	0	0	0	0	0	0	0	0	0	0	0	0	0	0	0	0	0	0	0	0	
97201	4086	101	0.0393162393162395	0.294235042735043	0.20107264957265	0.13434188034188	0.0965299145299145	0.062034188034188	0.211786324786325	0	0	0	0	0	0	0	0	0	0	0	0	0	0	0	0	0	0	0	0	0	
26879	4064	162	0.0393418803418783	0.316047008547009	0.215149572649573	0.123547008547009	0.076974358974359	0.0552692307692308	0.21301282051282	0	0	0	0	0	0	0	0	0	0	0	0	0	0	0	0	0	0	0	0	0	
23497	3052	248	0.039538461538462	0.306982905982906	0.210538461538462	0.131047008547009	0.0824059829059829	0.0511367521367521	0.217888888888889	0	0	0	0	0	0	0	0	0	0	0	0	0	0	0	0	0	0	0	0	0	
59367	4259	109	0.0395982905982928	0.30542735042735	0.196692307692308	0.12917094017094	0.0928589743589744	0.0618675213675214	0.213982905982906	0	0	0	0	0	0	0	0	0	0	0	0	0	0	0	0	0	0	0	0	0	
71816	3976	115	0.0396324786324797	0.303286324786325	0.216021367521368	0.13841452991453	0.0882094017094017	0.0625	0.191568376068376	0	0	0	0	0	0	0	0	0	0	0	0	0	0	0	0	0	0	0	0	0	
70823	2347	141	0.0398632478632458	0.296051282051282	0.211850427350427	0.14341452991453	0.0859273504273504	0.0643418803418803	0.19841452991453	0	0	0	0	0	0	0	0	0	0	0	0	0	0	0	0	0	0	0	0	0	
64057	3241	109	0.0399401709401732	0.305076923076923	0.198487179487179	0.129760683760684	0.0843290598290598	0.061974358974359	0.220371794871795	0	0	0	0	0	0	0	0	0	0	0	0	0	0	0	0	0	0	0	0	0	
31477	1324	244	0.0399658119658115	0.295538461538462	0.210594017094017	0.142307692307692	0.0880042735042735	0.0499145299145299	0.213641025641026	0	0	0	0	0	0	0	0	0	0	0	0	0	0	0	0	0	0	0	0	0	
65647	2583	134	0.040025641025641	0.311709401709402	0.206222222222222	0.125384615384615	0.0930726495726496	0.0596410256410256	0.203970085470085	0	0	0	0	0	0	0	0	0	0	0	0	0	0	0	0	0	0	0	0	0	
49882	4788	117	0.0403162393162387	0.31641452991453	0.205021367521368	0.127196581196581	0.0861367521367521	0.0628461538461538	0.202384615384615	0	0	0	0	0	0	0	0	0	0	0	0	0	0	0	0	0	0	0	0	0	
71022	1943	136	0.0404871794871784	0.290358974358974	0.211679487179487	0.135410256410256	0.0951324786324786	0.0638205128205128	0.203598290598291	0	0	0	0	0	0	0	0	0	0	0	0	0	0	0	0	0	0	0	0	0	
38407	5182	108	0.0405384615384597	0.317559829059829	0.209863247863248	0.120564102564103	0.0874786324786325	0.0597692307692308	0.204764957264957	0	0	0	0	0	0	0	0	0	0	0	0	0	0	0	0	0	0	0	0	0	
83596	4238	109	0.0408461538461541	0.3105	0.215833333333333	0.13392735042735	0.087525641025641	0.0564059829059829	0.195807692307692	0	0	0	0	0	0	0	0	0	0	0	0	0	0	0	0	0	0	0	0	0	
67338	2368	131	0.0409316239316244	0.285940170940171	0.218918803418803	0.137324786324786	0.0920726495726496	0.0627606837606838	0.202982905982906	0	0	0	0	0	0	0	0	0	0	0	0	0	0	0	0	0	0	0	0	0	
41890	1576	174	0.0413247863247834	0.288974358974359	0.20607264957265	0.140692307692308	0.0858333333333333	0.0677948717948718	0.210632478632479	0	0	0	0	0	0	0	0	0	0	0	0	0	0	0	0	0	0	0	0	0	
96881	2983	106	0.0413675213675197	0.289111111111111	0.207739316239316	0.124226495726496	0.0862606837606838	0.0650213675213675	0.227641025641026	0	0	0	0	0	0	0	0	0	0	0	0	0	0	0	0	0	0	0	0	0	
79323	4477	100	0.0414017094017099	0.311149572649573	0.211534188034188	0.133786324786325	0.0841581196581197	0.0620641025641026	0.197307692307692	0	0	0	0	0	0	0	0	0	0	0	0	0	0	0	0	0	0	0	0	0	
25439	1347	385	0.0414529914529912	0.290333333333333	0.226333333333333	0.119192307692308	0.0866752136752137	0.0560470085470085	0.221418803418803	0	0	0	0	0	0	0	0	0	0	0	0	0	0	0	0	0	0	0	0	0	
69899	4917	107	0.0414871794871782	0.316269230769231	0.211538461538462	0.125970085470085	0.0797735042735043	0.0640128205128205	0.202435897435897	0	0	0	0	0	0	0	0	0	0	0	0	0	0	0	0	0	0	0	0	0	
30087	1065	314	0.0415042735042747	0.309200854700855	0.204132478632479	0.127957264957265	0.0779017094017094	0.0636367521367521	0.21717094017094	0	0	0	0	0	0	0	0	0	0	0	0	0	0	0	0	0	0	0	0	0	
36770	5594	90	0.0417777777777764	0.305196581196581	0.205102564102564	0.126564102564103	0.0782735042735043	0.0597820512820513	0.225081196581197	0	0	0	0	0	0	0	0	0	0	0	0	0	0	0	0	0	0	0	0	0	
52714	3428	123	0.0423162393162402	0.296059829059829	0.197747863247863	0.127128205128205	0.0936666666666667	0.0620042735042735	0.223393162393162	0	0	0	0	0	0	0	0	0	0	0	0	0	0	0	0	0	0	0	0	0	
31250	1453	199	0.0423418803418804	0.291059829059829	0.222653846153846	0.136410256410256	0.0916538461538462	0.0567606837606838	0.201461538461538	0	0	0	0	0	0	0	0	0	0	0	0	0	0	0	0	0	0	0	0	0	
61224	4131	114	0.0423504273504291	0.302555555555556	0.197029914529915	0.136051282051282	0.0845811965811966	0.0661923076923077	0.213589743589744	0	0	0	0	0	0	0	0	0	0	0	0	0	0	0	0	0	0	0	0	0	
45734	3731	118	0.0424529914529943	0.304641025641026	0.197179487179487	0.132897435897436	0.0893803418803419	0.0591495726495727	0.216752136752137	0	0	0	0	0	0	0	0	0	0	0	0	0	0	0	0	0	0	0	0	0	
30693	4419	139	0.0427094017094021	0.303739316239316	0.197653846153846	0.125764957264957	0.0951196581196581	0.059542735042735	0.218179487179487	0	0	0	0	0	0	0	0	0	0	0	0	0	0	0	0	0	0	0	0	0	
96370	6427	76	0.0427094017094034	0.298897435897436	0.20265811965812	0.127200854700855	0.0787735042735043	0.0672008547008547	0.225269230769231	0	0	0	0	0	0	0	0	0	0	0	0	0	0	0	0	0	0	0	0	0	
93762	3497	113	0.0428205128205113	0.288247863247863	0.214495726495726	0.142850427350427	0.0916153846153846	0.0592564102564103	0.203534188034188	0	0	0	0	0	0	0	0	0	0	0	0	0	0	0	0	0	0	0	0	0	
72963	4335	113	0.0428547008547032	0.308290598290598	0.216726495726496	0.132726495726496	0.0917051282051282	0.059474358974359	0.191076923076923	0	0	0	0	0	0	0	0	0	0	0	0	0	0	0	0	0	0	0	0	0	
98708	5889	72	0.0428632478632492	0.298739316239316	0.198188034188034	0.123632478632479	0.0928589743589744	0.0613376068376068	0.22524358974359	0	0	0	0	0	0	0	0	0	0	0	0	0	0	0	0	0	0	0	0	0	
26068	1764	250	0.0428974358974354	0.303008547008547	0.210260683760684	0.131901709401709	0.0767521367521368	0.0553888888888889	0.222688034188034	0	0	0	0	0	0	0	0	0	0	0	0	0	0	0	0	0	0	0	0	0	
75717	1824	143	0.0433247863247892	0.299696581196581	0.218153846153846	0.139098290598291	0.0923547008547008	0.0614444444444444	0.189252136752137	0	0	0	0	0	0	0	0	0	0	0	0	0	0	0	0	0	0	0	0	0	
43164	3322	128	0.0434102564102574	0.293747863247863	0.199512820512821	0.139730769230769	0.0881153846153846	0.0617948717948718	0.217098290598291	0	0	0	0	0	0	0	0	0	0	0	0	0	0	0	0	0	0	0	0	0	
30081	1198	209	0.0434358974358974	0.281568376068376	0.213	0.126970085470085	0.0941282051282051	0.0597435897435897	0.224589743589744	0	0	0	0	0	0	0	0	0	0	0	0	0	0	0	0	0	0	0	0	0	
89152	3000	124	0.0435384615384599	0.301978632478632	0.216380341880342	0.141782051282051	0.0823760683760684	0.0643076923076923	0.193175213675214	0	0	0	0	0	0	0	0	0	0	0	0	0	0	0	0	0	0	0	0	0	
38287	1653	162	0.043598290598291	0.280846153846154	0.212320512820513	0.137876068376068	0.0885	0.0646196581196581	0.215837606837607	0	0	0	0	0	0	0	0	0	0	0	0	0	0	0	0	0	0	0	0	0	
59037	4295	108	0.0436324786324792	0.311149572649573	0.199876068376068	0.135320512820513	0.0829487179487179	0.0616452991452991	0.209059829059829	0	0	0	0	0	0	0	0	0	0	0	0	0	0	0	0	0	0	0	0	0	
31385	2088	167	0.0436410256410252	0.314982905982906	0.199371794871795	0.128487179487179	0.0898803418803419	0.0591752136752137	0.208102564102564	0	0	0	0	0	0	0	0	0	0	0	0	0	0	0	0	0	0	0	0	0	
25093	1203	461	0.0437094017094035	0.312675213675214	0.216935897435897	0.129273504273504	0.0737094017094017	0.0517948717948718	0.215611111111111	0	0	0	0	0	0	0	0	0	0	0	0	0	0	0	0	0	0	0	0	0	
56957	6651	76	0.0438803418803408	0.303807692307692	0.207747863247863	0.115760683760684	0.0850555555555556	0.0601068376068376	0.227521367521368	0	0	0	0	0	0	0	0	0	0	0	0	0	0	0	0	0	0	0	0	0	
82085	2176	134	0.0439572649572647	0.298029914529915	0.218884615384615	0.140811965811966	0.0918290598290598	0.0575769230769231	0.192867521367521	0	0	0	0	0	0	0	0	0	0	0	0	0	0	0	0	0	0	0	0	0	
25736	2165	208	0.0441111111111114	0.28275641025641	0.221965811965812	0.132888888888889	0.0835384615384615	0.057482905982906	0.221367521367521	0	0	0	0	0	0	0	0	0	0	0	0	0	0	0	0	0	0	0	0	0	
54390	3275	141	0.0441367521367535	0.309752136752137	0.214739316239316	0.133397435897436	0.0883205128205128	0.0631923076923077	0.190598290598291	0	0	0	0	0	0	0	0	0	0	0	0	0	0	0	0	0	0	0	0	0	
61593	3197	128	0.0442905982905987	0.306867521367521	0.20132905982906	0.131747863247863	0.0923504273504274	0.0637735042735043	0.203931623931624	0	0	0	0	0	0	0	0	0	0	0	0	0	0	0	0	0	0	0	0	0	
42439	4174	121	0.0443162393162408	0.307162393162393	0.196811965811966	0.127277777777778	0.0946495726495726	0.0656623931623932	0.208435897435897	0	0	0	0	0	0	0	0	0	0	0	0	0	0	0	0	0	0	0	0	0	
48297	3241	121	0.0446153846153851	0.288405982905983	0.204252136752137	0.1355	0.0931282051282051	0.065017094017094	0.213696581196581	0	0	0	0	0	0	0	0	0	0	0	0	0	0	0	0	0	0	0	0	0	
65420	4301	111	0.0447777777777786	0.315294871794872	0.206850427350427	0.129542735042735	0.0890811965811966	0.060474358974359	0.19875641025641	0	0	0	0	0	0	0	0	0	0	0	0	0	0	0	0	0	0	0	0	0	
