96881	2983	106	0.0180512820512834	0.289111111111111	0.207739316239316	0.124226495726496	0.0862606837606838	0.0650213675213675	0.227641025641026	0	0	0	0	0	0	0	0	0	0	0	0	0	0	0	0	0	0	0	0	0	
28055	1227	218	0.0208974358974355	0.292837606837607	0.21617094017094	0.129205128205128	0.0849145299145299	0.0525555555555556	0.224316239316239	0	0	0	0	0	0	0	0	0	0	0	0	0	0	0	0	0	0	0	0	0	
30677	1129	348	0.0216239316239312	0.292286324786325	0.209337606837607	0.134504273504273	0.0847435897435897	0.0619316239316239	0.217196581196581	0	0	0	0	0	0	0	0	0	0	0	0	0	0	0	0	0	0	0	0	0	
98551	6329	68	0.0219743589743578	0.290547008547009	0.20457264957265	0.122619658119658	0.0903461538461538	0.0623717948717949	0.229542735042735	0	0	0	0	0	0	0	0	0	0	0	0	0	0	0	0	0	0	0	0	0	
36770	5594	90	0.0227948717948684	0.305196581196581	0.205102564102564	0.126564102564103	0.0782735042735043	0.0597820512820513	0.225081196581197	0	0	0	0	0	0	0	0	0	0	0	0	0	0	0	0	0	0	0	0	0	
45507	4820	99	0.0238888888888881	0.296628205128205	0.19825641025641	0.128025641025641	0.0822307692307692	0.0634444444444444	0.23141452991453	0	0	0	0	0	0	0	0	0	0	0	0	0	0	0	0	0	0	0	0	0	
42474	4673	91	0.0241794871794868	0.291722222222222	0.198358974358974	0.126555555555556	0.0870384615384615	0.0613333333333333	0.234991452991453	0	0	0	0	0	0	0	0	0	0	0	0	0	0	0	0	0	0	0	0	0	
96370	6427	76	0.0245299145299114	0.298897435897436	0.20265811965812	0.127200854700855	0.0787735042735043	0.0672008547008547	0.225269230769231	0	0	0	0	0	0	0	0	0	0	0	0	0	0	0	0	0	0	0	0	0	
52714	3428	123	0.0247350427350422	0.296059829059829	0.197747863247863	0.127128205128205	0.0936666666666667	0.0620042735042735	0.223393162393162	0	0	0	0	0	0	0	0	0	0	0	0	0	0	0	0	0	0	0	0	0	
33497	1574	170	0.0255555555555561	0.288106837606838	0.211354700854701	0.132811965811966	0.0861709401709402	0.0629316239316239	0.218623931623932	0	0	0	0	0	0	0	0	0	0	0	0	0	0	0	0	0	0	0	0	0	
38524	5543	103	0.0260341880341881	0.294418803418803	0.212217948717949	0.122606837606838	0.0920726495726496	0.0580128205128205	0.22067094017094	0	0	0	0	0	0	0	0	0	0	0	0	0	0	0	0	0	0	0	0	0	
85588	3028	116	0.0263760683760662	0.296401709401709	0.205269230769231	0.126393162393162	0.0818974358974359	0.0706196581196581	0.219418803418803	0	0	0	0	0	0	0	0	0	0	0	0	0	0	0	0	0	0	0	0	0	
27649	1071	412	0.0264102564102571	0.288354700854701	0.198602564102564	0.132363247863248	0.0882222222222222	0.0623888888888889	0.230068376068376	0	0	0	0	0	0	0	0	0	0	0	0	0	0	0	0	0	0	0	0	0	
56957	6651	76	0.026555555555556	0.303807692307692	0.207747863247863	0.115760683760684	0.0850555555555556	0.0601068376068376	0.227521367521368	0	0	0	0	0	0	0	0	0	0	0	0	0	0	0	0	0	0	0	0	0	
25959	2188	192	0.026598290598292	0.294816239316239	0.214320512820513	0.132435897435897	0.085982905982906	0.055974358974359	0.216470085470085	0	0	0	0	0	0	0	0	0	0	0	0	0	0	0	0	0	0	0	0	0	
45603	4314	89	0.0267606837606829	0.295820512820513	0.204709401709402	0.12684188034188	0.0922264957264957	0.0646965811965812	0.215705128205128	0	0	0	0	0	0	0	0	0	0	0	0	0	0	0	0	0	0	0	0	0	
98708	5889	72	0.0271452991452972	0.298739316239316	0.198188034188034	0.123632478632479	0.0928589743589744	0.0613376068376068	0.22524358974359	0	0	0	0	0	0	0	0	0	0	0	0	0	0	0	0	0	0	0	0	0	
25019	1119	394	0.0273162393162393	0.300068376068376	0.21017094017094	0.119700854700855	0.0807350427350427	0.061508547008547	0.227816239316239	0	0	0	0	0	0	0	0	0	0	0	0	0	0	0	0	0	0	0	0	0	
83381	4118	91	0.0273675213675217	0.29607264957265	0.196517094017094	0.124726495726496	0.090051282051282	0.0652435897435897	0.227388888888889	0	0	0	0	0	0	0	0	0	0	0	0	0	0	0	0	0	0	0	0	0	
38954	4353	125	0.0274529914529913	0.30274358974359	0.206226495726496	0.128735042735043	0.0901410256410256	0.0597307692307692	0.212423076923077	0	0	0	0	0	0	0	0	0	0	0	0	0	0	0	0	0	0	0	0	0	
23262	1565	365	0.0281367521367535	0.295196581196581	0.196213675213675	0.130632478632479	0.0860512820512821	0.0561153846153846	0.235790598290598	0	0	0	0	0	0	0	0	0	0	0	0	0	0	0	0	0	0	0	0	0	
77695	4473	94	0.0282307692307682	0.289273504273504	0.199884615384615	0.126277777777778	0.0922606837606838	0.0674188034188034	0.224884615384615	0	0	0	0	0	0	0	0	0	0	0	0	0	0	0	0	0	0	0	0	0	
36831	5205	104	0.0283247863247851	0.293132478632479	0.199482905982906	0.123132478632479	0.0993931623931624	0.0588504273504274	0.226008547008547	0	0	0	0	0	0	0	0	0	0	0	0	0	0	0	0	0	0	0	0	0	
40111	4445	125	0.0284786324786323	0.292260683760684	0.216307692307692	0.125470085470085	0.0866153846153846	0.0632435897435897	0.216102564102564	0	0	0	0	0	0	0	0	0	0	0	0	0	0	0	0	0	0	0	0	0	
64057	3241	109	0.0288290598290592	0.305076923076923	0.198487179487179	0.129760683760684	0.0843290598290598	0.061974358974359	0.220371794871795	0	0	0	0	0	0	0	0	0	0	0	0	0	0	0	0	0	0	0	0	0	
87958	5371	84	0.0288803418803407	0.287893162393162	0.201482905982906	0.137696581196581	0.0908376068376068	0.0570683760683761	0.225021367521368	0	0	0	0	0	0	0	0	0	0	0	0	0	0	0	0	0	0	0	0	0	
56955	4352	100	0.0291196581196577	0.30615811965812	0.207363247863248	0.12382905982906	0.0813803418803419	0.0612350427350427	0.220034188034188	0	0	0	0	0	0	0	0	0	0	0	0	0	0	0	0	0	0	0	0	0	
98466	3995	89	0.0295042735042729	0.281688034188034	0.205700854700855	0.12658547008547	0.0923418803418803	0.0666495726495726	0.227034188034188	0	0	0	0	0	0	0	0	0	0	0	0	0	0	0	0	0	0	0	0	0	
33884	6271	102	0.0296239316239316	0.304636752136752	0.192076923076923	0.128038461538462	0.0858504273504273	0.0602905982905983	0.229106837606838	0	0	0	0	0	0	0	0	0	0	0	0	0	0	0	0	0	0	0	0	0	
50385	3525	115	0.0304615384615379	0.287247863247863	0.20492735042735	0.132944444444444	0.0934444444444444	0.0629700854700855	0.218465811965812	0	0	0	0	0	0	0	0	0	0	0	0	0	0	0	0	0	0	0	0	0	
30081	1198	209	0.0304700854700854	0.281568376068376	0.213	0.126970085470085	0.0941282051282051	0.0597435897435897	0.224589743589744	0	0	0	0	0	0	0	0	0	0	0	0	0	0	0	0	0	0	0	0	0	
93875	3707	104	0.0307264957264964	0.299175213675214	0.206735042735043	0.127995726495726	0.0848247863247863	0.0696495726495727	0.211619658119658	0	0	0	0	0	0	0	0	0	0	0	0	0	0	0	0	0	0	0	0	0	
51208	5545	84	0.0308717948717928	0.291132478632479	0.19841452991453	0.127042735042735	0.0822307692307692	0.066008547008547	0.23517094017094	0	0	0	0	0	0	0	0	0	0	0	0	0	0	0	0	0	0	0	0	0	
43164	3322	128	0.0310256410256394	0.293747863247863	0.199512820512821	0.139730769230769	0.0881153846153846	0.0617948717948718	0.217098290598291	0	0	0	0	0	0	0	0	0	0	0	0	0	0	0	0	0	0	0	0	0	
28641	1098	292	0.0315555555555551	0.293025641025641	0.220418803418803	0.130286324786325	0.0853119658119658	0.0500854700854701	0.220871794871795	0	0	0	0	0	0	0	0	0	0	0	0	0	0	0	0	0	0	0	0	0	
85768	6227	73	0.0318290598290592	0.30625641025641	0.201418803418803	0.128589743589744	0.0822094017094017	0.063465811965812	0.218059829059829	0	0	0	0	0	0	0	0	0	0	0	0	0	0	0	0	0	0	0	0	0	
33979	3204	131	0.0318547008546995	0.287632478632479	0.202380341880342	0.136111111111111	0.0939102564102564	0.0554145299145299	0.224551282051282	0	0	0	0	0	0	0	0	0	0	0	0	0	0	0	0	0	0	0	0	0	
83014	3521	99	0.0325726495726484	0.282247863247863	0.205282051282051	0.135495726495726	0.0895854700854701	0.0653333333333333	0.222055555555556	0	0	0	0	0	0	0	0	0	0	0	0	0	0	0	0	0	0	0	0	0	
26068	1764	250	0.0328888888888893	0.303008547008547	0.210260683760684	0.131901709401709	0.0767521367521368	0.0553888888888889	0.222688034188034	0	0	0	0	0	0	0	0	0	0	0	0	0	0	0	0	0	0	0	0	0	
23711	1610	391	0.0331452991453006	0.30391452991453	0.207679487179487	0.118012820512821	0.0856025641025641	0.0540128205128205	0.230777777777778	0	0	0	0	0	0	0	0	0	0	0	0	0	0	0	0	0	0	0	0	0	
34137	6079	101	0.0332222222222226	0.308662393162393	0.207666666666667	0.124623931623932	0.0752692307692308	0.0576239316239316	0.226153846153846	0	0	0	0	0	0	0	0	0	0	0	0	0	0	0	0	0	0	0	0	0	
64562	5648	85	0.0335726495726482	0.30334188034188	0.197803418803419	0.127995726495726	0.0890213675213675	0.0637863247863248	0.218051282051282	0	0	0	0	0	0	0	0	0	0	0	0	0	0	0	0	0	0	0	0	0	
46851	7781	70	0.0338205128205133	0.300106837606838	0.189816239316239	0.130230769230769	0.0851666666666667	0.064042735042735	0.230636752136752	0	0	0	0	0	0	0	0	0	0	0	0	0	0	0	0	0	0	0	0	0	
68694	2669	114	0.0340683760683749	0.28234188034188	0.202106837606838	0.138213675213675	0.0879487179487179	0.065	0.224388888888889	0	0	0	0	0	0	0	0	0	0	0	0	0	0	0	0	0	0	0	0	0	
29155	1399	280	0.0340854700854686	0.302777777777778	0.205474358974359	0.136628205128205	0.0811196581196581	0.0576709401709402	0.21632905982906	0	0	0	0	0	0	0	0	0	0	0	0	0	0	0	0	0	0	0	0	0	
24962	1674	449	0.0342393162393189	0.281376068376068	0.210350427350427	0.133564102564103	0.0872179487179487	0.0553376068376068	0.232153846153846	0	0	0	0	0	0	0	0	0	0	0	0	0	0	0	0	0	0	0	0	0	
23186	3660	173	0.0343418803418795	0.309410256410256	0.207923076923077	0.124136752136752	0.0829957264957265	0.052008547008547	0.223525641025641	0	0	0	0	0	0	0	0	0	0	0	0	0	0	0	0	0	0	0	0	0	
34736	5008	116	0.0348205128205152	0.305423076923077	0.188952991452991	0.129183760683761	0.0906880341880342	0.060034188034188	0.225717948717949	0	0	0	0	0	0	0	0	0	0	0	0	0	0	0	0	0	0	0	0	0	
51635	5359	76	0.0348376068376061	0.296452991452991	0.196021367521368	0.121487179487179	0.0868034188034188	0.0643333333333333	0.234901709401709	0	0	0	0	0	0	0	0	0	0	0	0	0	0	0	0	0	0	0	0	0	
61170	4751	99	0.0350427350427336	0.30242735042735	0.191611111111111	0.13041452991453	0.0848931623931624	0.0670769230769231	0.223576923076923	0	0	0	0	0	0	0	0	0	0	0	0	0	0	0	0	0	0	0	0	0	
24594	1444	328	0.0351709401709391	0.299269230769231	0.192739316239316	0.127346153846154	0.0827863247863248	0.0628717948717949	0.234987179487179	0	0	0	0	0	0	0	0	0	0	0	0	0	0	0	0	0	0	0	0	0	
31766	2465	162	0.0352307692307698	0.281034188034188	0.211042735042735	0.139004273504273	0.0837307692307692	0.056982905982906	0.228205128205128	0	0	0	0	0	0	0	0	0	0	0	0	0	0	0	0	0	0	0	0	0	
23105	1210	497	0.0356837606837607	0.29575641025641	0.201970085470085	0.122888888888889	0.0874871794871795	0.0522606837606838	0.239636752136752	0	0	0	0	0	0	0	0	0	0	0	0	0	0	0	0	0	0	0	0	0	
62630	4487	108	0.0357777777777775	0.301747863247863	0.208901709401709	0.129217948717949	0.0838461538461538	0.0667820512820513	0.209504273504274	0	0	0	0	0	0	0	0	0	0	0	0	0	0	0	0	0	0	0	0	0	
39511	4617	100	0.0362136752136751	0.295226495726496	0.188320512820513	0.1285	0.0866452991452991	0.0645	0.236807692307692	0	0	0	0	0	0	0	0	0	0	0	0	0	0	0	0	0	0	0	0	0	
49476	4418	99	0.0369743589743619	0.275311965811966	0.207363247863248	0.134380341880342	0.0862991452991453	0.0610384615384615	0.235606837606838	0	0	0	0	0	0	0	0	0	0	0	0	0	0	0	0	0	0	0	0	0	
37362	3268	133	0.0371794871794865	0.277529914529915	0.204982905982906	0.140217948717949	0.092465811965812	0.0600042735042735	0.224799145299145	0	0	0	0	0	0	0	0	0	0	0	0	0	0	0	0	0	0	0	0	0	
53109	8580	62	0.0374102564102551	0.30841452991453	0.204290598290598	0.120850427350427	0.0770213675213675	0.0641239316239316	0.225299145299145	0	0	0	0	0	0	0	0	0	0	0	0	0	0	0	0	0	0	0	0	0	
89563	7960	67	0.0374786324786308	0.312538461538462	0.195346153846154	0.126944444444444	0.085508547008547	0.0571367521367521	0.222525641025641	0	0	0	0	0	0	0	0	0	0	0	0	0	0	0	0	0	0	0	0	0	
30087	1065	314	0.0380085470085447	0.309200854700855	0.204132478632479	0.127957264957265	0.0779017094017094	0.0636367521367521	0.21717094017094	0	0	0	0	0	0	0	0	0	0	0	0	0	0	0	0	0	0	0	0	0	
45734	3731	118	0.0380512820512822	0.304641025641026	0.197179487179487	0.132897435897436	0.0893803418803419	0.0591495726495727	0.216752136752137	0	0	0	0	0	0	0	0	0	0	0	0	0	0	0	0	0	0	0	0	0	
82305	4404	95	0.038188034188034	0.30334188034188	0.190367521367521	0.128568376068376	0.0893632478632479	0.0657478632478632	0.222611111111111	0	0	0	0	0	0	0	0	0	0	0	0	0	0	0	0	0	0	0	0	0	
29948	4611	113	0.0383846153846148	0.304517094017094	0.194666666666667	0.125059829059829	0.0868376068376068	0.056042735042735	0.232876068376068	0	0	0	0	0	0	0	0	0	0	0	0	0	0	0	0	0	0	0	0	0	
97201	4086	101	0.0384273504273494	0.294235042735043	0.20107264957265	0.13434188034188	0.0965299145299145	0.062034188034188	0.211786324786325	0	0	0	0	0	0	0	0	0	0	0	0	0	0	0	0	0	0	0	0	0	
90831	4729	87	0.0384358974358967	0.30332905982906	0.194880341880342	0.131136752136752	0.0926452991452991	0.0598675213675214	0.218141025641026	0	0	0	0	0	0	0	0	0	0	0	0	0	0	0	0	0	0	0	0	0	
28114	3055	154	0.0387692307692301	0.305551282051282	0.211876068376068	0.119777777777778	0.0876495726495727	0.0575811965811966	0.217564102564103	0	0	0	0	0	0	0	0	0	0	0	0	0	0	0	0	0	0	0	0	0	
32654	1842	165	0.0389572649572655	0.280564102564103	0.209517094017094	0.133	0.096	0.0614529914529915	0.219465811965812	0	0	0	0	0	0	0	0	0	0	0	0	0	0	0	0	0	0	0	0	0	
21322	4499	165	0.0389658119658115	0.311722222222222	0.198363247863248	0.120632478632479	0.0859957264957265	0.056482905982906	0.226803418803419	0	0	0	0	0	0	0	0	0	0	0	0	0	0	0	0	0	0	0	0	0	
32400	3674	123	0.0389829059829068	0.30057264957265	0.192290598290598	0.123145299145299	0.0912606837606838	0.061034188034188	0.231696581196581	0	0	0	0	0	0	0	0	0	0	0	0	0	0	0	0	0	0	0	0	0	
23499	1141	453	0.0390256410256414	0.299081196581197	0.204982905982906	0.119452991452991	0.076508547008547	0.0619444444444444	0.238029914529915	0	0	0	0	0	0	0	0	0	0	0	0	0	0	0	0	0	0	0	0	0	
48297	3241	121	0.0390341880341871	0.288405982905983	0.204252136752137	0.1355	0.0931282051282051	0.065017094017094	0.213696581196581	0	0	0	0	0	0	0	0	0	0	0	0	0	0	0	0	0	0	0	0	0	
30693	4419	139	0.039059829059828	0.303739316239316	0.197653846153846	0.125764957264957	0.0951196581196581	0.059542735042735	0.218179487179487	0	0	0	0	0	0	0	0	0	0	0	0	0	0	0	0	0	0	0	0	0	
23497	3052	248	0.039683760683762	0.306982905982906	0.210538461538462	0.131047008547009	0.0824059829059829	0.0511367521367521	0.217888888888889	0	0	0	0	0	0	0	0	0	0	0	0	0	0	0	0	0	0	0	0	0	
27211	5943	123	0.0396923076923076	0.302465811965812	0.200132478632479	0.123260683760684	0.0872863247863248	0.0517222222222222	0.235132478632479	0	0	0	0	0	0	0	0	0	0	0	0	0	0	0	0	0	0	0	0	0	
25736	2165	208	0.0398547008547015	0.28275641025641	0.221965811965812	0.132888888888889	0.0835384615384615	0.057482905982906	0.221367521367521	0	0	0	0	0	0	0	0	0	0	0	0	0	0	0	0	0	0	0	0	0	
77650	6583	71	0.0399658119658108	0.3015	0.19234188034188	0.123824786324786	0.0947435897435897	0.0631025641025641	0.22448717948718	0	0	0	0	0	0	0	0	0	0	0	0	0	0	0	0	0	0	0	0	0	
98760	7903	51	0.0402222222222219	0.291397435897436	0.193012820512821	0.124205128205128	0.0895555555555556	0.0662564102564103	0.23557264957265	0	0	0	0	0	0	0	0	0	0	0	0	0	0	0	0	0	0	0	0	0	
41890	1576	174	0.0403846153846141	0.288974358974359	0.20607264957265	0.140692307692308	0.0858333333333333	0.0677948717948718	0.210632478632479	0	0	0	0	0	0	0	0	0	0	0	0	0	0	0	0	0	0	0	0	0	
25405	5211	157	0.0404529914529915	0.307820512820513	0.212568376068376	0.127205128205128	0.0742264957264957	0.0582350427350427	0.219944444444444	0	0	0	0	0	0	0	0	0	0	0	0	0	0	0	0	0	0	0	0	0	
56851	4080	96	0.0408717948717947	0.299094017094017	0.189401709401709	0.125089743589744	0.0903931623931624	0.0622905982905983	0.233730769230769	0	0	0	0	0	0	0	0	0	0	0	0	0	0	0	0	0	0	0	0	0	
61009	5334	71	0.0410512820512818	0.293017094017094	0.190910256410256	0.124273504273504	0.0863931623931624	0.0604102564102564	0.244995726495726	0	0	0	0	0	0	0	0	0	0	0	0	0	0	0	0	0	0	0	0	0	
22992	2825	140	0.0410854700854692	0.302974358974359	0.198931623931624	0.125782051282051	0.0758717948717949	0.0593632478632479	0.237076923076923	0	0	0	0	0	0	0	0	0	0	0	0	0	0	0	0	0	0	0	0	0	
68443	5524	79	0.0412222222222226	0.294880341880342	0.185752136752137	0.130461538461538	0.0855384615384615	0.0661367521367521	0.237230769230769	0	0	0	0	0	0	0	0	0	0	0	0	0	0	0	0	0	0	0	0	0	
37276	4717	106	0.0414444444444444	0.294833333333333	0.189641025641026	0.129094017094017	0.0815299145299145	0.0608803418803419	0.244021367521368	0	0	0	0	0	0	0	0	0	0	0	0	0	0	0	0	0	0	0	0	0	
50406	3116	117	0.0415811965811964	0.285025641025641	0.196213675213675	0.137594017094017	0.0952777777777778	0.0620470085470086	0.22384188034188	0	0	0	0	0	0	0	0	0	0	0	0	0	0	0	0	0	0	0	0	0	
87498	4949	81	0.0416837606837603	0.302111111111111	0.192559829059829	0.121525641025641	0.0877948717948718	0.0700213675213675	0.225987179487179	0	0	0	0	0	0	0	0	0	0	0	0	0	0	0	0	0	0	0	0	0	
21435	2410	192	0.0417094017094012	0.299517094017094	0.204324786324786	0.118542735042735	0.0794273504273504	0.0573418803418803	0.240846153846154	0	0	0	0	0	0	0	0	0	0	0	0	0	0	0	0	0	0	0	0	0	
26062	1958	228	0.041923076923078	0.283320512820513	0.20924358974359	0.12157264957265	0.098508547008547	0.056542735042735	0.230811965811966	0	0	0	0	0	0	0	0	0	0	0	0	0	0	0	0	0	0	0	0	0	
93622	3928	95	0.0420000000000014	0.293602564102564	0.185559829059829	0.133055555555556	0.0901752136752137	0.0672435897435897	0.230363247863248	0	0	0	0	0	0	0	0	0	0	0	0	0	0	0	0	0	0	0	0	0	
48355	4057	108	0.0420769230769226	0.301803418803419	0.205401709401709	0.125205128205128	0.0939358974358974	0.0646623931623932	0.208991452991453	0	0	0	0	0	0	0	0	0	0	0	0	0	0	0	0	0	0	0	0	0	
95074	3101	96	0.0420854700854706	0.278965811965812	0.200153846153846	0.132	0.0979700854700855	0.065017094017094	0.225893162393162	0	0	0	0	0	0	0	0	0	0	0	0	0	0	0	0	0	0	0	0	0	
25439	1347	385	0.0422307692307692	0.290333333333333	0.226333333333333	0.119192307692308	0.0866752136752137	0.0560470085470085	0.221418803418803	0	0	0	0	0	0	0	0	0	0	0	0	0	0	0	0	0	0	0	0	0	
88052	3237	99	0.042547008547007	0.280153846153846	0.201115384615385	0.135910256410256	0.0905042735042735	0.0689871794871795	0.22332905982906	0	0	0	0	0	0	0	0	0	0	0	0	0	0	0	0	0	0	0	0	0	
59367	4259	109	0.0427948717948707	0.30542735042735	0.196692307692308	0.12917094017094	0.0928589743589744	0.0618675213675214	0.213982905982906	0	0	0	0	0	0	0	0	0	0	0	0	0	0	0	0	0	0	0	0	0	
27411	1418	235	0.0429059829059847	0.312440170940171	0.207376068376068	0.130217948717949	0.0856752136752137	0.055465811965812	0.208824786324786	0	0	0	0	0	0	0	0	0	0	0	0	0	0	0	0	0	0	0	0	0	
32563	5567	103	0.0430256410256408	0.30815811965812	0.209961538461538	0.116119658119658	0.0797692307692308	0.0635897435897436	0.222401709401709	0	0	0	0	0	0	0	0	0	0	0	0	0	0	0	0	0	0	0	0	0	
57786	4876	95	0.0433675213675221	0.277739316239316	0.200739316239316	0.138264957264957	0.0902222222222222	0.0658717948717949	0.227162393162393	0	0	0	0	0	0	0	0	0	0	0	0	0	0	0	0	0	0	0	0	0	
28781	2172	154	0.0437692307692326	0.27191452991453	0.208034188034188	0.134782051282051	0.0887008547008547	0.0609230769230769	0.235645299145299	0	0	0	0	0	0	0	0	0	0	0	0	0	0	0	0	0	0	0	0	0	
24562	1213	427	0.0439572649572641	0.289628205128205	0.197487179487179	0.139747863247863	0.0963247863247863	0.0597136752136752	0.217098290598291	0	0	0	0	0	0	0	0	0	0	0	0	0	0	0	0	0	0	0	0	0	
83256	2983	116	0.0439914529914531	0.298029914529915	0.216991452991453	0.126115384615385	0.0926666666666667	0.0566410256410256	0.209555555555556	0	0	0	0	0	0	0	0	0	0	0	0	0	0	0	0	0	0	0	0	0	
