9787	0.00644871794871835	0.265205128205128	0.150615384615385	0.098991452991453	0.0690470085470085	0.0521282051282051	0.364012820512821	0	0	0	0	0	0	0	0	0	0	0	0	0	0	0	0	0	0	0	0	0	
10165	0.00661111111111039	0.267188034188034	0.146764957264957	0.0983119658119658	0.0682435897435897	0.0544529914529915	0.365038461538462	0	0	0	0	0	0	0	0	0	0	0	0	0	0	0	0	0	0	0	0	0	
10969	0.00982478632478842	0.260487179487179	0.152017094017094	0.0992478632478632	0.0689230769230769	0.0531581196581197	0.366166666666667	0	0	0	0	0	0	0	0	0	0	0	0	0	0	0	0	0	0	0	0	0	
9650	0.0101965811965821	0.261470085470085	0.14941452991453	0.0982948717948718	0.0723888888888889	0.052542735042735	0.365888888888889	0	0	0	0	0	0	0	0	0	0	0	0	0	0	0	0	0	0	0	0	0	
10387	0.0124914529914522	0.263222222222222	0.145521367521368	0.0979102564102564	0.0677350427350427	0.0577905982905983	0.367820512820513	0	0	0	0	0	0	0	0	0	0	0	0	0	0	0	0	0	0	0	0	0	
10095	0.0127094017094024	0.261350427350427	0.148196581196581	0.0969017094017094	0.0700940170940171	0.0533076923076923	0.370149572649573	0	0	0	0	0	0	0	0	0	0	0	0	0	0	0	0	0	0	0	0	0	
9358	0.0128247863247872	0.261457264957265	0.149991452991453	0.0960384615384615	0.0695512820512821	0.0536410256410256	0.369320512820513	0	0	0	0	0	0	0	0	0	0	0	0	0	0	0	0	0	0	0	0	0	
10349	0.0134358974358959	0.264769230769231	0.147709401709402	0.0988247863247863	0.0747393162393162	0.050991452991453	0.362965811965812	0	0	0	0	0	0	0	0	0	0	0	0	0	0	0	0	0	0	0	0	0	
10161	0.0135683760683769	0.261025641025641	0.149602564102564	0.0990769230769231	0.0736794871794872	0.0534017094017094	0.363213675213675	0	0	0	0	0	0	0	0	0	0	0	0	0	0	0	0	0	0	0	0	0	
10312	0.0148717948717949	0.259141025641026	0.152811965811966	0.0991324786324786	0.0667521367521367	0.056542735042735	0.365619658119658	0	0	0	0	0	0	0	0	0	0	0	0	0	0	0	0	0	0	0	0	0	
9520	0.0150982905982921	0.261307692307692	0.149183760683761	0.095051282051282	0.0681239316239316	0.0540299145299145	0.372303418803419	0	0	0	0	0	0	0	0	0	0	0	0	0	0	0	0	0	0	0	0	0	
10453	0.0154188034188031	0.260320512820513	0.150982905982906	0.100474358974359	0.0661837606837607	0.0573034188034188	0.364735042735043	0	0	0	0	0	0	0	0	0	0	0	0	0	0	0	0	0	0	0	0	0	
9565	0.015927350427352	0.265106837606838	0.150081196581197	0.102286324786325	0.0711239316239316	0.0516239316239316	0.359777777777778	0	0	0	0	0	0	0	0	0	0	0	0	0	0	0	0	0	0	0	0	0	
9923	0.015944444444444	0.269470085470085	0.151423076923077	0.0939316239316239	0.0681752136752137	0.0541880341880342	0.362811965811966	0	0	0	0	0	0	0	0	0	0	0	0	0	0	0	0	0	0	0	0	0	
9226	0.0162435897435908	0.266653846153846	0.144944444444444	0.102397435897436	0.071	0.0497136752136752	0.365290598290598	0	0	0	0	0	0	0	0	0	0	0	0	0	0	0	0	0	0	0	0	0	
9622	0.0164273504273512	0.263141025641026	0.144333333333333	0.103952991452991	0.0710683760683761	0.0535598290598291	0.363944444444444	0	0	0	0	0	0	0	0	0	0	0	0	0	0	0	0	0	0	0	0	0	
9617	0.0169017094017099	0.262790598290598	0.152918803418803	0.0926666666666667	0.070008547008547	0.0540213675213675	0.367594017094017	0	0	0	0	0	0	0	0	0	0	0	0	0	0	0	0	0	0	0	0	0	
9379	0.0171752136752142	0.266730769230769	0.142264957264957	0.101	0.0669401709401709	0.0524316239316239	0.370632478632479	0	0	0	0	0	0	0	0	0	0	0	0	0	0	0	0	0	0	0	0	0	
10221	0.0172008547008552	0.265705128205128	0.156038461538462	0.0994700854700855	0.0659059829059829	0.0519273504273504	0.360952991452991	0	0	0	0	0	0	0	0	0	0	0	0	0	0	0	0	0	0	0	0	0	
9850	0.0177350427350428	0.264722222222222	0.144632478632479	0.0987735042735043	0.0691666666666667	0.0491153846153846	0.373589743589744	0	0	0	0	0	0	0	0	0	0	0	0	0	0	0	0	0	0	0	0	0	
9828	0.0177692307692316	0.265303418803419	0.143816239316239	0.100876068376068	0.0735470085470085	0.0545854700854701	0.361871794871795	0	0	0	0	0	0	0	0	0	0	0	0	0	0	0	0	0	0	0	0	0	
9530	0.0184615384615374	0.261	0.145495726495727	0.0979316239316239	0.0687777777777778	0.0524529914529915	0.37434188034188	0	0	0	0	0	0	0	0	0	0	0	0	0	0	0	0	0	0	0	0	0	
10152	0.0186794871794866	0.260897435897436	0.153008547008547	0.102876068376068	0.0674529914529915	0.0488888888888889	0.366876068376068	0	0	0	0	0	0	0	0	0	0	0	0	0	0	0	0	0	0	0	0	0	
10460	0.0188034188034185	0.26658547008547	0.146905982905983	0.094042735042735	0.0717222222222222	0.0507008547008547	0.370042735042735	0	0	0	0	0	0	0	0	0	0	0	0	0	0	0	0	0	0	0	0	0	
9403	0.0190769230769241	0.264559829059829	0.143897435897436	0.101252136752137	0.0694316239316239	0.0592222222222222	0.361636752136752	0	0	0	0	0	0	0	0	0	0	0	0	0	0	0	0	0	0	0	0	0	
9817	0.0192606837606842	0.269564102564103	0.145880341880342	0.102465811965812	0.0695299145299145	0.0532820512820513	0.359277777777778	0	0	0	0	0	0	0	0	0	0	0	0	0	0	0	0	0	0	0	0	0	
9683	0.0193076923076922	0.26584188034188	0.142277777777778	0.0996068376068376	0.0698846153846154	0.0597478632478632	0.362641025641026	0	0	0	0	0	0	0	0	0	0	0	0	0	0	0	0	0	0	0	0	0	
9180	0.0193931623931639	0.262431623931624	0.142179487179487	0.104132478632479	0.0720854700854701	0.0538461538461538	0.365324786324786	0	0	0	0	0	0	0	0	0	0	0	0	0	0	0	0	0	0	0	0	0	
10396	0.0196153846153853	0.25867094017094	0.146692307692308	0.106350427350427	0.0691196581196581	0.0547051282051282	0.364461538461538	0	0	0	0	0	0	0	0	0	0	0	0	0	0	0	0	0	0	0	0	0	
10328	0.0196324786324784	0.260183760683761	0.151717948717949	0.100833333333333	0.0673974358974359	0.0583162393162393	0.361551282051282	0	0	0	0	0	0	0	0	0	0	0	0	0	0	0	0	0	0	0	0	0	
9278	0.0199871794871804	0.259905982905983	0.147777777777778	0.100115384615385	0.0724615384615385	0.0495854700854701	0.370153846153846	0	0	0	0	0	0	0	0	0	0	0	0	0	0	0	0	0	0	0	0	0	
10260	0.020217948717949	0.259799145299145	0.149038461538462	0.0952948717948718	0.072025641025641	0.0592692307692308	0.36457264957265	0	0	0	0	0	0	0	0	0	0	0	0	0	0	0	0	0	0	0	0	0	
10080	0.0205085470085469	0.26384188034188	0.154786324786325	0.095551282051282	0.0632820512820513	0.0576709401709402	0.364867521367521	0	0	0	0	0	0	0	0	0	0	0	0	0	0	0	0	0	0	0	0	0	
9129	0.0205598290598302	0.26907264957265	0.151192307692308	0.0911282051282051	0.0682735042735043	0.057025641025641	0.363307692307692	0	0	0	0	0	0	0	0	0	0	0	0	0	0	0	0	0	0	0	0	0	
9289	0.021008547008547	0.269410256410256	0.141957264957265	0.102760683760684	0.0677051282051282	0.0557393162393162	0.36242735042735	0	0	0	0	0	0	0	0	0	0	0	0	0	0	0	0	0	0	0	0	0	
9921	0.0216495726495728	0.266119658119658	0.153209401709402	0.0977948717948718	0.0732820512820513	0.0476837606837607	0.361910256410256	0	0	0	0	0	0	0	0	0	0	0	0	0	0	0	0	0	0	0	0	0	
9935	0.0217905982905986	0.255517094017094	0.152136752136752	0.0974957264957265	0.0716666666666667	0.0552820512820513	0.367901709401709	0	0	0	0	0	0	0	0	0	0	0	0	0	0	0	0	0	0	0	0	0	
9977	0.0218247863247856	0.268004273504274	0.14975641025641	0.0971880341880342	0.0660598290598291	0.0604145299145299	0.358576923076923	0	0	0	0	0	0	0	0	0	0	0	0	0	0	0	0	0	0	0	0	0	
10452	0.0219230769230762	0.261905982905983	0.146632478632479	0.109735042735043	0.0663589743589744	0.0535726495726496	0.361794871794872	0	0	0	0	0	0	0	0	0	0	0	0	0	0	0	0	0	0	0	0	0	
9826	0.022008547008548	0.258397435897436	0.146059829059829	0.104209401709402	0.0663247863247863	0.0562905982905983	0.368717948717949	0	0	0	0	0	0	0	0	0	0	0	0	0	0	0	0	0	0	0	0	0	
10431	0.0220128205128209	0.2585	0.146004273504274	0.104106837606838	0.0702179487179487	0.0517521367521368	0.369418803418803	0	0	0	0	0	0	0	0	0	0	0	0	0	0	0	0	0	0	0	0	0	
10125	0.0220256410256411	0.26717094017094	0.154769230769231	0.0955384615384615	0.0708589743589744	0.0498205128205128	0.36184188034188	0	0	0	0	0	0	0	0	0	0	0	0	0	0	0	0	0	0	0	0	0	
9498	0.0223888888888894	0.26258547008547	0.143773504273504	0.105632478632479	0.0724316239316239	0.0509957264957265	0.364581196581197	0	0	0	0	0	0	0	0	0	0	0	0	0	0	0	0	0	0	0	0	0	
9931	0.0230213675213678	0.265730769230769	0.139542735042735	0.106235042735043	0.0675940170940171	0.0515769230769231	0.369320512820513	0	0	0	0	0	0	0	0	0	0	0	0	0	0	0	0	0	0	0	0	0	
9802	0.0230299145299126	0.26207264957265	0.144641025641026	0.094448717948718	0.067957264957265	0.0546068376068376	0.376273504273504	0	0	0	0	0	0	0	0	0	0	0	0	0	0	0	0	0	0	0	0	0	
10698	0.0232948717948715	0.271076923076923	0.153623931623932	0.0995598290598291	0.0647435897435897	0.0524316239316239	0.358564102564103	0	0	0	0	0	0	0	0	0	0	0	0	0	0	0	0	0	0	0	0	0	
9667	0.0233247863247868	0.261324786324786	0.141264957264957	0.101935897435897	0.067534188034188	0.0603290598290598	0.367611111111111	0	0	0	0	0	0	0	0	0	0	0	0	0	0	0	0	0	0	0	0	0	
10451	0.0234059829059833	0.272769230769231	0.137410256410256	0.0987777777777778	0.0676837606837607	0.0553119658119658	0.368047008547009	0	0	0	0	0	0	0	0	0	0	0	0	0	0	0	0	0	0	0	0	0	
9890	0.0236794871794885	0.263337606837607	0.149700854700855	0.0887307692307692	0.0733888888888889	0.0552521367521367	0.369589743589744	0	0	0	0	0	0	0	0	0	0	0	0	0	0	0	0	0	0	0	0	0	
10032	0.0237222222222224	0.262786324786325	0.145987179487179	0.103978632478632	0.0651239316239316	0.049525641025641	0.372598290598291	0	0	0	0	0	0	0	0	0	0	0	0	0	0	0	0	0	0	0	0	0	
9705	0.0238675213675223	0.270517094017094	0.149722222222222	0.0869145299145299	0.0689615384615385	0.0542179487179487	0.369666666666667	0	0	0	0	0	0	0	0	0	0	0	0	0	0	0	0	0	0	0	0	0	
10118	0.0239700854700846	0.276735042735043	0.146888888888889	0.0929401709401709	0.0667777777777778	0.0538076923076923	0.362850427350427	0	0	0	0	0	0	0	0	0	0	0	0	0	0	0	0	0	0	0	0	0	
10164	0.0240085470085494	0.253487179487179	0.148273504273504	0.100068376068376	0.068542735042735	0.0604102564102564	0.369217948717949	0	0	0	0	0	0	0	0	0	0	0	0	0	0	0	0	0	0	0	0	0	
11156	0.0240470085470083	0.267884615384615	0.147145299145299	0.0965213675213675	0.0765598290598291	0.0541581196581197	0.357730769230769	0	0	0	0	0	0	0	0	0	0	0	0	0	0	0	0	0	0	0	0	0	
10041	0.0241111111111117	0.256606837606838	0.145102564102564	0.100461538461538	0.0713247863247863	0.0564017094017094	0.370102564102564	0	0	0	0	0	0	0	0	0	0	0	0	0	0	0	0	0	0	0	0	0	
10514	0.0241239316239334	0.255987179487179	0.153196581196581	0.106175213675214	0.0682649572649573	0.0514316239316239	0.364944444444444	0	0	0	0	0	0	0	0	0	0	0	0	0	0	0	0	0	0	0	0	0	
9712	0.0243205128205123	0.258089743589744	0.143581196581197	0.0987820512820513	0.0729444444444445	0.0536367521367521	0.372965811965812	0	0	0	0	0	0	0	0	0	0	0	0	0	0	0	0	0	0	0	0	0	
9201	0.0244487179487183	0.256188034188034	0.149974358974359	0.10508547008547	0.0666965811965812	0.0514700854700855	0.37058547008547	0	0	0	0	0	0	0	0	0	0	0	0	0	0	0	0	0	0	0	0	0	
10205	0.0245170940170935	0.269807692307692	0.145581196581197	0.101833333333333	0.0725470085470085	0.052017094017094	0.358213675213675	0	0	0	0	0	0	0	0	0	0	0	0	0	0	0	0	0	0	0	0	0	
9330	0.0246282051282057	0.257213675213675	0.149196581196581	0.0943803418803419	0.0725726495726496	0.0595	0.367136752136752	0	0	0	0	0	0	0	0	0	0	0	0	0	0	0	0	0	0	0	0	0	
10089	0.0246581196581187	0.265952991452991	0.154363247863248	0.0968547008547009	0.0737991452991453	0.0501837606837607	0.358846153846154	0	0	0	0	0	0	0	0	0	0	0	0	0	0	0	0	0	0	0	0	0	
9121	0.0247478632478636	0.267410256410256	0.149478632478632	0.086474358974359	0.0707051282051282	0.0554017094017094	0.370529914529915	0	0	0	0	0	0	0	0	0	0	0	0	0	0	0	0	0	0	0	0	0	
10619	0.0247606837606842	0.269405982905983	0.155504273504274	0.0937735042735043	0.0692564102564103	0.0473376068376068	0.364722222222222	0	0	0	0	0	0	0	0	0	0	0	0	0	0	0	0	0	0	0	0	0	
10431	0.0248888888888903	0.266645299145299	0.15565811965812	0.0996495726495727	0.070042735042735	0.0545811965811966	0.353423076923077	0	0	0	0	0	0	0	0	0	0	0	0	0	0	0	0	0	0	0	0	0	
10227	0.0249700854700857	0.276141025641026	0.142559829059829	0.100252136752137	0.064465811965812	0.0507820512820513	0.365799145299145	0	0	0	0	0	0	0	0	0	0	0	0	0	0	0	0	0	0	0	0	0	
10372	0.025008547008547	0.262444444444444	0.144423076923077	0.0963974358974359	0.0741794871794872	0.0503418803418803	0.372213675213675	0	0	0	0	0	0	0	0	0	0	0	0	0	0	0	0	0	0	0	0	0	
10052	0.0250470085470086	0.266747863247863	0.144833333333333	0.100448717948718	0.0636923076923077	0.0491752136752137	0.375102564102564	0	0	0	0	0	0	0	0	0	0	0	0	0	0	0	0	0	0	0	0	0	
9395	0.0251410256410258	0.253606837606838	0.149376068376068	0.104730769230769	0.0691923076923077	0.0523803418803419	0.370713675213675	0	0	0	0	0	0	0	0	0	0	0	0	0	0	0	0	0	0	0	0	0	
10690	0.0252478632478645	0.269235042735043	0.152777777777778	0.102521367521368	0.0641623931623932	0.0542008547008547	0.357102564102564	0	0	0	0	0	0	0	0	0	0	0	0	0	0	0	0	0	0	0	0	0	
9080	0.0253290598290587	0.268688034188034	0.141119658119658	0.0970128205128205	0.0647777777777778	0.055465811965812	0.372935897435897	0	0	0	0	0	0	0	0	0	0	0	0	0	0	0	0	0	0	0	0	0	
10551	0.0254273504273503	0.260726495726496	0.158935897435897	0.0994273504273504	0.0698076923076923	0.0536153846153846	0.35748717948718	0	0	0	0	0	0	0	0	0	0	0	0	0	0	0	0	0	0	0	0	0	
10222	0.0254914529914528	0.261384615384615	0.146239316239316	0.0928119658119658	0.0674529914529915	0.054517094017094	0.377594017094017	0	0	0	0	0	0	0	0	0	0	0	0	0	0	0	0	0	0	0	0	0	
9922	0.0256196581196565	0.260200854700855	0.154867521367521	0.0985641025641026	0.066957264957265	0.0601452991452991	0.359264957264957	0	0	0	0	0	0	0	0	0	0	0	0	0	0	0	0	0	0	0	0	0	
9696	0.0257179487179502	0.262008547008547	0.138897435897436	0.106192307692308	0.0699444444444444	0.0567692307692308	0.366188034188034	0	0	0	0	0	0	0	0	0	0	0	0	0	0	0	0	0	0	0	0	0	
10291	0.0257606837606836	0.272615384615385	0.147260683760684	0.0881111111111111	0.069	0.0527991452991453	0.370213675213675	0	0	0	0	0	0	0	0	0	0	0	0	0	0	0	0	0	0	0	0	0	
9991	0.0258034188034202	0.252346153846154	0.149021367521368	0.104290598290598	0.0741495726495727	0.0545128205128205	0.365679487179487	0	0	0	0	0	0	0	0	0	0	0	0	0	0	0	0	0	0	0	0	0	
9496	0.0258119658119658	0.259948717948718	0.141119658119658	0.107418803418803	0.071017094017094	0.0548376068376068	0.36565811965812	0	0	0	0	0	0	0	0	0	0	0	0	0	0	0	0	0	0	0	0	0	
8965	0.0261709401709398	0.258106837606838	0.143089743589744	0.099965811965812	0.0675042735042735	0.0592735042735043	0.372059829059829	0	0	0	0	0	0	0	0	0	0	0	0	0	0	0	0	0	0	0	0	0	
10897	0.0261965811965825	0.265576923076923	0.153235042735043	0.10191452991453	0.0686752136752137	0.0578290598290598	0.352769230769231	0	0	0	0	0	0	0	0	0	0	0	0	0	0	0	0	0	0	0	0	0	
10248	0.0262008547008553	0.260354700854701	0.140692307692308	0.106098290598291	0.0719316239316239	0.0531153846153846	0.367807692307692	0	0	0	0	0	0	0	0	0	0	0	0	0	0	0	0	0	0	0	0	0	
10479	0.0263162393162393	0.275111111111111	0.139696581196581	0.100905982905983	0.0670940170940171	0.0545470085470085	0.362645299145299	0	0	0	0	0	0	0	0	0	0	0	0	0	0	0	0	0	0	0	0	0	
9478	0.0264059829059828	0.25865811965812	0.156683760683761	0.0948632478632479	0.0718504273504273	0.0548931623931624	0.363051282051282	0	0	0	0	0	0	0	0	0	0	0	0	0	0	0	0	0	0	0	0	0	
8717	0.026623931623932	0.257200854700855	0.143252136752137	0.102807692307692	0.0697905982905983	0.0562435897435897	0.370705128205128	0	0	0	0	0	0	0	0	0	0	0	0	0	0	0	0	0	0	0	0	0	
10228	0.0266794871794874	0.266205128205128	0.141717948717949	0.109641025641026	0.0694230769230769	0.0480128205128205	0.365	0	0	0	0	0	0	0	0	0	0	0	0	0	0	0	0	0	0	0	0	0	
9932	0.0267222222222224	0.253495726495726	0.149435897435897	0.0982478632478632	0.0778461538461538	0.0563034188034188	0.36467094017094	0	0	0	0	0	0	0	0	0	0	0	0	0	0	0	0	0	0	0	0	0	
9644	0.0267350427350436	0.256602564102564	0.148991452991453	0.105324786324786	0.0684487179487179	0.0596752136752137	0.360957264957265	0	0	0	0	0	0	0	0	0	0	0	0	0	0	0	0	0	0	0	0	0	
10197	0.0268290598290597	0.270551282051282	0.145098290598291	0.0918461538461538	0.0756538461538462	0.0506923076923077	0.36615811965812	0	0	0	0	0	0	0	0	0	0	0	0	0	0	0	0	0	0	0	0	0	
9112	0.0268376068376067	0.264850427350427	0.137965811965812	0.0987991452991453	0.0806623931623932	0.0510769230769231	0.366645299145299	0	0	0	0	0	0	0	0	0	0	0	0	0	0	0	0	0	0	0	0	0	
10961	0.0268846153846158	0.26907264957265	0.152465811965812	0.0902564102564103	0.0698376068376068	0.0573504273504273	0.361017094017094	0	0	0	0	0	0	0	0	0	0	0	0	0	0	0	0	0	0	0	0	0	
9252	0.026978632478632	0.260282051282051	0.15808547008547	0.0963504273504274	0.0652307692307692	0.0576068376068376	0.362444444444444	0	0	0	0	0	0	0	0	0	0	0	0	0	0	0	0	0	0	0	0	0	
10094	0.0271666666666666	0.261358974358974	0.160935897435897	0.100200854700855	0.0656538461538462	0.0481623931623932	0.363688034188034	0	0	0	0	0	0	0	0	0	0	0	0	0	0	0	0	0	0	0	0	0	
10804	0.0271837606837612	0.259059829059829	0.151538461538462	0.0966495726495726	0.0723931623931624	0.0598846153846154	0.360474358974359	0	0	0	0	0	0	0	0	0	0	0	0	0	0	0	0	0	0	0	0	0	
10397	0.0273034188034183	0.259568376068376	0.149901709401709	0.108222222222222	0.0711025641025641	0.0506923076923077	0.360512820512821	0	0	0	0	0	0	0	0	0	0	0	0	0	0	0	0	0	0	0	0	0	
10683	0.0274529914529906	0.270735042735043	0.143038461538462	0.101324786324786	0.060948717948718	0.0590726495726496	0.364880341880342	0	0	0	0	0	0	0	0	0	0	0	0	0	0	0	0	0	0	0	0	0	
10726	0.0274572649572642	0.258594017094017	0.154478632478632	0.0977435897435897	0.0689487179487179	0.060525641025641	0.359709401709402	0	0	0	0	0	0	0	0	0	0	0	0	0	0	0	0	0	0	0	0	0	
9166	0.0275598290598295	0.261846153846154	0.145713675213675	0.110786324786325	0.061457264957265	0.0524871794871795	0.367709401709402	0	0	0	0	0	0	0	0	0	0	0	0	0	0	0	0	0	0	0	0	0	
9851	0.0277051282051278	0.277735042735043	0.13808547008547	0.100025641025641	0.067534188034188	0.0526623931623932	0.363957264957265	0	0	0	0	0	0	0	0	0	0	0	0	0	0	0	0	0	0	0	0	0	
10226	0.0277606837606857	0.253324786324786	0.146559829059829	0.0990128205128205	0.0761196581196581	0.0545683760683761	0.37041452991453	0	0	0	0	0	0	0	0	0	0	0	0	0	0	0	0	0	0	0	0	0	
9031	0.0279316239316229	0.275696581196581	0.142393162393162	0.0960854700854701	0.0646068376068376	0.0520213675213675	0.369196581196581	0	0	0	0	0	0	0	0	0	0	0	0	0	0	0	0	0	0	0	0	0	
10309	0.0281495726495716	0.278662393162393	0.144888888888889	0.0993205128205128	0.0655042735042735	0.0522350427350427	0.359388888888889	0	0	0	0	0	0	0	0	0	0	0	0	0	0	0	0	0	0	0	0	0	
