38954	4353	125	0.009034188034189	0.288666666666667	0.190910256410256	0.127512820512821	0.0940384615384615	0.0715384615384615	0.227333333333333	0	0	0	0	0	0	0	0	0	0	0	0	0	0	0	0	0	0	0	0	0	
36127	3936	118	0.0184786324786333	0.287089743589744	0.195893162393162	0.118457264957265	0.0948376068376068	0.0710042735042735	0.232717948717949	0	0	0	0	0	0	0	0	0	0	0	0	0	0	0	0	0	0	0	0	0	
29274	6817	99	0.0205299145299126	0.290884615384615	0.187200854700855	0.128111111111111	0.0923119658119658	0.0671153846153846	0.234376068376068	0	0	0	0	0	0	0	0	0	0	0	0	0	0	0	0	0	0	0	0	0	
27465	4612	121	0.0212051282051315	0.290094017094017	0.192905982905983	0.125448717948718	0.095965811965812	0.0620042735042735	0.233581196581197	0	0	0	0	0	0	0	0	0	0	0	0	0	0	0	0	0	0	0	0	0	
94548	6499	72	0.02280341880342	0.290786324786325	0.194645299145299	0.124491452991453	0.0931324786324786	0.0618846153846154	0.235059829059829	0	0	0	0	0	0	0	0	0	0	0	0	0	0	0	0	0	0	0	0	0	
48271	6150	88	0.0229658119658136	0.286559829059829	0.190649572649573	0.130880341880342	0.0914786324786325	0.0664230769230769	0.234008547008547	0	0	0	0	0	0	0	0	0	0	0	0	0	0	0	0	0	0	0	0	0	
61170	4751	99	0.024	0.291303418803419	0.199222222222222	0.125132478632479	0.0931282051282051	0.0698888888888889	0.221324786324786	0	0	0	0	0	0	0	0	0	0	0	0	0	0	0	0	0	0	0	0	0	
31129	5183	116	0.0244444444444475	0.283123931623932	0.195064102564103	0.127294871794872	0.0953162393162393	0.0667863247863248	0.23241452991453	0	0	0	0	0	0	0	0	0	0	0	0	0	0	0	0	0	0	0	0	0	
36831	5205	104	0.0259487179487188	0.278337606837607	0.190264957264957	0.122081196581197	0.097474358974359	0.0753461538461538	0.236495726495727	0	0	0	0	0	0	0	0	0	0	0	0	0	0	0	0	0	0	0	0	0	
76762	7851	60	0.0268717948717941	0.29148717948718	0.189525641025641	0.12758547008547	0.088525641025641	0.0654059829059829	0.237470085470085	0	0	0	0	0	0	0	0	0	0	0	0	0	0	0	0	0	0	0	0	0	
25959	2188	192	0.0272136752136779	0.278965811965812	0.199021367521368	0.124264957264957	0.0981880341880342	0.0726837606837607	0.226876068376068	0	0	0	0	0	0	0	0	0	0	0	0	0	0	0	0	0	0	0	0	0	
75662	7175	78	0.0272307692307681	0.298042735042735	0.195495726495726	0.123735042735043	0.093525641025641	0.0633632478632479	0.225837606837607	0	0	0	0	0	0	0	0	0	0	0	0	0	0	0	0	0	0	0	0	0	
51592	6092	83	0.027837606837608	0.291820512820513	0.194102564102564	0.125910256410256	0.0885769230769231	0.0639230769230769	0.235666666666667	0	0	0	0	0	0	0	0	0	0	0	0	0	0	0	0	0	0	0	0	0	
65282	5451	85	0.0281880341880368	0.287594017094017	0.178311965811966	0.128589743589744	0.0946794871794872	0.0726324786324786	0.238192307692308	0	0	0	0	0	0	0	0	0	0	0	0	0	0	0	0	0	0	0	0	0	
84160	7511	72	0.0282649572649567	0.288299145299145	0.185653846153846	0.137277777777778	0.0877948717948718	0.0705384615384615	0.230435897435897	0	0	0	0	0	0	0	0	0	0	0	0	0	0	0	0	0	0	0	0	0	
76777	8633	67	0.0286324786324777	0.292726495726496	0.182726495726496	0.131974358974359	0.0933333333333333	0.066517094017094	0.232722222222222	0	0	0	0	0	0	0	0	0	0	0	0	0	0	0	0	0	0	0	0	0	
53814	6165	81	0.0286495726495716	0.291799145299145	0.185534188034188	0.121628205128205	0.0954102564102564	0.0652521367521368	0.240376068376068	0	0	0	0	0	0	0	0	0	0	0	0	0	0	0	0	0	0	0	0	0	
77968	6567	86	0.0288888888888891	0.284094017094017	0.194944444444444	0.131773504273504	0.0855641025641026	0.0718418803418803	0.231782051282051	0	0	0	0	0	0	0	0	0	0	0	0	0	0	0	0	0	0	0	0	0	
96601	6457	72	0.0289059829059822	0.297957264957265	0.182222222222222	0.126397435897436	0.0935598290598291	0.0666581196581197	0.233205128205128	0	0	0	0	0	0	0	0	0	0	0	0	0	0	0	0	0	0	0	0	0	
53412	4055	112	0.0294615384615382	0.278307692307692	0.192752136752137	0.136111111111111	0.0933846153846154	0.0718675213675214	0.227576923076923	0	0	0	0	0	0	0	0	0	0	0	0	0	0	0	0	0	0	0	0	0	
33884	6271	102	0.0297777777777778	0.290226495726496	0.188316239316239	0.124457264957265	0.0862991452991453	0.0673888888888889	0.243311965811966	0	0	0	0	0	0	0	0	0	0	0	0	0	0	0	0	0	0	0	0	0	
33362	5038	123	0.0299316239316232	0.288777777777778	0.200897435897436	0.120064102564103	0.0884615384615385	0.0673333333333333	0.234465811965812	0	0	0	0	0	0	0	0	0	0	0	0	0	0	0	0	0	0	0	0	0	
51149	7554	74	0.0308632478632495	0.294217948717949	0.19457264957265	0.129145299145299	0.0867649572649573	0.0642222222222222	0.231076923076923	0	0	0	0	0	0	0	0	0	0	0	0	0	0	0	0	0	0	0	0	0	
46165	6810	87	0.0310854700854706	0.292534188034188	0.200504273504273	0.114547008547009	0.0952820512820513	0.0661752136752137	0.230957264957265	0	0	0	0	0	0	0	0	0	0	0	0	0	0	0	0	0	0	0	0	0	
81656	7744	72	0.0314786324786315	0.283388888888889	0.197696581196581	0.132175213675214	0.0924102564102564	0.0680512820512821	0.226277777777778	0	0	0	0	0	0	0	0	0	0	0	0	0	0	0	0	0	0	0	0	0	
85768	6227	73	0.0314786324786317	0.294816239316239	0.187820512820513	0.131106837606838	0.0862179487179487	0.0671153846153846	0.232923076923077	0	0	0	0	0	0	0	0	0	0	0	0	0	0	0	0	0	0	0	0	0	
56442	6119	99	0.0319658119658113	0.295495726495726	0.191474358974359	0.131452991452991	0.089991452991453	0.0738247863247863	0.217760683760684	0	0	0	0	0	0	0	0	0	0	0	0	0	0	0	0	0	0	0	0	0	
70941	5752	90	0.0319743589743599	0.300709401709402	0.192405982905983	0.126388888888889	0.0893589743589744	0.0727478632478633	0.218388888888889	0	0	0	0	0	0	0	0	0	0	0	0	0	0	0	0	0	0	0	0	0	
61053	3943	97	0.0320854700854717	0.275388888888889	0.199440170940171	0.121816239316239	0.0957350427350427	0.072542735042735	0.235076923076923	0	0	0	0	0	0	0	0	0	0	0	0	0	0	0	0	0	0	0	0	0	
31446	6472	116	0.0323931623931624	0.297700854700855	0.197435897435897	0.124717948717949	0.0928461538461538	0.0673803418803419	0.219918803418803	0	0	0	0	0	0	0	0	0	0	0	0	0	0	0	0	0	0	0	0	0	
77204	6276	78	0.0324615384615397	0.294542735042735	0.182799145299145	0.132564102564103	0.0952179487179487	0.064051282051282	0.230824786324786	0	0	0	0	0	0	0	0	0	0	0	0	0	0	0	0	0	0	0	0	0	
36300	5039	105	0.0327692307692333	0.274405982905983	0.201752136752137	0.124662393162393	0.0925470085470085	0.0728205128205128	0.233811965811966	0	0	0	0	0	0	0	0	0	0	0	0	0	0	0	0	0	0	0	0	0	
63303	5043	94	0.0329658119658131	0.301555555555556	0.182175213675214	0.126397435897436	0.093965811965812	0.0644230769230769	0.231482905982906	0	0	0	0	0	0	0	0	0	0	0	0	0	0	0	0	0	0	0	0	0	
79616	6227	84	0.0330683760683762	0.280115384615385	0.200662393162393	0.13	0.0938162393162393	0.0706452991452991	0.224760683760684	0	0	0	0	0	0	0	0	0	0	0	0	0	0	0	0	0	0	0	0	0	
77411	4035	105	0.0334529914529914	0.28157264957265	0.199478632478632	0.130162393162393	0.0950299145299145	0.0681111111111111	0.225645299145299	0	0	0	0	0	0	0	0	0	0	0	0	0	0	0	0	0	0	0	0	0	
87958	5371	84	0.0340683760683744	0.279628205128205	0.188200854700855	0.126602564102564	0.0933760683760684	0.0681794871794872	0.24401282051282	0	0	0	0	0	0	0	0	0	0	0	0	0	0	0	0	0	0	0	0	0	
25336	1160	366	0.0345384615384624	0.288059829059829	0.195192307692308	0.131145299145299	0.0913076923076923	0.0593076923076923	0.234987179487179	0	0	0	0	0	0	0	0	0	0	0	0	0	0	0	0	0	0	0	0	0	
46002	4254	108	0.03483760683761	0.274247863247863	0.191188034188034	0.133940170940171	0.095534188034188	0.070465811965812	0.234623931623932	0	0	0	0	0	0	0	0	0	0	0	0	0	0	0	0	0	0	0	0	0	
69759	6433	87	0.0348547008547001	0.300055555555556	0.197264957264957	0.123764957264957	0.0915213675213675	0.0669017094017094	0.220491452991453	0	0	0	0	0	0	0	0	0	0	0	0	0	0	0	0	0	0	0	0	0	
56957	6651	76	0.0350683760683778	0.293811965811966	0.196632478632479	0.12874358974359	0.0958162393162393	0.0554786324786325	0.229517094017094	0	0	0	0	0	0	0	0	0	0	0	0	0	0	0	0	0	0	0	0	0	
77695	4473	94	0.0353418803418816	0.289405982905983	0.199726495726496	0.126162393162393	0.0895683760683761	0.0592991452991453	0.235837606837607	0	0	0	0	0	0	0	0	0	0	0	0	0	0	0	0	0	0	0	0	0	
78163	7298	79	0.035495726495725	0.299162393162393	0.185017094017094	0.127782051282051	0.0977991452991453	0.0687991452991453	0.221440170940171	0	0	0	0	0	0	0	0	0	0	0	0	0	0	0	0	0	0	0	0	0	
85011	6113	68	0.0357008547008521	0.288354700854701	0.18541452991453	0.121602564102564	0.0884529914529915	0.0684017094017094	0.247773504273504	0	0	0	0	0	0	0	0	0	0	0	0	0	0	0	0	0	0	0	0	0	
25019	1119	394	0.0357094017094024	0.293952991452991	0.196645299145299	0.127286324786325	0.0868076923076923	0.0617564102564103	0.233551282051282	0	0	0	0	0	0	0	0	0	0	0	0	0	0	0	0	0	0	0	0	0	
87406	7128	69	0.0364017094017103	0.295752136752137	0.192418803418803	0.130025641025641	0.0834273504273504	0.0647905982905983	0.23358547008547	0	0	0	0	0	0	0	0	0	0	0	0	0	0	0	0	0	0	0	0	0	
25853	7698	112	0.0367606837606847	0.280764957264957	0.194247863247863	0.124384615384615	0.0937094017094017	0.0630897435897436	0.243803418803419	0	0	0	0	0	0	0	0	0	0	0	0	0	0	0	0	0	0	0	0	0	
43891	6130	100	0.0376581196581207	0.295115384615385	0.202512820512821	0.115923076923077	0.0853290598290598	0.0699957264957265	0.231123931623932	0	0	0	0	0	0	0	0	0	0	0	0	0	0	0	0	0	0	0	0	0	
77650	6583	71	0.0378632478632484	0.274397435897436	0.192931623931624	0.123538461538462	0.0901282051282051	0.0749871794871795	0.244017094017094	0	0	0	0	0	0	0	0	0	0	0	0	0	0	0	0	0	0	0	0	0	
28578	5993	100	0.0379401709401722	0.291820512820513	0.190867521367521	0.1255	0.0818205128205128	0.0656282051282051	0.244363247863248	0	0	0	0	0	0	0	0	0	0	0	0	0	0	0	0	0	0	0	0	0	
34498	4649	119	0.0380170940170941	0.287055555555556	0.194576923076923	0.134299145299145	0.0980769230769231	0.068017094017094	0.217974358974359	0	0	0	0	0	0	0	0	0	0	0	0	0	0	0	0	0	0	0	0	0	
38524	5543	103	0.0386239316239316	0.283897435897436	0.18708547008547	0.120636752136752	0.0973803418803419	0.0653333333333333	0.245666666666667	0	0	0	0	0	0	0	0	0	0	0	0	0	0	0	0	0	0	0	0	0	
48311	6314	79	0.0386239316239316	0.292649572649573	0.18025641025641	0.125119658119658	0.091465811965812	0.0658589743589744	0.244649572649573	0	0	0	0	0	0	0	0	0	0	0	0	0	0	0	0	0	0	0	0	0	
50199	2862	126	0.038760683760685	0.274119658119658	0.198846153846154	0.129547008547009	0.0989316239316239	0.0723547008547009	0.226200854700855	0	0	0	0	0	0	0	0	0	0	0	0	0	0	0	0	0	0	0	0	0	
25000	1387	447	0.0387863247863247	0.294547008547009	0.200047008547009	0.128457264957265	0.0928589743589744	0.0603547008547009	0.223735042735043	0	0	0	0	0	0	0	0	0	0	0	0	0	0	0	0	0	0	0	0	0	
87498	4949	81	0.0388205128205126	0.284286324786325	0.203611111111111	0.116435897435897	0.0918247863247863	0.0676452991452991	0.236196581196581	0	0	0	0	0	0	0	0	0	0	0	0	0	0	0	0	0	0	0	0	0	
25093	1203	461	0.039188034188035	0.29548717948718	0.203081196581197	0.1205	0.0907820512820513	0.0592008547008547	0.230948717948718	0	0	0	0	0	0	0	0	0	0	0	0	0	0	0	0	0	0	0	0	0	
25699	1100	340	0.0393247863247878	0.280119658119658	0.201132478632479	0.127688034188034	0.089465811965812	0.0666965811965812	0.234897435897436	0	0	0	0	0	0	0	0	0	0	0	0	0	0	0	0	0	0	0	0	0	
44288	6997	69	0.0393675213675199	0.289991452991453	0.177239316239316	0.123525641025641	0.092042735042735	0.0680598290598291	0.249141025641026	0	0	0	0	0	0	0	0	0	0	0	0	0	0	0	0	0	0	0	0	0	
56756	7804	65	0.0394102564102575	0.287363247863248	0.184461538461538	0.133538461538462	0.0942094017094017	0.0610769230769231	0.239350427350427	0	0	0	0	0	0	0	0	0	0	0	0	0	0	0	0	0	0	0	0	0	
25339	6253	130	0.0395982905982888	0.292136752136752	0.185064102564103	0.12265811965812	0.0945384615384615	0.0592179487179487	0.246384615384615	0	0	0	0	0	0	0	0	0	0	0	0	0	0	0	0	0	0	0	0	0	
46573	3953	116	0.0397179487179465	0.297965811965812	0.189393162393162	0.135076923076923	0.0831025641025641	0.0718675213675214	0.222594017094017	0	0	0	0	0	0	0	0	0	0	0	0	0	0	0	0	0	0	0	0	0	
67003	6267	73	0.0399487179487179	0.276991452991453	0.189316239316239	0.126388888888889	0.0905128205128205	0.0696239316239316	0.247166666666667	0	0	0	0	0	0	0	0	0	0	0	0	0	0	0	0	0	0	0	0	0	
28114	3055	154	0.0399572649572639	0.288145299145299	0.185252136752137	0.141649572649573	0.0887905982905983	0.0642521367521368	0.231910256410256	0	0	0	0	0	0	0	0	0	0	0	0	0	0	0	0	0	0	0	0	0	
29386	5851	126	0.0400427350427349	0.30207264957265	0.191551282051282	0.123055555555556	0.0860512820512821	0.060948717948718	0.236320512820513	0	0	0	0	0	0	0	0	0	0	0	0	0	0	0	0	0	0	0	0	0	
81998	4483	97	0.0401709401709408	0.279884615384615	0.186542735042735	0.130358974358974	0.104162393162393	0.0660940170940171	0.232957264957265	0	0	0	0	0	0	0	0	0	0	0	0	0	0	0	0	0	0	0	0	0	
93676	5704	83	0.0402735042735051	0.272051282051282	0.188128205128205	0.137974358974359	0.0989102564102564	0.0722905982905983	0.230645299145299	0	0	0	0	0	0	0	0	0	0	0	0	0	0	0	0	0	0	0	0	0	
34736	5008	116	0.0402905982905993	0.274623931623932	0.192277777777778	0.138136752136752	0.0921837606837607	0.068991452991453	0.233786324786325	0	0	0	0	0	0	0	0	0	0	0	0	0	0	0	0	0	0	0	0	0	
82557	6524	76	0.0404615384615362	0.30417094017094	0.187397435897436	0.121602564102564	0.0848376068376068	0.066482905982906	0.235508547008547	0	0	0	0	0	0	0	0	0	0	0	0	0	0	0	0	0	0	0	0	0	
42611	8402	80	0.0404700854700815	0.309760683760684	0.190269230769231	0.122226495726496	0.0877777777777778	0.0616837606837607	0.228282051282051	0	0	0	0	0	0	0	0	0	0	0	0	0	0	0	0	0	0	0	0	0	
24458	2751	180	0.0406153846153862	0.279833333333333	0.208226495726496	0.125051282051282	0.094974358974359	0.0623205128205128	0.229594017094017	0	0	0	0	0	0	0	0	0	0	0	0	0	0	0	0	0	0	0	0	0	
53444	5514	99	0.0414017094017087	0.301534188034188	0.195188034188034	0.127636752136752	0.0903632478632479	0.0724102564102564	0.212867521367521	0	0	0	0	0	0	0	0	0	0	0	0	0	0	0	0	0	0	0	0	0	
27391	8133	87	0.0414957264957278	0.292764957264957	0.190606837606838	0.132264957264957	0.0857692307692308	0.0599017094017094	0.238692307692308	0	0	0	0	0	0	0	0	0	0	0	0	0	0	0	0	0	0	0	0	0	
95814	6232	72	0.0418632478632454	0.300576923076923	0.188175213675214	0.117294871794872	0.088542735042735	0.0656068376068376	0.239803418803419	0	0	0	0	0	0	0	0	0	0	0	0	0	0	0	0	0	0	0	0	0	
29599	6393	123	0.0422478632478642	0.297910256410256	0.193008547008547	0.133055555555556	0.081474358974359	0.0638205128205128	0.230730769230769	0	0	0	0	0	0	0	0	0	0	0	0	0	0	0	0	0	0	0	0	0	
53402	6617	92	0.0422649572649567	0.305307692307692	0.19091452991453	0.128568376068376	0.0935299145299145	0.0623888888888889	0.219290598290598	0	0	0	0	0	0	0	0	0	0	0	0	0	0	0	0	0	0	0	0	0	
56851	4080	96	0.042726495726499	0.271876068376068	0.195264957264957	0.125666666666667	0.0973760683760684	0.0688931623931624	0.240923076923077	0	0	0	0	0	0	0	0	0	0	0	0	0	0	0	0	0	0	0	0	0	
61930	7234	73	0.0428461538461528	0.298735042735043	0.176051282051282	0.13517094017094	0.0945128205128205	0.0657350427350427	0.229794871794872	0	0	0	0	0	0	0	0	0	0	0	0	0	0	0	0	0	0	0	0	0	
31929	3002	165	0.0429743589743577	0.289111111111111	0.189269230769231	0.143452991452991	0.0955042735042735	0.0607521367521368	0.221910256410256	0	0	0	0	0	0	0	0	0	0	0	0	0	0	0	0	0	0	0	0	0	
37454	4917	124	0.0429829059829053	0.295320512820513	0.199017094017094	0.130811965811966	0.0912179487179487	0.0615854700854701	0.222047008547009	0	0	0	0	0	0	0	0	0	0	0	0	0	0	0	0	0	0	0	0	0	
41874	6466	111	0.0430341880341873	0.303521367521368	0.184209401709402	0.126717948717949	0.0982735042735043	0.062551282051282	0.224726495726496	0	0	0	0	0	0	0	0	0	0	0	0	0	0	0	0	0	0	0	0	0	
52969	5065	86	0.0430427350427381	0.269683760683761	0.195880341880342	0.121978632478632	0.0976452991452991	0.075534188034188	0.239277777777778	0	0	0	0	0	0	0	0	0	0	0	0	0	0	0	0	0	0	0	0	0	
29065	1228	320	0.0433162393162392	0.282448717948718	0.202581196581197	0.133209401709402	0.0841495726495727	0.0686025641025641	0.229008547008547	0	0	0	0	0	0	0	0	0	0	0	0	0	0	0	0	0	0	0	0	0	
38809	5033	111	0.0433675213675191	0.294713675213675	0.206970085470085	0.119196581196581	0.0914401709401709	0.072042735042735	0.215636752136752	0	0	0	0	0	0	0	0	0	0	0	0	0	0	0	0	0	0	0	0	0	
28726	1784	176	0.0434017094017083	0.281440170940171	0.196525641025641	0.139307692307692	0.0911153846153846	0.0636111111111111	0.228	0	0	0	0	0	0	0	0	0	0	0	0	0	0	0	0	0	0	0	0	0	
76469	3408	107	0.0434529914529914	0.269179487179487	0.189730769230769	0.139901709401709	0.0981623931623932	0.0737393162393162	0.229286324786325	0	0	0	0	0	0	0	0	0	0	0	0	0	0	0	0	0	0	0	0	0	
79323	4477	100	0.0434786324786337	0.281901709401709	0.192794871794872	0.136991452991453	0.0998974358974359	0.0662136752136752	0.222200854700855	0	0	0	0	0	0	0	0	0	0	0	0	0	0	0	0	0	0	0	0	0	
28355	6903	95	0.0438205128205142	0.277162393162393	0.192410256410256	0.128192307692308	0.0902264957264957	0.0666452991452991	0.245363247863248	0	0	0	0	0	0	0	0	0	0	0	0	0	0	0	0	0	0	0	0	0	
76014	6340	85	0.0440085470085474	0.295209401709402	0.203589743589744	0.117017094017094	0.0883461538461539	0.0627094017094017	0.233128205128205	0	0	0	0	0	0	0	0	0	0	0	0	0	0	0	0	0	0	0	0	0	
96083	4010	99	0.0440940170940181	0.276628205128205	0.193269230769231	0.138367521367521	0.0983547008547009	0.0677948717948718	0.22558547008547	0	0	0	0	0	0	0	0	0	0	0	0	0	0	0	0	0	0	0	0	0	
28438	6614	115	0.0441282051282038	0.295568376068376	0.206495726495727	0.118444444444444	0.085534188034188	0.0656538461538462	0.228303418803419	0	0	0	0	0	0	0	0	0	0	0	0	0	0	0	0	0	0	0	0	0	
43927	3893	109	0.0442136752136752	0.279794871794872	0.193995726495726	0.137978632478632	0.0980769230769231	0.0673717948717949	0.222782051282051	0	0	0	0	0	0	0	0	0	0	0	0	0	0	0	0	0	0	0	0	0	
62630	4487	108	0.0442905982905987	0.286777777777778	0.190876068376068	0.140089743589744	0.0991239316239316	0.0688717948717949	0.214260683760684	0	0	0	0	0	0	0	0	0	0	0	0	0	0	0	0	0	0	0	0	0	
78433	6818	90	0.0445299145299123	0.301371794871795	0.189833333333333	0.134076923076923	0.0907606837606838	0.0699487179487179	0.214008547008547	0	0	0	0	0	0	0	0	0	0	0	0	0	0	0	0	0	0	0	0	0	
39511	4617	100	0.0445384615384626	0.28774358974359	0.174491452991453	0.127555555555556	0.0893076923076923	0.0728547008547009	0.248047008547009	0	0	0	0	0	0	0	0	0	0	0	0	0	0	0	0	0	0	0	0	0	
61224	4131	114	0.0445555555555549	0.302863247863248	0.198034188034188	0.115136752136752	0.0916324786324786	0.0739871794871795	0.218346153846154	0	0	0	0	0	0	0	0	0	0	0	0	0	0	0	0	0	0	0	0	0	
66059	3325	122	0.0445555555555565	0.292803418803419	0.202653846153846	0.128897435897436	0.0953931623931624	0.0683888888888889	0.211863247863248	0	0	0	0	0	0	0	0	0	0	0	0	0	0	0	0	0	0	0	0	0	
32239	9280	77	0.0447350427350431	0.307055555555556	0.186662393162393	0.12382905982906	0.0821538461538462	0.0657094017094017	0.234589743589744	0	0	0	0	0	0	0	0	0	0	0	0	0	0	0	0	0	0	0	0	0	
20870	5914	127	0.0447692307692301	0.290594017094017	0.187542735042735	0.127811965811966	0.090525641025641	0.0564401709401709	0.24708547008547	0	0	0	0	0	0	0	0	0	0	0	0	0	0	0	0	0	0	0	0	0	
52219	6945	90	0.0447777777777743	0.301094017094017	0.18108547008547	0.134478632478632	0.0909145299145299	0.0653974358974359	0.227029914529915	0	0	0	0	0	0	0	0	0	0	0	0	0	0	0	0	0	0	0	0	0	
48868	5693	89	0.044811965811965	0.291790598290598	0.18692735042735	0.135863247863248	0.0878333333333333	0.0597264957264957	0.237858974358974	0	0	0	0	0	0	0	0	0	0	0	0	0	0	0	0	0	0	0	0	0	
