9711	0.0091324786324789	0.246123931623932	0.144397435897436	0.0980897435897436	0.0686752136752137	0.058965811965812	0.383747863247863	0	0	0	0	0	0	0	0	0	0	0	0	0	0	0	0	0	0	0	0	0	
9449	0.0121068376068377	0.249846153846154	0.145991452991453	0.0949273504273504	0.0698076923076923	0.0535811965811966	0.385846153846154	0	0	0	0	0	0	0	0	0	0	0	0	0	0	0	0	0	0	0	0	0	
8215	0.0121709401709384	0.243196581196581	0.146465811965812	0.0995811965811966	0.0704059829059829	0.0592264957264957	0.381123931623932	0	0	0	0	0	0	0	0	0	0	0	0	0	0	0	0	0	0	0	0	0	
8671	0.0124658119658116	0.243217948717949	0.143824786324786	0.0985769230769231	0.0728547008547009	0.0580726495726496	0.383452991452991	0	0	0	0	0	0	0	0	0	0	0	0	0	0	0	0	0	0	0	0	0	
8784	0.0128290598290595	0.240995726495727	0.151940170940171	0.0988888888888889	0.0702735042735043	0.0541367521367521	0.383764957264957	0	0	0	0	0	0	0	0	0	0	0	0	0	0	0	0	0	0	0	0	0	
9968	0.0140042735042729	0.252405982905983	0.144730769230769	0.0978675213675214	0.0703290598290598	0.0522094017094017	0.382457264957265	0	0	0	0	0	0	0	0	0	0	0	0	0	0	0	0	0	0	0	0	0	
9347	0.0143846153846141	0.244568376068376	0.143482905982906	0.096965811965812	0.0750042735042735	0.0580982905982906	0.381880341880342	0	0	0	0	0	0	0	0	0	0	0	0	0	0	0	0	0	0	0	0	0	
8396	0.0145940170940173	0.243008547008547	0.149487179487179	0.0977863247863248	0.0718760683760684	0.050965811965812	0.386876068376068	0	0	0	0	0	0	0	0	0	0	0	0	0	0	0	0	0	0	0	0	0	
9172	0.0147478632478642	0.247504273504274	0.148452991452991	0.0981196581196581	0.0711794871794872	0.0583888888888889	0.376354700854701	0	0	0	0	0	0	0	0	0	0	0	0	0	0	0	0	0	0	0	0	0	
9841	0.0156239316239324	0.242333333333333	0.149606837606838	0.101115384615385	0.0674316239316239	0.0569017094017094	0.382611111111111	0	0	0	0	0	0	0	0	0	0	0	0	0	0	0	0	0	0	0	0	0	
9455	0.0160470085470094	0.247918803418803	0.143910256410256	0.100589743589744	0.0657051282051282	0.0580726495726496	0.383803418803419	0	0	0	0	0	0	0	0	0	0	0	0	0	0	0	0	0	0	0	0	0	
9238	0.0162307692307694	0.248059829059829	0.151418803418803	0.0963034188034188	0.063491452991453	0.0567478632478632	0.383978632478632	0	0	0	0	0	0	0	0	0	0	0	0	0	0	0	0	0	0	0	0	0	
8874	0.0162393162393157	0.247709401709402	0.153410256410256	0.0957692307692308	0.0697820512820513	0.0516794871794872	0.381649572649573	0	0	0	0	0	0	0	0	0	0	0	0	0	0	0	0	0	0	0	0	0	
8950	0.0162735042735013	0.244106837606838	0.144598290598291	0.102290598290598	0.0688376068376068	0.0585683760683761	0.381598290598291	0	0	0	0	0	0	0	0	0	0	0	0	0	0	0	0	0	0	0	0	0	
8089	0.0167948717948705	0.24992735042735	0.142722222222222	0.098482905982906	0.0670811965811966	0.0586196581196581	0.383166666666667	0	0	0	0	0	0	0	0	0	0	0	0	0	0	0	0	0	0	0	0	0	
9857	0.0174102564102557	0.23924358974359	0.145051282051282	0.0994102564102564	0.0758333333333333	0.055974358974359	0.384487179487179	0	0	0	0	0	0	0	0	0	0	0	0	0	0	0	0	0	0	0	0	0	
9327	0.0179188034188052	0.252021367521368	0.147149572649573	0.0952094017094017	0.0648632478632479	0.0542393162393162	0.386517094017094	0	0	0	0	0	0	0	0	0	0	0	0	0	0	0	0	0	0	0	0	0	
8895	0.0189401709401702	0.245961538461538	0.14432905982906	0.0944145299145299	0.0667863247863248	0.0563803418803419	0.392128205128205	0	0	0	0	0	0	0	0	0	0	0	0	0	0	0	0	0	0	0	0	0	
9096	0.0189700854700866	0.246136752136752	0.141952991452991	0.100525641025641	0.0730769230769231	0.0510128205128205	0.387294871794872	0	0	0	0	0	0	0	0	0	0	0	0	0	0	0	0	0	0	0	0	0	
8392	0.0190811965811965	0.246051282051282	0.140196581196581	0.0987692307692308	0.0679017094017094	0.0570683760683761	0.39001282051282	0	0	0	0	0	0	0	0	0	0	0	0	0	0	0	0	0	0	0	0	0	
8303	0.0206538461538444	0.255850427350427	0.145576923076923	0.0968076923076923	0.0685128205128205	0.0557478632478632	0.377504273504274	0	0	0	0	0	0	0	0	0	0	0	0	0	0	0	0	0	0	0	0	0	
9045	0.0206837606837605	0.248307692307692	0.142794871794872	0.0916452991452991	0.0720598290598291	0.0550299145299145	0.390162393162393	0	0	0	0	0	0	0	0	0	0	0	0	0	0	0	0	0	0	0	0	0	
8764	0.0207350427350431	0.241594017094017	0.147478632478632	0.0946068376068376	0.0672521367521367	0.0583589743589744	0.390709401709402	0	0	0	0	0	0	0	0	0	0	0	0	0	0	0	0	0	0	0	0	0	
8740	0.0208589743589747	0.247897435897436	0.144465811965812	0.0895555555555556	0.0739102564102564	0.0599401709401709	0.384230769230769	0	0	0	0	0	0	0	0	0	0	0	0	0	0	0	0	0	0	0	0	0	
8477	0.021064102564103	0.238478632478632	0.145299145299145	0.105269230769231	0.0692393162393162	0.0576794871794872	0.384034188034188	0	0	0	0	0	0	0	0	0	0	0	0	0	0	0	0	0	0	0	0	0	
8639	0.0210811965811969	0.250952991452991	0.149905982905983	0.0923547008547008	0.0688418803418803	0.051534188034188	0.386410256410256	0	0	0	0	0	0	0	0	0	0	0	0	0	0	0	0	0	0	0	0	0	
9257	0.0211324786324782	0.244316239316239	0.148034188034188	0.106982905982906	0.0703547008547009	0.0544316239316239	0.375880341880342	0	0	0	0	0	0	0	0	0	0	0	0	0	0	0	0	0	0	0	0	0	
9352	0.021196581196581	0.239521367521368	0.142880341880342	0.0998247863247863	0.0716367521367521	0.0605555555555556	0.385581196581197	0	0	0	0	0	0	0	0	0	0	0	0	0	0	0	0	0	0	0	0	0	
8951	0.0215897435897446	0.244619658119658	0.149405982905983	0.0897777777777778	0.0686282051282051	0.0614529914529915	0.386115384615385	0	0	0	0	0	0	0	0	0	0	0	0	0	0	0	0	0	0	0	0	0	
8670	0.0217606837606837	0.242803418803419	0.152222222222222	0.0997692307692308	0.0675683760683761	0.0505683760683761	0.387068376068376	0	0	0	0	0	0	0	0	0	0	0	0	0	0	0	0	0	0	0	0	0	
9306	0.0218974358974351	0.251371794871795	0.143811965811966	0.0943290598290598	0.0757435897435897	0.0556538461538462	0.379089743589744	0	0	0	0	0	0	0	0	0	0	0	0	0	0	0	0	0	0	0	0	0	
8811	0.0219529914529922	0.247474358974359	0.14884188034188	0.094017094017094	0.0701752136752137	0.0481025641025641	0.391388888888889	0	0	0	0	0	0	0	0	0	0	0	0	0	0	0	0	0	0	0	0	0	
9654	0.0219658119658117	0.253807692307692	0.145461538461538	0.0987521367521367	0.0676153846153846	0.0570555555555556	0.377307692307692	0	0	0	0	0	0	0	0	0	0	0	0	0	0	0	0	0	0	0	0	0	
10024	0.0221324786324787	0.244482905982906	0.148209401709402	0.0997179487179487	0.0738931623931624	0.0596068376068376	0.374089743589744	0	0	0	0	0	0	0	0	0	0	0	0	0	0	0	0	0	0	0	0	0	
8810	0.0222435897435904	0.252290598290598	0.148816239316239	0.091982905982906	0.0672606837606838	0.0529059829059829	0.38674358974359	0	0	0	0	0	0	0	0	0	0	0	0	0	0	0	0	0	0	0	0	0	
8446	0.0224700854700846	0.242722222222222	0.143222222222222	0.0938547008547009	0.0698760683760684	0.0618803418803419	0.388444444444444	0	0	0	0	0	0	0	0	0	0	0	0	0	0	0	0	0	0	0	0	0	
9831	0.0224829059829063	0.249410256410256	0.14367094017094	0.0895384615384615	0.0712606837606838	0.056042735042735	0.390076923076923	0	0	0	0	0	0	0	0	0	0	0	0	0	0	0	0	0	0	0	0	0	
9900	0.0231452991452999	0.248	0.152649572649573	0.1	0.0718333333333333	0.0519017094017094	0.375615384615385	0	0	0	0	0	0	0	0	0	0	0	0	0	0	0	0	0	0	0	0	0	
9628	0.0232820512820509	0.237995726495727	0.155252136752137	0.095491452991453	0.0716923076923077	0.0576965811965812	0.381871794871795	0	0	0	0	0	0	0	0	0	0	0	0	0	0	0	0	0	0	0	0	0	
9666	0.0233589743589745	0.253448717948718	0.143794871794872	0.100183760683761	0.0718675213675214	0.0499401709401709	0.380764957264957	0	0	0	0	0	0	0	0	0	0	0	0	0	0	0	0	0	0	0	0	0	
9318	0.0234145299145298	0.244602564102564	0.137564102564103	0.0964871794871795	0.0723974358974359	0.0633589743589744	0.385589743589744	0	0	0	0	0	0	0	0	0	0	0	0	0	0	0	0	0	0	0	0	0	
9815	0.0236452991453005	0.242790598290598	0.147132478632479	0.0886581196581197	0.0731282051282051	0.0616025641025641	0.386688034188034	0	0	0	0	0	0	0	0	0	0	0	0	0	0	0	0	0	0	0	0	0	
8819	0.0237435897435895	0.24224358974359	0.138884615384615	0.104876068376068	0.0728632478632479	0.0560897435897436	0.385042735042735	0	0	0	0	0	0	0	0	0	0	0	0	0	0	0	0	0	0	0	0	0	
8977	0.0240128205128199	0.256799145299145	0.145978632478632	0.0984786324786325	0.0693162393162393	0.0462820512820513	0.383145299145299	0	0	0	0	0	0	0	0	0	0	0	0	0	0	0	0	0	0	0	0	0	
9816	0.0240213675213674	0.249871794871795	0.142888888888889	0.0965042735042735	0.0785982905982906	0.0526495726495727	0.379487179487179	0	0	0	0	0	0	0	0	0	0	0	0	0	0	0	0	0	0	0	0	0	
8848	0.0241324786324781	0.252863247863248	0.149978632478632	0.0910470085470085	0.0690042735042735	0.0575854700854701	0.379521367521368	0	0	0	0	0	0	0	0	0	0	0	0	0	0	0	0	0	0	0	0	0	
9462	0.0241495726495721	0.241547008547009	0.147388888888889	0.101970085470085	0.0751965811965812	0.0578803418803419	0.376017094017094	0	0	0	0	0	0	0	0	0	0	0	0	0	0	0	0	0	0	0	0	0	
9399	0.0245128205128206	0.248491452991453	0.138961538461538	0.0959273504273504	0.0739444444444444	0.0616410256410256	0.381034188034188	0	0	0	0	0	0	0	0	0	0	0	0	0	0	0	0	0	0	0	0	0	
9971	0.0246538461538467	0.25441452991453	0.148376068376068	0.0953119658119658	0.067517094017094	0.0481153846153846	0.386264957264957	0	0	0	0	0	0	0	0	0	0	0	0	0	0	0	0	0	0	0	0	0	
9395	0.0246581196581191	0.243555555555556	0.151525641025641	0.105175213675214	0.0697692307692308	0.0554401709401709	0.374534188034188	0	0	0	0	0	0	0	0	0	0	0	0	0	0	0	0	0	0	0	0	0	
8866	0.0247222222222217	0.245008547008547	0.146196581196581	0.0945555555555556	0.066	0.0521495726495727	0.396089743589744	0	0	0	0	0	0	0	0	0	0	0	0	0	0	0	0	0	0	0	0	0	
8831	0.0248547008546993	0.244423076923077	0.141880341880342	0.10067094017094	0.0796666666666667	0.0548589743589744	0.3785	0	0	0	0	0	0	0	0	0	0	0	0	0	0	0	0	0	0	0	0	0	
9154	0.0248803418803416	0.236807692307692	0.143752136752137	0.0982735042735043	0.0766410256410256	0.0597008547008547	0.384824786324786	0	0	0	0	0	0	0	0	0	0	0	0	0	0	0	0	0	0	0	0	0	
10212	0.0249829059829057	0.251017094017094	0.154474358974359	0.096525641025641	0.0672435897435897	0.0546153846153846	0.376123931623932	0	0	0	0	0	0	0	0	0	0	0	0	0	0	0	0	0	0	0	0	0	
9460	0.025000000000001	0.238782051282051	0.157102564102564	0.0948760683760684	0.0724358974358974	0.052474358974359	0.38432905982906	0	0	0	0	0	0	0	0	0	0	0	0	0	0	0	0	0	0	0	0	0	
9256	0.0250085470085473	0.250136752136752	0.13924358974359	0.100752136752137	0.070042735042735	0.0512094017094017	0.388615384615385	0	0	0	0	0	0	0	0	0	0	0	0	0	0	0	0	0	0	0	0	0	
10105	0.0251068376068376	0.248675213675214	0.15442735042735	0.0948119658119658	0.0658931623931624	0.0578119658119658	0.378380341880342	0	0	0	0	0	0	0	0	0	0	0	0	0	0	0	0	0	0	0	0	0	
8749	0.0251410256410238	0.252358974358974	0.146948717948718	0.103482905982906	0.067482905982906	0.0477136752136752	0.382012820512821	0	0	0	0	0	0	0	0	0	0	0	0	0	0	0	0	0	0	0	0	0	
8691	0.0251623931623931	0.248978632478632	0.141376068376068	0.0992478632478632	0.063965811965812	0.0550769230769231	0.391354700854701	0	0	0	0	0	0	0	0	0	0	0	0	0	0	0	0	0	0	0	0	0	
8849	0.0252094017094014	0.247209401709402	0.151230769230769	0.104525641025641	0.0684615384615385	0.0530940170940171	0.375478632478633	0	0	0	0	0	0	0	0	0	0	0	0	0	0	0	0	0	0	0	0	0	
10138	0.0252606837606836	0.242905982905983	0.157521367521368	0.0953418803418803	0.0686794871794872	0.0575598290598291	0.377991452991453	0	0	0	0	0	0	0	0	0	0	0	0	0	0	0	0	0	0	0	0	0	
9721	0.0252948717948715	0.234769230769231	0.154833333333333	0.100136752136752	0.0710854700854701	0.0569529914529915	0.382222222222222	0	0	0	0	0	0	0	0	0	0	0	0	0	0	0	0	0	0	0	0	0	
9037	0.0253076923076919	0.256264957264957	0.144294871794872	0.0973461538461538	0.0719401709401709	0.0562692307692308	0.373884615384615	0	0	0	0	0	0	0	0	0	0	0	0	0	0	0	0	0	0	0	0	0	
8577	0.0253333333333341	0.248551282051282	0.146059829059829	0.0936025641025641	0.0787393162393162	0.047482905982906	0.385564102564103	0	0	0	0	0	0	0	0	0	0	0	0	0	0	0	0	0	0	0	0	0	
9230	0.0253418803418798	0.254128205128205	0.143534188034188	0.0973888888888889	0.0669487179487179	0.0597863247863248	0.378213675213675	0	0	0	0	0	0	0	0	0	0	0	0	0	0	0	0	0	0	0	0	0	
9117	0.0256367521367519	0.241628205128205	0.146213675213675	0.0926538461538462	0.0702435897435897	0.0527136752136752	0.396547008547009	0	0	0	0	0	0	0	0	0	0	0	0	0	0	0	0	0	0	0	0	0	
9868	0.0256495726495712	0.24415811965812	0.137141025641026	0.109722222222222	0.0705128205128205	0.0542735042735043	0.384192307692308	0	0	0	0	0	0	0	0	0	0	0	0	0	0	0	0	0	0	0	0	0	
8763	0.0257863247863238	0.244183760683761	0.145119658119658	0.0898290598290598	0.0758290598290598	0.0536965811965812	0.39134188034188	0	0	0	0	0	0	0	0	0	0	0	0	0	0	0	0	0	0	0	0	0	
8979	0.0259230769230767	0.250102564102564	0.142662393162393	0.104059829059829	0.0663418803418803	0.051034188034188	0.385799145299145	0	0	0	0	0	0	0	0	0	0	0	0	0	0	0	0	0	0	0	0	0	
9118	0.0261752136752127	0.242106837606838	0.154081196581197	0.103457264957265	0.0673504273504273	0.053474358974359	0.379529914529915	0	0	0	0	0	0	0	0	0	0	0	0	0	0	0	0	0	0	0	0	0	
9390	0.0261837606837597	0.242807692307692	0.140303418803419	0.107059829059829	0.0717863247863248	0.057517094017094	0.380525641025641	0	0	0	0	0	0	0	0	0	0	0	0	0	0	0	0	0	0	0	0	0	
8709	0.0263247863247862	0.248333333333333	0.140401709401709	0.105542735042735	0.0731068376068376	0.0518589743589744	0.38075641025641	0	0	0	0	0	0	0	0	0	0	0	0	0	0	0	0	0	0	0	0	0	
10033	0.0264059829059826	0.240521367521368	0.148089743589744	0.093974358974359	0.0827521367521367	0.0525598290598291	0.382102564102564	0	0	0	0	0	0	0	0	0	0	0	0	0	0	0	0	0	0	0	0	0	
8267	0.0265256410256402	0.24174358974359	0.144205128205128	0.0981111111111111	0.0643376068376068	0.0594230769230769	0.392179487179487	0	0	0	0	0	0	0	0	0	0	0	0	0	0	0	0	0	0	0	0	0	
10007	0.026525641025641	0.239683760683761	0.141358974358974	0.0960555555555556	0.0748888888888889	0.0597264957264957	0.388286324786325	0	0	0	0	0	0	0	0	0	0	0	0	0	0	0	0	0	0	0	0	0	
9491	0.0265726495726493	0.248333333333333	0.147918803418803	0.098517094017094	0.0588717948717949	0.0642393162393162	0.382119658119658	0	0	0	0	0	0	0	0	0	0	0	0	0	0	0	0	0	0	0	0	0	
9492	0.0267008547008559	0.237688034188034	0.15684188034188	0.0939871794871795	0.0733717948717949	0.0536068376068376	0.384504273504274	0	0	0	0	0	0	0	0	0	0	0	0	0	0	0	0	0	0	0	0	0	
9737	0.0267222222222238	0.238247863247863	0.154004273504274	0.0916623931623932	0.0719615384615385	0.0554957264957265	0.388628205128205	0	0	0	0	0	0	0	0	0	0	0	0	0	0	0	0	0	0	0	0	0	
9838	0.0270341880341874	0.245333333333333	0.152247863247863	0.103482905982906	0.0696709401709402	0.0575982905982906	0.371666666666667	0	0	0	0	0	0	0	0	0	0	0	0	0	0	0	0	0	0	0	0	0	
10009	0.0270854700854712	0.246311965811966	0.151555555555556	0.0982350427350427	0.0656923076923077	0.0631623931623932	0.375042735042735	0	0	0	0	0	0	0	0	0	0	0	0	0	0	0	0	0	0	0	0	0	
8649	0.0271623931623926	0.245196581196581	0.144876068376068	0.109149572649573	0.0723418803418803	0.0506666666666667	0.377769230769231	0	0	0	0	0	0	0	0	0	0	0	0	0	0	0	0	0	0	0	0	0	
9853	0.0272478632478631	0.257957264957265	0.145213675213675	0.0982991452991453	0.0617692307692308	0.0523931623931624	0.384367521367521	0	0	0	0	0	0	0	0	0	0	0	0	0	0	0	0	0	0	0	0	0	
8400	0.0275811965811973	0.23524358974359	0.15315811965812	0.0960769230769231	0.0774059829059829	0.0535213675213675	0.384594017094017	0	0	0	0	0	0	0	0	0	0	0	0	0	0	0	0	0	0	0	0	0	
8690	0.0279316239316237	0.236106837606838	0.153209401709402	0.100487179487179	0.0669615384615385	0.0547863247863248	0.388448717948718	0	0	0	0	0	0	0	0	0	0	0	0	0	0	0	0	0	0	0	0	0	
8404	0.0279871794871795	0.233764957264957	0.145623931623932	0.0969786324786325	0.074025641025641	0.065042735042735	0.384564102564103	0	0	0	0	0	0	0	0	0	0	0	0	0	0	0	0	0	0	0	0	0	
9291	0.0281752136752139	0.232217948717949	0.15367094017094	0.100405982905983	0.0701538461538461	0.057991452991453	0.385559829059829	0	0	0	0	0	0	0	0	0	0	0	0	0	0	0	0	0	0	0	0	0	
9353	0.0282136752136746	0.242094017094017	0.144782051282051	0.0902222222222222	0.0697051282051282	0.059017094017094	0.394179487179487	0	0	0	0	0	0	0	0	0	0	0	0	0	0	0	0	0	0	0	0	0	
9305	0.0282393162393157	0.244974358974359	0.147935897435897	0.105094017094017	0.0631923076923077	0.0609017094017094	0.377901709401709	0	0	0	0	0	0	0	0	0	0	0	0	0	0	0	0	0	0	0	0	0	
10092	0.0283376068376076	0.242222222222222	0.154444444444444	0.100504273504274	0.0732094017094017	0.0563717948717949	0.373247863247863	0	0	0	0	0	0	0	0	0	0	0	0	0	0	0	0	0	0	0	0	0	
9634	0.0284786324786319	0.253995726495726	0.139183760683761	0.102029914529915	0.072034188034188	0.0505683760683761	0.382188034188034	0	0	0	0	0	0	0	0	0	0	0	0	0	0	0	0	0	0	0	0	0	
8251	0.0285256410256412	0.249769230769231	0.145811965811966	0.0871153846153846	0.0689188034188034	0.0542521367521368	0.394132478632479	0	0	0	0	0	0	0	0	0	0	0	0	0	0	0	0	0	0	0	0	0	
8818	0.0285341880341891	0.247555555555556	0.138371794871795	0.100346153846154	0.0708632478632479	0.0498119658119658	0.393051282051282	0	0	0	0	0	0	0	0	0	0	0	0	0	0	0	0	0	0	0	0	0	
10463	0.0285512820512824	0.247047008547009	0.145431623931624	0.0991367521367521	0.0748675213675214	0.0624059829059829	0.371111111111111	0	0	0	0	0	0	0	0	0	0	0	0	0	0	0	0	0	0	0	0	0	
8427	0.0285512820512826	0.233897435897436	0.156021367521368	0.0980213675213675	0.0742564102564103	0.0563376068376068	0.381465811965812	0	0	0	0	0	0	0	0	0	0	0	0	0	0	0	0	0	0	0	0	0	
9681	0.0286623931623933	0.234598290598291	0.148790598290598	0.100183760683761	0.0675299145299145	0.0612863247863248	0.387611111111111	0	0	0	0	0	0	0	0	0	0	0	0	0	0	0	0	0	0	0	0	0	
8266	0.0286923076923057	0.239470085470085	0.14324358974359	0.107230769230769	0.0701538461538461	0.0598376068376068	0.380064102564103	0	0	0	0	0	0	0	0	0	0	0	0	0	0	0	0	0	0	0	0	0	
9362	0.0287435897435912	0.247213675213675	0.15707264957265	0.0892863247863248	0.0642521367521368	0.0567606837606838	0.38541452991453	0	0	0	0	0	0	0	0	0	0	0	0	0	0	0	0	0	0	0	0	0	
8899	0.0287478632478619	0.253679487179487	0.144217948717949	0.0944017094017094	0.0771538461538462	0.0548717948717949	0.375675213675214	0	0	0	0	0	0	0	0	0	0	0	0	0	0	0	0	0	0	0	0	0	
9526	0.0287948717948703	0.255811965811966	0.135529914529915	0.0983205128205128	0.0703846153846154	0.0588974358974359	0.381055555555556	0	0	0	0	0	0	0	0	0	0	0	0	0	0	0	0	0	0	0	0	0	
8201	0.0289230769230772	0.254448717948718	0.139452991452991	0.0959188034188034	0.0651666666666667	0.0597991452991453	0.385213675213675	0	0	0	0	0	0	0	0	0	0	0	0	0	0	0	0	0	0	0	0	0	
