96601	6457	72	0.0111367521367494	0.297957264957265	0.182222222222222	0.126397435897436	0.0935598290598291	0.0666581196581197	0.233205128205128	0	0	0	0	0	0	0	0	0	0	0	0	0	0	0	0	0	0	0	0	0	
63303	5043	94	0.0145769230769221	0.301555555555556	0.182175213675214	0.126397435897436	0.093965811965812	0.0644230769230769	0.231482905982906	0	0	0	0	0	0	0	0	0	0	0	0	0	0	0	0	0	0	0	0	0	
85768	6227	73	0.0165854700854707	0.294816239316239	0.187820512820513	0.131106837606838	0.0862179487179487	0.0671153846153846	0.232923076923077	0	0	0	0	0	0	0	0	0	0	0	0	0	0	0	0	0	0	0	0	0	
76777	8633	67	0.0192820512820493	0.292726495726496	0.182726495726496	0.131974358974359	0.0933333333333333	0.066517094017094	0.232722222222222	0	0	0	0	0	0	0	0	0	0	0	0	0	0	0	0	0	0	0	0	0	
29274	6817	99	0.0200427350427352	0.290884615384615	0.187200854700855	0.128111111111111	0.0923119658119658	0.0671153846153846	0.234376068376068	0	0	0	0	0	0	0	0	0	0	0	0	0	0	0	0	0	0	0	0	0	
82557	6524	76	0.0219059829059832	0.30417094017094	0.187397435897436	0.121602564102564	0.0848376068376068	0.066482905982906	0.235508547008547	0	0	0	0	0	0	0	0	0	0	0	0	0	0	0	0	0	0	0	0	0	
52219	6945	90	0.022017094017093	0.301094017094017	0.18108547008547	0.134478632478632	0.0909145299145299	0.0653974358974359	0.227029914529915	0	0	0	0	0	0	0	0	0	0	0	0	0	0	0	0	0	0	0	0	0	
76762	7851	60	0.0222564102564091	0.29148717948718	0.189525641025641	0.12758547008547	0.088525641025641	0.0654059829059829	0.237470085470085	0	0	0	0	0	0	0	0	0	0	0	0	0	0	0	0	0	0	0	0	0	
85933	8532	52	0.0236153846153846	0.302235042735043	0.18667094017094	0.126700854700855	0.0841709401709402	0.0611965811965812	0.239025641025641	0	0	0	0	0	0	0	0	0	0	0	0	0	0	0	0	0	0	0	0	0	
78163	7298	79	0.0239700854700866	0.299162393162393	0.185017094017094	0.127782051282051	0.0977991452991453	0.0687991452991453	0.221440170940171	0	0	0	0	0	0	0	0	0	0	0	0	0	0	0	0	0	0	0	0	0	
77204	6276	78	0.0242307692307687	0.294542735042735	0.182799145299145	0.132564102564103	0.0952179487179487	0.064051282051282	0.230824786324786	0	0	0	0	0	0	0	0	0	0	0	0	0	0	0	0	0	0	0	0	0	
32239	9280	77	0.0243675213675221	0.307055555555556	0.186662393162393	0.12382905982906	0.0821538461538462	0.0657094017094017	0.234589743589744	0	0	0	0	0	0	0	0	0	0	0	0	0	0	0	0	0	0	0	0	0	
36770	5594	90	0.0249188034188037	0.301008547008547	0.17807264957265	0.127269230769231	0.0934059829059829	0.0612136752136752	0.239029914529915	0	0	0	0	0	0	0	0	0	0	0	0	0	0	0	0	0	0	0	0	0	
87406	7128	69	0.0249444444444433	0.295752136752137	0.192418803418803	0.130025641025641	0.0834273504273504	0.0647905982905983	0.23358547008547	0	0	0	0	0	0	0	0	0	0	0	0	0	0	0	0	0	0	0	0	0	
95814	6232	72	0.0251068376068384	0.300576923076923	0.188175213675214	0.117294871794872	0.088542735042735	0.0656068376068376	0.239803418803419	0	0	0	0	0	0	0	0	0	0	0	0	0	0	0	0	0	0	0	0	0	
51149	7554	74	0.0258717948717945	0.294217948717949	0.19457264957265	0.129145299145299	0.0867649572649573	0.0642222222222222	0.231076923076923	0	0	0	0	0	0	0	0	0	0	0	0	0	0	0	0	0	0	0	0	0	
24952	5451	148	0.0265940170940177	0.305692307692308	0.188273504273504	0.128307692307692	0.084508547008547	0.0588247863247863	0.234393162393162	0	0	0	0	0	0	0	0	0	0	0	0	0	0	0	0	0	0	0	0	0	
51592	6092	83	0.0272264957264952	0.291820512820513	0.194102564102564	0.125910256410256	0.0885769230769231	0.0639230769230769	0.235666666666667	0	0	0	0	0	0	0	0	0	0	0	0	0	0	0	0	0	0	0	0	0	
29386	5851	126	0.0276410256410259	0.30207264957265	0.191551282051282	0.123055555555556	0.0860512820512821	0.060948717948718	0.236320512820513	0	0	0	0	0	0	0	0	0	0	0	0	0	0	0	0	0	0	0	0	0	
96976	7178	72	0.0277521367521389	0.304786324786325	0.17392735042735	0.131465811965812	0.0907521367521368	0.0705598290598291	0.228508547008547	0	0	0	0	0	0	0	0	0	0	0	0	0	0	0	0	0	0	0	0	0	
25019	1119	394	0.0278504273504275	0.293952991452991	0.196645299145299	0.127286324786325	0.0868076923076923	0.0617564102564103	0.233551282051282	0	0	0	0	0	0	0	0	0	0	0	0	0	0	0	0	0	0	0	0	0	
22292	6908	138	0.027944444444443	0.309495726495726	0.18257264957265	0.124876068376068	0.0827222222222222	0.0632692307692308	0.237064102564103	0	0	0	0	0	0	0	0	0	0	0	0	0	0	0	0	0	0	0	0	0	
61930	7234	73	0.0280341880341858	0.298735042735043	0.176051282051282	0.13517094017094	0.0945128205128205	0.0657350427350427	0.229794871794872	0	0	0	0	0	0	0	0	0	0	0	0	0	0	0	0	0	0	0	0	0	
41874	6466	111	0.0284700854700863	0.303521367521368	0.184209401709402	0.126717948717949	0.0982735042735043	0.062551282051282	0.224726495726496	0	0	0	0	0	0	0	0	0	0	0	0	0	0	0	0	0	0	0	0	0	
91950	7476	57	0.0285811965811945	0.293606837606838	0.177025641025641	0.127820512820513	0.0871068376068376	0.0679487179487179	0.246491452991453	0	0	0	0	0	0	0	0	0	0	0	0	0	0	0	0	0	0	0	0	0	
84160	7511	72	0.0289572649572667	0.288299145299145	0.185653846153846	0.137277777777778	0.0877948717948718	0.0705384615384615	0.230435897435897	0	0	0	0	0	0	0	0	0	0	0	0	0	0	0	0	0	0	0	0	0	
48311	6314	79	0.0298376068376046	0.292649572649573	0.18025641025641	0.125119658119658	0.091465811965812	0.0658589743589744	0.244649572649573	0	0	0	0	0	0	0	0	0	0	0	0	0	0	0	0	0	0	0	0	0	
75880	8472	62	0.0300170940170934	0.307504273504274	0.181679487179487	0.124269230769231	0.0919273504273504	0.058034188034188	0.23658547008547	0	0	0	0	0	0	0	0	0	0	0	0	0	0	0	0	0	0	0	0	0	
48271	6150	88	0.0300769230769236	0.286559829059829	0.190649572649573	0.130880341880342	0.0914786324786325	0.0664230769230769	0.234008547008547	0	0	0	0	0	0	0	0	0	0	0	0	0	0	0	0	0	0	0	0	0	
70941	5752	90	0.0304871794871817	0.300709401709402	0.192405982905983	0.126388888888889	0.0893589743589744	0.0727478632478633	0.218388888888889	0	0	0	0	0	0	0	0	0	0	0	0	0	0	0	0	0	0	0	0	0	
29599	6393	123	0.0305641025641032	0.297910256410256	0.193008547008547	0.133055555555556	0.081474358974359	0.0638205128205128	0.230730769230769	0	0	0	0	0	0	0	0	0	0	0	0	0	0	0	0	0	0	0	0	0	
33884	6271	102	0.0306324786324768	0.290226495726496	0.188316239316239	0.124457264957265	0.0862991452991453	0.0673888888888889	0.243311965811966	0	0	0	0	0	0	0	0	0	0	0	0	0	0	0	0	0	0	0	0	0	
47742	9578	63	0.0307350427350426	0.298431623931624	0.196089743589744	0.126487179487179	0.0818547008547009	0.0615470085470085	0.235589743589744	0	0	0	0	0	0	0	0	0	0	0	0	0	0	0	0	0	0	0	0	0	
27211	5943	123	0.0312264957264962	0.292551282051282	0.183709401709402	0.134589743589744	0.0878974358974359	0.0603803418803419	0.240871794871795	0	0	0	0	0	0	0	0	0	0	0	0	0	0	0	0	0	0	0	0	0	
76748	7040	77	0.0315042735042743	0.306478632478632	0.176346153846154	0.133136752136752	0.0912863247863248	0.0685384615384615	0.224213675213675	0	0	0	0	0	0	0	0	0	0	0	0	0	0	0	0	0	0	0	0	0	
48300	9072	60	0.0322179487179477	0.308615384615385	0.181598290598291	0.121380341880342	0.0803888888888889	0.0679358974358974	0.240081196581197	0	0	0	0	0	0	0	0	0	0	0	0	0	0	0	0	0	0	0	0	0	
93428	8873	55	0.0324700854700849	0.300474358974359	0.183025641025641	0.121974358974359	0.0911623931623932	0.0577564102564103	0.245606837606838	0	0	0	0	0	0	0	0	0	0	0	0	0	0	0	0	0	0	0	0	0	
49770	7652	68	0.0327905982905986	0.311649572649573	0.171431623931624	0.131803418803419	0.0849700854700855	0.0678717948717949	0.232273504273504	0	0	0	0	0	0	0	0	0	0	0	0	0	0	0	0	0	0	0	0	0	
88130	7475	63	0.032974358974359	0.303094017094017	0.186978632478632	0.118363247863248	0.0830299145299145	0.0659957264957265	0.242538461538462	0	0	0	0	0	0	0	0	0	0	0	0	0	0	0	0	0	0	0	0	0	
28114	3055	154	0.0329786324786335	0.288145299145299	0.185252136752137	0.141649572649573	0.0887905982905983	0.0642521367521368	0.231910256410256	0	0	0	0	0	0	0	0	0	0	0	0	0	0	0	0	0	0	0	0	0	
38407	5182	108	0.0331282051282036	0.298705128205128	0.198008547008547	0.126525641025641	0.0782008547008547	0.0636923076923077	0.234867521367521	0	0	0	0	0	0	0	0	0	0	0	0	0	0	0	0	0	0	0	0	0	
53814	6165	81	0.0331752136752126	0.291799145299145	0.185534188034188	0.121628205128205	0.0954102564102564	0.0652521367521368	0.240376068376068	0	0	0	0	0	0	0	0	0	0	0	0	0	0	0	0	0	0	0	0	0	
38954	4353	125	0.033175213675215	0.288666666666667	0.190910256410256	0.127512820512821	0.0940384615384615	0.0715384615384615	0.227333333333333	0	0	0	0	0	0	0	0	0	0	0	0	0	0	0	0	0	0	0	0	0	
24962	1674	449	0.0332692307692325	0.303961538461538	0.194021367521368	0.127786324786325	0.087482905982906	0.0525128205128205	0.234235042735043	0	0	0	0	0	0	0	0	0	0	0	0	0	0	0	0	0	0	0	0	0	
42611	8402	80	0.0333632478632485	0.309760683760684	0.190269230769231	0.122226495726496	0.0877777777777778	0.0616837606837607	0.228282051282051	0	0	0	0	0	0	0	0	0	0	0	0	0	0	0	0	0	0	0	0	0	
32563	5567	103	0.0333931623931622	0.304747863247863	0.176961538461538	0.137333333333333	0.0900940170940171	0.0614059829059829	0.229457264957265	0	0	0	0	0	0	0	0	0	0	0	0	0	0	0	0	0	0	0	0	0	
93666	7298	76	0.0335897435897434	0.306534188034188	0.182747863247863	0.132636752136752	0.0931025641025641	0.0637008547008547	0.221277777777778	0	0	0	0	0	0	0	0	0	0	0	0	0	0	0	0	0	0	0	0	0	
58997	6666	54	0.0339615384615366	0.300760683760684	0.18307264957265	0.124991452991453	0.0808675213675214	0.0615	0.248807692307692	0	0	0	0	0	0	0	0	0	0	0	0	0	0	0	0	0	0	0	0	0	
75662	7175	78	0.0341282051282031	0.298042735042735	0.195495726495726	0.123735042735043	0.093525641025641	0.0633632478632479	0.225837606837607	0	0	0	0	0	0	0	0	0	0	0	0	0	0	0	0	0	0	0	0	0	
69759	6433	87	0.0341452991453001	0.300055555555556	0.197264957264957	0.123764957264957	0.0915213675213675	0.0669017094017094	0.220491452991453	0	0	0	0	0	0	0	0	0	0	0	0	0	0	0	0	0	0	0	0	0	
48868	5693	89	0.03418376068376	0.291790598290598	0.18692735042735	0.135863247863248	0.0878333333333333	0.0597264957264957	0.237858974358974	0	0	0	0	0	0	0	0	0	0	0	0	0	0	0	0	0	0	0	0	0	
85011	6113	68	0.0342008547008549	0.288354700854701	0.18541452991453	0.121602564102564	0.0884529914529915	0.0684017094017094	0.247773504273504	0	0	0	0	0	0	0	0	0	0	0	0	0	0	0	0	0	0	0	0	0	
32890	8024	90	0.0345940170940165	0.31642735042735	0.178376068376068	0.12792735042735	0.0841153846153846	0.0618632478632479	0.231290598290598	0	0	0	0	0	0	0	0	0	0	0	0	0	0	0	0	0	0	0	0	0	
46573	3953	116	0.0346923076923083	0.297965811965812	0.189393162393162	0.135076923076923	0.0831025641025641	0.0718675213675214	0.222594017094017	0	0	0	0	0	0	0	0	0	0	0	0	0	0	0	0	0	0	0	0	0	
80538	8839	54	0.0347350427350416	0.308435897435897	0.184679487179487	0.119021367521368	0.0836452991452991	0.0638418803418803	0.240376068376068	0	0	0	0	0	0	0	0	0	0	0	0	0	0	0	0	0	0	0	0	0	
45367	8983	66	0.0348418803418798	0.298311965811966	0.185119658119658	0.115324786324786	0.0920042735042735	0.0642094017094017	0.245029914529915	0	0	0	0	0	0	0	0	0	0	0	0	0	0	0	0	0	0	0	0	0	
65282	5451	85	0.0348846153846158	0.287594017094017	0.178311965811966	0.128589743589744	0.0946794871794872	0.0726324786324786	0.238192307692308	0	0	0	0	0	0	0	0	0	0	0	0	0	0	0	0	0	0	0	0	0	
27201	7161	130	0.035047008547009	0.316905982905983	0.182901709401709	0.125397435897436	0.0885128205128205	0.0685470085470085	0.217735042735043	0	0	0	0	0	0	0	0	0	0	0	0	0	0	0	0	0	0	0	0	0	
27465	4612	121	0.0354401709401705	0.290094017094017	0.192905982905983	0.125448717948718	0.095965811965812	0.0620042735042735	0.233581196581197	0	0	0	0	0	0	0	0	0	0	0	0	0	0	0	0	0	0	0	0	0	
95709	8405	45	0.0356153846153828	0.295252136752137	0.18375641025641	0.120923076923077	0.0855726495726496	0.0641324786324786	0.250363247863248	0	0	0	0	0	0	0	0	0	0	0	0	0	0	0	0	0	0	0	0	0	
32863	7856	105	0.035752136752139	0.312235042735043	0.187538461538462	0.119495726495726	0.0898717948717949	0.0599401709401709	0.230918803418803	0	0	0	0	0	0	0	0	0	0	0	0	0	0	0	0	0	0	0	0	0	
98056	8275	55	0.0357606837606823	0.29608547008547	0.176769230769231	0.128717948717949	0.084517094017094	0.0647264957264957	0.249183760683761	0	0	0	0	0	0	0	0	0	0	0	0	0	0	0	0	0	0	0	0	0	
27391	8133	87	0.0360128205128208	0.292764957264957	0.190606837606838	0.132264957264957	0.0857692307692308	0.0599017094017094	0.238692307692308	0	0	0	0	0	0	0	0	0	0	0	0	0	0	0	0	0	0	0	0	0	
94548	6499	72	0.0362094017094002	0.290786324786325	0.194645299145299	0.124491452991453	0.0931324786324786	0.0618846153846154	0.235059829059829	0	0	0	0	0	0	0	0	0	0	0	0	0	0	0	0	0	0	0	0	0	
67400	7928	62	0.0364358974358956	0.318029914529915	0.18057264957265	0.124547008547009	0.0877008547008547	0.0572008547008547	0.231948717948718	0	0	0	0	0	0	0	0	0	0	0	0	0	0	0	0	0	0	0	0	0	
31446	6472	116	0.0366495726495709	0.297700854700855	0.197435897435897	0.124717948717949	0.0928461538461538	0.0673803418803419	0.219918803418803	0	0	0	0	0	0	0	0	0	0	0	0	0	0	0	0	0	0	0	0	0	
26075	5527	129	0.0367521367521373	0.300388888888889	0.201303418803419	0.122282051282051	0.0798119658119658	0.0634059829059829	0.232807692307692	0	0	0	0	0	0	0	0	0	0	0	0	0	0	0	0	0	0	0	0	0	
31129	5183	116	0.0369444444444445	0.283123931623932	0.195064102564103	0.127294871794872	0.0953162393162393	0.0667863247863248	0.23241452991453	0	0	0	0	0	0	0	0	0	0	0	0	0	0	0	0	0	0	0	0	0	
24225	3109	399	0.0370256410256416	0.312111111111111	0.186901709401709	0.12192735042735	0.0873504273504273	0.0560854700854701	0.235623931623932	0	0	0	0	0	0	0	0	0	0	0	0	0	0	0	0	0	0	0	0	0	
98825	7144	69	0.0371837606837586	0.307076923076923	0.181175213675214	0.115200854700855	0.0867222222222222	0.0657222222222222	0.244102564102564	0	0	0	0	0	0	0	0	0	0	0	0	0	0	0	0	0	0	0	0	0	
19094	8194	135	0.0373888888888852	0.296175213675214	0.180081196581197	0.11942735042735	0.0881111111111111	0.0647350427350427	0.251470085470085	0	0	0	0	0	0	0	0	0	0	0	0	0	0	0	0	0	0	0	0	0	
22907	3240	165	0.037448717948717	0.3035	0.18158547008547	0.127059829059829	0.0781495726495726	0.0618931623931624	0.247811965811966	0	0	0	0	0	0	0	0	0	0	0	0	0	0	0	0	0	0	0	0	0	
78433	6818	90	0.0375341880341907	0.301371794871795	0.189833333333333	0.134076923076923	0.0907606837606838	0.0699487179487179	0.214008547008547	0	0	0	0	0	0	0	0	0	0	0	0	0	0	0	0	0	0	0	0	0	
34008	4675	122	0.0376495726495731	0.28534188034188	0.185517094017094	0.144089743589744	0.0858418803418803	0.0666068376068376	0.232602564102564	0	0	0	0	0	0	0	0	0	0	0	0	0	0	0	0	0	0	0	0	0	
96370	6427	76	0.0376666666666649	0.288132478632479	0.178773504273504	0.133739316239316	0.0879059829059829	0.0663333333333333	0.245115384615385	0	0	0	0	0	0	0	0	0	0	0	0	0	0	0	0	0	0	0	0	0	
29034	5374	102	0.0376965811965814	0.291410256410256	0.184388888888889	0.131688034188034	0.0853418803418803	0.0608418803418803	0.24632905982906	0	0	0	0	0	0	0	0	0	0	0	0	0	0	0	0	0	0	0	0	0	
26250	8487	98	0.0377948717948701	0.301354700854701	0.178923076923077	0.122123931623932	0.0940555555555556	0.0590470085470085	0.244495726495726	0	0	0	0	0	0	0	0	0	0	0	0	0	0	0	0	0	0	0	0	0	
28578	5993	100	0.0378376068376051	0.291820512820513	0.190867521367521	0.1255	0.0818205128205128	0.0656282051282051	0.244363247863248	0	0	0	0	0	0	0	0	0	0	0	0	0	0	0	0	0	0	0	0	0	
30527	6175	103	0.0379444444444417	0.290730769230769	0.182594017094017	0.124653846153846	0.0859700854700855	0.0643034188034188	0.251747863247863	0	0	0	0	0	0	0	0	0	0	0	0	0	0	0	0	0	0	0	0	0	
25582	7637	82	0.0380213675213665	0.3015	0.183354700854701	0.12617094017094	0.0812905982905983	0.0575854700854701	0.250098290598291	0	0	0	0	0	0	0	0	0	0	0	0	0	0	0	0	0	0	0	0	0	
40240	6839	78	0.0380384615384583	0.297619658119658	0.178606837606838	0.123277777777778	0.0821581196581197	0.066542735042735	0.251794871794872	0	0	0	0	0	0	0	0	0	0	0	0	0	0	0	0	0	0	0	0	0	
33362	5038	123	0.0381837606837592	0.288777777777778	0.200897435897436	0.120064102564103	0.0884615384615385	0.0673333333333333	0.234465811965812	0	0	0	0	0	0	0	0	0	0	0	0	0	0	0	0	0	0	0	0	0	
70542	6708	69	0.0385256410256399	0.289628205128205	0.176482905982906	0.127871794871795	0.0915982905982906	0.0661837606837607	0.248235042735043	0	0	0	0	0	0	0	0	0	0	0	0	0	0	0	0	0	0	0	0	0	
52630	9116	65	0.0385341880341862	0.316910256410256	0.182811965811966	0.122123931623932	0.0905897435897436	0.0598589743589744	0.227705128205128	0	0	0	0	0	0	0	0	0	0	0	0	0	0	0	0	0	0	0	0	0	
54935	7148	76	0.0386111111111115	0.305918803418803	0.196735042735043	0.122034188034188	0.084008547008547	0.0605042735042735	0.230799145299145	0	0	0	0	0	0	0	0	0	0	0	0	0	0	0	0	0	0	0	0	0	
53402	6617	92	0.0386111111111126	0.305307692307692	0.19091452991453	0.128568376068376	0.0935299145299145	0.0623888888888889	0.219290598290598	0	0	0	0	0	0	0	0	0	0	0	0	0	0	0	0	0	0	0	0	0	
56442	6119	99	0.0386623931623943	0.295495726495726	0.191474358974359	0.131452991452991	0.089991452991453	0.0738247863247863	0.217760683760684	0	0	0	0	0	0	0	0	0	0	0	0	0	0	0	0	0	0	0	0	0	
38952	8169	80	0.0387350427350431	0.312021367521367	0.188504273504274	0.124611111111111	0.0775	0.0623974358974359	0.234965811965812	0	0	0	0	0	0	0	0	0	0	0	0	0	0	0	0	0	0	0	0	0	
41001	8670	66	0.0389401709401699	0.304115384615385	0.18067094017094	0.117397435897436	0.0889273504273504	0.0614529914529915	0.247435897435897	0	0	0	0	0	0	0	0	0	0	0	0	0	0	0	0	0	0	0	0	0	
77968	6567	86	0.0391367521367527	0.284094017094017	0.194944444444444	0.131773504273504	0.0855641025641026	0.0718418803418803	0.231782051282051	0	0	0	0	0	0	0	0	0	0	0	0	0	0	0	0	0	0	0	0	0	
56756	7804	65	0.0391623931623926	0.287363247863248	0.184461538461538	0.133538461538462	0.0942094017094017	0.0610769230769231	0.239350427350427	0	0	0	0	0	0	0	0	0	0	0	0	0	0	0	0	0	0	0	0	0	
88529	6820	78	0.0391923076923058	0.314376068376068	0.180200854700855	0.122337606837607	0.0934529914529914	0.0656495726495726	0.223982905982906	0	0	0	0	0	0	0	0	0	0	0	0	0	0	0	0	0	0	0	0	0	
32602	8279	101	0.0394358974358981	0.305025641025641	0.197735042735043	0.119525641025641	0.0887264957264957	0.0600555555555556	0.228931623931624	0	0	0	0	0	0	0	0	0	0	0	0	0	0	0	0	0	0	0	0	0	
27397	7899	94	0.0395982905982891	0.2985	0.20158547008547	0.123	0.0827905982905983	0.0595982905982906	0.234525641025641	0	0	0	0	0	0	0	0	0	0	0	0	0	0	0	0	0	0	0	0	0	
24364	4894	148	0.0397179487179492	0.303551282051282	0.197662393162393	0.129239316239316	0.0841153846153846	0.0566794871794872	0.228752136752137	0	0	0	0	0	0	0	0	0	0	0	0	0	0	0	0	0	0	0	0	0	
53444	5514	99	0.0398162393162423	0.301534188034188	0.195188034188034	0.127636752136752	0.0903632478632479	0.0724102564102564	0.212867521367521	0	0	0	0	0	0	0	0	0	0	0	0	0	0	0	0	0	0	0	0	0	
44288	6997	69	0.0399743589743569	0.289991452991453	0.177239316239316	0.123525641025641	0.092042735042735	0.0680598290598291	0.249141025641026	0	0	0	0	0	0	0	0	0	0	0	0	0	0	0	0	0	0	0	0	0	
27414	6602	113	0.0402863247863255	0.300636752136752	0.195764957264957	0.131769230769231	0.0820299145299145	0.054457264957265	0.23534188034188	0	0	0	0	0	0	0	0	0	0	0	0	0	0	0	0	0	0	0	0	0	
79314	6687	78	0.0405299145299157	0.307025641025641	0.191858974358974	0.131974358974359	0.0860299145299145	0.0628461538461538	0.220264957264957	0	0	0	0	0	0	0	0	0	0	0	0	0	0	0	0	0	0	0	0	0	
24520	4461	132	0.0406538461538432	0.294581196581197	0.17532905982906	0.133893162393162	0.093017094017094	0.0613205128205128	0.241858974358974	0	0	0	0	0	0	0	0	0	0	0	0	0	0	0	0	0	0	0	0	0	
