46002	4254	108	0.011269230769231	0.274247863247863	0.191188034188034	0.133940170940171	0.095534188034188	0.070465811965812	0.234623931623932	0	0	0	0	0	0	0	0	0	0	0	0	0	0	0	0	0	0	0	0	0	
45734	3731	118	0.0117478632478622	0.270153846153846	0.194128205128205	0.138799145299145	0.0979957264957265	0.0657991452991453	0.233123931623932	0	0	0	0	0	0	0	0	0	0	0	0	0	0	0	0	0	0	0	0	0	
34736	5008	116	0.0158162393162403	0.274623931623932	0.192277777777778	0.138136752136752	0.0921837606837607	0.068991452991453	0.233786324786325	0	0	0	0	0	0	0	0	0	0	0	0	0	0	0	0	0	0	0	0	0	
93676	5704	83	0.0178076923076927	0.272051282051282	0.188128205128205	0.137974358974359	0.0989102564102564	0.0722905982905983	0.230645299145299	0	0	0	0	0	0	0	0	0	0	0	0	0	0	0	0	0	0	0	0	0	
48632	2846	125	0.018282051282053	0.2675	0.198405982905983	0.128487179487179	0.0967136752136752	0.0718290598290598	0.237064102564103	0	0	0	0	0	0	0	0	0	0	0	0	0	0	0	0	0	0	0	0	0	
67819	2327	117	0.0183205128205131	0.266363247863248	0.195299145299145	0.140260683760684	0.0926623931623932	0.0687350427350427	0.236679487179487	0	0	0	0	0	0	0	0	0	0	0	0	0	0	0	0	0	0	0	0	0	
76469	3408	107	0.0184145299145284	0.269179487179487	0.189730769230769	0.139901709401709	0.0981623931623932	0.0737393162393162	0.229286324786325	0	0	0	0	0	0	0	0	0	0	0	0	0	0	0	0	0	0	0	0	0	
31963	3469	120	0.0196965811965812	0.267790598290598	0.193102564102564	0.138008547008547	0.0891153846153846	0.0712307692307692	0.240752136752137	0	0	0	0	0	0	0	0	0	0	0	0	0	0	0	0	0	0	0	0	0	
53412	4055	112	0.019820512820512	0.278307692307692	0.192752136752137	0.136111111111111	0.0933846153846154	0.0718675213675214	0.227576923076923	0	0	0	0	0	0	0	0	0	0	0	0	0	0	0	0	0	0	0	0	0	
61445	3244	108	0.0208418803418803	0.262393162393162	0.194897435897436	0.13642735042735	0.102017094017094	0.0738418803418803	0.230423076923077	0	0	0	0	0	0	0	0	0	0	0	0	0	0	0	0	0	0	0	0	0	
51394	3763	116	0.0214615384615384	0.272615384615385	0.202008547008547	0.13217094017094	0.0895213675213675	0.0705769230769231	0.233106837606838	0	0	0	0	0	0	0	0	0	0	0	0	0	0	0	0	0	0	0	0	0	
52714	3428	123	0.0226324786324762	0.263525641025641	0.193354700854701	0.146717948717949	0.095	0.0696837606837607	0.231717948717949	0	0	0	0	0	0	0	0	0	0	0	0	0	0	0	0	0	0	0	0	0	
98891	3077	105	0.0233418803418798	0.270773504273504	0.188615384615385	0.130311965811966	0.0975470085470085	0.0702179487179487	0.242534188034188	0	0	0	0	0	0	0	0	0	0	0	0	0	0	0	0	0	0	0	0	0	
58740	3264	120	0.0235598290598271	0.269623931623932	0.187611111111111	0.132598290598291	0.0936282051282051	0.0786880341880342	0.237850427350427	0	0	0	0	0	0	0	0	0	0	0	0	0	0	0	0	0	0	0	0	0	
56851	4080	96	0.024179487179488	0.271876068376068	0.195264957264957	0.125666666666667	0.0973760683760684	0.0688931623931624	0.240923076923077	0	0	0	0	0	0	0	0	0	0	0	0	0	0	0	0	0	0	0	0	0	
96083	4010	99	0.0245512820512811	0.276628205128205	0.193269230769231	0.138367521367521	0.0983547008547009	0.0677948717948718	0.22558547008547	0	0	0	0	0	0	0	0	0	0	0	0	0	0	0	0	0	0	0	0	0	
37746	1650	167	0.0255256410256411	0.266	0.194303418803419	0.142517094017094	0.101457264957265	0.0703547008547009	0.225367521367521	0	0	0	0	0	0	0	0	0	0	0	0	0	0	0	0	0	0	0	0	0	
30081	1198	209	0.0257307692307692	0.268478632478632	0.20192735042735	0.13908547008547	0.0973675213675214	0.0626623931623932	0.230478632478632	0	0	0	0	0	0	0	0	0	0	0	0	0	0	0	0	0	0	0	0	0	
92886	6800	65	0.0257435897435895	0.268358974358974	0.193957264957265	0.126713675213675	0.0986111111111111	0.0686410256410256	0.243717948717949	0	0	0	0	0	0	0	0	0	0	0	0	0	0	0	0	0	0	0	0	0	
50199	2862	126	0.0263290598290598	0.274119658119658	0.198846153846154	0.129547008547009	0.0989316239316239	0.0723547008547009	0.226200854700855	0	0	0	0	0	0	0	0	0	0	0	0	0	0	0	0	0	0	0	0	0	
66366	5068	99	0.0263589743589744	0.269367521367521	0.19507264957265	0.147675213675214	0.0935128205128205	0.0661196581196581	0.228252136752137	0	0	0	0	0	0	0	0	0	0	0	0	0	0	0	0	0	0	0	0	0	
51208	5545	84	0.0264914529914531	0.272192307692308	0.191376068376068	0.132311965811966	0.0937649572649573	0.0660641025641026	0.244290598290598	0	0	0	0	0	0	0	0	0	0	0	0	0	0	0	0	0	0	0	0	0	
43164	3322	128	0.0266880341880348	0.275123931623932	0.19834188034188	0.138961538461538	0.0961581196581197	0.0709145299145299	0.2205	0	0	0	0	0	0	0	0	0	0	0	0	0	0	0	0	0	0	0	0	0	
52969	5065	86	0.0269316239316251	0.269683760683761	0.195880341880342	0.121978632478632	0.0976452991452991	0.075534188034188	0.239277777777778	0	0	0	0	0	0	0	0	0	0	0	0	0	0	0	0	0	0	0	0	0	
48297	3241	121	0.0275085470085487	0.262786324786325	0.196192307692308	0.136294871794872	0.0891324786324786	0.0733247863247863	0.242269230769231	0	0	0	0	0	0	0	0	0	0	0	0	0	0	0	0	0	0	0	0	0	
61053	3943	97	0.0275940170940193	0.275388888888889	0.199440170940171	0.121816239316239	0.0957350427350427	0.072542735042735	0.235076923076923	0	0	0	0	0	0	0	0	0	0	0	0	0	0	0	0	0	0	0	0	0	
43352	6144	97	0.0276367521367535	0.275320512820513	0.195799145299145	0.131290598290598	0.0946923076923077	0.0627948717948718	0.240102564102564	0	0	0	0	0	0	0	0	0	0	0	0	0	0	0	0	0	0	0	0	0	
36300	5039	105	0.0282777777777803	0.274405982905983	0.201752136752137	0.124662393162393	0.0925470085470085	0.0728205128205128	0.233811965811966	0	0	0	0	0	0	0	0	0	0	0	0	0	0	0	0	0	0	0	0	0	
31129	5183	116	0.028589743589744	0.283123931623932	0.195064102564103	0.127294871794872	0.0953162393162393	0.0667863247863248	0.23241452991453	0	0	0	0	0	0	0	0	0	0	0	0	0	0	0	0	0	0	0	0	0	
56321	2868	117	0.0286794871794854	0.261337606837607	0.201824786324786	0.130346153846154	0.097508547008547	0.0763675213675214	0.232615384615385	0	0	0	0	0	0	0	0	0	0	0	0	0	0	0	0	0	0	0	0	0	
55566	2622	122	0.0289017094017067	0.258094017094017	0.193217948717949	0.133982905982906	0.104935897435897	0.0767094017094017	0.233059829059829	0	0	0	0	0	0	0	0	0	0	0	0	0	0	0	0	0	0	0	0	0	
23000	1806	276	0.0290384615384622	0.272995726495727	0.19415811965812	0.129307692307692	0.093482905982906	0.0652948717948718	0.244760683760684	0	0	0	0	0	0	0	0	0	0	0	0	0	0	0	0	0	0	0	0	0	
98708	5889	72	0.0294957264957264	0.263299145299145	0.189311965811966	0.138316239316239	0.0982094017094017	0.0677820512820513	0.243081196581197	0	0	0	0	0	0	0	0	0	0	0	0	0	0	0	0	0	0	0	0	0	
43927	3893	109	0.0295512820512822	0.279794871794872	0.193995726495726	0.137978632478632	0.0980769230769231	0.0673717948717949	0.222782051282051	0	0	0	0	0	0	0	0	0	0	0	0	0	0	0	0	0	0	0	0	0	
68443	5524	79	0.0300128205128198	0.266076923076923	0.193773504273504	0.142188034188034	0.0868333333333333	0.0693974358974359	0.241730769230769	0	0	0	0	0	0	0	0	0	0	0	0	0	0	0	0	0	0	0	0	0	
37000	2847	123	0.0311538461538467	0.261944444444444	0.194431623931624	0.133055555555556	0.101123931623932	0.0657991452991453	0.243645299145299	0	0	0	0	0	0	0	0	0	0	0	0	0	0	0	0	0	0	0	0	0	
77968	6567	86	0.0314786324786327	0.284094017094017	0.194944444444444	0.131773504273504	0.0855641025641026	0.0718418803418803	0.231782051282051	0	0	0	0	0	0	0	0	0	0	0	0	0	0	0	0	0	0	0	0	0	
33507	2374	145	0.0315982905982904	0.268367521367521	0.201683760683761	0.143683760683761	0.0904316239316239	0.0672094017094017	0.228623931623932	0	0	0	0	0	0	0	0	0	0	0	0	0	0	0	0	0	0	0	0	0	
99269	3386	113	0.0317521367521361	0.26624358974359	0.200717948717949	0.144726495726496	0.0933119658119658	0.0656282051282051	0.229371794871795	0	0	0	0	0	0	0	0	0	0	0	0	0	0	0	0	0	0	0	0	0	
59367	4259	109	0.0320170940170937	0.266435897435897	0.183594017094017	0.147153846153846	0.0969145299145299	0.0691025641025641	0.236799145299145	0	0	0	0	0	0	0	0	0	0	0	0	0	0	0	0	0	0	0	0	0	
58402	3667	93	0.0320170940170938	0.260004273504274	0.196799145299145	0.129188034188034	0.0974786324786325	0.0711752136752137	0.245354700854701	0	0	0	0	0	0	0	0	0	0	0	0	0	0	0	0	0	0	0	0	0	
93622	3928	95	0.0323589743589729	0.260542735042735	0.191782051282051	0.149299145299145	0.0941410256410256	0.0735299145299145	0.230705128205128	0	0	0	0	0	0	0	0	0	0	0	0	0	0	0	0	0	0	0	0	0	
26250	3817	145	0.0333119658119666	0.263786324786325	0.197679487179487	0.141115384615385	0.087534188034188	0.0689444444444444	0.240940170940171	0	0	0	0	0	0	0	0	0	0	0	0	0	0	0	0	0	0	0	0	0	
75394	4864	86	0.033393162393163	0.27767094017094	0.187739316239316	0.133247863247863	0.0970470085470086	0.0631324786324786	0.241162393162393	0	0	0	0	0	0	0	0	0	0	0	0	0	0	0	0	0	0	0	0	0	
90128	2752	106	0.0336623931623916	0.266666666666667	0.189487179487179	0.140705128205128	0.107474358974359	0.0659188034188034	0.229747863247863	0	0	0	0	0	0	0	0	0	0	0	0	0	0	0	0	0	0	0	0	0	
79616	6227	84	0.0337692307692306	0.280115384615385	0.200662393162393	0.13	0.0938162393162393	0.0706452991452991	0.224760683760684	0	0	0	0	0	0	0	0	0	0	0	0	0	0	0	0	0	0	0	0	0	
50385	3525	115	0.0339786324786335	0.271965811965812	0.18092735042735	0.145824786324786	0.0924145299145299	0.0710299145299145	0.237837606837607	0	0	0	0	0	0	0	0	0	0	0	0	0	0	0	0	0	0	0	0	0	
50406	3116	117	0.0340170940170936	0.264653846153846	0.200602564102564	0.127752136752137	0.0990683760683761	0.0669615384615385	0.240961538461538	0	0	0	0	0	0	0	0	0	0	0	0	0	0	0	0	0	0	0	0	0	
77411	4035	105	0.0343162393162395	0.28157264957265	0.199478632478632	0.130162393162393	0.0950299145299145	0.0681111111111111	0.225645299145299	0	0	0	0	0	0	0	0	0	0	0	0	0	0	0	0	0	0	0	0	0	
81656	7744	72	0.0343846153846146	0.283388888888889	0.197696581196581	0.132175213675214	0.0924102564102564	0.0680512820512821	0.226277777777778	0	0	0	0	0	0	0	0	0	0	0	0	0	0	0	0	0	0	0	0	0	
33979	3204	131	0.03444017094017	0.262316239316239	0.190051282051282	0.132376068376068	0.0945811965811966	0.0699444444444444	0.250730769230769	0	0	0	0	0	0	0	0	0	0	0	0	0	0	0	0	0	0	0	0	0	
36831	5205	104	0.0344444444444458	0.278337606837607	0.190264957264957	0.122081196581197	0.097474358974359	0.0753461538461538	0.236495726495727	0	0	0	0	0	0	0	0	0	0	0	0	0	0	0	0	0	0	0	0	0	
65638	2466	121	0.0346452991453002	0.25415811965812	0.198816239316239	0.141380341880342	0.0941923076923077	0.0724059829059829	0.239047008547009	0	0	0	0	0	0	0	0	0	0	0	0	0	0	0	0	0	0	0	0	0	
48271	6150	88	0.0346623931623926	0.286559829059829	0.190649572649573	0.130880341880342	0.0914786324786325	0.0664230769230769	0.234008547008547	0	0	0	0	0	0	0	0	0	0	0	0	0	0	0	0	0	0	0	0	0	
64562	5648	85	0.0346965811965806	0.273970085470085	0.184897435897436	0.130649572649573	0.0938888888888889	0.0699786324786325	0.246615384615385	0	0	0	0	0	0	0	0	0	0	0	0	0	0	0	0	0	0	0	0	0	
79323	4477	100	0.0354316239316227	0.281901709401709	0.192794871794872	0.136991452991453	0.0998974358974359	0.0662136752136752	0.222200854700855	0	0	0	0	0	0	0	0	0	0	0	0	0	0	0	0	0	0	0	0	0	
25959	2188	192	0.035542735042737	0.278965811965812	0.199021367521368	0.124264957264957	0.0981880341880342	0.0726837606837607	0.226876068376068	0	0	0	0	0	0	0	0	0	0	0	0	0	0	0	0	0	0	0	0	0	
49051	3205	112	0.0359230769230774	0.25241452991453	0.193517094017094	0.142871794871795	0.100846153846154	0.0714700854700855	0.238880341880342	0	0	0	0	0	0	0	0	0	0	0	0	0	0	0	0	0	0	0	0	0	
34059	5272	96	0.035935897435897	0.278217948717949	0.192440170940171	0.133923076923077	0.0869615384615385	0.0654700854700855	0.242987179487179	0	0	0	0	0	0	0	0	0	0	0	0	0	0	0	0	0	0	0	0	0	
28726	1784	176	0.0359572649572653	0.281440170940171	0.196525641025641	0.139307692307692	0.0911153846153846	0.0636111111111111	0.228	0	0	0	0	0	0	0	0	0	0	0	0	0	0	0	0	0	0	0	0	0	
43520	1525	151	0.036363247863249	0.262722222222222	0.198641025641026	0.140623931623932	0.10267094017094	0.073008547008547	0.222333333333333	0	0	0	0	0	0	0	0	0	0	0	0	0	0	0	0	0	0	0	0	0	
48592	2775	131	0.0365940170940163	0.278418803418803	0.192491452991453	0.137145299145299	0.103807692307692	0.0692264957264957	0.218910256410256	0	0	0	0	0	0	0	0	0	0	0	0	0	0	0	0	0	0	0	0	0	
81998	4483	97	0.0367478632478619	0.279884615384615	0.186542735042735	0.130358974358974	0.104162393162393	0.0660940170940171	0.232957264957265	0	0	0	0	0	0	0	0	0	0	0	0	0	0	0	0	0	0	0	0	0	
49476	4418	99	0.0369102564102571	0.270850427350427	0.178628205128205	0.13534188034188	0.0930897435897436	0.0770726495726496	0.245017094017094	0	0	0	0	0	0	0	0	0	0	0	0	0	0	0	0	0	0	0	0	0	
60296	3067	109	0.0369957264957254	0.257012820512821	0.194542735042735	0.143145299145299	0.106324786324786	0.0711410256410256	0.227833333333333	0	0	0	0	0	0	0	0	0	0	0	0	0	0	0	0	0	0	0	0	0	
25699	1100	340	0.0374914529914548	0.280119658119658	0.201132478632479	0.127688034188034	0.089465811965812	0.0666965811965812	0.234897435897436	0	0	0	0	0	0	0	0	0	0	0	0	0	0	0	0	0	0	0	0	0	
50876	4572	85	0.0376538461538486	0.253452991452991	0.19465811965812	0.137	0.0933931623931624	0.073991452991453	0.247504273504274	0	0	0	0	0	0	0	0	0	0	0	0	0	0	0	0	0	0	0	0	0	
77650	6583	71	0.0378333333333334	0.274397435897436	0.192931623931624	0.123538461538462	0.0901282051282051	0.0749871794871795	0.244017094017094	0	0	0	0	0	0	0	0	0	0	0	0	0	0	0	0	0	0	0	0	0	
36127	3936	118	0.0381794871794867	0.287089743589744	0.195893162393162	0.118457264957265	0.0948376068376068	0.0710042735042735	0.232717948717949	0	0	0	0	0	0	0	0	0	0	0	0	0	0	0	0	0	0	0	0	0	
83256	2983	116	0.038209401709404	0.274149572649573	0.195149572649573	0.138730769230769	0.101615384615385	0.075948717948718	0.214405982905983	0	0	0	0	0	0	0	0	0	0	0	0	0	0	0	0	0	0	0	0	0	
80805	2573	117	0.0382521367521364	0.256799145299145	0.195965811965812	0.140393162393162	0.101662393162393	0.0778675213675214	0.227311965811966	0	0	0	0	0	0	0	0	0	0	0	0	0	0	0	0	0	0	0	0	0	
32104	3652	119	0.0384358974358989	0.256350427350427	0.204465811965812	0.136905982905983	0.0967435897435898	0.0654059829059829	0.240128205128205	0	0	0	0	0	0	0	0	0	0	0	0	0	0	0	0	0	0	0	0	0	
38954	4353	125	0.038461538461538	0.288666666666667	0.190910256410256	0.127512820512821	0.0940384615384615	0.0715384615384615	0.227333333333333	0	0	0	0	0	0	0	0	0	0	0	0	0	0	0	0	0	0	0	0	0	
75190	3815	103	0.038487179487179	0.263487179487179	0.19991452991453	0.148897435897436	0.0877692307692308	0.0697136752136752	0.230217948717949	0	0	0	0	0	0	0	0	0	0	0	0	0	0	0	0	0	0	0	0	0	
28355	6903	95	0.0385769230769232	0.277162393162393	0.192410256410256	0.128192307692308	0.0902264957264957	0.0666452991452991	0.245363247863248	0	0	0	0	0	0	0	0	0	0	0	0	0	0	0	0	0	0	0	0	0	
79364	3981	87	0.0386452991452985	0.264709401709402	0.189952991452991	0.130303418803419	0.0909529914529914	0.0729316239316239	0.251149572649573	0	0	0	0	0	0	0	0	0	0	0	0	0	0	0	0	0	0	0	0	0	
96881	2983	106	0.038700854700855	0.255987179487179	0.188555555555556	0.14075641025641	0.101598290598291	0.073491452991453	0.239611111111111	0	0	0	0	0	0	0	0	0	0	0	0	0	0	0	0	0	0	0	0	0	
87506	2494	119	0.0387777777777792	0.276440170940171	0.203034188034188	0.137076923076923	0.0907435897435897	0.0733803418803419	0.219324786324786	0	0	0	0	0	0	0	0	0	0	0	0	0	0	0	0	0	0	0	0	0	
29561	3794	129	0.0388504273504264	0.255175213675214	0.19975641025641	0.134064102564103	0.0956282051282051	0.0680299145299145	0.247346153846154	0	0	0	0	0	0	0	0	0	0	0	0	0	0	0	0	0	0	0	0	0	
89318	2708	116	0.0393974358974353	0.267747863247863	0.196286324786325	0.151435897435897	0.097491452991453	0.0712008547008547	0.215837606837607	0	0	0	0	0	0	0	0	0	0	0	0	0	0	0	0	0	0	0	0	0	
81037	2122	123	0.0397350427350452	0.249858974358974	0.194666666666667	0.146683760683761	0.0994401709401709	0.0754017094017094	0.233948717948718	0	0	0	0	0	0	0	0	0	0	0	0	0	0	0	0	0	0	0	0	0	
34498	4649	119	0.0397393162393172	0.287055555555556	0.194576923076923	0.134299145299145	0.0980769230769231	0.068017094017094	0.217974358974359	0	0	0	0	0	0	0	0	0	0	0	0	0	0	0	0	0	0	0	0	0	
61159	7108	59	0.0397991452991449	0.269239316239316	0.186	0.138209401709402	0.0887521367521368	0.0671965811965812	0.250602564102564	0	0	0	0	0	0	0	0	0	0	0	0	0	0	0	0	0	0	0	0	0	
64057	3241	109	0.0400726495726498	0.27134188034188	0.180401709401709	0.146196581196581	0.102008547008547	0.0728119658119658	0.227239316239316	0	0	0	0	0	0	0	0	0	0	0	0	0	0	0	0	0	0	0	0	0	
27411	1418	235	0.0401196581196574	0.267867521367521	0.205576923076923	0.144051282051282	0.0886282051282051	0.0664786324786325	0.227397435897436	0	0	0	0	0	0	0	0	0	0	0	0	0	0	0	0	0	0	0	0	0	
37671	1986	152	0.0402606837606825	0.260717948717949	0.195350427350427	0.142786324786325	0.107508547008547	0.0700128205128205	0.223623931623932	0	0	0	0	0	0	0	0	0	0	0	0	0	0	0	0	0	0	0	0	0	
43947	4618	103	0.0403760683760685	0.260145299145299	0.204337606837607	0.126055555555556	0.103423076923077	0.0699871794871795	0.236051282051282	0	0	0	0	0	0	0	0	0	0	0	0	0	0	0	0	0	0	0	0	0	
37276	4717	106	0.0404487179487183	0.273615384615385	0.188534188034188	0.130269230769231	0.0932222222222222	0.0645128205128205	0.249846153846154	0	0	0	0	0	0	0	0	0	0	0	0	0	0	0	0	0	0	0	0	0	
69917	1924	133	0.0407991452991455	0.25407264957265	0.194867521367521	0.138581196581197	0.106235042735043	0.0774786324786325	0.228764957264957	0	0	0	0	0	0	0	0	0	0	0	0	0	0	0	0	0	0	0	0	0	
87958	5371	84	0.0408076923076914	0.279628205128205	0.188200854700855	0.126602564102564	0.0933760683760684	0.0681794871794872	0.24401282051282	0	0	0	0	0	0	0	0	0	0	0	0	0	0	0	0	0	0	0	0	0	
84160	7511	72	0.0408974358974357	0.288299145299145	0.185653846153846	0.137277777777778	0.0877948717948718	0.0705384615384615	0.230435897435897	0	0	0	0	0	0	0	0	0	0	0	0	0	0	0	0	0	0	0	0	0	
27465	4612	121	0.0409145299145305	0.290094017094017	0.192905982905983	0.125448717948718	0.095965811965812	0.0620042735042735	0.233581196581197	0	0	0	0	0	0	0	0	0	0	0	0	0	0	0	0	0	0	0	0	0	
30693	4419	139	0.0410213675213666	0.268393162393162	0.189576923076923	0.150294871794872	0.101564102564103	0.0663931623931624	0.223777777777778	0	0	0	0	0	0	0	0	0	0	0	0	0	0	0	0	0	0	0	0	0	
94457	2636	116	0.0411282051282071	0.252179487179487	0.195888888888889	0.132384615384615	0.0971666666666667	0.0788504273504274	0.243529914529915	0	0	0	0	0	0	0	0	0	0	0	0	0	0	0	0	0	0	0	0	0	
48355	4057	108	0.0411794871794869	0.278568376068376	0.20591452991453	0.135239316239316	0.0957905982905983	0.0663034188034188	0.218183760683761	0	0	0	0	0	0	0	0	0	0	0	0	0	0	0	0	0	0	0	0	0	
35193	1536	161	0.0414615384615359	0.264538461538462	0.193354700854701	0.156132478632479	0.0952692307692308	0.0637905982905983	0.22691452991453	0	0	0	0	0	0	0	0	0	0	0	0	0	0	0	0	0	0	0	0	0	
25336	1160	366	0.0416709401709415	0.288059829059829	0.195192307692308	0.131145299145299	0.0913076923076923	0.0593076923076923	0.234987179487179	0	0	0	0	0	0	0	0	0	0	0	0	0	0	0	0	0	0	0	0	0	
67338	2368	131	0.0418247863247866	0.260799145299145	0.204337606837607	0.140209401709402	0.101880341880342	0.0689444444444444	0.22382905982906	0	0	0	0	0	0	0	0	0	0	0	0	0	0	0	0	0	0	0	0	0	
67003	6267	73	0.0418418803418809	0.276991452991453	0.189316239316239	0.126388888888889	0.0905128205128205	0.0696239316239316	0.247166666666667	0	0	0	0	0	0	0	0	0	0	0	0	0	0	0	0	0	0	0	0	0	
51383	4034	106	0.0418760683760684	0.275884615384615	0.178401709401709	0.140876068376068	0.0948632478632479	0.0671581196581197	0.242816239316239	0	0	0	0	0	0	0	0	0	0	0	0	0	0	0	0	0	0	0	0	0	
