9790	0.0194358974358964	0.268311965811966	0.121559829059829	0.10208547008547	0.08	0.0566068376068376	0.371435897435897	0	0	0	0	0	0	0	0	0	0	0	0	0	0	0	0	0	0	0	0	0	
10617	0.02225641025641	0.261820512820513	0.131115384615385	0.0996410256410256	0.0782393162393162	0.0560555555555556	0.373128205128205	0	0	0	0	0	0	0	0	0	0	0	0	0	0	0	0	0	0	0	0	0	
10033	0.0227606837606835	0.271175213675214	0.132025641025641	0.100226495726496	0.0735854700854701	0.0526068376068376	0.370380341880342	0	0	0	0	0	0	0	0	0	0	0	0	0	0	0	0	0	0	0	0	0	
10606	0.0262735042735072	0.27265811965812	0.129405982905983	0.104081196581197	0.0729871794871795	0.0602264957264957	0.360641025641026	0	0	0	0	0	0	0	0	0	0	0	0	0	0	0	0	0	0	0	0	0	
9676	0.0265042735042732	0.267448717948718	0.136034188034188	0.0943333333333333	0.0751752136752137	0.0546709401709402	0.372337606837607	0	0	0	0	0	0	0	0	0	0	0	0	0	0	0	0	0	0	0	0	0	
8762	0.0280598290598298	0.273435897435897	0.129837606837607	0.105337606837607	0.0603675213675214	0.0554401709401709	0.375581196581197	0	0	0	0	0	0	0	0	0	0	0	0	0	0	0	0	0	0	0	0	0	
10176	0.0285042735042754	0.266487179487179	0.131153846153846	0.108790598290598	0.0728547008547009	0.0604957264957265	0.360217948717949	0	0	0	0	0	0	0	0	0	0	0	0	0	0	0	0	0	0	0	0	0	
10444	0.0294188034188041	0.263239316239316	0.13332905982906	0.105923076923077	0.0760769230769231	0.0494059829059829	0.372025641025641	0	0	0	0	0	0	0	0	0	0	0	0	0	0	0	0	0	0	0	0	0	
10549	0.0295470085470116	0.262393162393162	0.13208547008547	0.104081196581197	0.0787564102564103	0.0588931623931624	0.363790598290598	0	0	0	0	0	0	0	0	0	0	0	0	0	0	0	0	0	0	0	0	0	
9641	0.0307863247863241	0.270337606837607	0.133145299145299	0.0993632478632479	0.0670811965811966	0.0503931623931624	0.379679487179487	0	0	0	0	0	0	0	0	0	0	0	0	0	0	0	0	0	0	0	0	0	
9379	0.0309059829059802	0.266730769230769	0.142264957264957	0.101	0.0669401709401709	0.0524316239316239	0.370632478632479	0	0	0	0	0	0	0	0	0	0	0	0	0	0	0	0	0	0	0	0	0	
10107	0.0309829059829068	0.255683760683761	0.132470085470085	0.1025	0.0791623931623932	0.0544273504273504	0.37575641025641	0	0	0	0	0	0	0	0	0	0	0	0	0	0	0	0	0	0	0	0	0	
10311	0.031418803418805	0.258299145299145	0.129324786324786	0.106470085470085	0.0803888888888889	0.0585683760683761	0.366948717948718	0	0	0	0	0	0	0	0	0	0	0	0	0	0	0	0	0	0	0	0	0	
9080	0.0316324786324767	0.268688034188034	0.141119658119658	0.0970128205128205	0.0647777777777778	0.055465811965812	0.372935897435897	0	0	0	0	0	0	0	0	0	0	0	0	0	0	0	0	0	0	0	0	0	
8813	0.0316752136752155	0.275495726495727	0.130957264957265	0.0997350427350427	0.0722863247863248	0.0452435897435897	0.376282051282051	0	0	0	0	0	0	0	0	0	0	0	0	0	0	0	0	0	0	0	0	0	
9696	0.0317692307692298	0.262008547008547	0.138897435897436	0.106192307692308	0.0699444444444444	0.0567692307692308	0.366188034188034	0	0	0	0	0	0	0	0	0	0	0	0	0	0	0	0	0	0	0	0	0	
9549	0.0320769230769242	0.255217948717949	0.129555555555556	0.100175213675214	0.0695555555555556	0.0602777777777778	0.385217948717949	0	0	0	0	0	0	0	0	0	0	0	0	0	0	0	0	0	0	0	0	0	
10345	0.0321623931623927	0.255547008547009	0.138696581196581	0.101641025641026	0.0724017094017094	0.0547264957264957	0.376987179487179	0	0	0	0	0	0	0	0	0	0	0	0	0	0	0	0	0	0	0	0	0	
9520	0.0322051282051273	0.270401709401709	0.133282051282051	0.102679487179487	0.0589059829059829	0.0548290598290598	0.379901709401709	0	0	0	0	0	0	0	0	0	0	0	0	0	0	0	0	0	0	0	0	0	
10451	0.0323760683760657	0.272769230769231	0.137410256410256	0.0987777777777778	0.0676837606837607	0.0553119658119658	0.368047008547009	0	0	0	0	0	0	0	0	0	0	0	0	0	0	0	0	0	0	0	0	0	
9667	0.0327179487179488	0.261324786324786	0.141264957264957	0.101935897435897	0.067534188034188	0.0603290598290598	0.367611111111111	0	0	0	0	0	0	0	0	0	0	0	0	0	0	0	0	0	0	0	0	0	
10642	0.0327606837606855	0.257991452991453	0.138589743589744	0.0993846153846154	0.0717051282051282	0.0627350427350427	0.369594017094017	0	0	0	0	0	0	0	0	0	0	0	0	0	0	0	0	0	0	0	0	0	
9526	0.0329401709401726	0.255811965811966	0.135529914529915	0.0983205128205128	0.0703846153846154	0.0588974358974359	0.381055555555556	0	0	0	0	0	0	0	0	0	0	0	0	0	0	0	0	0	0	0	0	0	
8989	0.0329743589743585	0.253307692307692	0.132568376068376	0.102299145299145	0.0705641025641026	0.0567521367521368	0.384508547008547	0	0	0	0	0	0	0	0	0	0	0	0	0	0	0	0	0	0	0	0	0	
9692	0.0330427350427347	0.261816239316239	0.140735042735043	0.0945940170940171	0.0681581196581197	0.0610213675213675	0.373675213675214	0	0	0	0	0	0	0	0	0	0	0	0	0	0	0	0	0	0	0	0	0	
9931	0.0331452991452978	0.265730769230769	0.139542735042735	0.106235042735043	0.0675940170940171	0.0515769230769231	0.369320512820513	0	0	0	0	0	0	0	0	0	0	0	0	0	0	0	0	0	0	0	0	0	
9562	0.0333931623931613	0.266200854700855	0.141491452991453	0.0951623931623932	0.064448717948718	0.0569017094017094	0.375794871794872	0	0	0	0	0	0	0	0	0	0	0	0	0	0	0	0	0	0	0	0	0	
9683	0.0335811965811961	0.26584188034188	0.142277777777778	0.0996068376068376	0.0698846153846154	0.0597478632478632	0.362641025641026	0	0	0	0	0	0	0	0	0	0	0	0	0	0	0	0	0	0	0	0	0	
8717	0.0337094017093999	0.257200854700855	0.143252136752137	0.102807692307692	0.0697905982905983	0.0562435897435897	0.370705128205128	0	0	0	0	0	0	0	0	0	0	0	0	0	0	0	0	0	0	0	0	0	
8965	0.0342564102564098	0.258106837606838	0.143089743589744	0.099965811965812	0.0675042735042735	0.0592735042735043	0.372059829059829	0	0	0	0	0	0	0	0	0	0	0	0	0	0	0	0	0	0	0	0	0	
9353	0.0343418803418798	0.270961538461538	0.136876068376068	0.0889700854700855	0.0747393162393162	0.0579316239316239	0.370521367521367	0	0	0	0	0	0	0	0	0	0	0	0	0	0	0	0	0	0	0	0	0	
8889	0.0346581196581225	0.253405982905983	0.135264957264957	0.0988376068376068	0.0752606837606838	0.0584957264957265	0.378735042735043	0	0	0	0	0	0	0	0	0	0	0	0	0	0	0	0	0	0	0	0	0	
9101	0.0348034188034194	0.254632478632479	0.132824786324786	0.102807692307692	0.0665598290598291	0.0584957264957265	0.384679487179487	0	0	0	0	0	0	0	0	0	0	0	0	0	0	0	0	0	0	0	0	0	
10052	0.0350598290598283	0.269487179487179	0.130897435897436	0.113529914529915	0.0612521367521368	0.0584059829059829	0.36642735042735	0	0	0	0	0	0	0	0	0	0	0	0	0	0	0	0	0	0	0	0	0	
9326	0.0354615384615379	0.272538461538462	0.131884615384615	0.0928760683760684	0.0709700854700855	0.0506538461538462	0.381076923076923	0	0	0	0	0	0	0	0	0	0	0	0	0	0	0	0	0	0	0	0	0	
9289	0.0354871794871786	0.269410256410256	0.141957264957265	0.102760683760684	0.0677051282051282	0.0557393162393162	0.36242735042735	0	0	0	0	0	0	0	0	0	0	0	0	0	0	0	0	0	0	0	0	0	
9180	0.0355555555555563	0.262431623931624	0.142179487179487	0.104132478632479	0.0720854700854701	0.0538461538461538	0.365324786324786	0	0	0	0	0	0	0	0	0	0	0	0	0	0	0	0	0	0	0	0	0	
9850	0.0356410256410233	0.264722222222222	0.144632478632479	0.0987735042735043	0.0691666666666667	0.0491153846153846	0.373589743589744	0	0	0	0	0	0	0	0	0	0	0	0	0	0	0	0	0	0	0	0	0	
9403	0.0357692307692303	0.264559829059829	0.143897435897436	0.101252136752137	0.0694316239316239	0.0592222222222222	0.361636752136752	0	0	0	0	0	0	0	0	0	0	0	0	0	0	0	0	0	0	0	0	0	
10143	0.0359059829059845	0.257978632478632	0.137047008547009	0.10732905982906	0.0741965811965812	0.0581153846153846	0.365333333333333	0	0	0	0	0	0	0	0	0	0	0	0	0	0	0	0	0	0	0	0	0	
10414	0.0359999999999991	0.258675213675214	0.142012820512821	0.095025641025641	0.0742136752136752	0.057542735042735	0.372529914529915	0	0	0	0	0	0	0	0	0	0	0	0	0	0	0	0	0	0	0	0	0	
10248	0.0362051282051293	0.260354700854701	0.140692307692308	0.106098290598291	0.0719316239316239	0.0531153846153846	0.367807692307692	0	0	0	0	0	0	0	0	0	0	0	0	0	0	0	0	0	0	0	0	0	
9037	0.0362307692307702	0.256264957264957	0.144294871794872	0.0973461538461538	0.0719401709401709	0.0562692307692308	0.373884615384615	0	0	0	0	0	0	0	0	0	0	0	0	0	0	0	0	0	0	0	0	0	
9108	0.0362649572649554	0.261166666666667	0.136790598290598	0.110547008547009	0.0685555555555556	0.053	0.369940170940171	0	0	0	0	0	0	0	0	0	0	0	0	0	0	0	0	0	0	0	0	0	
9226	0.0362735042735027	0.266653846153846	0.144944444444444	0.102397435897436	0.071	0.0497136752136752	0.365290598290598	0	0	0	0	0	0	0	0	0	0	0	0	0	0	0	0	0	0	0	0	0	
10041	0.0365811965811943	0.256606837606838	0.145102564102564	0.100461538461538	0.0713247863247863	0.0564017094017094	0.370102564102564	0	0	0	0	0	0	0	0	0	0	0	0	0	0	0	0	0	0	0	0	0	
9712	0.03659829059829	0.258089743589744	0.143581196581197	0.0987820512820513	0.0729444444444445	0.0536367521367521	0.372965811965812	0	0	0	0	0	0	0	0	0	0	0	0	0	0	0	0	0	0	0	0	0	
9510	0.0368205128205141	0.262952991452991	0.133880341880342	0.0944957264957265	0.0746837606837607	0.0521367521367521	0.381850427350427	0	0	0	0	0	0	0	0	0	0	0	0	0	0	0	0	0	0	0	0	0	
9764	0.036999999999998	0.277465811965812	0.135025641025641	0.0984444444444444	0.0680811965811966	0.056542735042735	0.364440170940171	0	0	0	0	0	0	0	0	0	0	0	0	0	0	0	0	0	0	0	0	0	
10093	0.0370341880341876	0.264311965811966	0.129354700854701	0.101649572649573	0.0873888888888889	0.0577991452991453	0.359495726495726	0	0	0	0	0	0	0	0	0	0	0	0	0	0	0	0	0	0	0	0	0	
9404	0.0371623931623926	0.263957264957265	0.139376068376068	0.103094017094017	0.0647393162393162	0.0497393162393162	0.379094017094017	0	0	0	0	0	0	0	0	0	0	0	0	0	0	0	0	0	0	0	0	0	
9992	0.0372478632478637	0.252606837606838	0.129910256410256	0.108576923076923	0.0673632478632479	0.0656495726495726	0.375893162393162	0	0	0	0	0	0	0	0	0	0	0	0	0	0	0	0	0	0	0	0	0	
9851	0.0373675213675223	0.26565811965812	0.138252136752137	0.108047008547009	0.0730042735042735	0.0527393162393162	0.362299145299145	0	0	0	0	0	0	0	0	0	0	0	0	0	0	0	0	0	0	0	0	0	
10387	0.0374188034188015	0.263222222222222	0.145521367521368	0.0979102564102564	0.0677350427350427	0.0577905982905983	0.367820512820513	0	0	0	0	0	0	0	0	0	0	0	0	0	0	0	0	0	0	0	0	0	
11025	0.0374358974358982	0.273735042735043	0.12407264957265	0.109222222222222	0.0720940170940171	0.0630769230769231	0.357799145299145	0	0	0	0	0	0	0	0	0	0	0	0	0	0	0	0	0	0	0	0	0	
8789	0.0375982905982921	0.252884615384615	0.132564102564103	0.0994871794871795	0.0698162393162393	0.0594145299145299	0.385833333333333	0	0	0	0	0	0	0	0	0	0	0	0	0	0	0	0	0	0	0	0	0	
10020	0.0379059829059834	0.268226495726496	0.128713675213675	0.110405982905983	0.0794059829059829	0.0500470085470085	0.363200854700855	0	0	0	0	0	0	0	0	0	0	0	0	0	0	0	0	0	0	0	0	0	
9622	0.0381623931623908	0.263141025641026	0.144333333333333	0.103952991452991	0.0710683760683761	0.0535598290598291	0.363944444444444	0	0	0	0	0	0	0	0	0	0	0	0	0	0	0	0	0	0	0	0	0	
9828	0.0382735042735034	0.265303418803419	0.143816239316239	0.100876068376068	0.0735470085470085	0.0545854700854701	0.361871794871795	0	0	0	0	0	0	0	0	0	0	0	0	0	0	0	0	0	0	0	0	0	
9079	0.0384358974359001	0.250316239316239	0.132388888888889	0.104700854700855	0.0767307692307692	0.0560683760683761	0.379794871794872	0	0	0	0	0	0	0	0	0	0	0	0	0	0	0	0	0	0	0	0	0	
9530	0.0384957264957258	0.261	0.145495726495727	0.0979316239316239	0.0687777777777778	0.0524529914529915	0.37434188034188	0	0	0	0	0	0	0	0	0	0	0	0	0	0	0	0	0	0	0	0	0	
10094	0.0385726495726496	0.254846153846154	0.130431623931624	0.113230769230769	0.0688931623931624	0.053991452991453	0.378606837606838	0	0	0	0	0	0	0	0	0	0	0	0	0	0	0	0	0	0	0	0	0	
9496	0.0386666666666642	0.259948717948718	0.141119658119658	0.107418803418803	0.071017094017094	0.0548376068376068	0.36565811965812	0	0	0	0	0	0	0	0	0	0	0	0	0	0	0	0	0	0	0	0	0	
8711	0.0386666666666673	0.264175213675214	0.140722222222222	0.0956239316239316	0.0618547008547009	0.0623461538461538	0.375277777777778	0	0	0	0	0	0	0	0	0	0	0	0	0	0	0	0	0	0	0	0	0	
8121	0.0386752136752141	0.262726495726496	0.138542735042735	0.092542735042735	0.0663803418803419	0.059465811965812	0.38034188034188	0	0	0	0	0	0	0	0	0	0	0	0	0	0	0	0	0	0	0	0	0	
9803	0.0386837606837626	0.258423076923077	0.137470085470085	0.102547008547009	0.0734358974358974	0.0478376068376068	0.380286324786325	0	0	0	0	0	0	0	0	0	0	0	0	0	0	0	0	0	0	0	0	0	
10052	0.0386923076923066	0.266747863247863	0.144833333333333	0.100448717948718	0.0636923076923077	0.0491752136752137	0.375102564102564	0	0	0	0	0	0	0	0	0	0	0	0	0	0	0	0	0	0	0	0	0	
9536	0.038769230769232	0.250978632478633	0.140115384615385	0.0992777777777778	0.0713461538461539	0.0632435897435897	0.375038461538462	0	0	0	0	0	0	0	0	0	0	0	0	0	0	0	0	0	0	0	0	0	
9203	0.0390683760683762	0.271025641025641	0.136478632478632	0.103247863247863	0.0765811965811966	0.0494444444444444	0.363222222222222	0	0	0	0	0	0	0	0	0	0	0	0	0	0	0	0	0	0	0	0	0	
8691	0.0394358974358979	0.26792735042735	0.132615384615385	0.102799145299145	0.0623803418803419	0.0477393162393162	0.386538461538462	0	0	0	0	0	0	0	0	0	0	0	0	0	0	0	0	0	0	0	0	0	
9870	0.0395470085470099	0.251974358974359	0.137042735042735	0.101641025641026	0.078448717948718	0.0609316239316239	0.369961538461538	0	0	0	0	0	0	0	0	0	0	0	0	0	0	0	0	0	0	0	0	0	
9706	0.0395726495726489	0.270803418803419	0.134487179487179	0.100183760683761	0.0705042735042735	0.0669102564102564	0.357111111111111	0	0	0	0	0	0	0	0	0	0	0	0	0	0	0	0	0	0	0	0	0	
10165	0.039923076923074	0.267188034188034	0.146764957264957	0.0983119658119658	0.0682435897435897	0.0544529914529915	0.365038461538462	0	0	0	0	0	0	0	0	0	0	0	0	0	0	0	0	0	0	0	0	0	
9915	0.040128205128204	0.269166666666667	0.13667094017094	0.110611111111111	0.0641880341880342	0.0568376068376068	0.362525641025641	0	0	0	0	0	0	0	0	0	0	0	0	0	0	0	0	0	0	0	0	0	
9586	0.0402735042735036	0.251474358974359	0.143850427350427	0.102461538461538	0.0744444444444444	0.0552692307692308	0.3725	0	0	0	0	0	0	0	0	0	0	0	0	0	0	0	0	0	0	0	0	0	
8866	0.040273504273504	0.249111111111111	0.125811965811966	0.105995726495726	0.0778632478632479	0.0573547008547009	0.383863247863248	0	0	0	0	0	0	0	0	0	0	0	0	0	0	0	0	0	0	0	0	0	
10418	0.0405042735042718	0.271145299145299	0.141217948717949	0.104273504273504	0.0709273504273504	0.0487777777777778	0.36365811965812	0	0	0	0	0	0	0	0	0	0	0	0	0	0	0	0	0	0	0	0	0	
9919	0.0406153846153826	0.280568376068376	0.133730769230769	0.100431623931624	0.0655384615384615	0.0514316239316239	0.368299145299145	0	0	0	0	0	0	0	0	0	0	0	0	0	0	0	0	0	0	0	0	0	
9802	0.0406495726495714	0.26207264957265	0.144641025641026	0.094448717948718	0.067957264957265	0.0546068376068376	0.376273504273504	0	0	0	0	0	0	0	0	0	0	0	0	0	0	0	0	0	0	0	0	0	
10372	0.040752136752137	0.262444444444444	0.144423076923077	0.0963974358974359	0.0741794871794872	0.0503418803418803	0.372213675213675	0	0	0	0	0	0	0	0	0	0	0	0	0	0	0	0	0	0	0	0	0	
9710	0.0407863247863249	0.26801282051282	0.140521367521368	0.0902350427350427	0.0772649572649573	0.0532264957264957	0.370739316239316	0	0	0	0	0	0	0	0	0	0	0	0	0	0	0	0	0	0	0	0	0	
10460	0.0408034188034185	0.26658547008547	0.146905982905983	0.094042735042735	0.0717222222222222	0.0507008547008547	0.370042735042735	0	0	0	0	0	0	0	0	0	0	0	0	0	0	0	0	0	0	0	0	0	
9112	0.0408034188034188	0.264850427350427	0.137965811965812	0.0987991452991453	0.0806623931623932	0.0510769230769231	0.366645299145299	0	0	0	0	0	0	0	0	0	0	0	0	0	0	0	0	0	0	0	0	0	
10683	0.0408632478632486	0.270735042735043	0.143038461538462	0.101324786324786	0.060948717948718	0.0590726495726496	0.364880341880342	0	0	0	0	0	0	0	0	0	0	0	0	0	0	0	0	0	0	0	0	0	
9709	0.0410085470085477	0.266017094017094	0.14034188034188	0.10057264957265	0.0777350427350427	0.0590769230769231	0.35625641025641	0	0	0	0	0	0	0	0	0	0	0	0	0	0	0	0	0	0	0	0	0	
10516	0.0411196581196587	0.275397435897436	0.128474358974359	0.108628205128205	0.0758589743589744	0.0542179487179487	0.357423076923077	0	0	0	0	0	0	0	0	0	0	0	0	0	0	0	0	0	0	0	0	0	
9598	0.0412307692307688	0.263217948717949	0.126239316239316	0.0898717948717949	0.0726923076923077	0.0548632478632479	0.393115384615385	0	0	0	0	0	0	0	0	0	0	0	0	0	0	0	0	0	0	0	0	0	
11376	0.0412735042735047	0.250367521367521	0.139316239316239	0.100632478632479	0.0693504273504273	0.065474358974359	0.374858974358974	0	0	0	0	0	0	0	0	0	0	0	0	0	0	0	0	0	0	0	0	0	
9834	0.0415128205128205	0.258350427350427	0.140517094017094	0.0991452991452991	0.078465811965812	0.0573675213675214	0.366153846153846	0	0	0	0	0	0	0	0	0	0	0	0	0	0	0	0	0	0	0	0	0	
10032	0.0415213675213643	0.262786324786325	0.145987179487179	0.103978632478632	0.0651239316239316	0.049525641025641	0.372598290598291	0	0	0	0	0	0	0	0	0	0	0	0	0	0	0	0	0	0	0	0	0	
9443	0.0415213675213665	0.25865811965812	0.14284188034188	0.0942863247863248	0.0761452991452991	0.0567094017094017	0.371358974358974	0	0	0	0	0	0	0	0	0	0	0	0	0	0	0	0	0	0	0	0	0	
10479	0.0416324786324763	0.275111111111111	0.139696581196581	0.100905982905983	0.0670940170940171	0.0545470085470085	0.362645299145299	0	0	0	0	0	0	0	0	0	0	0	0	0	0	0	0	0	0	0	0	0	
10431	0.0418119658119655	0.2585	0.146004273504274	0.104106837606838	0.0702179487179487	0.0517521367521368	0.369418803418803	0	0	0	0	0	0	0	0	0	0	0	0	0	0	0	0	0	0	0	0	0	
9400	0.0418547008547012	0.260786324786325	0.137299145299145	0.094017094017094	0.0770042735042735	0.0522649572649573	0.378628205128205	0	0	0	0	0	0	0	0	0	0	0	0	0	0	0	0	0	0	0	0	0	
9359	0.0418547008547025	0.255773504273504	0.135162393162393	0.101119658119658	0.0767307692307692	0.0501752136752137	0.381038461538462	0	0	0	0	0	0	0	0	0	0	0	0	0	0	0	0	0	0	0	0	0	
10351	0.0419999999999992	0.254846153846154	0.139192307692308	0.111012820512821	0.0699230769230769	0.0553803418803419	0.369645299145299	0	0	0	0	0	0	0	0	0	0	0	0	0	0	0	0	0	0	0	0	0	
10590	0.0420940170940174	0.269388888888889	0.142974358974359	0.0954273504273504	0.0740897435897436	0.0582606837606838	0.359858974358974	0	0	0	0	0	0	0	0	0	0	0	0	0	0	0	0	0	0	0	0	0	
10164	0.0421196581196578	0.262376068376068	0.136837606837607	0.102247863247863	0.0824487179487179	0.0520769230769231	0.364012820512821	0	0	0	0	0	0	0	0	0	0	0	0	0	0	0	0	0	0	0	0	0	
9826	0.0421282051282034	0.258397435897436	0.146059829059829	0.104209401709402	0.0663247863247863	0.0562905982905983	0.368717948717949	0	0	0	0	0	0	0	0	0	0	0	0	0	0	0	0	0	0	0	0	0	
9965	0.0422307692307667	0.278867521367521	0.136239316239316	0.0911794871794872	0.0699786324786325	0.0527435897435897	0.370991452991453	0	0	0	0	0	0	0	0	0	0	0	0	0	0	0	0	0	0	0	0	0	
