48502	6227	94	0.01578205128205	0.28108547008547	0.204354700854701	0.130316239316239	0.0976666666666667	0.0622435897435897	0.224333333333333	0	0	0	0	0	0	0	0	0	0	0	0	0	0	0	0	0	0	0	0	0	
81656	7744	72	0.0176452991452985	0.283388888888889	0.197696581196581	0.132175213675214	0.0924102564102564	0.0680512820512821	0.226277777777778	0	0	0	0	0	0	0	0	0	0	0	0	0	0	0	0	0	0	0	0	0	
77411	4035	105	0.0189786324786316	0.28157264957265	0.199478632478632	0.130162393162393	0.0950299145299145	0.0681111111111111	0.225645299145299	0	0	0	0	0	0	0	0	0	0	0	0	0	0	0	0	0	0	0	0	0	
24458	2751	180	0.0204188034188042	0.279833333333333	0.208226495726496	0.125051282051282	0.094974358974359	0.0623205128205128	0.229594017094017	0	0	0	0	0	0	0	0	0	0	0	0	0	0	0	0	0	0	0	0	0	
79616	6227	84	0.0212948717948704	0.280115384615385	0.200662393162393	0.13	0.0938162393162393	0.0706452991452991	0.224760683760684	0	0	0	0	0	0	0	0	0	0	0	0	0	0	0	0	0	0	0	0	0	
29065	1228	320	0.0216880341880334	0.282448717948718	0.202581196581197	0.133209401709402	0.0841495726495727	0.0686025641025641	0.229008547008547	0	0	0	0	0	0	0	0	0	0	0	0	0	0	0	0	0	0	0	0	0	
25699	1100	340	0.0217478632478622	0.280119658119658	0.201132478632479	0.127688034188034	0.089465811965812	0.0666965811965812	0.234897435897436	0	0	0	0	0	0	0	0	0	0	0	0	0	0	0	0	0	0	0	0	0	
28726	1784	176	0.0226666666666655	0.281440170940171	0.196525641025641	0.139307692307692	0.0911153846153846	0.0636111111111111	0.228	0	0	0	0	0	0	0	0	0	0	0	0	0	0	0	0	0	0	0	0	0	
25736	2165	208	0.0239273504273503	0.281837606837607	0.210790598290598	0.129448717948718	0.0943119658119658	0.0659786324786325	0.217632478632479	0	0	0	0	0	0	0	0	0	0	0	0	0	0	0	0	0	0	0	0	0	
39934	5081	113	0.0242136752136761	0.278397435897436	0.209666666666667	0.133602564102564	0.086042735042735	0.0665683760683761	0.225722222222222	0	0	0	0	0	0	0	0	0	0	0	0	0	0	0	0	0	0	0	0	0	
25000	1387	447	0.0242692307692295	0.294547008547009	0.200047008547009	0.128457264957265	0.0928589743589744	0.0603547008547009	0.223735042735043	0	0	0	0	0	0	0	0	0	0	0	0	0	0	0	0	0	0	0	0	0	
28222	1746	215	0.0243290598290611	0.283504273504273	0.211555555555556	0.128119658119658	0.0961965811965812	0.0621452991452991	0.218478632478632	0	0	0	0	0	0	0	0	0	0	0	0	0	0	0	0	0	0	0	0	0	
85829	5230	87	0.0245128205128214	0.289619658119658	0.20657264957265	0.134508547008547	0.0891282051282051	0.0554957264957265	0.224675213675214	0	0	0	0	0	0	0	0	0	0	0	0	0	0	0	0	0	0	0	0	0	
37454	4917	124	0.0256452991452986	0.295320512820513	0.199017094017094	0.130811965811966	0.0912179487179487	0.0615854700854701	0.222047008547009	0	0	0	0	0	0	0	0	0	0	0	0	0	0	0	0	0	0	0	0	0	
51074	6614	100	0.0256965811965818	0.291081196581197	0.209773504273504	0.126735042735043	0.092017094017094	0.0637051282051282	0.216688034188034	0	0	0	0	0	0	0	0	0	0	0	0	0	0	0	0	0	0	0	0	0	
31129	5183	116	0.025923076923075	0.283123931623932	0.195064102564103	0.127294871794872	0.0953162393162393	0.0667863247863248	0.23241452991453	0	0	0	0	0	0	0	0	0	0	0	0	0	0	0	0	0	0	0	0	0	
53193	6895	85	0.0261709401709414	0.292461538461538	0.208047008547009	0.131021367521368	0.0882564102564103	0.0597820512820513	0.220431623931624	0	0	0	0	0	0	0	0	0	0	0	0	0	0	0	0	0	0	0	0	0	
28414	1187	473	0.0272948717948721	0.284440170940171	0.214128205128205	0.123200854700855	0.0951025641025641	0.058508547008547	0.224619658119658	0	0	0	0	0	0	0	0	0	0	0	0	0	0	0	0	0	0	0	0	0	
77695	4473	94	0.0276196581196576	0.289405982905983	0.199726495726496	0.126162393162393	0.0895683760683761	0.0592991452991453	0.235837606837607	0	0	0	0	0	0	0	0	0	0	0	0	0	0	0	0	0	0	0	0	0	
25336	1160	366	0.027948717948717	0.288059829059829	0.195192307692308	0.131145299145299	0.0913076923076923	0.0593076923076923	0.234987179487179	0	0	0	0	0	0	0	0	0	0	0	0	0	0	0	0	0	0	0	0	0	
85012	6777	82	0.0280811965811964	0.282602564102564	0.216367521367521	0.120264957264957	0.0876196581196581	0.0656495726495726	0.227495726495726	0	0	0	0	0	0	0	0	0	0	0	0	0	0	0	0	0	0	0	0	0	
48271	6150	88	0.0282051282051285	0.286559829059829	0.190649572649573	0.130880341880342	0.0914786324786325	0.0664230769230769	0.234008547008547	0	0	0	0	0	0	0	0	0	0	0	0	0	0	0	0	0	0	0	0	0	
87498	4949	81	0.0282222222222214	0.284286324786325	0.203611111111111	0.116435897435897	0.0918247863247863	0.0676452991452991	0.236196581196581	0	0	0	0	0	0	0	0	0	0	0	0	0	0	0	0	0	0	0	0	0	
51149	7554	74	0.0287222222222219	0.294217948717949	0.19457264957265	0.129145299145299	0.0867649572649573	0.0642222222222222	0.231076923076923	0	0	0	0	0	0	0	0	0	0	0	0	0	0	0	0	0	0	0	0	0	
31675	1722	182	0.0289145299145294	0.288628205128205	0.199632478632479	0.139521367521368	0.0885299145299145	0.0606452991452991	0.223042735042735	0	0	0	0	0	0	0	0	0	0	0	0	0	0	0	0	0	0	0	0	0	
48355	4057	108	0.0293632478632481	0.278568376068376	0.20591452991453	0.135239316239316	0.0957905982905983	0.0663034188034188	0.218183760683761	0	0	0	0	0	0	0	0	0	0	0	0	0	0	0	0	0	0	0	0	0	
25185	1797	398	0.0294017094017105	0.28825641025641	0.211568376068376	0.133320512820513	0.0882948717948718	0.0583034188034188	0.22025641025641	0	0	0	0	0	0	0	0	0	0	0	0	0	0	0	0	0	0	0	0	0	
25093	1203	461	0.030004273504273	0.29548717948718	0.203081196581197	0.1205	0.0907820512820513	0.0592008547008547	0.230948717948718	0	0	0	0	0	0	0	0	0	0	0	0	0	0	0	0	0	0	0	0	0	
61170	4751	99	0.030653846153846	0.291303418803419	0.199222222222222	0.125132478632479	0.0931282051282051	0.0698888888888889	0.221324786324786	0	0	0	0	0	0	0	0	0	0	0	0	0	0	0	0	0	0	0	0	0	
77968	6567	86	0.0308418803418797	0.284094017094017	0.194944444444444	0.131773504273504	0.0855641025641026	0.0718418803418803	0.231782051282051	0	0	0	0	0	0	0	0	0	0	0	0	0	0	0	0	0	0	0	0	0	
33362	5038	123	0.0308418803418798	0.288777777777778	0.200897435897436	0.120064102564103	0.0884615384615385	0.0673333333333333	0.234465811965812	0	0	0	0	0	0	0	0	0	0	0	0	0	0	0	0	0	0	0	0	0	
38954	4353	125	0.03117094017094	0.288666666666667	0.190910256410256	0.127512820512821	0.0940384615384615	0.0715384615384615	0.227333333333333	0	0	0	0	0	0	0	0	0	0	0	0	0	0	0	0	0	0	0	0	0	
42439	4174	121	0.0314700854700861	0.291021367521368	0.209222222222222	0.126811965811966	0.0868418803418803	0.0684017094017094	0.217700854700855	0	0	0	0	0	0	0	0	0	0	0	0	0	0	0	0	0	0	0	0	0	
27122	1744	214	0.0316452991453	0.277978632478632	0.20507264957265	0.139876068376068	0.0915683760683761	0.0678717948717949	0.217632478632479	0	0	0	0	0	0	0	0	0	0	0	0	0	0	0	0	0	0	0	0	0	
51394	3763	116	0.0317564102564096	0.272615384615385	0.202008547008547	0.13217094017094	0.0895213675213675	0.0705769230769231	0.233106837606838	0	0	0	0	0	0	0	0	0	0	0	0	0	0	0	0	0	0	0	0	0	
25019	1119	394	0.0321410256410244	0.293952991452991	0.196645299145299	0.127286324786325	0.0868076923076923	0.0617564102564103	0.233551282051282	0	0	0	0	0	0	0	0	0	0	0	0	0	0	0	0	0	0	0	0	0	
28438	6614	115	0.0322264957264982	0.295568376068376	0.206495726495727	0.118444444444444	0.085534188034188	0.0656538461538462	0.228303418803419	0	0	0	0	0	0	0	0	0	0	0	0	0	0	0	0	0	0	0	0	0	
27320	3322	196	0.0322905982905988	0.289384615384615	0.213457264957265	0.131747863247863	0.0904059829059829	0.0549188034188034	0.22008547008547	0	0	0	0	0	0	0	0	0	0	0	0	0	0	0	0	0	0	0	0	0	
85588	3028	116	0.0324700854700867	0.277773504273504	0.20757264957265	0.136965811965812	0.0901666666666667	0.0694273504273504	0.218094017094017	0	0	0	0	0	0	0	0	0	0	0	0	0	0	0	0	0	0	0	0	0	
51592	6092	83	0.0325085470085478	0.291820512820513	0.194102564102564	0.125910256410256	0.0885769230769231	0.0639230769230769	0.235666666666667	0	0	0	0	0	0	0	0	0	0	0	0	0	0	0	0	0	0	0	0	0	
75662	7175	78	0.0325940170940161	0.298042735042735	0.195495726495726	0.123735042735043	0.093525641025641	0.0633632478632479	0.225837606837607	0	0	0	0	0	0	0	0	0	0	0	0	0	0	0	0	0	0	0	0	0	
25959	2188	192	0.0326282051282039	0.278965811965812	0.199021367521368	0.124264957264957	0.0981880341880342	0.0726837606837607	0.226876068376068	0	0	0	0	0	0	0	0	0	0	0	0	0	0	0	0	0	0	0	0	0	
59862	5290	97	0.0329273504273491	0.287444444444444	0.199555555555556	0.131213675213675	0.100435897435897	0.0656196581196581	0.215730769230769	0	0	0	0	0	0	0	0	0	0	0	0	0	0	0	0	0	0	0	0	0	
94548	6499	72	0.0334188034188032	0.290786324786325	0.194645299145299	0.124491452991453	0.0931324786324786	0.0618846153846154	0.235059829059829	0	0	0	0	0	0	0	0	0	0	0	0	0	0	0	0	0	0	0	0	0	
56957	6651	76	0.0337521367521358	0.293811965811966	0.196632478632479	0.12874358974359	0.0958162393162393	0.0554786324786325	0.229517094017094	0	0	0	0	0	0	0	0	0	0	0	0	0	0	0	0	0	0	0	0	0	
76014	6340	85	0.0338076923076914	0.295209401709402	0.203589743589744	0.117017094017094	0.0883461538461539	0.0627094017094017	0.233128205128205	0	0	0	0	0	0	0	0	0	0	0	0	0	0	0	0	0	0	0	0	0	
50199	2862	126	0.0340384615384608	0.274119658119658	0.198846153846154	0.129547008547009	0.0989316239316239	0.0723547008547009	0.226200854700855	0	0	0	0	0	0	0	0	0	0	0	0	0	0	0	0	0	0	0	0	0	
26509	1627	316	0.034085470085472	0.289141025641026	0.209735042735043	0.136611111111111	0.0827264957264957	0.0578162393162393	0.223970085470085	0	0	0	0	0	0	0	0	0	0	0	0	0	0	0	0	0	0	0	0	0	
26909	1737	346	0.0341025641025657	0.286995726495727	0.213534188034188	0.134965811965812	0.0869401709401709	0.0515213675213675	0.226042735042735	0	0	0	0	0	0	0	0	0	0	0	0	0	0	0	0	0	0	0	0	0	
27465	4612	121	0.0347435897435895	0.290094017094017	0.192905982905983	0.125448717948718	0.095965811965812	0.0620042735042735	0.233581196581197	0	0	0	0	0	0	0	0	0	0	0	0	0	0	0	0	0	0	0	0	0	
87506	2494	119	0.0349572649572642	0.276440170940171	0.203034188034188	0.137076923076923	0.0907435897435897	0.0733803418803419	0.219324786324786	0	0	0	0	0	0	0	0	0	0	0	0	0	0	0	0	0	0	0	0	0	
66059	3325	122	0.0351837606837603	0.292803418803419	0.202653846153846	0.128897435897436	0.0953931623931624	0.0683888888888889	0.211863247863248	0	0	0	0	0	0	0	0	0	0	0	0	0	0	0	0	0	0	0	0	0	
36300	5039	105	0.0352478632478623	0.274405982905983	0.201752136752137	0.124662393162393	0.0925470085470085	0.0728205128205128	0.233811965811966	0	0	0	0	0	0	0	0	0	0	0	0	0	0	0	0	0	0	0	0	0	
82305	4404	95	0.0358803418803415	0.274175213675214	0.21075641025641	0.121576923076923	0.0995042735042735	0.065517094017094	0.228470085470085	0	0	0	0	0	0	0	0	0	0	0	0	0	0	0	0	0	0	0	0	0	
23929	1941	250	0.0359700854700858	0.29292735042735	0.211905982905983	0.115538461538462	0.0865683760683761	0.0638717948717949	0.229188034188034	0	0	0	0	0	0	0	0	0	0	0	0	0	0	0	0	0	0	0	0	0	
51953	6244	91	0.0360128205128198	0.30142735042735	0.204649572649573	0.11717094017094	0.088534188034188	0.0602051282051282	0.228012820512821	0	0	0	0	0	0	0	0	0	0	0	0	0	0	0	0	0	0	0	0	0	
53412	4055	112	0.0362564102564098	0.278307692307692	0.192752136752137	0.136111111111111	0.0933846153846154	0.0718675213675214	0.227576923076923	0	0	0	0	0	0	0	0	0	0	0	0	0	0	0	0	0	0	0	0	0	
26068	1764	250	0.0362820512820499	0.279850427350427	0.20341452991453	0.14684188034188	0.0849145299145299	0.0642777777777778	0.220700854700855	0	0	0	0	0	0	0	0	0	0	0	0	0	0	0	0	0	0	0	0	0	
27649	1071	412	0.0362991452991453	0.278141025641026	0.217786324786325	0.127367521367521	0.0931239316239316	0.0537564102564103	0.229824786324786	0	0	0	0	0	0	0	0	0	0	0	0	0	0	0	0	0	0	0	0	0	
28133	5019	123	0.0366538461538462	0.28925641025641	0.196705128205128	0.131957264957265	0.0836495726495727	0.0606282051282051	0.237803418803419	0	0	0	0	0	0	0	0	0	0	0	0	0	0	0	0	0	0	0	0	0	
29274	6817	99	0.0373931623931614	0.290884615384615	0.187200854700855	0.128111111111111	0.0923119658119658	0.0671153846153846	0.234376068376068	0	0	0	0	0	0	0	0	0	0	0	0	0	0	0	0	0	0	0	0	0	
48604	6063	95	0.0374786324786321	0.300833333333333	0.207094017094017	0.117068376068376	0.0903162393162393	0.0636239316239316	0.221064102564103	0	0	0	0	0	0	0	0	0	0	0	0	0	0	0	0	0	0	0	0	0	
27411	1418	235	0.0375512820512834	0.267867521367521	0.205576923076923	0.144051282051282	0.0886282051282051	0.0664786324786325	0.227397435897436	0	0	0	0	0	0	0	0	0	0	0	0	0	0	0	0	0	0	0	0	0	
31446	6472	116	0.0378675213675217	0.297700854700855	0.197435897435897	0.124717948717949	0.0928461538461538	0.0673803418803419	0.219918803418803	0	0	0	0	0	0	0	0	0	0	0	0	0	0	0	0	0	0	0	0	0	
46165	6810	87	0.0379145299145301	0.292534188034188	0.200504273504273	0.114547008547009	0.0952820512820513	0.0661752136752137	0.230957264957265	0	0	0	0	0	0	0	0	0	0	0	0	0	0	0	0	0	0	0	0	0	
43352	6144	97	0.0379914529914519	0.275320512820513	0.195799145299145	0.131290598290598	0.0946923076923077	0.0627948717948718	0.240102564102564	0	0	0	0	0	0	0	0	0	0	0	0	0	0	0	0	0	0	0	0	0	
64055	5845	105	0.0379957264957264	0.294042735042735	0.201094017094017	0.136166666666667	0.0933162393162393	0.0604230769230769	0.214957264957265	0	0	0	0	0	0	0	0	0	0	0	0	0	0	0	0	0	0	0	0	0	
34498	4649	119	0.0383974358974361	0.287055555555556	0.194576923076923	0.134299145299145	0.0980769230769231	0.068017094017094	0.217974358974359	0	0	0	0	0	0	0	0	0	0	0	0	0	0	0	0	0	0	0	0	0	
76762	7851	60	0.0384145299145299	0.29148717948718	0.189525641025641	0.12758547008547	0.088525641025641	0.0654059829059829	0.237470085470085	0	0	0	0	0	0	0	0	0	0	0	0	0	0	0	0	0	0	0	0	0	
79323	4477	100	0.0385769230769221	0.281901709401709	0.192794871794872	0.136991452991453	0.0998974358974359	0.0662136752136752	0.222200854700855	0	0	0	0	0	0	0	0	0	0	0	0	0	0	0	0	0	0	0	0	0	
24435	3055	228	0.0388290598290611	0.288034188034188	0.218294871794872	0.131529914529915	0.0840726495726496	0.0517649572649573	0.226303418803419	0	0	0	0	0	0	0	0	0	0	0	0	0	0	0	0	0	0	0	0	0	
69759	6433	87	0.0389700854700859	0.300055555555556	0.197264957264957	0.123764957264957	0.0915213675213675	0.0669017094017094	0.220491452991453	0	0	0	0	0	0	0	0	0	0	0	0	0	0	0	0	0	0	0	0	0	
45917	4539	124	0.0390042735042735	0.299871794871795	0.202042735042735	0.132525641025641	0.0916324786324786	0.0636282051282051	0.210299145299145	0	0	0	0	0	0	0	0	0	0	0	0	0	0	0	0	0	0	0	0	0	
33507	2374	145	0.0390811965811968	0.268367521367521	0.201683760683761	0.143683760683761	0.0904316239316239	0.0672094017094017	0.228623931623932	0	0	0	0	0	0	0	0	0	0	0	0	0	0	0	0	0	0	0	0	0	
71605	4236	113	0.0391666666666669	0.290982905982906	0.202790598290598	0.129478632478632	0.0981923076923077	0.0691794871794872	0.209376068376068	0	0	0	0	0	0	0	0	0	0	0	0	0	0	0	0	0	0	0	0	0	
43927	3893	109	0.039226495726495	0.279794871794872	0.193995726495726	0.137978632478632	0.0980769230769231	0.0673717948717949	0.222782051282051	0	0	0	0	0	0	0	0	0	0	0	0	0	0	0	0	0	0	0	0	0	
36127	3936	118	0.0393162393162403	0.287089743589744	0.195893162393162	0.118457264957265	0.0948376068376068	0.0710042735042735	0.232717948717949	0	0	0	0	0	0	0	0	0	0	0	0	0	0	0	0	0	0	0	0	0	
25853	7698	112	0.0393589743589741	0.280764957264957	0.194247863247863	0.124384615384615	0.0937094017094017	0.0630897435897436	0.243803418803419	0	0	0	0	0	0	0	0	0	0	0	0	0	0	0	0	0	0	0	0	0	
87406	7128	69	0.0394829059829069	0.295752136752137	0.192418803418803	0.130025641025641	0.0834273504273504	0.0647905982905983	0.23358547008547	0	0	0	0	0	0	0	0	0	0	0	0	0	0	0	0	0	0	0	0	0	
30081	1198	209	0.0396837606837602	0.268478632478632	0.20192735042735	0.13908547008547	0.0973675213675214	0.0626623931623932	0.230478632478632	0	0	0	0	0	0	0	0	0	0	0	0	0	0	0	0	0	0	0	0	0	
27203	1568	269	0.0400299145299146	0.272888888888889	0.215957264957265	0.13632905982906	0.0925726495726496	0.061008547008547	0.22124358974359	0	0	0	0	0	0	0	0	0	0	0	0	0	0	0	0	0	0	0	0	0	
21593	1844	325	0.0401324786324769	0.28424358974359	0.200307692307692	0.129358974358974	0.0870213675213675	0.0521068376068376	0.246961538461538	0	0	0	0	0	0	0	0	0	0	0	0	0	0	0	0	0	0	0	0	0	
25405	5211	157	0.040405982905983	0.281273504273504	0.209876068376068	0.136482905982906	0.0785940170940171	0.0589230769230769	0.234850427350427	0	0	0	0	0	0	0	0	0	0	0	0	0	0	0	0	0	0	0	0	0	
71868	7436	63	0.0404316239316244	0.29098717948718	0.198012820512821	0.130226495726496	0.0793675213675214	0.0617136752136752	0.239692307692308	0	0	0	0	0	0	0	0	0	0	0	0	0	0	0	0	0	0	0	0	0	
61852	3541	114	0.0404572649572651	0.276970085470085	0.204611111111111	0.145931623931624	0.0919871794871795	0.0661239316239316	0.214376068376068	0	0	0	0	0	0	0	0	0	0	0	0	0	0	0	0	0	0	0	0	0	
28371	3470	206	0.0405641025641024	0.280508547008547	0.205867521367521	0.143059829059829	0.0856495726495727	0.0690854700854701	0.21582905982906	0	0	0	0	0	0	0	0	0	0	0	0	0	0	0	0	0	0	0	0	0	
30365	1099	340	0.0406324786324783	0.304136752136752	0.205367521367521	0.128405982905983	0.0782350427350427	0.060017094017094	0.223837606837607	0	0	0	0	0	0	0	0	0	0	0	0	0	0	0	0	0	0	0	0	0	
24751	1557	259	0.0406880341880337	0.281974358974359	0.202713675213675	0.137166666666667	0.0776495726495726	0.0610641025641026	0.239431623931624	0	0	0	0	0	0	0	0	0	0	0	0	0	0	0	0	0	0	0	0	0	
41944	6360	107	0.0408504273504265	0.295594017094017	0.204517094017094	0.122205128205128	0.100102564102564	0.0624957264957265	0.21508547008547	0	0	0	0	0	0	0	0	0	0	0	0	0	0	0	0	0	0	0	0	0	
24850	2242	163	0.0409017094017089	0.275666666666667	0.198893162393162	0.127350427350427	0.0869188034188034	0.0637905982905983	0.247380341880342	0	0	0	0	0	0	0	0	0	0	0	0	0	0	0	0	0	0	0	0	0	
41291	6588	91	0.0410170940170934	0.275816239316239	0.20182905982906	0.127136752136752	0.0947777777777778	0.0568760683760684	0.243564102564103	0	0	0	0	0	0	0	0	0	0	0	0	0	0	0	0	0	0	0	0	0	
39449	4089	135	0.0412435897435903	0.292175213675214	0.204102564102564	0.139371794871795	0.0913333333333333	0.065991452991453	0.207025641025641	0	0	0	0	0	0	0	0	0	0	0	0	0	0	0	0	0	0	0	0	0	
96083	4010	99	0.0414059829059817	0.276628205128205	0.193269230769231	0.138367521367521	0.0983547008547009	0.0677948717948718	0.22558547008547	0	0	0	0	0	0	0	0	0	0	0	0	0	0	0	0	0	0	0	0	0	
24364	4894	148	0.0417393162393162	0.303551282051282	0.197662393162393	0.129239316239316	0.0841153846153846	0.0566794871794872	0.228752136752137	0	0	0	0	0	0	0	0	0	0	0	0	0	0	0	0	0	0	0	0	0	
41927	7523	105	0.0418632478632481	0.305213675213675	0.204905982905983	0.126594017094017	0.0902991452991453	0.0580897435897436	0.214897435897436	0	0	0	0	0	0	0	0	0	0	0	0	0	0	0	0	0	0	0	0	0	
22186	5791	140	0.0420213675213681	0.296346153846154	0.205897435897436	0.122982905982906	0.0782606837606838	0.0615598290598291	0.234952991452991	0	0	0	0	0	0	0	0	0	0	0	0	0	0	0	0	0	0	0	0	0	
28641	1098	292	0.0420982905982912	0.273692307692308	0.214602564102564	0.139098290598291	0.0847692307692308	0.059482905982906	0.228354700854701	0	0	0	0	0	0	0	0	0	0	0	0	0	0	0	0	0	0	0	0	0	
43891	6130	100	0.0421581196581197	0.295115384615385	0.202512820512821	0.115923076923077	0.0853290598290598	0.0699957264957265	0.231123931623932	0	0	0	0	0	0	0	0	0	0	0	0	0	0	0	0	0	0	0	0	0	
29599	6393	123	0.0422094017094018	0.297910256410256	0.193008547008547	0.133055555555556	0.081474358974359	0.0638205128205128	0.230730769230769	0	0	0	0	0	0	0	0	0	0	0	0	0	0	0	0	0	0	0	0	0	
37652	3367	148	0.042294871794874	0.299803418803419	0.206089743589744	0.122401709401709	0.0914871794871795	0.0675128205128205	0.212705128205128	0	0	0	0	0	0	0	0	0	0	0	0	0	0	0	0	0	0	0	0	0	
