52714	3428	123	0.0165299145299152	0.296059829059829	0.197747863247863	0.127128205128205	0.0936666666666667	0.0620042735042735	0.223393162393162	0	0	0	0	0	0	0	0	0	0	0	0	0	0	0	0	0	0	0	0	0	
45507	4820	99	0.0170512820512814	0.296628205128205	0.19825641025641	0.128025641025641	0.0822307692307692	0.0634444444444444	0.23141452991453	0	0	0	0	0	0	0	0	0	0	0	0	0	0	0	0	0	0	0	0	0	
64057	3241	109	0.0178119658119632	0.305076923076923	0.198487179487179	0.129760683760684	0.0843290598290598	0.061974358974359	0.220371794871795	0	0	0	0	0	0	0	0	0	0	0	0	0	0	0	0	0	0	0	0	0	
61170	4751	99	0.0185982905982897	0.30242735042735	0.191611111111111	0.13041452991453	0.0848931623931624	0.0670769230769231	0.223576923076923	0	0	0	0	0	0	0	0	0	0	0	0	0	0	0	0	0	0	0	0	0	
83381	4118	91	0.0192478632478637	0.29607264957265	0.196517094017094	0.124726495726496	0.090051282051282	0.0652435897435897	0.227388888888889	0	0	0	0	0	0	0	0	0	0	0	0	0	0	0	0	0	0	0	0	0	
96370	6427	76	0.0198376068376074	0.298897435897436	0.20265811965812	0.127200854700855	0.0787735042735043	0.0672008547008547	0.225269230769231	0	0	0	0	0	0	0	0	0	0	0	0	0	0	0	0	0	0	0	0	0	
64562	5648	85	0.0214871794871787	0.30334188034188	0.197803418803419	0.127995726495726	0.0890213675213675	0.0637863247863248	0.218051282051282	0	0	0	0	0	0	0	0	0	0	0	0	0	0	0	0	0	0	0	0	0	
85768	6227	73	0.0223589743589713	0.30625641025641	0.201418803418803	0.128589743589744	0.0822094017094017	0.063465811965812	0.218059829059829	0	0	0	0	0	0	0	0	0	0	0	0	0	0	0	0	0	0	0	0	0	
46851	7781	70	0.0224529914529913	0.300106837606838	0.189816239316239	0.130230769230769	0.0851666666666667	0.064042735042735	0.230636752136752	0	0	0	0	0	0	0	0	0	0	0	0	0	0	0	0	0	0	0	0	0	
27649	1071	412	0.0228290598290613	0.288354700854701	0.198602564102564	0.132363247863248	0.0882222222222222	0.0623888888888889	0.230068376068376	0	0	0	0	0	0	0	0	0	0	0	0	0	0	0	0	0	0	0	0	0	
77695	4473	94	0.0230085470085482	0.289273504273504	0.199884615384615	0.126277777777778	0.0922606837606838	0.0674188034188034	0.224884615384615	0	0	0	0	0	0	0	0	0	0	0	0	0	0	0	0	0	0	0	0	0	
85588	3028	116	0.0230598290598283	0.296401709401709	0.205269230769231	0.126393162393162	0.0818974358974359	0.0706196581196581	0.219418803418803	0	0	0	0	0	0	0	0	0	0	0	0	0	0	0	0	0	0	0	0	0	
45603	4314	89	0.0231880341880349	0.295820512820513	0.204709401709402	0.12684188034188	0.0922264957264957	0.0646965811965812	0.215705128205128	0	0	0	0	0	0	0	0	0	0	0	0	0	0	0	0	0	0	0	0	0	
98708	5889	72	0.0237521367521376	0.298739316239316	0.198188034188034	0.123632478632479	0.0928589743589744	0.0613376068376068	0.22524358974359	0	0	0	0	0	0	0	0	0	0	0	0	0	0	0	0	0	0	0	0	0	
43164	3322	128	0.0239059829059818	0.293747863247863	0.199512820512821	0.139730769230769	0.0881153846153846	0.0617948717948718	0.217098290598291	0	0	0	0	0	0	0	0	0	0	0	0	0	0	0	0	0	0	0	0	0	
82305	4404	95	0.0251367521367521	0.30334188034188	0.190367521367521	0.128568376068376	0.0893632478632479	0.0657478632478632	0.222611111111111	0	0	0	0	0	0	0	0	0	0	0	0	0	0	0	0	0	0	0	0	0	
30677	1129	348	0.0261452991452974	0.292286324786325	0.209337606837607	0.134504273504273	0.0847435897435897	0.0619316239316239	0.217196581196581	0	0	0	0	0	0	0	0	0	0	0	0	0	0	0	0	0	0	0	0	0	
42474	4673	91	0.0264700854700862	0.291722222222222	0.198358974358974	0.126555555555556	0.0870384615384615	0.0613333333333333	0.234991452991453	0	0	0	0	0	0	0	0	0	0	0	0	0	0	0	0	0	0	0	0	0	
23262	1565	365	0.0264700854700875	0.295196581196581	0.196213675213675	0.130632478632479	0.0860512820512821	0.0561153846153846	0.235790598290598	0	0	0	0	0	0	0	0	0	0	0	0	0	0	0	0	0	0	0	0	0	
51635	5359	76	0.0265213675213681	0.296452991452991	0.196021367521368	0.121487179487179	0.0868034188034188	0.0643333333333333	0.234901709401709	0	0	0	0	0	0	0	0	0	0	0	0	0	0	0	0	0	0	0	0	0	
96881	2983	106	0.0265555555555573	0.289111111111111	0.207739316239316	0.124226495726496	0.0862606837606838	0.0650213675213675	0.227641025641026	0	0	0	0	0	0	0	0	0	0	0	0	0	0	0	0	0	0	0	0	0	
51208	5545	84	0.0271367521367508	0.291132478632479	0.19841452991453	0.127042735042735	0.0822307692307692	0.066008547008547	0.23517094017094	0	0	0	0	0	0	0	0	0	0	0	0	0	0	0	0	0	0	0	0	0	
68694	2669	114	0.0276581196581229	0.28234188034188	0.202106837606838	0.138213675213675	0.0879487179487179	0.065	0.224388888888889	0	0	0	0	0	0	0	0	0	0	0	0	0	0	0	0	0	0	0	0	0	
61224	4131	114	0.0278376068376052	0.302555555555556	0.197029914529915	0.136051282051282	0.0845811965811966	0.0661923076923077	0.213589743589744	0	0	0	0	0	0	0	0	0	0	0	0	0	0	0	0	0	0	0	0	0	
33497	1574	170	0.0282393162393163	0.288106837606838	0.211354700854701	0.132811965811966	0.0861709401709402	0.0629316239316239	0.218623931623932	0	0	0	0	0	0	0	0	0	0	0	0	0	0	0	0	0	0	0	0	0	
58740	3264	120	0.0290256410256421	0.29784188034188	0.199478632478632	0.131423076923077	0.0894615384615385	0.0721153846153846	0.209679487179487	0	0	0	0	0	0	0	0	0	0	0	0	0	0	0	0	0	0	0	0	0	
33884	6271	102	0.029256410256411	0.304636752136752	0.192076923076923	0.128038461538462	0.0858504273504273	0.0602905982905983	0.229106837606838	0	0	0	0	0	0	0	0	0	0	0	0	0	0	0	0	0	0	0	0	0	
24594	1444	328	0.0294786324786313	0.299269230769231	0.192739316239316	0.127346153846154	0.0827863247863248	0.0628717948717949	0.234987179487179	0	0	0	0	0	0	0	0	0	0	0	0	0	0	0	0	0	0	0	0	0	
93875	3707	104	0.0295982905982904	0.299175213675214	0.206735042735043	0.127995726495726	0.0848247863247863	0.0696495726495727	0.211619658119658	0	0	0	0	0	0	0	0	0	0	0	0	0	0	0	0	0	0	0	0	0	
45734	3731	118	0.0297094017094022	0.304641025641026	0.197179487179487	0.132897435897436	0.0893803418803419	0.0591495726495727	0.216752136752137	0	0	0	0	0	0	0	0	0	0	0	0	0	0	0	0	0	0	0	0	0	
39511	4617	100	0.0297863247863251	0.295226495726496	0.188320512820513	0.1285	0.0866452991452991	0.0645	0.236807692307692	0	0	0	0	0	0	0	0	0	0	0	0	0	0	0	0	0	0	0	0	0	
90831	4729	87	0.0300940170940167	0.30332905982906	0.194880341880342	0.131136752136752	0.0926452991452991	0.0598675213675214	0.218141025641026	0	0	0	0	0	0	0	0	0	0	0	0	0	0	0	0	0	0	0	0	0	
50385	3525	115	0.0301965811965809	0.287247863247863	0.20492735042735	0.132944444444444	0.0934444444444444	0.0629700854700855	0.218465811965812	0	0	0	0	0	0	0	0	0	0	0	0	0	0	0	0	0	0	0	0	0	
83014	3521	99	0.0304273504273504	0.282247863247863	0.205282051282051	0.135495726495726	0.0895854700854701	0.0653333333333333	0.222055555555556	0	0	0	0	0	0	0	0	0	0	0	0	0	0	0	0	0	0	0	0	0	
98551	6329	68	0.0306837606837619	0.290547008547009	0.20457264957265	0.122619658119658	0.0903461538461538	0.0623717948717949	0.229542735042735	0	0	0	0	0	0	0	0	0	0	0	0	0	0	0	0	0	0	0	0	0	
87958	5371	84	0.0309487179487207	0.287893162393162	0.201482905982906	0.137696581196581	0.0908376068376068	0.0570683760683761	0.225021367521368	0	0	0	0	0	0	0	0	0	0	0	0	0	0	0	0	0	0	0	0	0	
36770	5594	90	0.0310769230769224	0.305196581196581	0.205102564102564	0.126564102564103	0.0782735042735043	0.0597820512820513	0.225081196581197	0	0	0	0	0	0	0	0	0	0	0	0	0	0	0	0	0	0	0	0	0	
97201	4086	101	0.0314529914529915	0.294235042735043	0.20107264957265	0.13434188034188	0.0965299145299145	0.062034188034188	0.211786324786325	0	0	0	0	0	0	0	0	0	0	0	0	0	0	0	0	0	0	0	0	0	
77650	6583	71	0.0315299145299166	0.3015	0.19234188034188	0.123824786324786	0.0947435897435897	0.0631025641025641	0.22448717948718	0	0	0	0	0	0	0	0	0	0	0	0	0	0	0	0	0	0	0	0	0	
68443	5524	79	0.0317264957264966	0.294880341880342	0.185752136752137	0.130461538461538	0.0855384615384615	0.0661367521367521	0.237230769230769	0	0	0	0	0	0	0	0	0	0	0	0	0	0	0	0	0	0	0	0	0	
88052	3237	99	0.032068376068377	0.280153846153846	0.201115384615385	0.135910256410256	0.0905042735042735	0.0689871794871795	0.22332905982906	0	0	0	0	0	0	0	0	0	0	0	0	0	0	0	0	0	0	0	0	0	
88346	4639	91	0.0322307692307691	0.30782905982906	0.189371794871795	0.130495726495726	0.0893162393162393	0.0648034188034188	0.218183760683761	0	0	0	0	0	0	0	0	0	0	0	0	0	0	0	0	0	0	0	0	0	
89563	7960	67	0.0328547008547009	0.312538461538462	0.195346153846154	0.126944444444444	0.085508547008547	0.0571367521367521	0.222525641025641	0	0	0	0	0	0	0	0	0	0	0	0	0	0	0	0	0	0	0	0	0	
25959	2188	192	0.033042735042736	0.294816239316239	0.214320512820513	0.132435897435897	0.085982905982906	0.055974358974359	0.216470085470085	0	0	0	0	0	0	0	0	0	0	0	0	0	0	0	0	0	0	0	0	0	
36831	5205	104	0.033213675213675	0.293132478632479	0.199482905982906	0.123132478632479	0.0993931623931624	0.0588504273504274	0.226008547008547	0	0	0	0	0	0	0	0	0	0	0	0	0	0	0	0	0	0	0	0	0	
59367	4259	109	0.033333333333332	0.30542735042735	0.196692307692308	0.12917094017094	0.0928589743589744	0.0618675213675214	0.213982905982906	0	0	0	0	0	0	0	0	0	0	0	0	0	0	0	0	0	0	0	0	0	
62630	4487	108	0.0333418803418775	0.301747863247863	0.208901709401709	0.129217948717949	0.0838461538461538	0.0667820512820513	0.209504273504274	0	0	0	0	0	0	0	0	0	0	0	0	0	0	0	0	0	0	0	0	0	
87498	4949	81	0.0333675213675223	0.302111111111111	0.192559829059829	0.121525641025641	0.0877948717948718	0.0700213675213675	0.225987179487179	0	0	0	0	0	0	0	0	0	0	0	0	0	0	0	0	0	0	0	0	0	
28055	1227	218	0.0336324786324775	0.292837606837607	0.21617094017094	0.129205128205128	0.0849145299145299	0.0525555555555556	0.224316239316239	0	0	0	0	0	0	0	0	0	0	0	0	0	0	0	0	0	0	0	0	0	
30087	1065	314	0.0336752136752125	0.309200854700855	0.204132478632479	0.127957264957265	0.0779017094017094	0.0636367521367521	0.21717094017094	0	0	0	0	0	0	0	0	0	0	0	0	0	0	0	0	0	0	0	0	0	
53011	4092	120	0.0337094017094032	0.300354700854701	0.203119658119658	0.13782905982906	0.0864401709401709	0.0657649572649573	0.206491452991453	0	0	0	0	0	0	0	0	0	0	0	0	0	0	0	0	0	0	0	0	0	
34736	5008	116	0.0337264957264973	0.305423076923077	0.188952991452991	0.129183760683761	0.0906880341880342	0.060034188034188	0.225717948717949	0	0	0	0	0	0	0	0	0	0	0	0	0	0	0	0	0	0	0	0	0	
56955	4352	100	0.0340512820512804	0.30615811965812	0.207363247863248	0.12382905982906	0.0813803418803419	0.0612350427350427	0.220034188034188	0	0	0	0	0	0	0	0	0	0	0	0	0	0	0	0	0	0	0	0	0	
40111	4445	125	0.0342991452991449	0.292260683760684	0.216307692307692	0.125470085470085	0.0866153846153846	0.0632435897435897	0.216102564102564	0	0	0	0	0	0	0	0	0	0	0	0	0	0	0	0	0	0	0	0	0	
38954	4353	125	0.0343333333333334	0.30274358974359	0.206226495726496	0.128735042735043	0.0901410256410256	0.0597307692307692	0.212423076923077	0	0	0	0	0	0	0	0	0	0	0	0	0	0	0	0	0	0	0	0	0	
30693	4419	139	0.0344786324786321	0.303739316239316	0.197653846153846	0.125764957264957	0.0951196581196581	0.059542735042735	0.218179487179487	0	0	0	0	0	0	0	0	0	0	0	0	0	0	0	0	0	0	0	0	0	
93622	3928	95	0.0346666666666693	0.293602564102564	0.185559829059829	0.133055555555556	0.0901752136752137	0.0672435897435897	0.230363247863248	0	0	0	0	0	0	0	0	0	0	0	0	0	0	0	0	0	0	0	0	0	
95074	3101	96	0.0347521367521385	0.278965811965812	0.200153846153846	0.132	0.0979700854700855	0.065017094017094	0.225893162393162	0	0	0	0	0	0	0	0	0	0	0	0	0	0	0	0	0	0	0	0	0	
33979	3204	131	0.0347777777777795	0.287632478632479	0.202380341880342	0.136111111111111	0.0939102564102564	0.0554145299145299	0.224551282051282	0	0	0	0	0	0	0	0	0	0	0	0	0	0	0	0	0	0	0	0	0	
48297	3241	121	0.0348290598290611	0.288405982905983	0.204252136752137	0.1355	0.0931282051282051	0.065017094017094	0.213696581196581	0	0	0	0	0	0	0	0	0	0	0	0	0	0	0	0	0	0	0	0	0	
50406	3116	117	0.0349487179487192	0.285025641025641	0.196213675213675	0.137594017094017	0.0952777777777778	0.0620470085470086	0.22384188034188	0	0	0	0	0	0	0	0	0	0	0	0	0	0	0	0	0	0	0	0	0	
29155	1399	280	0.0358803418803407	0.302777777777778	0.205474358974359	0.136628205128205	0.0811196581196581	0.0576709401709402	0.21632905982906	0	0	0	0	0	0	0	0	0	0	0	0	0	0	0	0	0	0	0	0	0	
53109	8580	62	0.0363247863247859	0.30841452991453	0.204290598290598	0.120850427350427	0.0770213675213675	0.0641239316239316	0.225299145299145	0	0	0	0	0	0	0	0	0	0	0	0	0	0	0	0	0	0	0	0	0	
25019	1119	394	0.0364273504273493	0.300068376068376	0.21017094017094	0.119700854700855	0.0807350427350427	0.061508547008547	0.227816239316239	0	0	0	0	0	0	0	0	0	0	0	0	0	0	0	0	0	0	0	0	0	
26068	1764	250	0.0364615384615373	0.303008547008547	0.210260683760684	0.131901709401709	0.0767521367521368	0.0553888888888889	0.222688034188034	0	0	0	0	0	0	0	0	0	0	0	0	0	0	0	0	0	0	0	0	0	
56851	4080	96	0.0365042735042741	0.299094017094017	0.189401709401709	0.125089743589744	0.0903931623931624	0.0622905982905983	0.233730769230769	0	0	0	0	0	0	0	0	0	0	0	0	0	0	0	0	0	0	0	0	0	
98760	7903	51	0.0366495726495739	0.291397435897436	0.193012820512821	0.124205128205128	0.0895555555555556	0.0662564102564103	0.23557264957265	0	0	0	0	0	0	0	0	0	0	0	0	0	0	0	0	0	0	0	0	0	
98466	3995	89	0.0366837606837629	0.281688034188034	0.205700854700855	0.12658547008547	0.0923418803418803	0.0666495726495726	0.227034188034188	0	0	0	0	0	0	0	0	0	0	0	0	0	0	0	0	0	0	0	0	0	
57786	4876	95	0.0368632478632501	0.277739316239316	0.200739316239316	0.138264957264957	0.0902222222222222	0.0658717948717949	0.227162393162393	0	0	0	0	0	0	0	0	0	0	0	0	0	0	0	0	0	0	0	0	0	
56229	2167	121	0.0369487179487188	0.284440170940171	0.193581196581197	0.134205128205128	0.0906282051282051	0.0726923076923077	0.224452991452991	0	0	0	0	0	0	0	0	0	0	0	0	0	0	0	0	0	0	0	0	0	
38524	5543	103	0.0370341880341881	0.294418803418803	0.212217948717949	0.122606837606838	0.0920726495726496	0.0580128205128205	0.22067094017094	0	0	0	0	0	0	0	0	0	0	0	0	0	0	0	0	0	0	0	0	0	
76469	3408	107	0.0370854700854713	0.287982905982906	0.191709401709402	0.140397435897436	0.0932905982905983	0.062525641025641	0.224094017094017	0	0	0	0	0	0	0	0	0	0	0	0	0	0	0	0	0	0	0	0	0	
32400	3674	123	0.0371282051282068	0.30057264957265	0.192290598290598	0.123145299145299	0.0912606837606838	0.061034188034188	0.231696581196581	0	0	0	0	0	0	0	0	0	0	0	0	0	0	0	0	0	0	0	0	0	
77411	4035	105	0.0373162393162398	0.292666666666667	0.201102564102564	0.138649572649573	0.0904059829059829	0.068982905982906	0.208192307692308	0	0	0	0	0	0	0	0	0	0	0	0	0	0	0	0	0	0	0	0	0	
29065	1228	320	0.0376239316239302	0.312675213675214	0.200128205128205	0.132752136752137	0.0847649572649573	0.0501410256410256	0.219538461538462	0	0	0	0	0	0	0	0	0	0	0	0	0	0	0	0	0	0	0	0	0	
42484	6724	90	0.0377008547008522	0.315021367521368	0.192576923076923	0.126598290598291	0.0852350427350427	0.0635683760683761	0.217	0	0	0	0	0	0	0	0	0	0	0	0	0	0	0	0	0	0	0	0	0	
65282	5451	85	0.0377521367521353	0.314854700854701	0.186944444444444	0.128910256410256	0.0848205128205128	0.064457264957265	0.220012820512821	0	0	0	0	0	0	0	0	0	0	0	0	0	0	0	0	0	0	0	0	0	
42246	4849	97	0.0377606837606828	0.297739316239316	0.189811965811966	0.128166666666667	0.0793589743589744	0.0647051282051282	0.240217948717949	0	0	0	0	0	0	0	0	0	0	0	0	0	0	0	0	0	0	0	0	0	
88529	6820	78	0.0381367521367524	0.303820512820513	0.20284188034188	0.137247863247863	0.0875470085470085	0.0635598290598291	0.204982905982906	0	0	0	0	0	0	0	0	0	0	0	0	0	0	0	0	0	0	0	0	0	
56957	6651	76	0.0384700854700848	0.303807692307692	0.207747863247863	0.115760683760684	0.0850555555555556	0.0601068376068376	0.227521367521368	0	0	0	0	0	0	0	0	0	0	0	0	0	0	0	0	0	0	0	0	0	
29948	4611	113	0.0385299145299148	0.304517094017094	0.194666666666667	0.125059829059829	0.0868376068376068	0.056042735042735	0.232876068376068	0	0	0	0	0	0	0	0	0	0	0	0	0	0	0	0	0	0	0	0	0	
70941	5752	90	0.0385470085470083	0.299649572649573	0.205277777777778	0.13991452991453	0.0818205128205128	0.0656367521367521	0.207700854700855	0	0	0	0	0	0	0	0	0	0	0	0	0	0	0	0	0	0	0	0	0	
95814	6232	72	0.0387692307692303	0.31191452991453	0.186478632478632	0.128029914529915	0.0890897435897436	0.0612649572649573	0.223222222222222	0	0	0	0	0	0	0	0	0	0	0	0	0	0	0	0	0	0	0	0	0	
48604	6063	95	0.0388974358974362	0.308888888888889	0.189747863247863	0.131294871794872	0.0913290598290598	0.0555641025641026	0.223175213675214	0	0	0	0	0	0	0	0	0	0	0	0	0	0	0	0	0	0	0	0	0	
61445	3244	108	0.0390854700854691	0.304961538461538	0.196846153846154	0.128961538461538	0.0962008547008547	0.0566752136752137	0.216354700854701	0	0	0	0	0	0	0	0	0	0	0	0	0	0	0	0	0	0	0	0	0	
21322	4499	165	0.0391111111111115	0.311722222222222	0.198363247863248	0.120632478632479	0.0859957264957265	0.056482905982906	0.226803418803419	0	0	0	0	0	0	0	0	0	0	0	0	0	0	0	0	0	0	0	0	0	
48355	4057	108	0.0391880341880346	0.301803418803419	0.205401709401709	0.125205128205128	0.0939358974358974	0.0646623931623932	0.208991452991453	0	0	0	0	0	0	0	0	0	0	0	0	0	0	0	0	0	0	0	0	0	
59037	4295	108	0.039709401709401	0.311149572649573	0.199876068376068	0.135320512820513	0.0829487179487179	0.0616452991452991	0.209059829059829	0	0	0	0	0	0	0	0	0	0	0	0	0	0	0	0	0	0	0	0	0	
61593	3197	128	0.0398119658119661	0.306867521367521	0.20132905982906	0.131747863247863	0.0923504273504274	0.0637735042735043	0.203931623931624	0	0	0	0	0	0	0	0	0	0	0	0	0	0	0	0	0	0	0	0	0	
41890	1576	174	0.0398205128205141	0.288974358974359	0.20607264957265	0.140692307692308	0.0858333333333333	0.0677948717948718	0.210632478632479	0	0	0	0	0	0	0	0	0	0	0	0	0	0	0	0	0	0	0	0	0	
27211	5943	123	0.0398376068376076	0.302465811965812	0.200132478632479	0.123260683760684	0.0872863247863248	0.0517222222222222	0.235132478632479	0	0	0	0	0	0	0	0	0	0	0	0	0	0	0	0	0	0	0	0	0	
23105	1210	497	0.0399487179487187	0.29575641025641	0.201970085470085	0.122888888888889	0.0874871794871795	0.0522606837606838	0.239636752136752	0	0	0	0	0	0	0	0	0	0	0	0	0	0	0	0	0	0	0	0	0	
60240	2722	129	0.0400512820512828	0.293897435897436	0.203038461538462	0.144247863247863	0.088957264957265	0.0636965811965812	0.206162393162393	0	0	0	0	0	0	0	0	0	0	0	0	0	0	0	0	0	0	0	0	0	
28641	1098	292	0.0401880341880311	0.293025641025641	0.220418803418803	0.130286324786325	0.0853119658119658	0.0500854700854701	0.220871794871795	0	0	0	0	0	0	0	0	0	0	0	0	0	0	0	0	0	0	0	0	0	
24562	1213	427	0.0403589743589741	0.289628205128205	0.197487179487179	0.139747863247863	0.0963247863247863	0.0597136752136752	0.217098290598291	0	0	0	0	0	0	0	0	0	0	0	0	0	0	0	0	0	0	0	0	0	
60679	2993	130	0.0404102564102574	0.304948717948718	0.198474358974359	0.131752136752137	0.0939786324786325	0.0658547008547009	0.204991452991453	0	0	0	0	0	0	0	0	0	0	0	0	0	0	0	0	0	0	0	0	0	
23919	1778	353	0.0404700854700871	0.301205128205128	0.191901709401709	0.120773504273504	0.0867008547008547	0.0621239316239316	0.237294871794872	0	0	0	0	0	0	0	0	0	0	0	0	0	0	0	0	0	0	0	0	0	
48311	6314	79	0.0407863247863236	0.300273504273504	0.193089743589744	0.117730769230769	0.0850042735042735	0.0660598290598291	0.23784188034188	0	0	0	0	0	0	0	0	0	0	0	0	0	0	0	0	0	0	0	0	0	
22992	2825	140	0.0410683760683752	0.302974358974359	0.198931623931624	0.125782051282051	0.0758717948717949	0.0593632478632479	0.237076923076923	0	0	0	0	0	0	0	0	0	0	0	0	0	0	0	0	0	0	0	0	0	
51383	4034	106	0.0410854700854698	0.308316239316239	0.199153846153846	0.119816239316239	0.0938461538461538	0.0620854700854701	0.216782051282051	0	0	0	0	0	0	0	0	0	0	0	0	0	0	0	0	0	0	0	0	0	
