53199	9127	62	0.0143675213675221	0.308965811965812	0.180153846153846	0.132824786324786	0.0877905982905983	0.0567863247863248	0.233478632478632	0	0	0	0	0	0	0	0	0	0	0	0	0	0	0	0	0	0	0	0	0	
22907	3240	165	0.0166923076923082	0.310205128205128	0.185380341880342	0.132282051282051	0.0868418803418803	0.0525769230769231	0.232713675213675	0	0	0	0	0	0	0	0	0	0	0	0	0	0	0	0	0	0	0	0	0	
75394	4864	86	0.0212222222222245	0.30525641025641	0.1815	0.13125641025641	0.0863461538461539	0.0601153846153846	0.235525641025641	0	0	0	0	0	0	0	0	0	0	0	0	0	0	0	0	0	0	0	0	0	
36127	3936	118	0.0215897435897436	0.318337606837607	0.182307692307692	0.134064102564103	0.0858119658119658	0.0542777777777778	0.225200854700855	0	0	0	0	0	0	0	0	0	0	0	0	0	0	0	0	0	0	0	0	0	
71868	7436	63	0.0223760683760667	0.309636752136752	0.177782051282051	0.135594017094017	0.0792777777777778	0.0639957264957265	0.233713675213675	0	0	0	0	0	0	0	0	0	0	0	0	0	0	0	0	0	0	0	0	0	
23958	4517	142	0.0238974358974353	0.30857264957265	0.18167094017094	0.132905982905983	0.0906196581196581	0.0572051282051282	0.229025641025641	0	0	0	0	0	0	0	0	0	0	0	0	0	0	0	0	0	0	0	0	0	
29834	5327	95	0.0239401709401708	0.317602564102564	0.178209401709402	0.130358974358974	0.0780683760683761	0.0603717948717949	0.235388888888889	0	0	0	0	0	0	0	0	0	0	0	0	0	0	0	0	0	0	0	0	0	
47793	7135	62	0.0239829059829064	0.316683760683761	0.182136752136752	0.12657264957265	0.0805598290598291	0.0530213675213675	0.241025641025641	0	0	0	0	0	0	0	0	0	0	0	0	0	0	0	0	0	0	0	0	0	
28414	1187	473	0.0244188034188035	0.315354700854701	0.189183760683761	0.129782051282051	0.0829487179487179	0.0538675213675214	0.228863247863248	0	0	0	0	0	0	0	0	0	0	0	0	0	0	0	0	0	0	0	0	0	
70542	6708	69	0.0259914529914529	0.312196581196581	0.172209401709402	0.129854700854701	0.0875128205128205	0.0579358974358974	0.240290598290598	0	0	0	0	0	0	0	0	0	0	0	0	0	0	0	0	0	0	0	0	0	
75414	9255	42	0.0267094017094036	0.316547008547009	0.178824786324786	0.122683760683761	0.0874487179487179	0.0546581196581197	0.239837606837607	0	0	0	0	0	0	0	0	0	0	0	0	0	0	0	0	0	0	0	0	0	
19755	7055	138	0.027282051282051	0.309423076923077	0.183350427350427	0.12425641025641	0.0835470085470085	0.0565470085470085	0.242876068376068	0	0	0	0	0	0	0	0	0	0	0	0	0	0	0	0	0	0	0	0	0	
79700	6262	80	0.0273418803418815	0.312735042735043	0.183837606837607	0.13032905982906	0.0881367521367521	0.0589017094017094	0.226059829059829	0	0	0	0	0	0	0	0	0	0	0	0	0	0	0	0	0	0	0	0	0	
20870	5914	127	0.0280598290598303	0.303662393162393	0.186286324786325	0.129970085470085	0.0832051282051282	0.0580213675213675	0.238854700854701	0	0	0	0	0	0	0	0	0	0	0	0	0	0	0	0	0	0	0	0	0	
97389	9318	52	0.0281196581196587	0.31807264957265	0.183034188034188	0.129918803418803	0.082974358974359	0.0591495726495727	0.226850427350427	0	0	0	0	0	0	0	0	0	0	0	0	0	0	0	0	0	0	0	0	0	
21992	4713	232	0.0289658119658125	0.317923076923077	0.185598290598291	0.138217948717949	0.0766025641025641	0.0468846153846154	0.234773504273504	0	0	0	0	0	0	0	0	0	0	0	0	0	0	0	0	0	0	0	0	0	
53814	6165	81	0.0292307692307685	0.309837606837607	0.192055555555556	0.125730769230769	0.0829444444444444	0.0563632478632479	0.233068376068376	0	0	0	0	0	0	0	0	0	0	0	0	0	0	0	0	0	0	0	0	0	
93018	9401	42	0.0292820512820529	0.312081196581197	0.182350427350427	0.120401709401709	0.0887264957264957	0.0562051282051282	0.240235042735043	0	0	0	0	0	0	0	0	0	0	0	0	0	0	0	0	0	0	0	0	0	
24543	1856	184	0.0297008547008525	0.30915811965812	0.194982905982906	0.133153846153846	0.0813931623931624	0.0516025641025641	0.229709401709402	0	0	0	0	0	0	0	0	0	0	0	0	0	0	0	0	0	0	0	0	0	
44288	6997	69	0.030581196581198	0.301918803418803	0.184290598290598	0.12991452991453	0.0901025641025641	0.0578547008547009	0.235918803418803	0	0	0	0	0	0	0	0	0	0	0	0	0	0	0	0	0	0	0	0	0	
51592	6092	83	0.0311196581196587	0.316961538461538	0.180388888888889	0.128854700854701	0.0842564102564103	0.0638931623931624	0.225645299145299	0	0	0	0	0	0	0	0	0	0	0	0	0	0	0	0	0	0	0	0	0	
81897	7332	55	0.031290598290598	0.317897435897436	0.177277777777778	0.125183760683761	0.0805	0.057534188034188	0.241606837606838	0	0	0	0	0	0	0	0	0	0	0	0	0	0	0	0	0	0	0	0	0	
44638	6366	77	0.0328717948717926	0.324388888888889	0.17224358974359	0.132645299145299	0.0794786324786325	0.0581111111111111	0.233132478632479	0	0	0	0	0	0	0	0	0	0	0	0	0	0	0	0	0	0	0	0	0	
24759	8061	85	0.0330598290598287	0.309752136752137	0.183645299145299	0.127017094017094	0.0776794871794872	0.0535598290598291	0.248346153846154	0	0	0	0	0	0	0	0	0	0	0	0	0	0	0	0	0	0	0	0	0	
18804	3637	263	0.0331025641025667	0.326029914529915	0.181833333333333	0.120568376068376	0.084508547008547	0.0512820512820513	0.235777777777778	0	0	0	0	0	0	0	0	0	0	0	0	0	0	0	0	0	0	0	0	0	
21626	9171	94	0.0331794871794872	0.318491452991453	0.177863247863248	0.125435897435897	0.0822521367521367	0.0501367521367521	0.245820512820513	0	0	0	0	0	0	0	0	0	0	0	0	0	0	0	0	0	0	0	0	0	
45367	8983	66	0.0331965811965813	0.309568376068376	0.189918803418803	0.12392735042735	0.0807735042735043	0.0566153846153846	0.239196581196581	0	0	0	0	0	0	0	0	0	0	0	0	0	0	0	0	0	0	0	0	0	
47742	9578	63	0.033606837606836	0.320867521367521	0.18101282051282	0.126880341880342	0.0801111111111111	0.0611196581196581	0.230008547008547	0	0	0	0	0	0	0	0	0	0	0	0	0	0	0	0	0	0	0	0	0	
88130	7475	63	0.0337606837606846	0.319230769230769	0.185696581196581	0.122128205128205	0.079465811965812	0.0550897435897436	0.238388888888889	0	0	0	0	0	0	0	0	0	0	0	0	0	0	0	0	0	0	0	0	0	
62338	6683	70	0.0346495726495744	0.316230769230769	0.184183760683761	0.13342735042735	0.0863846153846154	0.060465811965812	0.219307692307692	0	0	0	0	0	0	0	0	0	0	0	0	0	0	0	0	0	0	0	0	0	
20038	4072	277	0.0348461538461564	0.313833333333333	0.184794871794872	0.117307692307692	0.0866025641025641	0.0572905982905983	0.24017094017094	0	0	0	0	0	0	0	0	0	0	0	0	0	0	0	0	0	0	0	0	0	
77062	7369	59	0.0348717948717973	0.314547008547009	0.178465811965812	0.118961538461538	0.0892179487179487	0.0610726495726496	0.237735042735043	0	0	0	0	0	0	0	0	0	0	0	0	0	0	0	0	0	0	0	0	0	
51533	6109	68	0.034914529914531	0.313132478632479	0.188290598290598	0.119277777777778	0.0877863247863248	0.0581880341880342	0.233324786324786	0	0	0	0	0	0	0	0	0	0	0	0	0	0	0	0	0	0	0	0	0	
48868	5693	89	0.0355213675213687	0.310034188034188	0.186931623931624	0.139440170940171	0.0844700854700855	0.0591965811965812	0.21992735042735	0	0	0	0	0	0	0	0	0	0	0	0	0	0	0	0	0	0	0	0	0	
94548	6499	72	0.035760683760686	0.304534188034188	0.185200854700855	0.124709401709402	0.0875555555555556	0.0588589743589744	0.239141025641026	0	0	0	0	0	0	0	0	0	0	0	0	0	0	0	0	0	0	0	0	0	
59619	6096	70	0.0357777777777774	0.313068376068376	0.191367521367521	0.123623931623932	0.0854700854700855	0.0579230769230769	0.228547008547009	0	0	0	0	0	0	0	0	0	0	0	0	0	0	0	0	0	0	0	0	0	
76243	7264	55	0.0359487179487174	0.301692307692308	0.18417094017094	0.139047008547009	0.0788717948717949	0.0632905982905983	0.23292735042735	0	0	0	0	0	0	0	0	0	0	0	0	0	0	0	0	0	0	0	0	0	
36300	5039	105	0.0364615384615383	0.308696581196581	0.186495726495726	0.123777777777778	0.0857564102564103	0.063525641025641	0.231747863247863	0	0	0	0	0	0	0	0	0	0	0	0	0	0	0	0	0	0	0	0	0	
51149	7554	74	0.0364871794871814	0.319623931623932	0.186038461538462	0.139209401709402	0.0843717948717949	0.0525213675213675	0.218235042735043	0	0	0	0	0	0	0	0	0	0	0	0	0	0	0	0	0	0	0	0	0	
19761	5479	168	0.0366153846153817	0.329145299145299	0.177632478632479	0.124752136752137	0.078974358974359	0.0552264957264957	0.234269230769231	0	0	0	0	0	0	0	0	0	0	0	0	0	0	0	0	0	0	0	0	0	
24634	1773	475	0.0367435897435891	0.320739316239316	0.188645299145299	0.133299145299145	0.0756324786324786	0.0551837606837607	0.2265	0	0	0	0	0	0	0	0	0	0	0	0	0	0	0	0	0	0	0	0	0	
25261	4201	127	0.0369316239316239	0.325175213675214	0.171311965811966	0.135470085470085	0.0740982905982906	0.0545213675213675	0.239423076923077	0	0	0	0	0	0	0	0	0	0	0	0	0	0	0	0	0	0	0	0	0	
52775	7682	51	0.037051282051283	0.307901709401709	0.194897435897436	0.12367094017094	0.0807692307692308	0.0562863247863248	0.236474358974359	0	0	0	0	0	0	0	0	0	0	0	0	0	0	0	0	0	0	0	0	0	
30450	8313	73	0.0370769230769262	0.315064102564103	0.186897435897436	0.116192307692308	0.085491452991453	0.0596965811965812	0.23665811965812	0	0	0	0	0	0	0	0	0	0	0	0	0	0	0	0	0	0	0	0	0	
35140	6151	81	0.0371538461538476	0.325606837606838	0.180346153846154	0.120529914529915	0.085457264957265	0.0571068376068376	0.230952991452991	0	0	0	0	0	0	0	0	0	0	0	0	0	0	0	0	0	0	0	0	0	
48604	6063	95	0.0381880341880334	0.308888888888889	0.189747863247863	0.131294871794872	0.0913290598290598	0.0555641025641026	0.223175213675214	0	0	0	0	0	0	0	0	0	0	0	0	0	0	0	0	0	0	0	0	0	
21676	2582	329	0.0384786324786314	0.316952991452991	0.194811965811966	0.130136752136752	0.0768589743589744	0.0516965811965812	0.229542735042735	0	0	0	0	0	0	0	0	0	0	0	0	0	0	0	0	0	0	0	0	0	
95814	6232	72	0.0385726495726489	0.31191452991453	0.186478632478632	0.128029914529915	0.0890897435897436	0.0612649572649573	0.223222222222222	0	0	0	0	0	0	0	0	0	0	0	0	0	0	0	0	0	0	0	0	0	
40941	4551	102	0.038871794871795	0.307397435897436	0.167098290598291	0.133324786324786	0.0862435897435897	0.0642735042735043	0.241662393162393	0	0	0	0	0	0	0	0	0	0	0	0	0	0	0	0	0	0	0	0	0	
45929	9423	49	0.0388974358974371	0.319448717948718	0.180316239316239	0.118893162393162	0.0801324786324786	0.0536923076923077	0.247517094017094	0	0	0	0	0	0	0	0	0	0	0	0	0	0	0	0	0	0	0	0	0	
93896	9093	43	0.0392735042735061	0.309393162393162	0.181102564102564	0.118094017094017	0.0844059829059829	0.0651709401709402	0.241833333333333	0	0	0	0	0	0	0	0	0	0	0	0	0	0	0	0	0	0	0	0	0	
22220	2627	157	0.0392735042735068	0.292944444444444	0.182957264957265	0.134542735042735	0.0887478632478633	0.0559871794871795	0.244820512820513	0	0	0	0	0	0	0	0	0	0	0	0	0	0	0	0	0	0	0	0	0	
88817	6520	56	0.0393589743589746	0.30224358974359	0.183149572649573	0.136230769230769	0.0742136752136752	0.0613376068376068	0.242824786324786	0	0	0	0	0	0	0	0	0	0	0	0	0	0	0	0	0	0	0	0	0	
21624	1830	261	0.0394017094017096	0.304307692307692	0.195380341880342	0.126141025641026	0.0807179487179487	0.0543247863247863	0.239128205128205	0	0	0	0	0	0	0	0	0	0	0	0	0	0	0	0	0	0	0	0	0	
76762	7851	60	0.0395641025641026	0.320470085470085	0.182636752136752	0.121594017094017	0.0862692307692308	0.0603461538461538	0.228683760683761	0	0	0	0	0	0	0	0	0	0	0	0	0	0	0	0	0	0	0	0	0	
29948	4611	113	0.0400000000000008	0.304517094017094	0.194666666666667	0.125059829059829	0.0868376068376068	0.056042735042735	0.232876068376068	0	0	0	0	0	0	0	0	0	0	0	0	0	0	0	0	0	0	0	0	0	
30527	6175	103	0.0404273504273507	0.302119658119658	0.19032905982906	0.129303418803419	0.0792307692307692	0.0584230769230769	0.240594017094017	0	0	0	0	0	0	0	0	0	0	0	0	0	0	0	0	0	0	0	0	0	
41222	8271	63	0.0406410256410252	0.308525641025641	0.190076923076923	0.130846153846154	0.0711752136752137	0.0559230769230769	0.243452991452991	0	0	0	0	0	0	0	0	0	0	0	0	0	0	0	0	0	0	0	0	0	
78205	7715	49	0.040649572649571	0.309136752136752	0.175649572649573	0.124175213675214	0.0817136752136752	0.0641623931623932	0.245162393162393	0	0	0	0	0	0	0	0	0	0	0	0	0	0	0	0	0	0	0	0	0	
43642	7306	60	0.0407008547008533	0.307867521367521	0.179192307692308	0.123940170940171	0.0945726495726496	0.0631923076923077	0.231235042735043	0	0	0	0	0	0	0	0	0	0	0	0	0	0	0	0	0	0	0	0	0	
89563	7960	67	0.0411794871794891	0.312538461538462	0.195346153846154	0.126944444444444	0.085508547008547	0.0571367521367521	0.222525641025641	0	0	0	0	0	0	0	0	0	0	0	0	0	0	0	0	0	0	0	0	0	
68654	7321	59	0.0413333333333358	0.31282905982906	0.190269230769231	0.115273504273504	0.0852905982905983	0.0524615384615385	0.243876068376068	0	0	0	0	0	0	0	0	0	0	0	0	0	0	0	0	0	0	0	0	0	
33884	6271	102	0.0413418803418796	0.304636752136752	0.192076923076923	0.128038461538462	0.0858504273504273	0.0602905982905983	0.229106837606838	0	0	0	0	0	0	0	0	0	0	0	0	0	0	0	0	0	0	0	0	0	
19361	4143	358	0.0415982905982906	0.313782051282051	0.193410256410256	0.131358974358974	0.0664444444444444	0.053542735042735	0.241461538461538	0	0	0	0	0	0	0	0	0	0	0	0	0	0	0	0	0	0	0	0	0	
65282	5451	85	0.0422735042735048	0.314854700854701	0.186944444444444	0.128910256410256	0.0848205128205128	0.064457264957265	0.220012820512821	0	0	0	0	0	0	0	0	0	0	0	0	0	0	0	0	0	0	0	0	0	
29547	7816	87	0.0424957264957273	0.31484188034188	0.188547008547009	0.119615384615385	0.0875384615384615	0.0602606837606838	0.229196581196581	0	0	0	0	0	0	0	0	0	0	0	0	0	0	0	0	0	0	0	0	0	
99892	7319	60	0.0425470085470101	0.313666666666667	0.186790598290598	0.117457264957265	0.0797435897435897	0.0577521367521368	0.244589743589744	0	0	0	0	0	0	0	0	0	0	0	0	0	0	0	0	0	0	0	0	0	
23262	1565	365	0.0425897435897447	0.295196581196581	0.196213675213675	0.130632478632479	0.0860512820512821	0.0561153846153846	0.235790598290598	0	0	0	0	0	0	0	0	0	0	0	0	0	0	0	0	0	0	0	0	0	
29065	1228	320	0.0425982905982907	0.312675213675214	0.200128205128205	0.132752136752137	0.0847649572649573	0.0501410256410256	0.219538461538462	0	0	0	0	0	0	0	0	0	0	0	0	0	0	0	0	0	0	0	0	0	
26740	5095	126	0.0427094017094027	0.301935897435897	0.193098290598291	0.1315	0.0791752136752137	0.0505726495726496	0.243717948717949	0	0	0	0	0	0	0	0	0	0	0	0	0	0	0	0	0	0	0	0	0	
58402	3667	93	0.0428547008547007	0.306952991452991	0.178192307692308	0.120683760683761	0.090025641025641	0.0656752136752137	0.238470085470085	0	0	0	0	0	0	0	0	0	0	0	0	0	0	0	0	0	0	0	0	0	
46851	7781	70	0.0429572649572647	0.300106837606838	0.189816239316239	0.130230769230769	0.0851666666666667	0.064042735042735	0.230636752136752	0	0	0	0	0	0	0	0	0	0	0	0	0	0	0	0	0	0	0	0	0	
28578	5993	100	0.043008547008548	0.328948717948718	0.18175641025641	0.123358974358974	0.0736111111111111	0.0541452991452991	0.238179487179487	0	0	0	0	0	0	0	0	0	0	0	0	0	0	0	0	0	0	0	0	0	
34498	4649	119	0.0433846153846161	0.318213675213675	0.183816239316239	0.118517094017094	0.0897735042735043	0.0598290598290598	0.229850427350427	0	0	0	0	0	0	0	0	0	0	0	0	0	0	0	0	0	0	0	0	0	
68443	5524	79	0.0435641025641046	0.294880341880342	0.185752136752137	0.130461538461538	0.0855384615384615	0.0661367521367521	0.237230769230769	0	0	0	0	0	0	0	0	0	0	0	0	0	0	0	0	0	0	0	0	0	
24594	1444	328	0.0436153846153831	0.299269230769231	0.192739316239316	0.127346153846154	0.0827863247863248	0.0628717948717949	0.234987179487179	0	0	0	0	0	0	0	0	0	0	0	0	0	0	0	0	0	0	0	0	0	
40240	6839	78	0.043735042735045	0.302696581196581	0.19174358974359	0.122559829059829	0.0844358974358974	0.0586495726495726	0.23991452991453	0	0	0	0	0	0	0	0	0	0	0	0	0	0	0	0	0	0	0	0	0	
34059	5272	96	0.043760683760684	0.325346153846154	0.188769230769231	0.122136752136752	0.0755299145299145	0.0539615384615385	0.23425641025641	0	0	0	0	0	0	0	0	0	0	0	0	0	0	0	0	0	0	0	0	0	
56756	7804	65	0.0438034188034175	0.333324786324786	0.180401709401709	0.118337606837607	0.0784188034188034	0.0543717948717949	0.235145299145299	0	0	0	0	0	0	0	0	0	0	0	0	0	0	0	0	0	0	0	0	0	
67003	6267	73	0.0439059829059845	0.31632905982906	0.188542735042735	0.119884615384615	0.0879316239316239	0.0590897435897436	0.228222222222222	0	0	0	0	0	0	0	0	0	0	0	0	0	0	0	0	0	0	0	0	0	
68850	8165	58	0.0439658119658131	0.311482905982906	0.172576923076923	0.121213675213675	0.0843461538461538	0.0622564102564103	0.248123931623932	0	0	0	0	0	0	0	0	0	0	0	0	0	0	0	0	0	0	0	0	0	
38978	9177	56	0.0441538461538471	0.323405982905983	0.187128205128205	0.11657264957265	0.0798247863247863	0.0549444444444444	0.238123931623932	0	0	0	0	0	0	0	0	0	0	0	0	0	0	0	0	0	0	0	0	0	
43690	5318	87	0.0441794871794873	0.298004273504273	0.181837606837607	0.129132478632479	0.0970683760683761	0.0607307692307692	0.233226495726496	0	0	0	0	0	0	0	0	0	0	0	0	0	0	0	0	0	0	0	0	0	
34736	5008	116	0.0442564102564092	0.305423076923077	0.188952991452991	0.129183760683761	0.0906880341880342	0.060034188034188	0.225717948717949	0	0	0	0	0	0	0	0	0	0	0	0	0	0	0	0	0	0	0	0	0	
52513	5457	81	0.0444102564102577	0.29782905982906	0.186200854700855	0.127089743589744	0.083982905982906	0.0621752136752137	0.242722222222222	0	0	0	0	0	0	0	0	0	0	0	0	0	0	0	0	0	0	0	0	0	
80546	6021	79	0.0444957264957273	0.317132478632479	0.18967094017094	0.123059829059829	0.0868504273504273	0.058534188034188	0.224752136752137	0	0	0	0	0	0	0	0	0	0	0	0	0	0	0	0	0	0	0	0	0	
21546	3006	270	0.0451880341880345	0.302769230769231	0.194457264957265	0.128662393162393	0.0793974358974359	0.0511153846153846	0.243598290598291	0	0	0	0	0	0	0	0	0	0	0	0	0	0	0	0	0	0	0	0	0	
58665	7090	60	0.0453162393162396	0.30782905982906	0.192581196581197	0.119286324786325	0.0854871794871795	0.0621367521367521	0.232679487179487	0	0	0	0	0	0	0	0	0	0	0	0	0	0	0	0	0	0	0	0	0	
20370	5641	230	0.0456837606837623	0.317183760683761	0.18832905982906	0.121653846153846	0.0768974358974359	0.0507521367521368	0.245183760683761	0	0	0	0	0	0	0	0	0	0	0	0	0	0	0	0	0	0	0	0	0	
70575	9061	40	0.0464102564102559	0.314717948717949	0.173564102564103	0.121854700854701	0.081017094017094	0.0526367521367521	0.256209401709402	0	0	0	0	0	0	0	0	0	0	0	0	0	0	0	0	0	0	0	0	0	
21322	4499	165	0.0465897435897435	0.311722222222222	0.198363247863248	0.120632478632479	0.0859957264957265	0.056482905982906	0.226803418803419	0	0	0	0	0	0	0	0	0	0	0	0	0	0	0	0	0	0	0	0	0	
22077	2122	492	0.0466495726495723	0.334705128205128	0.177978632478632	0.12175641025641	0.0811111111111111	0.0481068376068376	0.23634188034188	0	0	0	0	0	0	0	0	0	0	0	0	0	0	0	0	0	0	0	0	0	
39511	4617	100	0.0467948717948731	0.295226495726496	0.188320512820513	0.1285	0.0866452991452991	0.0645	0.236807692307692	0	0	0	0	0	0	0	0	0	0	0	0	0	0	0	0	0	0	0	0	0	
22705	4113	137	0.0468034188034204	0.315735042735043	0.185649572649573	0.117068376068376	0.0780042735042735	0.0659401709401709	0.237602564102564	0	0	0	0	0	0	0	0	0	0	0	0	0	0	0	0	0	0	0	0	0	
27211	5943	123	0.0470854700854696	0.302465811965812	0.200132478632479	0.123260683760684	0.0872863247863248	0.0517222222222222	0.235132478632479	0	0	0	0	0	0	0	0	0	0	0	0	0	0	0	0	0	0	0	0	0	
20916	2014	409	0.0471623931623945	0.313551282051282	0.18925641025641	0.116824786324786	0.0780683760683761	0.0551324786324786	0.247166666666667	0	0	0	0	0	0	0	0	0	0	0	0	0	0	0	0	0	0	0	0	0	
19357	6117	165	0.0474786324786332	0.333196581196581	0.181136752136752	0.122602564102564	0.0743290598290598	0.051474358974359	0.237260683760684	0	0	0	0	0	0	0	0	0	0	0	0	0	0	0	0	0	0	0	0	0	
41001	8670	66	0.0475470085470077	0.320089743589744	0.195200854700855	0.119538461538462	0.0789615384615385	0.0546794871794872	0.231529914529915	0	0	0	0	0	0	0	0	0	0	0	0	0	0	0	0	0	0	0	0	0	
46594	6770	58	0.0477435897435898	0.314311965811966	0.174662393162393	0.122008547008547	0.0780641025641026	0.0569102564102564	0.254042735042735	0	0	0	0	0	0	0	0	0	0	0	0	0	0	0	0	0	0	0	0	0	
22186	5791	140	0.0478205128205133	0.299735042735043	0.197675213675214	0.131175213675214	0.0760470085470085	0.0557606837606838	0.239606837606838	0	0	0	0	0	0	0	0	0	0	0	0	0	0	0	0	0	0	0	0	0	
