10161	0.00527777777777751	0.261025641025641	0.149602564102564	0.0990769230769231	0.0736794871794872	0.0534017094017094	0.363213675213675	0	0	0	0	0	0	0	0	0	0	0	0	0	0	0	0	0	0	0	0	0	
9650	0.00740598290598209	0.261470085470085	0.14941452991453	0.0982948717948718	0.0723888888888889	0.052542735042735	0.365888888888889	0	0	0	0	0	0	0	0	0	0	0	0	0	0	0	0	0	0	0	0	0	
10969	0.00788888888888962	0.260487179487179	0.152017094017094	0.0992478632478632	0.0689230769230769	0.0531581196581197	0.366166666666667	0	0	0	0	0	0	0	0	0	0	0	0	0	0	0	0	0	0	0	0	0	
9787	0.0109273504273494	0.265205128205128	0.150615384615385	0.098991452991453	0.0690470085470085	0.0521282051282051	0.364012820512821	0	0	0	0	0	0	0	0	0	0	0	0	0	0	0	0	0	0	0	0	0	
10349	0.0130128205128199	0.264769230769231	0.147709401709402	0.0988247863247863	0.0747393162393162	0.050991452991453	0.362965811965812	0	0	0	0	0	0	0	0	0	0	0	0	0	0	0	0	0	0	0	0	0	
10328	0.0138247863247864	0.260183760683761	0.151717948717949	0.100833333333333	0.0673974358974359	0.0583162393162393	0.361551282051282	0	0	0	0	0	0	0	0	0	0	0	0	0	0	0	0	0	0	0	0	0	
9565	0.0141623931623928	0.265106837606838	0.150081196581197	0.102286324786325	0.0711239316239316	0.0516239316239316	0.359777777777778	0	0	0	0	0	0	0	0	0	0	0	0	0	0	0	0	0	0	0	0	0	
9478	0.0144615384615382	0.25865811965812	0.156683760683761	0.0948632478632479	0.0718504273504273	0.0548931623931624	0.363051282051282	0	0	0	0	0	0	0	0	0	0	0	0	0	0	0	0	0	0	0	0	0	
10453	0.0144658119658111	0.260320512820513	0.150982905982906	0.100474358974359	0.0661837606837607	0.0573034188034188	0.364735042735043	0	0	0	0	0	0	0	0	0	0	0	0	0	0	0	0	0	0	0	0	0	
10804	0.0147008547008532	0.259059829059829	0.151538461538462	0.0966495726495726	0.0723931623931624	0.0598846153846154	0.360474358974359	0	0	0	0	0	0	0	0	0	0	0	0	0	0	0	0	0	0	0	0	0	
10312	0.0151538461538457	0.259141025641026	0.152811965811966	0.0991324786324786	0.0667521367521367	0.056542735042735	0.365619658119658	0	0	0	0	0	0	0	0	0	0	0	0	0	0	0	0	0	0	0	0	0	
9278	0.0155940170940164	0.259905982905983	0.147777777777778	0.100115384615385	0.0724615384615385	0.0495854700854701	0.370153846153846	0	0	0	0	0	0	0	0	0	0	0	0	0	0	0	0	0	0	0	0	0	
9921	0.0157820512820528	0.266119658119658	0.153209401709402	0.0977948717948718	0.0732820512820513	0.0476837606837607	0.361910256410256	0	0	0	0	0	0	0	0	0	0	0	0	0	0	0	0	0	0	0	0	0	
9935	0.0158461538461531	0.255517094017094	0.152136752136752	0.0974957264957265	0.0716666666666667	0.0552820512820513	0.367901709401709	0	0	0	0	0	0	0	0	0	0	0	0	0	0	0	0	0	0	0	0	0	
9358	0.016055555555555	0.261457264957265	0.149991452991453	0.0960384615384615	0.0695512820512821	0.0536410256410256	0.369320512820513	0	0	0	0	0	0	0	0	0	0	0	0	0	0	0	0	0	0	0	0	0	
8366	0.0162478632478634	0.257470085470085	0.158931623931624	0.0986025641025641	0.0732008547008547	0.0497051282051282	0.362089743589744	0	0	0	0	0	0	0	0	0	0	0	0	0	0	0	0	0	0	0	0	0	
10260	0.016324786324785	0.259799145299145	0.149038461538462	0.0952948717948718	0.072025641025641	0.0592692307692308	0.36457264957265	0	0	0	0	0	0	0	0	0	0	0	0	0	0	0	0	0	0	0	0	0	
10225	0.0163675213675215	0.258290598290598	0.158457264957265	0.0958589743589744	0.0731153846153846	0.0532564102564103	0.361021367521368	0	0	0	0	0	0	0	0	0	0	0	0	0	0	0	0	0	0	0	0	0	
10551	0.0164230769230769	0.260726495726496	0.158935897435897	0.0994273504273504	0.0698076923076923	0.0536153846153846	0.35748717948718	0	0	0	0	0	0	0	0	0	0	0	0	0	0	0	0	0	0	0	0	0	
10095	0.0168333333333328	0.261350427350427	0.148196581196581	0.0969017094017094	0.0700940170940171	0.0533076923076923	0.370149572649573	0	0	0	0	0	0	0	0	0	0	0	0	0	0	0	0	0	0	0	0	0	
10152	0.0171709401709407	0.260897435897436	0.153008547008547	0.102876068376068	0.0674529914529915	0.0488888888888889	0.366876068376068	0	0	0	0	0	0	0	0	0	0	0	0	0	0	0	0	0	0	0	0	0	
9622	0.017213675213675	0.263141025641026	0.144333333333333	0.103952991452991	0.0710683760683761	0.0535598290598291	0.363944444444444	0	0	0	0	0	0	0	0	0	0	0	0	0	0	0	0	0	0	0	0	0	
10397	0.0172435897435881	0.259568376068376	0.149901709401709	0.108222222222222	0.0711025641025641	0.0506923076923077	0.360512820512821	0	0	0	0	0	0	0	0	0	0	0	0	0	0	0	0	0	0	0	0	0	
10182	0.0175256410256423	0.258282051282051	0.153863247863248	0.10282905982906	0.0756794871794872	0.0519316239316239	0.35741452991453	0	0	0	0	0	0	0	0	0	0	0	0	0	0	0	0	0	0	0	0	0	
9828	0.0181452991452996	0.265303418803419	0.143816239316239	0.100876068376068	0.0735470085470085	0.0545854700854701	0.361871794871795	0	0	0	0	0	0	0	0	0	0	0	0	0	0	0	0	0	0	0	0	0	
9617	0.0184316239316238	0.262790598290598	0.152918803418803	0.0926666666666667	0.070008547008547	0.0540213675213675	0.367594017094017	0	0	0	0	0	0	0	0	0	0	0	0	0	0	0	0	0	0	0	0	0	
10221	0.0186282051282062	0.265705128205128	0.156038461538462	0.0994700854700855	0.0659059829059829	0.0519273504273504	0.360952991452991	0	0	0	0	0	0	0	0	0	0	0	0	0	0	0	0	0	0	0	0	0	
10089	0.0187905982905987	0.265952991452991	0.154363247863248	0.0968547008547009	0.0737991452991453	0.0501837606837607	0.358846153846154	0	0	0	0	0	0	0	0	0	0	0	0	0	0	0	0	0	0	0	0	0	
10125	0.0190213675213683	0.26717094017094	0.154769230769231	0.0955384615384615	0.0708589743589744	0.0498205128205128	0.36184188034188	0	0	0	0	0	0	0	0	0	0	0	0	0	0	0	0	0	0	0	0	0	
9498	0.0191709401709414	0.26258547008547	0.143773504273504	0.105632478632479	0.0724316239316239	0.0509957264957265	0.364581196581197	0	0	0	0	0	0	0	0	0	0	0	0	0	0	0	0	0	0	0	0	0	
9180	0.0194871794871797	0.262431623931624	0.142179487179487	0.104132478632479	0.0720854700854701	0.0538461538461538	0.365324786324786	0	0	0	0	0	0	0	0	0	0	0	0	0	0	0	0	0	0	0	0	0	
8937	0.0196153846153859	0.260358974358974	0.151854700854701	0.0962264957264957	0.0724017094017094	0.0621965811965812	0.356961538461538	0	0	0	0	0	0	0	0	0	0	0	0	0	0	0	0	0	0	0	0	0	
11089	0.0197008547008544	0.26042735042735	0.161568376068376	0.0953119658119658	0.0694059829059829	0.0518717948717949	0.36141452991453	0	0	0	0	0	0	0	0	0	0	0	0	0	0	0	0	0	0	0	0	0	
10514	0.0199102564102569	0.255987179487179	0.153196581196581	0.106175213675214	0.0682649572649573	0.0514316239316239	0.364944444444444	0	0	0	0	0	0	0	0	0	0	0	0	0	0	0	0	0	0	0	0	0	
9014	0.020448717948718	0.259602564102564	0.145277777777778	0.101303418803419	0.0772735042735043	0.0561752136752137	0.360367521367521	0	0	0	0	0	0	0	0	0	0	0	0	0	0	0	0	0	0	0	0	0	
10396	0.0204743589743571	0.25867094017094	0.146692307692308	0.106350427350427	0.0691196581196581	0.0547051282051282	0.364461538461538	0	0	0	0	0	0	0	0	0	0	0	0	0	0	0	0	0	0	0	0	0	
9791	0.0204957264957254	0.260196581196581	0.151628205128205	0.0973247863247863	0.0758504273504274	0.0593247863247863	0.355675213675214	0	0	0	0	0	0	0	0	0	0	0	0	0	0	0	0	0	0	0	0	0	
10165	0.020576923076923	0.267188034188034	0.146764957264957	0.0983119658119658	0.0682435897435897	0.0544529914529915	0.365038461538462	0	0	0	0	0	0	0	0	0	0	0	0	0	0	0	0	0	0	0	0	0	
9923	0.0206196581196566	0.269470085470085	0.151423076923077	0.0939316239316239	0.0681752136752137	0.0541880341880342	0.362811965811966	0	0	0	0	0	0	0	0	0	0	0	0	0	0	0	0	0	0	0	0	0	
10726	0.0212991452991443	0.258594017094017	0.154478632478632	0.0977435897435897	0.0689487179487179	0.060525641025641	0.359709401709402	0	0	0	0	0	0	0	0	0	0	0	0	0	0	0	0	0	0	0	0	0	
9922	0.0213162393162385	0.260200854700855	0.154867521367521	0.0985641025641026	0.066957264957265	0.0601452991452991	0.359264957264957	0	0	0	0	0	0	0	0	0	0	0	0	0	0	0	0	0	0	0	0	0	
10091	0.0215470085470102	0.261299145299145	0.159555555555556	0.100431623931624	0.0738076923076923	0.0491025641025641	0.355803418803419	0	0	0	0	0	0	0	0	0	0	0	0	0	0	0	0	0	0	0	0	0	
10350	0.0216752136752137	0.257854700854701	0.157239316239316	0.097017094017094	0.0730726495726496	0.0571709401709402	0.357645299145299	0	0	0	0	0	0	0	0	0	0	0	0	0	0	0	0	0	0	0	0	0	
9932	0.0217008547008544	0.253495726495726	0.149435897435897	0.0982478632478632	0.0778461538461538	0.0563034188034188	0.36467094017094	0	0	0	0	0	0	0	0	0	0	0	0	0	0	0	0	0	0	0	0	0	
10431	0.0217649572649555	0.2585	0.146004273504274	0.104106837606838	0.0702179487179487	0.0517521367521368	0.369418803418803	0	0	0	0	0	0	0	0	0	0	0	0	0	0	0	0	0	0	0	0	0	
9226	0.0219743589743589	0.266653846153846	0.144944444444444	0.102397435897436	0.071	0.0497136752136752	0.365290598290598	0	0	0	0	0	0	0	0	0	0	0	0	0	0	0	0	0	0	0	0	0	
10462	0.0220384615384631	0.250935897435897	0.153867521367521	0.101346153846154	0.077965811965812	0.0540854700854701	0.361799145299145	0	0	0	0	0	0	0	0	0	0	0	0	0	0	0	0	0	0	0	0	0	
9991	0.0221239316239302	0.252346153846154	0.149021367521368	0.104290598290598	0.0741495726495727	0.0545128205128205	0.365679487179487	0	0	0	0	0	0	0	0	0	0	0	0	0	0	0	0	0	0	0	0	0	
10094	0.0222222222222226	0.261358974358974	0.160935897435897	0.100200854700855	0.0656538461538462	0.0481623931623932	0.363688034188034	0	0	0	0	0	0	0	0	0	0	0	0	0	0	0	0	0	0	0	0	0	
10489	0.0224658119658135	0.252333333333333	0.153871794871795	0.0997777777777778	0.0764273504273504	0.0574017094017094	0.360188034188034	0	0	0	0	0	0	0	0	0	0	0	0	0	0	0	0	0	0	0	0	0	
9330	0.0224786324786317	0.257213675213675	0.149196581196581	0.0943803418803419	0.0725726495726496	0.0595	0.367136752136752	0	0	0	0	0	0	0	0	0	0	0	0	0	0	0	0	0	0	0	0	0	
9520	0.0224999999999989	0.261307692307692	0.149183760683761	0.095051282051282	0.0681239316239316	0.0540299145299145	0.372303418803419	0	0	0	0	0	0	0	0	0	0	0	0	0	0	0	0	0	0	0	0	0	
9252	0.022675213675214	0.260282051282051	0.15808547008547	0.0963504273504274	0.0652307692307692	0.0576068376068376	0.362444444444444	0	0	0	0	0	0	0	0	0	0	0	0	0	0	0	0	0	0	0	0	0	
9946	0.0228589743589743	0.2605	0.162594017094017	0.0998205128205128	0.067974358974359	0.0529700854700855	0.356141025641026	0	0	0	0	0	0	0	0	0	0	0	0	0	0	0	0	0	0	0	0	0	
9759	0.0230299145299138	0.256641025641026	0.156470085470085	0.106363247863248	0.0722521367521368	0.0489017094017094	0.359371794871795	0	0	0	0	0	0	0	0	0	0	0	0	0	0	0	0	0	0	0	0	0	
9712	0.0231538461538443	0.258089743589744	0.143581196581197	0.0987820512820513	0.0729444444444445	0.0536367521367521	0.372965811965812	0	0	0	0	0	0	0	0	0	0	0	0	0	0	0	0	0	0	0	0	0	
10205	0.0231709401709395	0.269807692307692	0.145581196581197	0.101833333333333	0.0725470085470085	0.052017094017094	0.358213675213675	0	0	0	0	0	0	0	0	0	0	0	0	0	0	0	0	0	0	0	0	0	
9530	0.0231752136752118	0.261	0.145495726495727	0.0979316239316239	0.0687777777777778	0.0524529914529915	0.37434188034188	0	0	0	0	0	0	0	0	0	0	0	0	0	0	0	0	0	0	0	0	0	
10160	0.0232264957264959	0.253457264957265	0.157628205128205	0.101183760683761	0.0708547008547009	0.0497136752136752	0.367162393162393	0	0	0	0	0	0	0	0	0	0	0	0	0	0	0	0	0	0	0	0	0	
10041	0.0233717948717931	0.256606837606838	0.145102564102564	0.100461538461538	0.0713247863247863	0.0564017094017094	0.370102564102564	0	0	0	0	0	0	0	0	0	0	0	0	0	0	0	0	0	0	0	0	0	
10248	0.0234829059829047	0.260354700854701	0.140692307692308	0.106098290598291	0.0719316239316239	0.0531153846153846	0.367807692307692	0	0	0	0	0	0	0	0	0	0	0	0	0	0	0	0	0	0	0	0	0	
9729	0.023547008547008	0.253679487179487	0.151568376068376	0.095008547008547	0.0731025641025641	0.0584487179487179	0.368192307692308	0	0	0	0	0	0	0	0	0	0	0	0	0	0	0	0	0	0	0	0	0	
8651	0.0236111111111124	0.248935897435897	0.155166666666667	0.103559829059829	0.076	0.0526068376068376	0.363730769230769	0	0	0	0	0	0	0	0	0	0	0	0	0	0	0	0	0	0	0	0	0	
10431	0.0237350427350443	0.266645299145299	0.15565811965812	0.0996495726495727	0.070042735042735	0.0545811965811966	0.353423076923077	0	0	0	0	0	0	0	0	0	0	0	0	0	0	0	0	0	0	0	0	0	
9981	0.0239444444444449	0.253910256410256	0.152136752136752	0.109991452991453	0.0716111111111111	0.0481452991452991	0.364205128205128	0	0	0	0	0	0	0	0	0	0	0	0	0	0	0	0	0	0	0	0	0	
9815	0.0240982905982913	0.271222222222222	0.152764957264957	0.0915213675213675	0.0727820512820513	0.0524529914529915	0.35925641025641	0	0	0	0	0	0	0	0	0	0	0	0	0	0	0	0	0	0	0	0	0	
9403	0.0241709401709403	0.264559829059829	0.143897435897436	0.101252136752137	0.0694316239316239	0.0592222222222222	0.361636752136752	0	0	0	0	0	0	0	0	0	0	0	0	0	0	0	0	0	0	0	0	0	
9683	0.0244957264957254	0.26584188034188	0.142277777777778	0.0996068376068376	0.0698846153846154	0.0597478632478632	0.362641025641026	0	0	0	0	0	0	0	0	0	0	0	0	0	0	0	0	0	0	0	0	0	
10452	0.0245299145299142	0.261905982905983	0.146632478632479	0.109735042735043	0.0663589743589744	0.0535726495726496	0.361794871794872	0	0	0	0	0	0	0	0	0	0	0	0	0	0	0	0	0	0	0	0	0	
10698	0.0245427350427353	0.271076923076923	0.153623931623932	0.0995598290598291	0.0647435897435897	0.0524316239316239	0.358564102564103	0	0	0	0	0	0	0	0	0	0	0	0	0	0	0	0	0	0	0	0	0	
9817	0.0247264957264959	0.269564102564103	0.145880341880342	0.102465811965812	0.0695299145299145	0.0532820512820513	0.359277777777778	0	0	0	0	0	0	0	0	0	0	0	0	0	0	0	0	0	0	0	0	0	
10387	0.0248846153846142	0.263222222222222	0.145521367521368	0.0979102564102564	0.0677350427350427	0.0577905982905983	0.367820512820513	0	0	0	0	0	0	0	0	0	0	0	0	0	0	0	0	0	0	0	0	0	
9952	0.0250683760683754	0.254790598290598	0.14591452991453	0.0987905982905983	0.0769615384615385	0.0602478632478632	0.363294871794872	0	0	0	0	0	0	0	0	0	0	0	0	0	0	0	0	0	0	0	0	0	
10709	0.0251196581196587	0.255401709401709	0.153538461538462	0.0943803418803419	0.0702606837606838	0.0594444444444444	0.366974358974359	0	0	0	0	0	0	0	0	0	0	0	0	0	0	0	0	0	0	0	0	0	
9496	0.0252692307692298	0.259948717948718	0.141119658119658	0.107418803418803	0.071017094017094	0.0548376068376068	0.36565811965812	0	0	0	0	0	0	0	0	0	0	0	0	0	0	0	0	0	0	0	0	0	
9405	0.0253162393162394	0.25708547008547	0.15684188034188	0.095457264957265	0.0737393162393162	0.0587222222222222	0.358153846153846	0	0	0	0	0	0	0	0	0	0	0	0	0	0	0	0	0	0	0	0	0	
9950	0.0253418803418812	0.261508547008547	0.158213675213675	0.10234188034188	0.0660769230769231	0.0552735042735043	0.35658547008547	0	0	0	0	0	0	0	0	0	0	0	0	0	0	0	0	0	0	0	0	0	
9316	0.0254957264957268	0.256884615384615	0.154405982905983	0.0957478632478632	0.0741367521367521	0.0475683760683761	0.37125641025641	0	0	0	0	0	0	0	0	0	0	0	0	0	0	0	0	0	0	0	0	0	
9644	0.0255256410256398	0.256602564102564	0.148991452991453	0.105324786324786	0.0684487179487179	0.0596752136752137	0.360957264957265	0	0	0	0	0	0	0	0	0	0	0	0	0	0	0	0	0	0	0	0	0	
10372	0.025585470085469	0.262444444444444	0.144423076923077	0.0963974358974359	0.0741794871794872	0.0503418803418803	0.372213675213675	0	0	0	0	0	0	0	0	0	0	0	0	0	0	0	0	0	0	0	0	0	
9616	0.025589743589745	0.262393162393162	0.152897435897436	0.105884615384615	0.0759401709401709	0.0488803418803419	0.354004273504273	0	0	0	0	0	0	0	0	0	0	0	0	0	0	0	0	0	0	0	0	0	
9395	0.0256025641025624	0.253606837606838	0.149376068376068	0.104730769230769	0.0691923076923077	0.0523803418803419	0.370713675213675	0	0	0	0	0	0	0	0	0	0	0	0	0	0	0	0	0	0	0	0	0	
9703	0.0256367521367539	0.262363247863248	0.157098290598291	0.0948931623931624	0.0780769230769231	0.0508461538461538	0.356722222222222	0	0	0	0	0	0	0	0	0	0	0	0	0	0	0	0	0	0	0	0	0	
9629	0.025662393162393	0.260440170940171	0.154568376068376	0.1005	0.0676923076923077	0.0617179487179487	0.355081196581197	0	0	0	0	0	0	0	0	0	0	0	0	0	0	0	0	0	0	0	0	0	
10460	0.0257478632478621	0.26658547008547	0.146905982905983	0.094042735042735	0.0717222222222222	0.0507008547008547	0.370042735042735	0	0	0	0	0	0	0	0	0	0	0	0	0	0	0	0	0	0	0	0	0	
9461	0.0257649572649575	0.258380341880342	0.158910256410256	0.104606837606838	0.0652991452991453	0.0533205128205128	0.359482905982906	0	0	0	0	0	0	0	0	0	0	0	0	0	0	0	0	0	0	0	0	0	
9890	0.0257735042735044	0.263337606837607	0.149700854700855	0.0887307692307692	0.0733888888888889	0.0552521367521367	0.369589743589744	0	0	0	0	0	0	0	0	0	0	0	0	0	0	0	0	0	0	0	0	0	
9571	0.0258504273504283	0.264901709401709	0.155474358974359	0.0906410256410256	0.0756923076923077	0.0542136752136752	0.359076923076923	0	0	0	0	0	0	0	0	0	0	0	0	0	0	0	0	0	0	0	0	0	
11156	0.0259273504273503	0.267884615384615	0.147145299145299	0.0965213675213675	0.0765598290598291	0.0541581196581197	0.357730769230769	0	0	0	0	0	0	0	0	0	0	0	0	0	0	0	0	0	0	0	0	0	
9463	0.0260213675213684	0.261226495726496	0.161290598290598	0.0994230769230769	0.0731923076923077	0.0546581196581197	0.350209401709402	0	0	0	0	0	0	0	0	0	0	0	0	0	0	0	0	0	0	0	0	0	
9129	0.0260299145299136	0.26907264957265	0.151192307692308	0.0911282051282051	0.0682735042735043	0.057025641025641	0.363307692307692	0	0	0	0	0	0	0	0	0	0	0	0	0	0	0	0	0	0	0	0	0	
9201	0.0260555555555543	0.256188034188034	0.149974358974359	0.10508547008547	0.0666965811965812	0.0514700854700855	0.37058547008547	0	0	0	0	0	0	0	0	0	0	0	0	0	0	0	0	0	0	0	0	0	
10441	0.0261111111111124	0.264799145299145	0.160029914529915	0.10025641025641	0.0701538461538461	0.0514700854700855	0.353290598290598	0	0	0	0	0	0	0	0	0	0	0	0	0	0	0	0	0	0	0	0	0	
10080	0.0261153846153849	0.26384188034188	0.154786324786325	0.095551282051282	0.0632820512820513	0.0576709401709402	0.364867521367521	0	0	0	0	0	0	0	0	0	0	0	0	0	0	0	0	0	0	0	0	0	
10226	0.0262649572649567	0.253324786324786	0.146559829059829	0.0990128205128205	0.0761196581196581	0.0545683760683761	0.37041452991453	0	0	0	0	0	0	0	0	0	0	0	0	0	0	0	0	0	0	0	0	0	
10276	0.026282051282052	0.266598290598291	0.151461538461538	0.101619658119658	0.077525641025641	0.049457264957265	0.353337606837607	0	0	0	0	0	0	0	0	0	0	0	0	0	0	0	0	0	0	0	0	0	
10810	0.0264743589743609	0.266777777777778	0.153064102564103	0.0913376068376068	0.0757051282051282	0.0550470085470085	0.358068376068376	0	0	0	0	0	0	0	0	0	0	0	0	0	0	0	0	0	0	0	0	0	
10537	0.0265683760683769	0.249709401709402	0.152564102564103	0.110119658119658	0.0717521367521367	0.0545555555555556	0.361299145299145	0	0	0	0	0	0	0	0	0	0	0	0	0	0	0	0	0	0	0	0	0	
9771	0.0265982905982893	0.260440170940171	0.140042735042735	0.0993504273504273	0.0782008547008547	0.060025641025641	0.361940170940171	0	0	0	0	0	0	0	0	0	0	0	0	0	0	0	0	0	0	0	0	0	
10118	0.0268675213675202	0.259837606837607	0.146132478632479	0.103222222222222	0.0816111111111111	0.0531282051282051	0.356068376068376	0	0	0	0	0	0	0	0	0	0	0	0	0	0	0	0	0	0	0	0	0	
