 8.68406751
 33.07976692
 11.35276565
 30.15120322
 20.46368151
 7.49757021
 72.55882769
 13.73966212
 43.55880141
 3.57204243
 33.96214364
 35.19934216
 53.53169773
 15.64847179
 35.08688852
 18.98324736
 26.93830813
 29.26117682
 12.16795534
 3.08405051
 23.44959465
 8.35055833
 22.19031355
 62.41222736
 13.93687336
 41.74505932
 56.13965123
 27.84941869
 3.09839056
 12.77249982
 19.02001853
 29.61458601
 22.42720137
 2.41104411
 8.28433289
 42.69009047
 17.36041592
 12.09591935
 10.97557114
 2.06175402
 12.790761 
 29.20661478
 15.06713296
 13.89492239
 28.21800568
 33.98073121
 6.52062783
 28.96595172
 15.14927973
 13.39825579
 68.50652299
 14.27330277
 2.00933459e+02
 19.37553004
 53.6098686
 57.10584404
 4.38063366
 4.24186949
 34.91865636
 30.50548529
 2.13174674
 15.24117666
 3.23512826
 8.65526396
 7.5324483
 18.80505676
 15.11664568
 9.16934945
 7.12720139
 7.2938576 
 66.24050378
 12.36635927
 7.27621358
 128.50335718
 36.59492851
 13.06047118
 4.03012732
 16.48846286
 21.87463123
 4.99449229
 40.73509148
 36.47578743
 17.69467477
 3.77585441
 31.35920606
 30.85341864
 9.47887464
 13.53464793
 25.61895985
 35.53635763
 36.41422757
 5.39789634
 32.83612319
 4.00732343
 95.2564383 
 7.21075931
 20.33993032
 2.0020447 
 4.43970175
 29.78705576
