7.44286486486478e-07
9.38000000000018e-07
4.56828740844076e-07
3.3808e-06
2.86399999999958e-07
1.4796e-06
2.7492694527363e-06
3.3808e-06
3.1072e-06
2.93595603217156e-06
3.44800000000006e-07
2.69000000000005e-07
1.3592e-06
9.14128546409794e-07
8.18556772908369e-07
1.95800000000005e-07
2.11600000000004e-07
9.00199999999998e-07
1.251e-06
1.16657125039974e-06
4.82e-07
8.68320725388592e-07
2.3619411461331e-06
2.62972721804512e-06
8.68320725388592e-07
6.79963460653467e-07
1.05379886731389e-06
6.23233251833743e-07
1.81020000000001e-06
1.89106184086626e-06
2.54311369601954e-06
8.68320725388592e-07
4.61999999999989e-07
1.66501768707483e-06
3.36211270718231e-06
1.89106184086626e-06
7.86199999999996e-07
1.60199999999975e-07
3.3808e-06
1.3592e-06
7.44286486486478e-07
2.65510225835591e-06
2.68472128712871e-06
2.36453853132477e-06
3.36211270718231e-06
1.3592e-06
6.35137865796386e-07
3.34000000000003e-08
2.3619411461331e-06
2.13974792043399e-06
1.05379886731389e-06
9.8043231197772e-07
4.38085362387494e-07
1.4796e-06
1.1414e-06
4.61999999999989e-07
2.65510225835591e-06
1.11954805194805e-06
7.4695e-07
6.43799999999999e-07
6.78799999999993e-07
6.80670768963342e-07
8.78057776997766e-07
1.81020000000001e-06
8.18556772908369e-07
1.21899999999999e-06
2.68472128712871e-06
2.7492694527363e-06
2.11600000000004e-07
1.29239999999998e-06
1.6718406779661e-06
0
2.11842732086126e-06
6.8013060840957e-08
1.05019185645272e-06
3.3808e-06
1.38195445836809e-06
2.11842732086126e-06
4.20999999999992e-07
2.7492694527363e-06
1.34599999999978e-07
3.53901369863013e-07
4.40799999999996e-07
1.05019185645272e-06
2.11959999999999e-06
1.05379886731389e-06
4.47080978260875e-07
6.35137865796386e-07
2.5578e-06
1.6718406779661e-06
1.13382898292146e-06
1.251e-06
3.15828256880733e-06
2.5578e-06
4.37600000000003e-07
2.4998e-06
1.08028342951361e-06
2.65510225835591e-06
6.8013060840957e-08
1.89106184086626e-06
9.10833203429476e-07
2.7492694527363e-06
6.75800000000009e-07
6.8013060840957e-08
2.11600000000004e-07
1.16657125039974e-06
1.85518949064079e-06
4.24970072992694e-07
1.21899999999999e-06
7.33399999999987e-07
1.44561960575387e-06
6.43799999999999e-07
2.223e-06
1.5676e-06
1.1414e-06
1.16657125039974e-06
1.88019999999999e-06
1.91365465060308e-06
1.42620512820513e-06
3.65200000000001e-07
8.68320725388592e-07
1.34599999999978e-07
6.8013060840957e-08
9.8043231197772e-07
8.18556772908369e-07
1.06665202156334e-06
2.65404100946372e-06
6.35137865796386e-07
2.68472128712871e-06
7.4695e-07
9.10833203429476e-07
2.69000000000005e-07
1.42620512820513e-06
6.75800000000009e-07
1.91365465060308e-06
6.79963460653467e-07
1.3092e-06
3.15828256880733e-06
2.01964291701575e-07
1.85518949064079e-06
2.62972721804512e-06
1.38195445836809e-06
9.54390157107761e-07
1.4812e-06
1.81020000000001e-06
6.78799999999993e-07
1.60199999999975e-07
2.09652256571632e-06
2.11959999999999e-06
6.52403789929621e-07
