3132093415
4244386226
2805283302
4113206298
2958439912
156689898
1546723593
3862566713
2663781000
364795050
3463494893
2454053033
191778762
3508932416
3355153630
1656307527
3707547790
2135369234
3795363616
1803898593
3135147797
3609969560
2665010006
2466778406
4109911116
2899006880
2708297121
2240905185
855534774
2843247776
1955518613
654463667
3336783052
655512139
205772098
1102530186
2706716277
145963103
3421614026
1978829028
3727768762
2648422951
3460598733
1536061519
3238279536
4019571025
350008329
1443368023
1937603509
3304922412
3295468594
728388179
2734246908
1274749674
2129555294
246585034
1099044840
3123461062
66873497
3943638197
88284445
3307037581
3995118100
194484826
1976449930
2922723709
1967008547
1523149152
617802884
962837747
543868248
3336768168
2056174111
2597262709
588895239
1806675228
1856970512
4200047243
749570634
359039902
1407447258
675365180
1766394506
2289097549
1527503532
920125630
2184687795
360542153
2889549081
726259213
1968611644
952041839
2806550358
192696426
2390653831
313949120
1229754416
3058965076
218963628
330732614
3124918187
2889035101
1839772728
2477175179
1494358364
795308613
2070133117
481091293
2190175575
1885560639
676180897
735333724
2726925278
826546709
3290867042
4017337080
600747773
3567429106
499518482
1558073416
1928614175
798297041
2463210569
2312998529
455077947
2276936805
1877908439
3851149811
193865114
2889064339
2167811946
1151250522
4065419649
2381570041
1309804697
1771403398
3109429024
3323173427
124839792
142902148
3589788581
1576645493
2543047589
504664226
3134219910
2257462956
1561383216
1594803014
2781447463
1233559720
3195953259
3282540945
3217160027
2707327695
4287193707
4210046582
3838944290
3978010344
35972092
3805752517
4255139629
2392539375
1602354773
3135520727
3531389483
2963801469
3095581798
3112653862
2682958779
3435290740
489988481
1586657803
4202857279
1496328603
786969921
108491758
1237188302
2685076745
731323003
231785717
3484339193
1154345803
4187479598
3521920281
3167059088
2203302986
1026041289
4058064520
4140518246
2233208216
3514551484
3266845514
4047817449
907503661
2217362993
1413613728
1712077949
2646875593
3070618852
1314751115
682903097
4164073598
1248776871
3442073907
1920524965
3985976563
1496341527
1749771839
2798817188
4088134920
4202138509
1622601215
1415702262
2717912399
3425368749
2287892803
3645506975
978946367
1080422992
2415597053
1055108385
1399762814
3730568645
1910521071
904273905
2260004794
3808543838
3076504234
2526607802
327862281
1634442691
3425797911
1995364048
2961826510
1362039981
2461969314
487102282
788031592
2701141614
3257549387
988179767
3153441868
279500945
2731092698
956924243
3940602532
2258017799
2665360352
1412314312
3306872189
1539569349
4198402611
1405864798
1138412808
3581697481
776258876
1745021012
511940742
1394174645
1188813612
3398133439
2693378520
898416978
3260886309
911840004
1700574730
3544554515
378091951
1563862629
1365238846
2723008299
3805930091
958436370
1979368096
3449388517
966215016
1729606503
4214549060
4123431482
765454939
2377823603
1075579253
3161139767
236209301
2174653352
3777243936
3521873421
3792339461
481106773
2430610443
6139149
1051141623
1017405203
1717828090
2857990544
156699595
1879140132
2799238200
985814431
383951782
3407167374
3611887744
4261281641
2434721723
3451874292
3265115575
3087500263
577716400
1456465015
1930355467
732899376
1105451905
2623939217
626272190
3496380292
3739665701
3049393228
4261351055
1142073275
3676832141
178994590
135794336
1864032337
949929349
766665731
3161351797
1254794345
1216088145
3807728135
3191862669
2329957322
1797106947
2498214093
2178980081
1537335493
633286119
1966177928
1777240122
4156296212
3786528310
1682981170
2179421615
1937300198
569743484
3531144416
544566800
2950437449
1180573734
3159887074
2126512487
2486848934
3338085090
4267377569
831212027
896173396
3237902160
2503993158
811306397
3917390974
1071600616
2220901964
2346419788
3536853521
1493120266
1892169761
1464554857
1156725419
1896781124
301249884
770331637
195201221
3183069075
2637241282
1773025258
1135012918
1769876895
3614138927
1930372843
3729716324
1558687044
3350973320
139714212
157199438
1940375287
1135653068
3304713244
2444162722
1276988541
3773421432
933866047
3907393258
2913835618
2544164155
3716787408
3007254944
1326703558
662723227
1805677175
536675735
1803167976
3045870567
2121470170
177810090
566727564
939518502
1192100960
1342074109
745337459
374179986
1911508338
2962405027
1505723657
2149078949
3797990580
2566431173
4107115841
2672602546
1563728502
562173992
1437214010
1338623185
3547365902
1229817290
3837727540
3039962904
593472429
518874834
2414544702
3730107003
1485276584
2521060195
883843897
1154459986
571309840
3548335451
1818006827
70126346
176329984
100273064
474686181
3334212340
3321739605
3527044172
202692128
3631832744
408006337
3183300242
4150780930
108204698
1987440501
1093265220
4230684434
7742076
3194980463
4238192727
3825162255
1553486776
4291798330
3243015377
34026112
1063979134
2598024663
3590559064
950431769
1072945592
2358522331
3435377362
1465885410
237384319
244791214
3898373664
2259067243
3444108483
1447342608
2168987629
3985490029
4139086330
3031287835
1602762396
914546051
163237689
2008190160
2284537519
3842457026
1260500647
771003483
2513702002
1369495642
1357074430
2705417361
1350558607
4055626676
2198759674
2401506245
13745499
4228405825
2378839930
2782662820
2321355485
2010788221
746592478
940317986
3288731041
1328834233
3665550060
1388963353
4216812871
3947955596
3923234361
957635055
1382160468
1359938904
1297305831
3699379569
2261391571
318771958
1628588152
2829250328
3537605773
649183043
4193737285
2806763398
3212855240
4280116716
3769378450
1540006444
2740811661
3211266924
1292531891
2372477881
3822234932
2532496119
3994512735
96646776
2291883774
3503218196
364613658
2069736670
3290833938
620267821
2507566095
3191590409
1492654351
3208951612
936234063
1060120538
2835619782
1790809198
2310975689
3514754253
3536656598
3448411296
4188915178
3811287869
4273366522
2131580981
2367038302
2448360577
1812256584
2834621668
1328688641
2723246673
518560795
1743072961
122316233
2039260739
4196333678
4292413378
3735692308
3049407738
1406831090
1462652007
3637303946
3183876244
294457322
1527791547
288488264
3906926883
3525682993
2482829641
296161171
3197800176
706612741
2262034825
2792959679
535322436
767759894
3747140451
1864062172
1515422694
4144695278
1570175238
825150486
2220833051
370368629
456937193
2016360746
1601602367
1368078711
2192096111
239276689
4249705045
1044815534
4076281914
265609281
439657731
2043162178
3106372983
532857845
1401805418
1313390940
430403907
3686674975
84040337
2997710774
2683700851
2108248307
1288836171
3420090534
405831822
1105607142
607734824
2716281730
2749305783
522
