0.22483
2.0
0.327252
0.320994
0.33013
2.0
0.327252
0.05415
0.275098
0.481138
0.33013
2.0
0.206992
0.481138
0.0353539999999999
0.119314
0.0353539999999999
0.119314
0.327252
0.171428
0.275098
0.481138
0.33013
2.0
0.327252
0.10751
0.327252
0.10751
0.327252
0.481138
0.0353539999999999
0.060084
0.33013
0.958094
0.0353539999999999
0.119314
0.33013
0.0645840000000001
0.33013
0.314856
0.0353539999999999
0.119314
0.33013
0.18518
0.327252
0.10751
0.33013
0.314856
0.33013
0.958094
0.327252
0.481138
0.327252
0.481138
0.327252
0.481138
0.33013
2.0
0.33013
0.0645840000000001
2.0
2.0
0.0353539999999999
0.119314
0.327252
0.481138
0.0353539999999999
0.060084
0.0353539999999999
0.119314
0.327252
0.0552280000000001
0.327252
0.10751
0.327252
0.10751
0.327252
0.481138
0.22483
0.320994
0.22483
2.0
0.22483
0.05415
0.22483
0.481138
0.22483
2.0
0.206992
0.481138
0.0353539999999999
0.119314
0.0353539999999999
0.119314
0.22483
0.171428
0.22483
0.481138
0.22483
2.0
0.22483
0.10751
0.22483
0.10751
0.22483
0.481138
0.0353539999999999
0.060084
0.22483
0.958094
0.0353539999999999
0.119314
0.22483
0.0645840000000001
0.22483
0.314856
0.0353539999999999
0.119314
0.22483
0.18518
0.22483
0.10751
0.22483
0.314856
0.22483
0.958094
0.22483
0.481138
0.22483
0.481138
0.22483
0.481138
0.22483
2.0
0.22483
0.0645840000000001
0.22483
2.0
0.0353539999999999
0.119314
0.22483
0.481138
0.0353539999999999
0.060084
0.0353539999999999
0.119314
0.22483
0.0552280000000001
0.22483
0.10751
0.22483
0.10751
0.22483
0.481138
0.327252
0.320994
0.939832
0.05415
0.275098
0.320994
0.327252
0.320994
0.206992
0.320994
0.0353539999999999
0.119314
0.0353539999999999
0.119314
2.0
0.171428
0.275098
0.320994
0.327252
0.320994
2.0
0.10751
0.718402
0.10751
2.0
0.320994
0.0353539999999999
0.060084
0.327252
0.320994
0.0353539999999999
0.119314
0.327252
0.0645840000000001
0.327252
0.314856
0.0353539999999999
0.119314
0.327252
0.18518
2.0
0.10751
0.327252
0.314856
0.327252
0.320994
2.0
0.320994
0.353616
0.320994
2.0
0.320994
0.327252
0.320994
0.327252
0.0645840000000001
0.327252
0.320994
0.0353539999999999
0.119314
0.576832
0.320994
0.0353539999999999
0.060084
0.0353539999999999
0.119314
2.0
0.0552280000000001
2.0
0.10751
2.0
0.10751
2.0
0.320994
0.327252
0.05415
0.275098
0.481138
2.0
2.0
0.206992
0.481138
0.0353539999999999
0.119314
0.0353539999999999
0.119314
0.327252
0.171428
0.275098
0.481138
2.0
2.0
0.327252
0.10751
0.327252
0.10751
0.327252
0.481138
0.0353539999999999
0.060084
2.0
0.958094
0.0353539999999999
0.119314
0.649952
0.0645840000000001
0.761626
0.314856
0.0353539999999999
0.119314
0.761626
0.18518
0.327252
0.10751
0.761626
0.314856
2.0
0.958094
0.327252
0.481138
0.327252
0.481138
0.327252
0.481138
0.761626
2.0
0.649952
0.0645840000000001
0.33013
2.0
0.0353539999999999
0.119314
0.327252
0.481138
0.0353539999999999
0.060084
0.0353539999999999
0.119314
0.327252
0.0552280000000001
0.327252
0.10751
0.327252
0.10751
0.327252
0.481138
0.275098
0.05415
0.327252
0.05415
0.206992
0.05415
0.0353539999999999
0.05415
0.0353539999999999
0.05415
0.939832
0.05415
0.275098
0.05415
0.327252
0.05415
0.939832
0.05415
0.718402
0.05415
0.939832
0.05415
0.0353539999999999
0.05415
0.327252
0.05415
0.0353539999999999
0.05415
0.327252
0.05415
0.327252
0.05415
0.0353539999999999
0.05415
0.327252
0.05415
0.939832
0.05415
0.327252
0.05415
0.327252
0.05415
0.939832
0.05415
0.353616
0.05415
0.939832
0.05415
0.327252
0.05415
0.327252
0.05415
0.327252
0.05415
0.0353539999999999
0.05415
0.576832
0.05415
0.0353539999999999
0.05415
0.0353539999999999
0.05415
0.939832
0.05415
0.939832
0.05415
0.939832
0.05415
0.939832
0.05415
0.275098
0.481138
0.206992
0.891502
0.0353539999999999
0.119314
0.0353539999999999
0.119314
0.275098
0.171428
2.0
0.655528
0.275098
0.481138
0.275098
0.10751
0.275098
0.10751
0.275098
0.836392
0.0353539999999999
0.060084
0.275098
0.481138
0.0353539999999999
0.119314
0.275098
0.0645840000000001
0.275098
0.314856
0.0353539999999999
0.119314
0.275098
0.18518
0.275098
0.10751
0.275098
0.314856
0.275098
0.481138
0.275098
0.508142
0.275098
2.0
0.275098
2.0
0.275098
0.481138
0.275098
0.0645840000000001
0.275098
0.481138
0.0353539999999999
0.119314
0.275098
0.552984
0.0353539999999999
0.060084
0.0353539999999999
0.119314
0.275098
0.0552280000000001
0.275098
0.10751
0.275098
0.10751
0.275098
2.0
0.206992
0.481138
0.0353539999999999
0.119314
0.0353539999999999
0.119314
0.327252
0.171428
0.275098
0.481138
2.0
2.0
0.327252
0.10751
0.327252
0.10751
0.327252
0.481138
0.0353539999999999
0.060084
2.0
0.958094
0.0353539999999999
0.119314
0.649952
0.0645840000000001
0.761626
0.314856
0.0353539999999999
0.119314
0.761626
0.18518
0.327252
0.10751
0.761626
0.314856
2.0
0.958094
0.327252
0.481138
0.327252
0.481138
0.327252
0.481138
0.761626
2.0
0.649952
0.0645840000000001
0.33013
2.0
0.0353539999999999
0.119314
0.327252
0.481138
0.0353539999999999
0.060084
0.0353539999999999
0.119314
0.327252
0.0552280000000001
0.327252
0.10751
0.327252
0.10751
0.327252
0.481138
0.0353539999999999
0.119314
0.0353539999999999
0.119314
0.206992
0.171428
0.206992
0.655528
0.206992
0.481138
0.206992
0.10751
0.206992
0.10751
0.206992
0.836392
0.0353539999999999
0.060084
0.206992
0.481138
0.0353539999999999
0.119314
0.206992
0.0645840000000001
0.206992
0.314856
0.0353539999999999
0.119314
0.206992
0.18518
0.206992
0.10751
0.206992
0.314856
0.206992
0.481138
0.206992
0.508142
0.206992
0.891502
0.206992
0.891502
0.206992
0.481138
0.206992
0.0645840000000001
0.206992
0.481138
0.0353539999999999
0.119314
0.206992
0.552984
0.0353539999999999
0.060084
0.0353539999999999
0.119314
0.206992
0.0552280000000001
0.206992
0.10751
0.206992
0.10751
0.206992
0.891502
2.0
2.0
0.0353539999999999
0.119314
0.0353539999999999
0.119314
0.0353539999999999
0.119314
0.0353539999999999
0.10751
0.0353539999999999
0.10751
0.0353539999999999
0.119314
0.120644
0.060084
0.0353539999999999
0.119314
2.0
0.309892
0.0353539999999999
0.0645840000000001
0.0353539999999999
0.119314
2.0
2.0
0.0353539999999999
0.119314
0.0353539999999999
0.10751
0.0353539999999999
0.119314
0.0353539999999999
0.119314
0.0353539999999999
0.119314
0.0353539999999999
0.119314
0.0353539999999999
0.119314
0.0353539999999999
0.119314
0.0353539999999999
0.0645840000000001
0.0353539999999999
0.119314
2.0
2.0
0.0353539999999999
0.119314
0.120644
0.060084
0.530716
0.54535
0.0353539999999999
0.0552280000000001
0.0353539999999999
0.10751
0.0353539999999999
0.10751
0.0353539999999999
0.119314
0.0353539999999999
0.119314
0.0353539999999999
0.119314
0.0353539999999999
0.119314
0.0353539999999999
0.10751
0.0353539999999999
0.10751
0.0353539999999999
0.119314
0.120644
0.060084
0.0353539999999999
0.119314
2.0
0.309892
0.0353539999999999
0.0645840000000001
0.0353539999999999
0.119314
2.0
2.0
0.0353539999999999
0.119314
0.0353539999999999
0.10751
0.0353539999999999
0.119314
0.0353539999999999
0.119314
0.0353539999999999
0.119314
0.0353539999999999
0.119314
0.0353539999999999
0.119314
0.0353539999999999
0.119314
0.0353539999999999
0.0645840000000001
0.0353539999999999
0.119314
2.0
2.0
0.0353539999999999
0.119314
0.120644
0.060084
0.530716
0.54535
0.0353539999999999
0.0552280000000001
0.0353539999999999
0.10751
0.0353539999999999
0.10751
0.0353539999999999
0.119314
0.275098
0.171428
0.327252
0.171428
2.0
0.10751
0.718402
0.10751
2.0
0.171428
0.0353539999999999
0.060084
0.327252
0.171428
0.0353539999999999
0.119314
0.327252
0.0645840000000001
0.327252
0.171428
0.0353539999999999
0.119314
0.327252
0.171428
2.0
0.10751
0.327252
0.171428
0.327252
0.171428
2.0
0.171428
0.353616
0.171428
2.0
0.171428
0.327252
0.171428
0.327252
0.0645840000000001
0.327252
0.171428
0.0353539999999999
0.119314
0.576832
0.171428
0.0353539999999999
0.060084
0.0353539999999999
0.119314
2.0
0.0552280000000001
2.0
0.10751
2.0
0.10751
2.0
0.171428
0.275098
0.481138
0.275098
0.10751
0.275098
0.10751
0.275098
0.655528
0.0353539999999999
0.060084
0.275098
0.481138
0.0353539999999999
0.119314
0.275098
0.0645840000000001
0.275098
0.314856
0.0353539999999999
0.119314
0.275098
0.18518
0.275098
0.10751
0.275098
0.314856
0.275098
0.481138
0.275098
0.508142
0.275098
0.655528
0.275098
0.655528
0.275098
0.481138
0.275098
0.0645840000000001
0.275098
0.481138
0.0353539999999999
0.119314
0.275098
0.552984
0.0353539999999999
0.060084
0.0353539999999999
0.119314
0.275098
0.0552280000000001
0.275098
0.10751
0.275098
0.10751
0.275098
0.655528
0.327252
0.10751
0.327252
0.10751
0.327252
0.481138
0.0353539999999999
0.060084
2.0
0.958094
0.0353539999999999
0.119314
0.649952
0.0645840000000001
0.761626
0.314856
0.0353539999999999
0.119314
0.761626
0.18518
0.327252
0.10751
0.761626
0.314856
2.0
0.958094
0.327252
0.481138
0.327252
0.481138
0.327252
0.481138
0.761626
2.0
0.649952
0.0645840000000001
0.33013
2.0
0.0353539999999999
0.119314
0.327252
0.481138
0.0353539999999999
0.060084
0.0353539999999999
0.119314
0.327252
0.0552280000000001
0.327252
0.10751
0.327252
0.10751
0.327252
0.481138
0.718402
0.675226
2.0
0.10751
0.0353539999999999
0.060084
0.327252
0.10751
0.0353539999999999
0.10751
0.327252
0.0645840000000001
0.327252
0.10751
0.0353539999999999
0.10751
0.327252
0.10751
2.0
2.0
0.327252
0.10751
0.327252
0.10751
2.0
0.10751
0.353616
0.10751
2.0
0.10751
0.327252
0.10751
0.327252
0.0645840000000001
0.327252
0.10751
0.0353539999999999
0.10751
0.576832
0.10751
0.0353539999999999
0.060084
0.0353539999999999
0.10751
2.0
0.0552280000000001
2.0
0.673944
2.0
2.0
2.0
0.10751
0.718402
0.10751
0.0353539999999999
0.060084
0.327252
0.10751
0.0353539999999999
0.10751
0.327252
0.0645840000000001
0.327252
0.10751
0.0353539999999999
0.10751
0.327252
0.10751
0.718402
0.675226
0.327252
0.10751
0.327252
0.10751
0.718402
0.10751
0.353616
0.10751
0.718402
0.10751
0.327252
0.10751
0.327252
0.0645840000000001
0.327252
0.10751
0.0353539999999999
0.10751
0.576832
0.10751
0.0353539999999999
0.060084
0.0353539999999999
0.10751
0.718402
0.0552280000000001
0.718402
0.673944
0.718402
0.675226
0.718402
0.10751
0.0353539999999999
0.060084
0.327252
0.481138
0.0353539999999999
0.119314
0.327252
0.0645840000000001
0.327252
0.314856
0.0353539999999999
0.119314
0.327252
0.18518
2.0
0.10751
0.327252
0.314856
0.327252
0.481138
2.0
0.508142
0.353616
0.836392
2.0
0.836392
0.327252
0.481138
0.327252
0.0645840000000001
0.327252
0.481138
0.0353539999999999
0.119314
0.576832
0.552984
0.0353539999999999
0.060084
0.0353539999999999
0.119314
2.0
0.0552280000000001
2.0
0.10751
2.0
0.10751
2.0
0.836392
0.0353539999999999
0.060084
0.120644
0.060084
0.0353539999999999
0.060084
0.0353539999999999
0.060084
0.120644
0.060084
0.0353539999999999
0.060084
0.0353539999999999
0.060084
0.0353539999999999
0.060084
0.0353539999999999
0.060084
0.0353539999999999
0.060084
0.0353539999999999
0.060084
0.0353539999999999
0.060084
0.0353539999999999
0.060084
0.0353539999999999
0.060084
0.0353539999999999
0.060084
0.120644
0.060084
0.0353539999999999
0.060084
2.0
2.0
0.120644
0.060084
0.0353539999999999
0.0552280000000001
0.0353539999999999
0.060084
0.0353539999999999
0.060084
0.0353539999999999
0.060084
0.0353539999999999
0.119314
0.649952
0.0645840000000001
0.761626
0.314856
0.0353539999999999
0.119314
0.761626
0.18518
0.327252
0.10751
0.761626
0.314856
2.0
2.0
0.327252
0.481138
0.327252
0.481138
0.327252
0.481138
0.761626
0.958094
0.649952
0.0645840000000001
0.33013
0.958094
0.0353539999999999
0.119314
0.327252
0.481138
0.0353539999999999
0.060084
0.0353539999999999
0.119314
0.327252
0.0552280000000001
0.327252
0.10751
0.327252
0.10751
0.327252
0.481138
0.0353539999999999
0.0645840000000001
0.0353539999999999
0.119314
2.0
0.309892
0.0353539999999999
0.119314
0.0353539999999999
0.10751
0.0353539999999999
0.119314
0.0353539999999999
0.119314
0.0353539999999999
0.119314
0.0353539999999999
0.119314
0.0353539999999999
0.119314
0.0353539999999999
0.119314
0.0353539999999999
0.0645840000000001
0.0353539999999999
0.119314
2.0
0.309892
0.0353539999999999
0.119314
0.120644
0.060084
0.530716
0.309892
0.0353539999999999
0.0552280000000001
0.0353539999999999
0.10751
0.0353539999999999
0.10751
0.0353539999999999
0.119314
0.649952
0.0645840000000001
0.0353539999999999
0.0645840000000001
0.649952
0.0645840000000001
0.327252
0.0645840000000001
0.649952
0.0645840000000001
0.649952
0.0645840000000001
0.327252
0.0645840000000001
0.327252
0.0645840000000001
0.327252
0.0645840000000001
0.649952
0.0645840000000001
2.0
2.0
0.33013
0.0645840000000001
0.0353539999999999
0.0645840000000001
0.327252
0.0645840000000001
0.0353539999999999
0.060084
0.0353539999999999
0.0645840000000001
0.327252
0.0552280000000001
0.327252
0.0645840000000001
0.327252
0.0645840000000001
0.327252
0.0645840000000001
0.0353539999999999
0.119314
0.91169
0.18518
0.327252
0.10751
2.0
2.0
0.761626
0.314856
0.327252
0.314856
0.327252
0.314856
0.327252
0.314856
0.91169
0.314856
0.649952
0.0645840000000001
0.33013
0.314856
0.0353539999999999
0.119314
0.327252
0.314856
0.0353539999999999
0.060084
0.0353539999999999
0.119314
0.327252
0.0552280000000001
0.327252
0.10751
0.327252
0.10751
0.327252
0.314856
0.0353539999999999
0.119314
0.0353539999999999
0.10751
0.0353539999999999
0.119314
0.0353539999999999
0.119314
0.0353539999999999
0.119314
0.0353539999999999
0.119314
0.0353539999999999
0.119314
0.0353539999999999
0.119314
0.0353539999999999
0.0645840000000001
0.0353539999999999
0.119314
2.0
2.0
0.0353539999999999
0.119314
0.120644
0.060084
0.530716
0.54535
0.0353539999999999
0.0552280000000001
0.0353539999999999
0.10751
0.0353539999999999
0.10751
0.0353539999999999
0.119314
0.327252
0.10751
0.91169
0.18518
0.761626
0.18518
0.327252
0.18518
0.327252
0.18518
0.327252
0.18518
2.0
0.18518
0.649952
0.0645840000000001
0.33013
0.18518
0.0353539999999999
0.119314
0.327252
0.18518
0.0353539999999999
0.060084
0.0353539999999999
0.119314
0.327252
0.0552280000000001
0.327252
0.10751
0.327252
0.10751
0.327252
0.18518
0.327252
0.10751
0.327252
0.10751
2.0
0.10751
0.353616
0.10751
2.0
0.10751
0.327252
0.10751
0.327252
0.0645840000000001
0.327252
0.10751
0.0353539999999999
0.10751
0.576832
0.10751
0.0353539999999999
0.060084
0.0353539999999999
0.10751
2.0
0.0552280000000001
2.0
0.673944
2.0
2.0
2.0
0.10751
0.761626
0.314856
0.327252
0.314856
0.327252
0.314856
0.327252
0.314856
0.91169
0.314856
0.649952
0.0645840000000001
0.33013
0.314856
0.0353539999999999
0.119314
0.327252
0.314856
0.0353539999999999
0.060084
0.0353539999999999
0.119314
0.327252
0.0552280000000001
0.327252
0.10751
0.327252
0.10751
0.327252
0.314856
0.327252
0.481138
0.327252
0.481138
0.327252
0.481138
0.761626
0.958094
0.649952
0.0645840000000001
0.33013
0.958094
0.0353539999999999
0.119314
0.327252
0.481138
0.0353539999999999
0.060084
0.0353539999999999
0.119314
0.327252
0.0552280000000001
0.327252
0.10751
0.327252
0.10751
0.327252
0.481138
0.353616
0.508142
2.0
0.508142
0.327252
0.481138
0.327252
0.0645840000000001
0.327252
0.481138
0.0353539999999999
0.119314
0.576832
0.508142
0.0353539999999999
0.060084
0.0353539999999999
0.119314
2.0
0.0552280000000001
2.0
0.10751
2.0
0.10751
2.0
0.508142
0.353616
2.0
0.327252
0.481138
0.327252
0.0645840000000001
0.327252
0.481138
0.0353539999999999
0.119314
0.353616
0.552984
0.0353539999999999
0.060084
0.0353539999999999
0.119314
0.353616
0.0552280000000001
0.353616
0.10751
0.353616
0.10751
0.353616
2.0
0.327252
0.481138
0.327252
0.0645840000000001
0.327252
0.481138
0.0353539999999999
0.119314
0.576832
0.552984
0.0353539999999999
0.060084
0.0353539999999999
0.119314
2.0
0.0552280000000001
2.0
0.10751
2.0
0.10751
2.0
2.0
0.649952
0.0645840000000001
0.33013
2.0
0.0353539999999999
0.119314
0.327252
0.481138
0.0353539999999999
0.060084
0.0353539999999999
0.119314
0.327252
0.0552280000000001
0.327252
0.10751
0.327252
0.10751
0.327252
0.481138
0.33013
0.0645840000000001
0.0353539999999999
0.0645840000000001
0.327252
0.0645840000000001
0.0353539999999999
0.060084
0.0353539999999999
0.0645840000000001
0.327252
0.0552280000000001
0.327252
0.0645840000000001
0.327252
0.0645840000000001
0.327252
0.0645840000000001
0.0353539999999999
0.119314
0.327252
0.481138
0.0353539999999999
0.060084
0.0353539999999999
0.119314
0.327252
0.0552280000000001
0.327252
0.10751
0.327252
0.10751
0.327252
0.481138
0.0353539999999999
0.119314
0.120644
0.060084
0.530716
0.54535
0.0353539999999999
0.0552280000000001
0.0353539999999999
0.10751
0.0353539999999999
0.10751
0.0353539999999999
0.119314
0.0353539999999999
0.060084
0.0353539999999999
0.119314
0.576832
0.0552280000000001
0.576832
0.10751
0.576832
0.10751
0.576832
0.552984
0.120644
0.060084
0.0353539999999999
0.0552280000000001
0.0353539999999999
0.060084
0.0353539999999999
0.060084
0.0353539999999999
0.060084
0.0353539999999999
0.0552280000000001
0.0353539999999999
0.10751
0.0353539999999999
0.10751
0.0353539999999999
0.119314
2.0
0.0552280000000001
2.0
0.0552280000000001
2.0
0.0552280000000001
2.0
0.673944
2.0
0.10751
2.0
0.10751
