0.294714
0.02654
2.0
0.150512
0.132876
0.02654
0.256384
0.150512
0.256384
0.150512
2.0
2.0
0.270604
0.02654
2.0
0.150512
2.0
0.150512
2.0
0.150512
0.760222
0.150512
0.392132
2.0
0.146412
0.150512
0.00649199999999994
0.150512
2.0
0.02654
0.256384
0.150512
0.256384
0.0648320000000001
0.245428
0.150512
2.0
0.150512
0.256384
0.150512
0.15035
0.150512
0.71912
0.150512
0.963544
0.02654
0.0647819999999999
2.0
0.146412
0.150512
2.0
0.150512
2.0
2.0
0.256384
0.150512
0.256384
0.150512
0.829676
0.150512
0.146412
0.150512
0.15035
0.150512
0.82217
0.150512
0.294714
0.02654
0.270604
0.02654
0.132876
0.02654
2.0
0.02654
0.637134
0.150512
2.0
0.150512
0.294714
0.02654
0.132876
0.305428
0.256384
0.02654
0.256384
0.02654
0.294714
0.02654
0.270604
2.0
0.294714
0.02654
0.294714
0.02654
0.294714
0.02654
0.294714
0.02654
0.294714
0.02654
0.146412
0.02654
0.00649199999999994
0.02654
0.294714
2.0
0.256384
0.02654
0.256384
0.02654
0.245428
0.02654
0.294714
0.02654
0.256384
0.02654
0.15035
0.02654
0.294714
0.02654
0.294714
2.0
0.0647819999999999
0.02654
0.146412
0.02654
0.294714
0.02654
0.294714
0.02654
0.256384
0.02654
0.256384
0.02654
0.294714
0.02654
0.146412
0.02654
0.15035
0.02654
0.294714
0.02654
2.0
2.0
0.270604
2.0
0.132876
0.305428
0.294714
0.702472
0.294714
0.02654
0.294714
0.02654
0.132876
0.02654
0.256384
0.158252
0.256384
0.158252
2.0
0.150512
0.270604
0.02654
2.0
0.226562
2.0
0.154336
2.0
0.226562
0.760222
0.223804
0.392132
0.150512
0.146412
0.27272
0.00649199999999994
0.16912
2.0
0.02654
0.256384
0.158252
0.256384
0.0648320000000001
0.245428
0.226562
2.0
2.0
0.256384
0.158252
0.15035
0.15353
0.71912
0.375248
0.963544
0.02654
0.0647819999999999
0.150512
0.146412
0.27272
2.0
0.650062
2.0
0.150512
0.256384
0.158252
0.256384
0.158252
0.829676
0.672466
0.146412
0.27272
0.15035
0.15353
0.82217
0.650062
0.294714
0.02654
0.270604
0.02654
0.132876
0.02654
2.0
0.02654
0.637134
0.672466
2.0
0.650062
0.132876
0.02654
0.132876
0.02654
0.132876
0.02654
0.132876
0.305428
0.132876
0.02654
0.132876
0.02654
0.132876
0.02654
0.132876
0.02654
0.132876
0.02654
0.132876
0.02654
0.00649199999999994
0.02654
0.132876
0.305428
0.132876
0.02654
0.132876
0.02654
0.132876
0.02654
0.132876
0.02654
0.132876
0.02654
0.132876
0.02654
0.132876
0.02654
0.132876
0.305428
0.0647819999999999
0.02654
0.132876
0.02654
0.132876
0.02654
0.132876
0.02654
0.132876
0.02654
0.132876
0.02654
0.132876
0.02654
0.132876
0.02654
0.132876
0.02654
0.132876
0.02654
0.132876
0.305428
0.132876
0.305428
2.0
0.439032
0.132876
0.305428
0.132876
0.02654
0.132876
0.02654
0.279734
0.607144
0.256384
0.150512
0.256384
0.02654
0.256384
0.158252
0.256384
0.154336
0.256384
0.158252
0.256384
0.158252
0.256384
0.150512
0.146412
0.158252
0.00649199999999994
0.158252
0.256384
0.02654
0.279734
2.0
0.279734
0.0648320000000001
0.245428
0.158252
0.256384
0.158252
0.279734
2.0
0.15035
0.15353
0.256384
0.158252
0.256384
0.02654
0.0647819999999999
0.150512
0.146412
0.158252
0.256384
0.158252
0.256384
0.150512
0.279734
0.607144
0.279734
0.619984
0.256384
0.158252
0.146412
0.158252
0.15035
0.15353
0.256384
0.158252
0.256384
0.02654
0.256384
0.02654
0.132876
0.02654
0.256384
0.02654
0.256384
0.158252
0.256384
0.158252
0.256384
0.150512
0.256384
0.02654
0.256384
0.158252
0.256384
0.154336
0.256384
0.158252
0.256384
0.158252
0.256384
0.150512
0.146412
0.158252
0.00649199999999994
0.158252
0.256384
0.02654
0.595604
0.607144
0.595604
0.0648320000000001
0.245428
0.158252
0.256384
0.158252
0.595604
0.607144
0.15035
0.15353
0.256384
0.158252
0.256384
0.02654
0.0647819999999999
0.150512
0.146412
0.158252
0.256384
0.158252
0.256384
0.150512
2.0
2.0
2.0
0.607144
0.256384
0.158252
0.146412
0.158252
0.15035
0.15353
0.256384
0.158252
0.256384
0.02654
0.256384
0.02654
0.132876
0.02654
0.256384
0.02654
0.256384
0.158252
0.256384
0.158252
0.270604
0.02654
2.0
0.150512
2.0
0.150512
2.0
0.150512
0.760222
0.150512
0.392132
2.0
0.146412
0.150512
0.00649199999999994
0.150512
2.0
0.02654
0.256384
0.150512
0.256384
0.0648320000000001
0.245428
0.150512
2.0
0.150512
0.256384
0.150512
0.15035
0.150512
0.71912
0.150512
0.963544
0.02654
0.0647819999999999
2.0
0.146412
0.150512
2.0
0.150512
2.0
2.0
0.256384
0.150512
0.256384
0.150512
0.829676
0.150512
0.146412
0.150512
0.15035
0.150512
0.82217
0.150512
0.294714
0.02654
0.270604
0.02654
0.132876
0.02654
2.0
0.02654
0.637134
0.150512
2.0
0.150512
0.270604
0.02654
0.270604
0.02654
0.270604
0.02654
0.270604
0.02654
0.270604
0.02654
0.146412
0.02654
0.00649199999999994
0.02654
0.270604
2.0
0.256384
0.02654
0.256384
0.02654
0.245428
0.02654
0.270604
0.02654
0.256384
0.02654
0.15035
0.02654
0.270604
0.02654
0.270604
2.0
0.0647819999999999
0.02654
0.146412
0.02654
0.270604
0.02654
0.270604
0.02654
0.256384
0.02654
0.256384
0.02654
0.270604
0.02654
0.146412
0.02654
0.15035
0.02654
0.270604
0.02654
0.270604
2.0
2.0
2.0
0.132876
0.305428
0.270604
0.702472
0.270604
0.02654
0.270604
0.02654
2.0
0.154336
2.0
2.0
0.760222
0.223804
0.392132
0.150512
0.146412
0.226562
0.00649199999999994
0.16912
2.0
0.02654
0.256384
0.158252
0.256384
0.0648320000000001
0.245428
2.0
2.0
0.226562
0.256384
0.158252
0.15035
0.15353
0.71912
0.226562
0.963544
0.02654
0.0647819999999999
0.150512
0.146412
0.226562
2.0
0.226562
2.0
0.150512
0.256384
0.158252
0.256384
0.158252
0.829676
0.226562
0.146412
0.226562
0.15035
0.15353
0.82217
0.226562
0.294714
0.02654
0.270604
0.02654
0.132876
0.02654
2.0
0.02654
0.637134
0.226562
2.0
0.226562
2.0
0.154336
0.760222
0.154336
0.392132
0.150512
0.146412
0.154336
0.00649199999999994
0.154336
2.0
0.02654
0.256384
0.154336
0.256384
0.0648320000000001
0.245428
0.154336
2.0
0.154336
0.256384
0.154336
0.15035
0.15353
0.71912
0.154336
0.963544
0.02654
0.0647819999999999
0.150512
0.146412
0.154336
2.0
0.154336
2.0
0.150512
0.256384
0.154336
0.256384
0.154336
0.829676
0.154336
0.146412
0.154336
0.15035
0.15353
0.82217
0.154336
0.294714
0.02654
0.270604
0.02654
0.132876
0.02654
2.0
0.02654
0.637134
0.154336
2.0
0.154336
0.760222
0.223804
0.392132
0.150512
0.146412
0.226562
0.00649199999999994
0.16912
2.0
0.02654
0.256384
0.158252
0.256384
0.0648320000000001
0.245428
2.0
2.0
0.226562
0.256384
0.158252
0.15035
0.15353
0.71912
0.226562
0.963544
0.02654
0.0647819999999999
0.150512
0.146412
0.226562
2.0
0.226562
2.0
0.150512
0.256384
0.158252
0.256384
0.158252
0.829676
0.226562
0.146412
0.226562
0.15035
0.15353
0.82217
0.226562
0.294714
0.02654
0.270604
0.02654
0.132876
0.02654
2.0
0.02654
0.637134
0.226562
2.0
0.226562
0.392132
0.150512
0.146412
0.223804
0.00649199999999994
0.16912
0.760222
0.02654
0.256384
0.158252
0.256384
0.0648320000000001
0.245428
0.223804
0.760222
0.223804
0.256384
0.158252
0.15035
0.15353
0.71912
0.223804
0.760222
0.02654
0.0647819999999999
0.150512
0.146412
0.223804
0.760222
0.223804
0.760222
0.150512
0.256384
0.158252
0.256384
0.158252
0.760222
0.223804
0.146412
0.223804
0.15035
0.15353
0.760222
0.223804
0.294714
0.02654
0.270604
0.02654
0.132876
0.02654
0.760222
0.02654
0.637134
0.223804
0.760222
0.223804
0.146412
0.150512
0.00649199999999994
0.150512
0.392132
0.02654
0.256384
0.150512
0.256384
0.0648320000000001
0.245428
0.150512
0.392132
0.150512
0.256384
0.150512
0.15035
0.150512
0.392132
0.150512
0.392132
0.02654
0.0647819999999999
2.0
0.146412
0.150512
0.392132
0.150512
0.392132
2.0
0.256384
0.150512
0.256384
0.150512
0.392132
0.150512
0.146412
0.150512
0.15035
0.150512
0.392132
0.150512
0.294714
0.02654
0.270604
0.02654
0.132876
0.02654
0.392132
0.02654
0.392132
0.150512
0.392132
0.150512
0.00649199999999994
0.16912
0.146412
0.02654
0.146412
0.158252
0.146412
0.0648320000000001
0.146412
0.226562
0.146412
0.27272
0.146412
0.158252
0.146412
0.15353
0.146412
0.27272
0.146412
0.02654
0.0647819999999999
0.150512
0.571236
0.833398
0.146412
0.27272
0.146412
0.150512
0.146412
0.158252
0.146412
0.158252
0.146412
0.27272
2.0
0.833398
0.146412
0.15353
0.146412
0.27272
0.146412
0.02654
0.146412
0.02654
0.132876
0.02654
0.146412
0.02654
0.146412
0.27272
0.146412
0.27272
0.00649199999999994
0.02654
0.00649199999999994
0.158252
0.00649199999999994
0.0648320000000001
0.00649199999999994
0.16912
0.00649199999999994
0.16912
0.00649199999999994
0.158252
0.00649199999999994
0.15353
0.00649199999999994
0.16912
0.00649199999999994
0.02654
0.00649199999999994
0.150512
0.00649199999999994
0.16912
0.00649199999999994
0.16912
0.00649199999999994
0.150512
0.00649199999999994
0.158252
0.00649199999999994
0.158252
0.00649199999999994
0.16912
0.00649199999999994
0.16912
0.00649199999999994
0.15353
0.00649199999999994
0.16912
0.00649199999999994
0.02654
0.00649199999999994
0.02654
0.00649199999999994
0.02654
0.00649199999999994
0.02654
0.00649199999999994
0.16912
0.00649199999999994
0.16912
0.256384
0.02654
0.256384
0.02654
0.245428
0.02654
2.0
0.02654
0.256384
0.02654
0.15035
0.02654
0.71912
0.02654
0.963544
2.0
0.0647819999999999
0.02654
0.146412
0.02654
2.0
0.02654
2.0
0.02654
0.256384
0.02654
0.256384
0.02654
0.829676
0.02654
0.146412
0.02654
0.15035
0.02654
0.82217
0.02654
0.294714
2.0
0.270604
2.0
0.132876
0.305428
2.0
0.702472
0.637134
0.02654
2.0
0.02654
2.0
0.0648320000000001
0.245428
0.158252
0.256384
0.158252
2.0
2.0
0.15035
0.15353
0.256384
0.158252
0.256384
0.02654
0.0647819999999999
0.150512
0.146412
0.158252
0.256384
0.158252
0.256384
0.150512
0.595604
0.607144
0.595604
0.619984
0.256384
0.158252
0.146412
0.158252
0.15035
0.15353
0.256384
0.158252
0.256384
0.02654
0.256384
0.02654
0.132876
0.02654
0.256384
0.02654
0.256384
0.158252
0.256384
0.158252
0.245428
0.0648320000000001
0.256384
0.0648320000000001
2.0
0.0648320000000001
0.15035
0.0648320000000001
0.256384
0.0648320000000001
0.256384
0.02654
0.0647819999999999
0.0648320000000001
0.146412
0.0648320000000001
0.256384
0.0648320000000001
0.256384
0.0648320000000001
0.595604
0.0648320000000001
0.595604
0.0648320000000001
0.256384
0.0648320000000001
0.146412
0.0648320000000001
0.15035
0.0648320000000001
0.256384
0.0648320000000001
0.256384
0.02654
0.256384
0.02654
0.132876
0.02654
0.256384
0.02654
0.256384
0.0648320000000001
0.256384
0.0648320000000001
0.245428
0.226562
0.245428
0.158252
0.15035
0.15353
0.245428
0.226562
0.245428
0.02654
0.0647819999999999
0.150512
0.146412
0.226562
0.245428
0.226562
0.245428
0.150512
0.245428
0.158252
0.245428
0.158252
0.245428
0.226562
0.146412
0.226562
0.15035
0.15353
0.245428
0.226562
0.245428
0.02654
0.245428
0.02654
0.132876
0.02654
0.245428
0.02654
0.245428
0.226562
0.245428
0.226562
0.256384
0.158252
0.15035
0.15353
0.71912
0.375248
0.963544
0.02654
0.0647819999999999
0.150512
0.146412
0.27272
2.0
0.650062
2.0
0.150512
0.256384
0.158252
0.256384
0.158252
0.829676
0.672466
0.146412
0.27272
0.15035
0.15353
0.82217
0.650062
0.294714
0.02654
0.270604
0.02654
0.132876
0.02654
2.0
0.02654
0.637134
0.672466
2.0
0.650062
0.15035
0.15353
0.256384
0.158252
0.256384
0.02654
0.0647819999999999
0.150512
0.146412
0.158252
0.256384
0.158252
0.256384
0.150512
0.595604
0.607144
0.595604
0.619984
0.256384
0.158252
0.146412
0.158252
0.15035
0.15353
0.256384
0.158252
0.256384
0.02654
0.256384
0.02654
0.132876
0.02654
0.256384
0.02654
0.256384
0.158252
0.256384
0.158252
0.15035
0.15353
0.15035
0.02654
0.0647819999999999
0.150512
0.146412
0.15353
0.15035
0.15353
0.15035
0.150512
0.15035
0.15353
0.15035
0.15353
0.15035
0.15353
0.146412
0.15353
2.0
2.0
0.15035
0.15353
0.15035
0.02654
0.15035
0.02654
0.132876
0.02654
0.15035
0.02654
0.15035
0.15353
0.15035
0.15353
0.71912
0.02654
0.0647819999999999
0.150512
0.146412
0.27272
0.71912
0.375248
0.71912
0.150512
0.256384
0.158252
0.256384
0.158252
0.71912
0.375248
0.146412
0.27272
0.15035
0.15353
0.71912
0.375248
0.294714
0.02654
0.270604
0.02654
0.132876
0.02654
0.71912
0.02654
0.637134
0.375248
0.71912
0.375248
0.0647819999999999
0.02654
0.146412
0.02654
0.963544
0.02654
0.963544
0.02654
0.256384
0.02654
0.256384
0.02654
0.829676
0.02654
0.146412
0.02654
0.15035
0.02654
0.82217
0.02654
0.294714
2.0
0.270604
2.0
0.132876
0.305428
0.963544
0.702472
0.637134
0.02654
0.963544
0.02654
0.0647819999999999
0.150512
0.0647819999999999
0.150512
0.0647819999999999
2.0
0.0647819999999999
0.150512
0.0647819999999999
0.150512
0.0647819999999999
0.150512
0.0647819999999999
0.150512
0.0647819999999999
0.150512
0.0647819999999999
0.150512
0.0647819999999999
0.02654
0.0647819999999999
0.02654
0.0647819999999999
0.02654
0.0647819999999999
0.02654
0.0647819999999999
0.150512
0.0647819999999999
0.150512
0.146412
0.27272
0.146412
0.150512
0.146412
0.158252
0.146412
0.158252
0.146412
0.27272
0.571236
2.0
0.146412
0.15353
0.146412
0.27272
0.146412
0.02654
0.146412
0.02654
0.132876
0.02654
0.146412
0.02654
0.146412
0.27272
0.146412
0.27272
2.0
0.150512
0.256384
0.158252
0.256384
0.158252
0.829676
0.650062
0.146412
0.27272
0.15035
0.15353
0.82217
2.0
0.294714
0.02654
0.270604
0.02654
0.132876
0.02654
2.0
0.02654
0.637134
0.650062
2.0
2.0
0.256384
0.150512
0.256384
0.150512
0.829676
0.150512
0.146412
0.150512
0.15035
0.150512
0.82217
0.150512
0.294714
0.02654
0.270604
0.02654
0.132876
0.02654
2.0
0.02654
0.637134
0.150512
2.0
0.150512
2.0
0.607144
0.256384
0.158252
0.146412
0.158252
0.15035
0.15353
0.256384
0.158252
0.256384
0.02654
0.256384
0.02654
0.132876
0.02654
0.256384
0.02654
0.256384
0.158252
0.256384
0.158252
0.256384
0.158252
0.146412
0.158252
0.15035
0.15353
0.256384
0.158252
0.256384
0.02654
0.256384
0.02654
0.132876
0.02654
0.256384
0.02654
0.256384
0.158252
0.256384
0.158252
0.146412
0.27272
0.15035
0.15353
0.82217
0.650062
0.294714
0.02654
0.270604
0.02654
0.132876
0.02654
0.829676
0.02654
0.637134
2.0
0.829676
0.650062
0.146412
0.15353
0.146412
0.27272
0.146412
0.02654
0.146412
0.02654
0.132876
0.02654
0.146412
0.02654
0.146412
0.27272
0.146412
0.27272
0.15035
0.15353
0.15035
0.02654
0.15035
0.02654
0.132876
0.02654
0.15035
0.02654
0.15035
0.15353
0.15035
0.15353
0.294714
0.02654
0.270604
0.02654
0.132876
0.02654
0.82217
0.02654
0.637134
0.650062
0.82217
2.0
0.270604
2.0
0.132876
0.305428
0.294714
0.702472
0.294714
0.02654
0.294714
0.02654
0.132876
0.305428
0.270604
0.702472
0.270604
0.02654
0.270604
0.02654
0.132876
0.305428
0.132876
0.02654
0.132876
0.02654
0.637134
0.02654
2.0
0.02654
0.637134
0.650062
