0.522996
0.378944
0.081904
0.0182800000000001
0.522996
2.0
0.522996
0.273678
0.081904
0.0182800000000001
0.522996
2.0
0.522996
0.100694
0.522996
2.0
0.522996
2.0
0.522996
0.273678
0.522996
0.988674
0.522996
2.0
0.081904
0.0460280000000001
0.0158199999999999
0.378944
0.522996
0.378944
0.081904
0.0460280000000001
0.522996
2.0
0.522996
0.375298
0.522996
0.273678
0.081904
0.0182800000000001
0.081904
0.0285080000000001
0.522996
0.378944
0.522996
0.375298
0.081904
0.0460280000000001
0.081904
0.0182800000000001
0.081904
0.0285080000000001
0.28686
2.0
0.081904
0.0460280000000001
0.081904
0.0460280000000001
0.365858
2.0
0.081904
0.0182800000000001
0.0158199999999999
0.25836
0.522996
0.378944
0.081904
0.0182800000000001
0.081904
0.0460280000000001
0.081904
0.0182800000000001
0.081904
0.0182800000000001
0.0158199999999999
0.378944
0.467578
0.0449360000000001
0.081904
0.0182800000000001
0.530626
0.378944
0.530626
0.273678
0.081904
0.0182800000000001
0.530626
0.378944
0.763786
0.100694
0.530626
0.378944
0.530626
0.378944
0.530626
0.273678
0.530626
0.378944
0.530626
0.378944
0.081904
0.0460280000000001
0.0158199999999999
0.552088
0.695864
0.552088
0.081904
0.0460280000000001
0.530626
0.378944
0.530626
0.375298
0.530626
0.273678
0.081904
0.0182800000000001
0.081904
0.0285080000000001
2.0
0.552088
0.530626
0.375298
0.081904
0.0460280000000001
0.081904
0.0182800000000001
0.081904
0.0285080000000001
0.28686
0.378944
0.081904
0.0460280000000001
0.081904
0.0460280000000001
0.365858
0.378944
0.081904
0.0182800000000001
0.0158199999999999
0.25836
0.695864
0.552088
0.081904
0.0182800000000001
0.081904
0.0460280000000001
0.081904
0.0182800000000001
0.081904
0.0182800000000001
0.0158199999999999
0.552088
0.467578
0.0449360000000001
0.081904
0.0182800000000001
0.081904
0.0182800000000001
2.0
0.248876
0.081904
0.0182800000000001
0.081904
0.0182800000000001
0.081904
0.0182800000000001
0.081904
0.0182800000000001
0.081904
0.0182800000000001
0.081904
0.0182800000000001
0.081904
0.0182800000000001
0.117512
0.0182800000000001
0.0158199999999999
0.0182800000000001
0.081904
0.0182800000000001
0.117512
0.0182800000000001
0.081904
0.0182800000000001
0.081904
0.0182800000000001
0.081904
0.0182800000000001
2.0
0.0460280000000001
0.117512
0.0182800000000001
0.081904
0.0182800000000001
0.081904
0.0182800000000001
0.117512
0.0182800000000001
2.0
0.0389320000000001
0.117512
0.0182800000000001
0.081904
0.0182800000000001
0.117512
0.0182800000000001
0.117512
0.0182800000000001
0.081904
0.0182800000000001
2.0
0.248876
0.0158199999999999
0.0182800000000001
0.081904
0.0182800000000001
2.0
0.0389320000000001
0.117512
0.0182800000000001
2.0
0.0389320000000001
2.0
0.049262
0.0158199999999999
0.0182800000000001
0.081904
0.0182800000000001
0.540798
0.273678
0.081904
0.0182800000000001
2.0
2.0
0.530626
0.100694
0.78329
2.0
2.0
2.0
0.540798
0.273678
0.853194
0.988674
2.0
2.0
0.081904
0.0460280000000001
0.0158199999999999
0.378944
0.530626
0.378944
0.081904
0.0460280000000001
2.0
2.0
0.540798
0.375298
0.540798
0.273678
0.081904
0.0182800000000001
0.081904
0.0285080000000001
0.530626
0.378944
0.540798
0.375298
0.081904
0.0460280000000001
0.081904
0.0182800000000001
0.081904
0.0285080000000001
0.28686
2.0
0.081904
0.0460280000000001
0.081904
0.0460280000000001
0.365858
2.0
0.081904
0.0182800000000001
0.0158199999999999
0.25836
0.530626
0.378944
0.081904
0.0182800000000001
0.081904
0.0460280000000001
0.081904
0.0182800000000001
0.081904
0.0182800000000001
0.0158199999999999
0.378944
0.467578
0.0449360000000001
0.081904
0.0182800000000001
0.540798
0.273678
0.530626
0.100694
0.540798
0.273678
0.540798
0.273678
0.65444
2.0
0.540798
0.273678
0.540798
0.273678
0.081904
0.0460280000000001
0.0158199999999999
0.273678
0.530626
0.273678
0.081904
0.0460280000000001
0.540798
0.273678
2.0
0.273678
0.65444
2.0
0.081904
0.0182800000000001
0.081904
0.0285080000000001
0.530626
0.273678
2.0
0.273678
0.081904
0.0460280000000001
0.081904
0.0182800000000001
0.081904
0.0285080000000001
0.28686
0.273678
0.081904
0.0460280000000001
0.081904
0.0460280000000001
0.365858
0.273678
0.081904
0.0182800000000001
0.0158199999999999
0.25836
0.530626
0.273678
0.081904
0.0182800000000001
0.081904
0.0460280000000001
0.081904
0.0182800000000001
0.081904
0.0182800000000001
0.0158199999999999
0.273678
0.467578
0.0449360000000001
0.081904
0.0182800000000001
0.081904
0.0182800000000001
0.081904
0.0182800000000001
0.081904
0.0182800000000001
0.081904
0.0182800000000001
0.081904
0.0182800000000001
0.081904
0.0182800000000001
0.117512
0.0182800000000001
0.0158199999999999
0.0182800000000001
0.081904
0.0182800000000001
0.117512
0.0182800000000001
0.081904
0.0182800000000001
0.081904
0.0182800000000001
0.081904
0.0182800000000001
2.0
0.0460280000000001
0.117512
0.0182800000000001
0.081904
0.0182800000000001
0.081904
0.0182800000000001
0.117512
0.0182800000000001
2.0
0.0389320000000001
0.117512
0.0182800000000001
0.081904
0.0182800000000001
0.117512
0.0182800000000001
0.117512
0.0182800000000001
0.081904
0.0182800000000001
2.0
0.98011
0.0158199999999999
0.0182800000000001
0.081904
0.0182800000000001
2.0
0.0389320000000001
0.117512
0.0182800000000001
2.0
0.0389320000000001
2.0
0.049262
0.0158199999999999
0.0182800000000001
0.081904
0.0182800000000001
0.530626
0.100694
0.78329
2.0
2.0
2.0
0.540798
0.273678
0.853194
0.988674
2.0
2.0
0.081904
0.0460280000000001
0.0158199999999999
0.378944
0.530626
0.378944
0.081904
0.0460280000000001
2.0
2.0
0.540798
0.375298
0.540798
0.273678
0.081904
0.0182800000000001
0.081904
0.0285080000000001
0.530626
0.378944
0.540798
0.375298
0.081904
0.0460280000000001
0.081904
0.0182800000000001
0.081904
0.0285080000000001
0.28686
2.0
0.081904
0.0460280000000001
0.081904
0.0460280000000001
0.365858
2.0
0.081904
0.0182800000000001
0.0158199999999999
0.25836
0.530626
0.378944
0.081904
0.0182800000000001
0.081904
0.0460280000000001
0.081904
0.0182800000000001
0.081904
0.0182800000000001
0.0158199999999999
0.378944
0.467578
0.0449360000000001
0.530626
0.100694
0.530626
0.100694
0.530626
0.100694
0.530626
0.100694
0.530626
0.100694
0.081904
0.0460280000000001
0.0158199999999999
0.100694
0.695864
0.100694
0.081904
0.0460280000000001
0.530626
0.100694
0.530626
0.100694
0.530626
0.100694
0.081904
0.0182800000000001
0.081904
0.0285080000000001
0.763786
0.100694
0.530626
0.100694
0.081904
0.0460280000000001
0.081904
0.0182800000000001
0.081904
0.0285080000000001
0.28686
0.100694
0.081904
0.0460280000000001
0.081904
0.0460280000000001
0.365858
0.100694
0.081904
0.0182800000000001
0.0158199999999999
0.100694
0.695864
0.100694
0.081904
0.0182800000000001
0.081904
0.0460280000000001
0.081904
0.0182800000000001
0.081904
0.0182800000000001
0.0158199999999999
0.100694
0.467578
0.0449360000000001
0.78329
2.0
0.540798
0.273678
0.78329
0.988674
0.78329
2.0
0.081904
0.0460280000000001
0.0158199999999999
0.378944
0.530626
0.378944
0.081904
0.0460280000000001
0.78329
2.0
0.540798
0.375298
0.540798
0.273678
0.081904
0.0182800000000001
0.081904
0.0285080000000001
0.530626
0.378944
0.540798
0.375298
0.081904
0.0460280000000001
0.081904
0.0182800000000001
0.081904
0.0285080000000001
0.28686
2.0
0.081904
0.0460280000000001
0.081904
0.0460280000000001
0.365858
2.0
0.081904
0.0182800000000001
0.0158199999999999
0.25836
0.530626
0.378944
0.081904
0.0182800000000001
0.081904
0.0460280000000001
0.081904
0.0182800000000001
0.081904
0.0182800000000001
0.0158199999999999
0.378944
0.467578
0.0449360000000001
0.540798
0.273678
0.853194
0.988674
2.0
2.0
0.081904
0.0460280000000001
0.0158199999999999
0.378944
0.530626
0.378944
0.081904
0.0460280000000001
2.0
2.0
0.540798
0.375298
0.540798
0.273678
0.081904
0.0182800000000001
0.081904
0.0285080000000001
0.530626
0.378944
0.540798
0.375298
0.081904
0.0460280000000001
0.081904
0.0182800000000001
0.081904
0.0285080000000001
0.28686
2.0
0.081904
0.0460280000000001
0.081904
0.0460280000000001
0.365858
2.0
0.081904
0.0182800000000001
0.0158199999999999
0.25836
0.530626
0.378944
0.081904
0.0182800000000001
0.081904
0.0460280000000001
0.081904
0.0182800000000001
0.081904
0.0182800000000001
0.0158199999999999
0.378944
0.467578
0.0449360000000001
0.540798
0.273678
0.540798
0.273678
0.081904
0.0460280000000001
0.0158199999999999
0.273678
0.530626
0.273678
0.081904
0.0460280000000001
0.540798
0.273678
0.65444
0.273678
2.0
2.0
0.081904
0.0182800000000001
0.081904
0.0285080000000001
0.530626
0.273678
0.65444
0.273678
0.081904
0.0460280000000001
0.081904
0.0182800000000001
0.081904
0.0285080000000001
0.28686
0.273678
0.081904
0.0460280000000001
0.081904
0.0460280000000001
0.365858
0.273678
0.081904
0.0182800000000001
0.0158199999999999
0.25836
0.530626
0.273678
0.081904
0.0182800000000001
0.081904
0.0460280000000001
0.081904
0.0182800000000001
0.081904
0.0182800000000001
0.0158199999999999
0.273678
0.467578
0.0449360000000001
0.853194
0.988674
0.081904
0.0460280000000001
0.0158199999999999
0.378944
0.530626
0.378944
0.081904
0.0460280000000001
0.853194
0.988674
0.540798
0.375298
0.540798
0.273678
0.081904
0.0182800000000001
0.081904
0.0285080000000001
0.530626
0.378944
0.540798
0.375298
0.081904
0.0460280000000001
0.081904
0.0182800000000001
0.081904
0.0285080000000001
0.28686
0.988674
0.081904
0.0460280000000001
0.081904
0.0460280000000001
0.365858
0.988674
0.081904
0.0182800000000001
0.0158199999999999
0.25836
0.530626
0.378944
0.081904
0.0182800000000001
0.081904
0.0460280000000001
0.081904
0.0182800000000001
0.081904
0.0182800000000001
0.0158199999999999
0.378944
0.467578
0.0449360000000001
0.081904
0.0460280000000001
0.0158199999999999
0.378944
0.530626
0.378944
0.081904
0.0460280000000001
2.0
2.0
0.540798
0.375298
0.540798
0.273678
0.081904
0.0182800000000001
0.081904
0.0285080000000001
0.530626
0.378944
0.540798
0.375298
0.081904
0.0460280000000001
0.081904
0.0182800000000001
0.081904
0.0285080000000001
0.28686
2.0
0.081904
0.0460280000000001
0.081904
0.0460280000000001
0.365858
2.0
0.081904
0.0182800000000001
0.0158199999999999
0.25836
0.530626
0.378944
0.081904
0.0182800000000001
0.081904
0.0460280000000001
0.081904
0.0182800000000001
0.081904
0.0182800000000001
0.0158199999999999
0.378944
0.467578
0.0449360000000001
0.0158199999999999
0.0460280000000001
0.081904
0.0460280000000001
0.35082
0.309638
0.081904
0.0460280000000001
0.081904
0.0460280000000001
0.081904
0.0460280000000001
0.117512
0.0182800000000001
0.35082
0.0285080000000001
0.081904
0.0460280000000001
0.081904
0.0460280000000001
0.35082
0.309638
0.117512
0.0182800000000001
0.35082
0.0285080000000001
0.081904
0.0460280000000001
0.400452
0.0755960000000001
0.35082
0.309638
0.081904
0.0460280000000001
0.117512
0.0182800000000001
0.0158199999999999
0.0460280000000001
0.081904
0.0460280000000001
0.117512
0.0182800000000001
0.480004
0.309638
0.117512
0.0182800000000001
0.117512
0.0182800000000001
0.0158199999999999
0.0460280000000001
0.081904
0.0449360000000001
0.0158199999999999
0.635844
0.0158199999999999
0.0460280000000001
0.0158199999999999
0.378944
0.0158199999999999
0.375298
0.0158199999999999
0.273678
0.0158199999999999
0.0182800000000001
0.0158199999999999
0.0285080000000001
0.0158199999999999
0.635844
0.0158199999999999
0.375298
0.0158199999999999
0.0460280000000001
0.0158199999999999
0.0182800000000001
0.0158199999999999
0.0285080000000001
0.0158199999999999
0.378944
0.0158199999999999
0.0460280000000001
0.0158199999999999
0.0460280000000001
0.0158199999999999
0.378944
0.0158199999999999
0.0182800000000001
2.0
0.25836
0.0158199999999999
0.635844
0.0158199999999999
0.0182800000000001
0.0158199999999999
0.0460280000000001
0.0158199999999999
0.0182800000000001
0.0158199999999999
0.0182800000000001
2.0
2.0
0.0158199999999999
0.0449360000000001
0.081904
0.0460280000000001
0.530626
0.378944
0.530626
0.375298
0.530626
0.273678
0.081904
0.0182800000000001
0.081904
0.0285080000000001
0.695864
2.0
0.530626
0.375298
0.081904
0.0460280000000001
0.081904
0.0182800000000001
0.081904
0.0285080000000001
0.28686
0.378944
0.081904
0.0460280000000001
0.081904
0.0460280000000001
0.365858
0.378944
0.081904
0.0182800000000001
0.0158199999999999
0.25836
2.0
2.0
0.081904
0.0182800000000001
0.081904
0.0460280000000001
0.081904
0.0182800000000001
0.081904
0.0182800000000001
0.0158199999999999
0.635844
0.467578
0.0449360000000001
0.081904
0.0460280000000001
0.081904
0.0460280000000001
0.081904
0.0460280000000001
0.117512
0.0182800000000001
0.397288
0.0285080000000001
0.081904
0.0460280000000001
0.081904
0.0460280000000001
2.0
2.0
0.117512
0.0182800000000001
0.397288
0.0285080000000001
0.081904
0.0460280000000001
0.35082
0.0755960000000001
0.397288
2.0
0.081904
0.0460280000000001
0.117512
0.0182800000000001
0.0158199999999999
0.0460280000000001
0.081904
0.0460280000000001
0.117512
0.0182800000000001
0.35082
0.526634
0.117512
0.0182800000000001
0.117512
0.0182800000000001
0.0158199999999999
0.0460280000000001
0.081904
0.0449360000000001
0.540798
0.375298
0.540798
0.273678
0.081904
0.0182800000000001
0.081904
0.0285080000000001
0.530626
0.378944
0.540798
0.375298
0.081904
0.0460280000000001
0.081904
0.0182800000000001
0.081904
0.0285080000000001
0.28686
2.0
0.081904
0.0460280000000001
0.081904
0.0460280000000001
0.365858
2.0
0.081904
0.0182800000000001
0.0158199999999999
0.25836
0.530626
0.378944
0.081904
0.0182800000000001
0.081904
0.0460280000000001
0.081904
0.0182800000000001
0.081904
0.0182800000000001
0.0158199999999999
0.378944
0.467578
0.0449360000000001
0.65444
0.273678
0.081904
0.0182800000000001
0.081904
0.0285080000000001
0.530626
0.375298
2.0
2.0
0.081904
0.0460280000000001
0.081904
0.0182800000000001
0.081904
0.0285080000000001
0.28686
0.375298
0.081904
0.0460280000000001
0.081904
0.0460280000000001
0.365858
0.375298
0.081904
0.0182800000000001
0.0158199999999999
0.25836
0.530626
0.375298
0.081904
0.0182800000000001
0.081904
0.0460280000000001
0.081904
0.0182800000000001
0.081904
0.0182800000000001
0.0158199999999999
0.375298
0.467578
0.0449360000000001
0.081904
0.0182800000000001
0.081904
0.0285080000000001
0.530626
0.273678
0.65444
0.273678
0.081904
0.0460280000000001
0.081904
0.0182800000000001
0.081904
0.0285080000000001
0.28686
0.273678
0.081904
0.0460280000000001
0.081904
0.0460280000000001
0.365858
0.273678
0.081904
0.0182800000000001
0.0158199999999999
0.25836
0.530626
0.273678
0.081904
0.0182800000000001
0.081904
0.0460280000000001
0.081904
0.0182800000000001
0.081904
0.0182800000000001
0.0158199999999999
0.273678
0.467578
0.0449360000000001
0.117512
0.0182800000000001
0.081904
0.0182800000000001
0.081904
0.0182800000000001
0.117512
0.0182800000000001
2.0
0.0389320000000001
0.117512
0.0182800000000001
0.081904
0.0182800000000001
0.117512
0.0182800000000001
0.117512
0.0182800000000001
0.081904
0.0182800000000001
2.0
0.0460280000000001
0.0158199999999999
0.0182800000000001
0.081904
0.0182800000000001
2.0
0.0389320000000001
0.117512
0.0182800000000001
2.0
0.0389320000000001
2.0
0.0460280000000001
0.0158199999999999
0.0182800000000001
0.081904
0.0182800000000001
0.081904
0.0285080000000001
0.081904
0.0285080000000001
0.397288
0.0285080000000001
0.117512
0.0182800000000001
2.0
2.0
0.081904
0.0285080000000001
0.35082
0.0285080000000001
0.400452
0.0285080000000001
0.081904
0.0285080000000001
0.117512
0.0182800000000001
0.0158199999999999
0.0285080000000001
0.081904
0.0285080000000001
0.117512
0.0182800000000001
0.35082
0.0285080000000001
0.117512
0.0182800000000001
0.117512
0.0182800000000001
0.0158199999999999
0.0285080000000001
0.081904
0.0285080000000001
0.530626
0.375298
0.081904
0.0460280000000001
0.081904
0.0182800000000001
0.081904
0.0285080000000001
0.28686
0.378944
0.081904
0.0460280000000001
0.081904
0.0460280000000001
0.365858
0.378944
0.081904
0.0182800000000001
0.0158199999999999
0.25836
0.695864
2.0
0.081904
0.0182800000000001
0.081904
0.0460280000000001
0.081904
0.0182800000000001
0.081904
0.0182800000000001
0.0158199999999999
0.635844
0.467578
0.0449360000000001
0.081904
0.0460280000000001
0.081904
0.0182800000000001
0.081904
0.0285080000000001
0.28686
0.375298
0.081904
0.0460280000000001
0.081904
0.0460280000000001
0.365858
0.375298
0.081904
0.0182800000000001
0.0158199999999999
0.25836
0.530626
0.375298
0.081904
0.0182800000000001
0.081904
0.0460280000000001
0.081904
0.0182800000000001
0.081904
0.0182800000000001
0.0158199999999999
0.375298
0.467578
0.0449360000000001
0.117512
0.0182800000000001
0.397288
0.0285080000000001
0.081904
0.0460280000000001
0.35082
0.0755960000000001
0.397288
2.0
0.081904
0.0460280000000001
0.117512
0.0182800000000001
0.0158199999999999
0.0460280000000001
0.081904
0.0460280000000001
0.117512
0.0182800000000001
0.35082
0.526634
0.117512
0.0182800000000001
0.117512
0.0182800000000001
0.0158199999999999
0.0460280000000001
0.081904
0.0449360000000001
0.117512
0.0182800000000001
0.081904
0.0182800000000001
0.117512
0.0182800000000001
0.117512
0.0182800000000001
0.081904
0.0182800000000001
2.0
0.0389320000000001
0.0158199999999999
0.0182800000000001
0.081904
0.0182800000000001
2.0
2.0
0.117512
0.0182800000000001
2.0
2.0
2.0
0.0389320000000001
0.0158199999999999
0.0182800000000001
0.081904
0.0182800000000001
0.081904
0.0285080000000001
0.35082
0.0285080000000001
0.400452
0.0285080000000001
0.081904
0.0285080000000001
0.117512
0.0182800000000001
0.0158199999999999
0.0285080000000001
0.081904
0.0285080000000001
0.117512
0.0182800000000001
0.35082
0.0285080000000001
0.117512
0.0182800000000001
0.117512
0.0182800000000001
0.0158199999999999
0.0285080000000001
0.081904
0.0285080000000001
0.081904
0.0460280000000001
0.081904
0.0460280000000001
0.28686
2.0
0.081904
0.0182800000000001
0.0158199999999999
0.25836
0.28686
0.378944
0.081904
0.0182800000000001
0.081904
0.0460280000000001
0.081904
0.0182800000000001
0.081904
0.0182800000000001
0.0158199999999999
0.378944
0.28686
0.0449360000000001
0.35082
0.0755960000000001
0.081904
0.0460280000000001
0.117512
0.0182800000000001
0.0158199999999999
0.0460280000000001
0.081904
0.0460280000000001
0.117512
0.0182800000000001
0.400452
0.0755960000000001
0.117512
0.0182800000000001
0.117512
0.0182800000000001
0.0158199999999999
0.0460280000000001
0.081904
0.0449360000000001
0.081904
0.0460280000000001
0.117512
0.0182800000000001
0.0158199999999999
0.0460280000000001
0.081904
0.0460280000000001
0.117512
0.0182800000000001
0.35082
0.526634
0.117512
0.0182800000000001
0.117512
0.0182800000000001
0.0158199999999999
0.0460280000000001
0.081904
0.0449360000000001
0.081904
0.0182800000000001
0.0158199999999999
0.25836
0.365858
0.378944
0.081904
0.0182800000000001
0.081904
0.0460280000000001
0.081904
0.0182800000000001
0.081904
0.0182800000000001
0.0158199999999999
0.378944
0.365858
0.0449360000000001
0.0158199999999999
0.0182800000000001
0.081904
0.0182800000000001
2.0
0.0389320000000001
0.117512
0.0182800000000001
2.0
0.0389320000000001
2.0
0.049262
0.0158199999999999
0.0182800000000001
0.081904
0.0182800000000001
0.0158199999999999
0.25836
0.0158199999999999
0.0182800000000001
0.0158199999999999
0.0460280000000001
0.0158199999999999
0.0182800000000001
0.0158199999999999
0.0182800000000001
2.0
0.25836
0.0158199999999999
0.0449360000000001
0.081904
0.0182800000000001
0.081904
0.0460280000000001
0.081904
0.0182800000000001
0.081904
0.0182800000000001
0.0158199999999999
0.635844
0.467578
0.0449360000000001
0.117512
0.0182800000000001
2.0
2.0
2.0
0.0389320000000001
0.0158199999999999
0.0182800000000001
0.081904
0.0182800000000001
0.117512
0.0182800000000001
0.117512
0.0182800000000001
0.0158199999999999
0.0460280000000001
0.081904
0.0449360000000001
2.0
0.0389320000000001
0.0158199999999999
0.0182800000000001
0.081904
0.0182800000000001
0.0158199999999999
0.0182800000000001
0.081904
0.0182800000000001
0.0158199999999999
0.0449360000000001
