0.1508
0.333688
0.1508
0.180604
0.122702
0.333688
0.1508
0.092098
0.1508
0.333688
0.1508
0.333688
0.1508
0.138302
0.1508
0.333688
0.079232
0.092098
0.1508
0.333688
0.1508
0.333688
0.1508
0.092098
0.1508
0.333688
0.1508
0.333688
0.1508
0.333688
0.1508
0.333688
0.1508
0.102486
0.1508
0.180604
0.1508
0.333688
0.1508
0.333688
0.1508
0.242106
0.1508
0.092098
0.1508
0.180604
0.1508
0.242812
0.1508
0.279002
0.1508
0.333688
0.1508
0.333688
2.0
0.121548
0.1508
0.333688
0.079232
0.092098
0.1508
0.333688
0.1508
0.333688
0.1508
0.333688
0.1508
0.333688
0.1508
0.333688
0.1508
0.333688
0.1508
0.242106
2.0
0.333688
0.1508
0.333688
0.790688
0.180604
0.122702
0.347186
0.516746
0.092098
2.0
0.347186
0.454462
0.347186
2.0
0.138302
0.789466
0.347186
0.079232
0.092098
2.0
0.347186
0.229834
0.347186
2.0
0.092098
0.516746
0.347186
0.715076
0.347186
0.984624
0.347186
2.0
0.347186
0.341322
0.102486
0.790688
0.180604
0.715076
0.347186
0.790688
0.347186
2.0
0.242106
0.84305
0.092098
0.790688
0.180604
0.993512
0.242812
0.715076
0.279002
0.84305
0.347186
2.0
0.347186
0.1508
0.121548
0.783052
0.347186
0.079232
0.092098
0.516746
0.347186
2.0
0.347186
0.516746
0.347186
0.790688
0.347186
2.0
0.347186
2.0
0.347186
2.0
0.242106
0.1508
0.347186
0.454462
0.347186
0.122702
0.180604
0.516746
0.092098
0.790688
0.180604
0.454462
0.180604
0.790688
0.138302
0.789466
0.180604
0.079232
0.092098
0.790688
0.180604
0.229834
0.180604
0.790688
0.092098
0.516746
0.180604
0.715076
0.180604
0.790688
0.180604
0.790688
0.180604
0.341322
0.102486
2.0
2.0
0.715076
0.180604
2.0
0.180604
0.790688
0.180604
0.790688
0.092098
2.0
2.0
0.790688
0.180604
0.715076
0.180604
0.790688
0.180604
0.790688
0.180604
0.1508
0.121548
0.783052
0.180604
0.079232
0.092098
0.516746
0.180604
0.790688
0.180604
0.516746
0.180604
2.0
0.180604
0.790688
0.180604
0.790688
0.180604
0.790688
0.180604
0.1508
0.180604
0.454462
0.180604
0.122702
0.092098
0.122702
0.55998
0.122702
0.638558
0.122702
0.138302
0.122702
0.638558
0.079232
0.092098
0.122702
0.55998
0.122702
0.638558
0.122702
0.092098
0.122702
0.638558
0.122702
0.638558
0.122702
0.638558
0.122702
0.638558
0.122702
0.102486
0.122702
0.180604
0.122702
0.638558
0.122702
0.638558
0.122702
0.242106
0.122702
0.092098
0.122702
0.180604
0.122702
0.242812
0.122702
0.279002
0.122702
0.638558
0.122702
0.55998
0.122702
0.121548
0.122702
0.638558
0.079232
0.092098
0.122702
0.638558
0.122702
0.638558
0.122702
0.638558
0.122702
0.638558
0.122702
0.638558
0.122702
0.638558
0.122702
0.242106
0.122702
0.638558
0.122702
0.638558
0.516746
0.092098
0.454462
0.092098
0.516746
0.092098
0.516746
0.092098
0.079232
0.467214
0.516746
0.092098
0.229834
0.092098
0.516746
0.631466
0.516976
0.092098
0.516746
0.092098
0.516746
0.092098
0.516746
0.092098
0.341322
0.092098
0.516746
0.092098
0.516746
0.092098
0.516746
0.092098
0.516746
0.092098
0.516746
0.631466
0.516746
0.092098
0.516746
0.092098
0.516746
0.092098
0.516746
0.092098
0.516746
0.092098
0.1508
0.092098
0.516746
0.092098
0.079232
0.467214
0.516976
0.092098
0.516746
0.092098
0.516976
0.092098
0.516746
0.092098
0.516746
0.092098
0.516746
0.092098
0.516746
0.092098
0.1508
0.092098
0.454462
0.092098
0.454462
0.55998
2.0
0.138302
0.789466
0.55998
0.079232
0.092098
2.0
2.0
0.229834
0.55998
2.0
0.092098
0.516746
0.55998
0.715076
0.55998
0.984624
0.55998
2.0
0.55998
0.341322
0.102486
0.790688
0.180604
0.715076
0.55998
0.790688
0.55998
2.0
0.242106
0.84305
0.092098
0.790688
0.180604
0.993512
0.242812
0.715076
0.279002
0.84305
0.55998
2.0
2.0
0.1508
0.121548
0.783052
0.55998
0.079232
0.092098
0.516746
0.55998
2.0
0.55998
0.516746
0.55998
0.790688
0.55998
2.0
0.55998
2.0
0.55998
2.0
0.242106
0.1508
0.55998
0.454462
0.55998
0.454462
0.138302
0.454462
2.0
0.079232
0.092098
0.454462
0.55998
0.229834
2.0
0.454462
0.092098
0.454462
0.920048
0.454462
0.690682
0.454462
0.920048
0.454462
2.0
0.341322
0.102486
0.454462
0.180604
0.454462
0.690682
0.454462
0.938994
0.454462
0.242106
0.454462
0.092098
0.454462
0.180604
0.454462
0.242812
0.454462
0.279002
0.454462
2.0
0.454462
0.55998
0.1508
0.121548
0.454462
2.0
0.079232
0.092098
0.454462
0.920048
0.454462
2.0
0.454462
0.920048
0.454462
0.938994
0.454462
2.0
0.454462
2.0
0.454462
0.242106
0.1508
2.0
2.0
2.0
0.789466
0.138302
0.079232
0.092098
2.0
0.138302
0.229834
0.138302
2.0
0.092098
0.516746
0.138302
0.715076
0.138302
0.984624
0.138302
2.0
0.138302
0.341322
0.102486
0.790688
0.138302
0.715076
0.138302
0.790688
0.138302
2.0
0.138302
0.84305
0.092098
0.790688
0.138302
0.993512
0.138302
0.715076
0.138302
0.84305
0.138302
2.0
0.138302
0.1508
0.121548
0.783052
0.138302
0.079232
0.092098
0.516746
0.138302
2.0
0.138302
0.516746
0.138302
0.790688
0.138302
2.0
0.138302
2.0
0.138302
2.0
0.138302
0.1508
0.138302
0.454462
0.138302
0.079232
0.092098
0.789466
0.55998
0.229834
2.0
0.789466
0.092098
0.516746
0.920048
0.715076
0.690682
0.789466
0.920048
0.789466
2.0
0.341322
0.102486
0.789466
0.180604
0.715076
0.690682
0.789466
0.938994
0.789466
0.242106
0.789466
0.092098
0.789466
0.180604
0.789466
0.242812
0.715076
0.279002
0.789466
2.0
0.789466
0.55998
0.1508
0.121548
0.783052
2.0
0.079232
0.092098
0.516746
0.920048
0.789466
2.0
0.516746
0.920048
0.789466
0.938994
0.789466
2.0
0.789466
2.0
0.789466
0.242106
0.1508
2.0
0.454462
2.0
0.079232
0.092098
0.079232
0.092098
0.079232
0.467214
0.079232
0.092098
0.079232
0.092098
0.079232
0.092098
0.079232
0.092098
0.079232
0.092098
0.079232
0.092098
0.079232
0.092098
0.079232
0.092098
0.079232
0.092098
0.079232
0.467214
0.079232
0.092098
0.079232
0.092098
0.079232
0.092098
0.079232
0.092098
0.079232
0.092098
0.079232
0.092098
0.079232
0.092098
0.795594
2.0
0.079232
0.092098
0.079232
0.092098
0.079232
0.092098
0.079232
0.092098
0.079232
0.092098
0.079232
0.092098
0.079232
0.092098
0.079232
0.092098
0.079232
0.092098
0.229834
0.55998
2.0
0.092098
0.516746
0.55998
0.715076
0.55998
0.984624
0.55998
2.0
0.55998
0.341322
0.102486
0.790688
0.180604
0.715076
0.55998
0.790688
0.55998
2.0
0.242106
0.84305
0.092098
0.790688
0.180604
0.993512
0.242812
0.715076
0.279002
0.84305
0.55998
2.0
2.0
0.1508
0.121548
0.783052
0.55998
0.079232
0.092098
0.516746
0.55998
2.0
0.55998
0.516746
0.55998
0.790688
0.55998
2.0
0.55998
2.0
0.55998
2.0
0.242106
0.1508
0.55998
0.454462
0.55998
0.229834
0.092098
0.229834
0.920048
0.229834
0.690682
0.229834
0.920048
0.229834
2.0
0.229834
0.102486
0.229834
0.180604
0.229834
0.690682
0.229834
0.938994
0.229834
0.242106
0.229834
0.092098
0.229834
0.180604
0.229834
0.242812
0.229834
0.279002
0.229834
2.0
0.229834
0.55998
0.1508
0.121548
0.229834
2.0
0.079232
0.092098
0.229834
0.920048
0.229834
2.0
0.229834
0.920048
0.229834
0.938994
0.229834
2.0
0.229834
2.0
0.229834
0.242106
0.1508
2.0
0.229834
2.0
0.516746
0.092098
0.715076
0.092098
0.984624
0.092098
2.0
0.092098
0.341322
0.092098
0.790688
0.092098
0.715076
0.092098
0.790688
0.092098
2.0
0.092098
0.84305
2.0
0.790688
0.092098
0.993512
0.092098
0.715076
0.092098
0.84305
0.092098
2.0
0.092098
0.1508
0.092098
0.783052
0.092098
0.079232
0.467214
0.516746
0.092098
2.0
0.092098
0.516746
0.092098
0.790688
0.092098
2.0
0.092098
2.0
0.092098
2.0
0.092098
0.1508
0.092098
0.454462
0.092098
0.516746
0.690682
0.516746
2.0
0.516746
0.920048
0.341322
0.102486
0.516746
0.180604
0.516746
0.690682
0.516746
0.920048
0.516746
0.242106
0.516746
0.092098
0.516746
0.180604
0.516746
0.242812
0.516746
0.279002
0.516746
0.920048
0.516746
0.55998
0.1508
0.121548
0.516746
0.920048
0.079232
0.092098
2.0
2.0
0.516746
0.920048
2.0
2.0
0.516746
0.920048
0.516746
0.920048
0.516746
0.920048
0.516746
0.242106
0.1508
0.920048
0.454462
0.920048
0.715076
0.690682
0.715076
0.690682
0.341322
0.102486
0.715076
0.180604
2.0
2.0
0.715076
0.690682
0.715076
0.242106
0.715076
0.092098
0.715076
0.180604
0.715076
0.242812
2.0
0.279002
0.715076
0.690682
0.715076
0.55998
0.1508
0.121548
0.715076
0.690682
0.079232
0.092098
0.516746
0.690682
0.715076
0.690682
0.516746
0.690682
0.715076
0.690682
0.715076
0.690682
0.715076
0.690682
0.715076
0.242106
0.1508
0.690682
0.454462
0.690682
0.984624
0.920048
0.341322
0.102486
0.790688
0.180604
0.715076
0.690682
0.790688
0.920048
0.984624
0.242106
0.84305
0.092098
0.790688
0.180604
0.984624
0.242812
0.715076
0.279002
0.84305
0.920048
0.984624
0.55998
0.1508
0.121548
0.783052
0.920048
0.079232
0.092098
0.516746
2.0
0.984624
0.920048
0.516746
2.0
0.790688
0.920048
0.984624
0.920048
0.984624
0.920048
0.984624
0.242106
0.1508
0.920048
0.454462
0.920048
0.341322
0.102486
0.790688
0.180604
0.715076
0.690682
0.790688
0.938994
2.0
0.242106
0.84305
0.092098
0.790688
0.180604
0.993512
0.242812
0.715076
0.279002
0.84305
2.0
2.0
0.55998
0.1508
0.121548
0.783052
2.0
0.079232
0.092098
0.516746
0.920048
2.0
2.0
0.516746
0.920048
0.790688
0.938994
2.0
2.0
2.0
2.0
2.0
0.242106
0.1508
2.0
0.454462
2.0
0.341322
0.102486
0.341322
0.102486
0.341322
0.102486
0.341322
0.102486
0.341322
0.092098
0.341322
0.102486
0.341322
0.102486
0.341322
0.102486
0.341322
0.102486
0.341322
0.102486
0.1508
0.102486
0.341322
0.102486
0.079232
0.092098
0.341322
0.102486
0.341322
0.102486
0.341322
0.102486
0.341322
0.102486
0.341322
0.102486
0.341322
0.102486
0.341322
0.102486
0.1508
0.102486
0.341322
0.102486
0.715076
0.180604
2.0
0.180604
0.790688
0.180604
0.790688
0.092098
2.0
2.0
0.790688
0.180604
0.715076
0.180604
0.790688
0.180604
0.790688
0.180604
0.1508
0.121548
0.783052
0.180604
0.079232
0.092098
0.516746
0.180604
0.790688
0.180604
0.516746
0.180604
2.0
0.180604
0.790688
0.180604
0.790688
0.180604
0.790688
0.180604
0.1508
0.180604
0.454462
0.180604
0.715076
0.690682
0.715076
0.242106
0.715076
0.092098
0.715076
0.180604
0.715076
0.242812
2.0
0.279002
0.715076
0.690682
0.715076
0.55998
0.1508
0.121548
0.715076
0.690682
0.079232
0.092098
0.516746
0.690682
0.715076
0.690682
0.516746
0.690682
0.715076
0.690682
0.715076
0.690682
0.715076
0.690682
0.715076
0.242106
0.1508
0.690682
0.454462
0.690682
0.790688
0.242106
0.790688
0.092098
2.0
0.180604
0.790688
0.242812
0.715076
0.279002
0.790688
0.938994
0.790688
0.55998
0.1508
0.121548
0.783052
0.938994
0.079232
0.092098
0.516746
0.920048
0.790688
0.938994
0.516746
0.920048
2.0
2.0
0.790688
0.938994
0.790688
0.938994
0.790688
0.242106
0.1508
0.938994
0.454462
0.938994
0.84305
0.092098
0.790688
0.180604
0.993512
0.242106
0.715076
0.242106
0.84305
0.242106
2.0
0.242106
0.1508
0.121548
0.783052
0.242106
0.079232
0.092098
0.516746
0.242106
2.0
0.242106
0.516746
0.242106
0.790688
0.242106
2.0
0.242106
2.0
0.242106
2.0
2.0
0.1508
0.242106
0.454462
0.242106
0.790688
0.092098
0.84305
0.092098
0.715076
0.092098
0.859414
0.092098
0.84305
0.092098
0.1508
0.092098
0.783052
0.092098
0.079232
0.467214
0.516746
0.092098
0.84305
0.092098
0.516746
0.092098
0.790688
0.092098
0.84305
0.092098
0.84305
0.092098
0.84305
0.092098
0.1508
0.092098
0.454462
0.092098
0.790688
0.180604
0.715076
0.180604
0.790688
0.180604
0.790688
0.180604
0.1508
0.121548
0.783052
0.180604
0.079232
0.092098
0.516746
0.180604
0.790688
0.180604
0.516746
0.180604
2.0
0.180604
0.790688
0.180604
0.790688
0.180604
0.790688
0.180604
0.1508
0.180604
0.454462
0.180604
0.715076
0.242812
0.84305
0.242812
0.993512
0.242812
0.1508
0.121548
0.783052
0.242812
0.079232
0.092098
0.516746
0.242812
0.993512
0.242812
0.516746
0.242812
0.790688
0.242812
0.993512
0.242812
0.993512
0.242812
0.993512
0.242106
0.1508
0.242812
0.454462
0.242812
0.715076
0.279002
0.715076
0.279002
0.1508
0.121548
0.715076
0.279002
0.079232
0.092098
0.516746
0.279002
0.715076
0.279002
0.516746
0.279002
0.715076
0.279002
0.715076
0.279002
0.715076
0.279002
0.715076
0.242106
0.1508
0.279002
0.454462
0.279002
0.84305
0.55998
0.1508
0.121548
0.783052
2.0
0.079232
0.092098
0.516746
0.920048
0.84305
2.0
0.516746
0.920048
0.790688
0.938994
0.84305
2.0
0.84305
2.0
0.84305
0.242106
0.1508
2.0
0.454462
2.0
0.1508
0.121548
0.783052
0.55998
0.079232
0.092098
0.516746
0.55998
2.0
0.55998
0.516746
0.55998
0.790688
0.55998
2.0
0.55998
2.0
0.55998
2.0
0.242106
0.1508
0.55998
0.454462
0.55998
0.1508
0.121548
0.079232
0.092098
0.1508
0.121548
0.1508
0.121548
0.1508
0.121548
0.1508
0.121548
0.1508
0.121548
0.1508
0.121548
0.1508
0.121548
2.0
0.121548
0.1508
0.121548
0.079232
0.092098
0.516746
0.920048
0.783052
2.0
0.516746
0.920048
0.783052
0.938994
0.783052
2.0
0.783052
2.0
0.783052
0.242106
0.1508
2.0
0.454462
2.0
0.079232
0.092098
0.079232
0.092098
0.079232
0.092098
0.079232
0.092098
0.079232
0.092098
0.079232
0.092098
0.079232
0.092098
0.079232
0.092098
0.079232
0.092098
0.516746
0.920048
2.0
2.0
0.516746
0.920048
0.516746
0.920048
0.516746
0.920048
0.516746
0.242106
0.1508
0.920048
0.454462
0.920048
0.516746
0.920048
0.790688
0.938994
2.0
2.0
2.0
2.0
2.0
0.242106
0.1508
2.0
0.454462
2.0
0.516746
0.920048
0.516746
0.920048
0.516746
0.920048
0.516746
0.242106
0.1508
0.920048
0.454462
0.920048
0.790688
0.938994
0.790688
0.938994
0.790688
0.242106
0.1508
0.938994
0.454462
0.938994
2.0
2.0
2.0
0.242106
0.1508
2.0
0.454462
2.0
2.0
0.242106
0.1508
2.0
0.454462
2.0
0.1508
0.242106
0.454462
0.242106
0.1508
2.0
