0.397888
0.90795
0.273158
0.315864
0.273158
0.560086
0.273158
0.102656
0.0523039999999999
0.560086
0.382458
0.560086
0.273158
0.228904
0.382458
0.560086
0.273158
0.102656
0.273158
0.560086
0.273158
0.3712
0.273158
0.560086
0.273158
0.517594
0.273158
0.560086
0.382458
2.0
0.0523039999999999
0.560086
0.273158
0.560086
0.397888
0.90795
0.273158
0.263094
0.273158
0.3712
0.273158
0.102656
0.142136
0.0736420000000001
0.273158
0.422678
0.0523039999999999
0.560086
0.142136
0.0736420000000001
0.382458
0.324998
0.072872
0.263094
0.273158
0.560086
0.0694360000000001
0.3712
0.0662019999999999
0.560086
0.273158
0.560086
0.273158
0.3712
0.382458
0.350694
0.273158
0.210074
0.273158
0.560086
0.273158
0.102656
0.273158
0.228904
0.0523039999999999
0.560086
0.273158
0.560086
0.273158
0.315864
0.273158
0.560086
0.273158
0.102656
0.0523039999999999
0.560086
0.382458
0.560086
0.273158
0.228904
0.382458
0.560086
0.273158
0.102656
0.273158
0.560086
0.273158
0.3712
0.273158
0.560086
0.273158
0.517594
0.273158
0.560086
0.382458
0.90795
0.0523039999999999
0.560086
0.273158
0.560086
2.0
2.0
0.273158
0.263094
0.273158
0.3712
0.273158
0.102656
0.142136
0.0736420000000001
0.273158
0.422678
0.0523039999999999
0.560086
0.142136
0.0736420000000001
0.382458
0.324998
0.072872
0.263094
0.273158
0.560086
0.0694360000000001
0.3712
0.0662019999999999
0.560086
0.273158
0.560086
0.273158
0.3712
0.382458
0.350694
0.273158
0.210074
0.273158
0.560086
0.273158
0.102656
0.273158
0.228904
0.0523039999999999
0.560086
0.273158
0.560086
0.715302
0.315864
0.976622
0.102656
0.0523039999999999
0.315864
0.273158
0.315864
0.510456
0.228904
0.273158
0.315864
0.585172
0.102656
0.715302
0.315864
0.510456
0.315864
0.510456
0.315864
0.48431
0.315864
0.510456
0.315864
0.273158
0.315864
0.0523039999999999
0.315864
0.715302
0.315864
0.273158
0.315864
0.510456
0.263094
0.510456
0.315864
0.976622
0.102656
0.142136
0.0736420000000001
0.510456
0.315864
0.0523039999999999
0.315864
0.142136
0.0736420000000001
0.273158
0.315864
0.072872
0.263094
0.715302
0.315864
0.0694360000000001
0.315864
0.0662019999999999
0.315864
0.715302
0.315864
0.510456
0.315864
0.273158
0.315864
0.510456
0.210074
0.510456
0.315864
0.585172
0.102656
0.510456
0.228904
0.0523039999999999
0.315864
0.715302
0.315864
0.715302
0.102656
0.0523039999999999
2.0
0.273158
2.0
0.510456
0.228904
0.273158
2.0
0.585172
0.102656
2.0
2.0
0.510456
0.3712
0.510456
2.0
0.48431
0.517594
0.510456
2.0
0.273158
0.560086
0.0523039999999999
2.0
2.0
2.0
0.273158
0.560086
0.510456
0.263094
0.510456
0.3712
0.715302
0.102656
0.142136
0.0736420000000001
0.510456
0.422678
0.0523039999999999
2.0
0.142136
0.0736420000000001
0.273158
0.324998
0.072872
0.263094
2.0
2.0
0.0694360000000001
0.3712
0.0662019999999999
2.0
2.0
0.770374
0.510456
0.3712
0.273158
0.350694
0.510456
0.210074
0.510456
2.0
0.585172
0.102656
0.510456
0.228904
0.0523039999999999
2.0
2.0
2.0
0.0523039999999999
0.102656
0.273158
0.102656
0.510456
0.102656
0.273158
0.102656
0.585172
2.0
0.715302
0.102656
0.510456
0.102656
0.510456
0.102656
0.48431
0.102656
0.510456
0.102656
0.273158
0.102656
0.0523039999999999
0.102656
0.715302
0.102656
0.273158
0.102656
0.510456
0.102656
0.510456
0.102656
2.0
2.0
0.142136
0.0736420000000001
0.510456
0.102656
0.0523039999999999
0.102656
0.142136
0.0736420000000001
0.273158
0.102656
0.072872
0.102656
0.715302
0.102656
0.0694360000000001
0.102656
0.0662019999999999
0.102656
0.715302
0.102656
0.510456
0.102656
0.273158
0.102656
0.510456
0.102656
0.510456
0.102656
0.585172
2.0
0.510456
0.102656
0.0523039999999999
0.102656
0.715302
0.102656
0.0523039999999999
2.0
0.0523039999999999
0.228904
0.0523039999999999
2.0
0.0523039999999999
0.102656
0.0523039999999999
2.0
0.0523039999999999
0.3712
0.0523039999999999
2.0
0.0523039999999999
0.517594
0.0523039999999999
2.0
0.0523039999999999
0.560086
2.0
2.0
0.0523039999999999
2.0
0.0523039999999999
0.560086
0.0523039999999999
0.263094
0.0523039999999999
0.3712
0.0523039999999999
0.102656
0.0523039999999999
0.0736420000000001
0.0523039999999999
0.422678
0.135814
2.0
0.0523039999999999
0.0736420000000001
0.0523039999999999
0.324998
0.0523039999999999
0.263094
0.0523039999999999
2.0
0.0523039999999999
0.3712
0.0523039999999999
2.0
0.0523039999999999
0.770374
0.0523039999999999
0.3712
0.0523039999999999
0.350694
0.0523039999999999
0.210074
0.0523039999999999
2.0
0.0523039999999999
0.102656
0.0523039999999999
0.228904
2.0
2.0
0.0523039999999999
2.0
0.273158
0.228904
2.0
2.0
0.273158
0.102656
0.273158
2.0
0.273158
0.3712
0.273158
2.0
0.273158
0.517594
0.273158
2.0
2.0
0.560086
0.0523039999999999
2.0
0.273158
2.0
0.382458
0.560086
0.273158
0.263094
0.273158
0.3712
0.273158
0.102656
0.142136
0.0736420000000001
0.273158
0.422678
0.0523039999999999
2.0
0.142136
0.0736420000000001
2.0
0.324998
0.072872
0.263094
0.273158
2.0
0.0694360000000001
0.3712
0.0662019999999999
2.0
0.273158
0.770374
0.273158
0.3712
2.0
0.350694
0.273158
0.210074
0.273158
2.0
0.273158
0.102656
0.273158
0.228904
0.0523039999999999
2.0
0.273158
2.0
0.273158
0.228904
0.510456
0.102656
0.510456
0.228904
0.716652
0.228904
0.514156
0.228904
0.48431
0.228904
0.514156
0.228904
0.273158
0.228904
0.0523039999999999
0.228904
0.510456
0.228904
0.273158
0.228904
0.617474
0.228904
0.64798
0.228904
0.510456
0.102656
0.142136
0.0736420000000001
0.716652
0.228904
0.0523039999999999
0.228904
0.142136
0.0736420000000001
0.273158
0.228904
0.072872
0.228904
0.510456
0.228904
0.0694360000000001
0.228904
0.0662019999999999
0.228904
0.510456
0.228904
0.716652
0.228904
0.273158
0.228904
0.617474
0.210074
0.716652
0.228904
0.510456
0.102656
0.716652
2.0
0.0523039999999999
0.228904
0.510456
0.228904
0.273158
0.102656
0.273158
2.0
0.273158
0.3712
0.273158
2.0
0.273158
0.517594
0.273158
2.0
2.0
0.560086
0.0523039999999999
2.0
0.273158
2.0
0.382458
0.560086
0.273158
0.263094
0.273158
0.3712
0.273158
0.102656
0.142136
0.0736420000000001
0.273158
0.422678
0.0523039999999999
2.0
0.142136
0.0736420000000001
2.0
0.324998
0.072872
0.263094
0.273158
2.0
0.0694360000000001
0.3712
0.0662019999999999
2.0
0.273158
0.770374
0.273158
0.3712
2.0
0.350694
0.273158
0.210074
0.273158
2.0
0.273158
0.102656
0.273158
0.228904
0.0523039999999999
2.0
0.273158
2.0
0.585172
0.102656
0.510456
0.102656
0.510456
0.102656
0.48431
0.102656
0.510456
0.102656
0.273158
0.102656
0.0523039999999999
0.102656
0.585172
0.102656
0.273158
0.102656
0.510456
0.102656
0.510456
0.102656
0.585172
2.0
0.142136
0.0736420000000001
0.510456
0.102656
0.0523039999999999
0.102656
0.142136
0.0736420000000001
0.273158
0.102656
0.072872
0.102656
0.585172
0.102656
0.0694360000000001
0.102656
0.0662019999999999
0.102656
0.585172
0.102656
0.510456
0.102656
0.273158
0.102656
0.510456
0.102656
0.510456
0.102656
2.0
2.0
0.510456
0.102656
0.0523039999999999
0.102656
0.585172
0.102656
0.510456
0.3712
0.510456
2.0
0.48431
0.517594
0.510456
2.0
0.273158
0.560086
0.0523039999999999
2.0
2.0
2.0
0.273158
0.560086
0.510456
0.263094
0.510456
0.3712
0.715302
0.102656
0.142136
0.0736420000000001
0.510456
0.422678
0.0523039999999999
2.0
0.142136
0.0736420000000001
0.273158
0.324998
0.072872
0.263094
2.0
2.0
0.0694360000000001
0.3712
0.0662019999999999
2.0
2.0
0.770374
0.510456
0.3712
0.273158
0.350694
0.510456
0.210074
0.510456
2.0
0.585172
0.102656
0.510456
0.228904
0.0523039999999999
2.0
2.0
2.0
0.514156
0.3712
0.48431
0.3712
0.514156
0.3712
0.273158
0.3712
0.0523039999999999
0.3712
0.510456
0.3712
0.273158
0.3712
0.617474
0.263094
0.64798
2.0
0.510456
0.102656
0.142136
0.0736420000000001
2.0
0.3712
0.0523039999999999
0.3712
0.142136
0.0736420000000001
0.273158
0.324998
0.072872
0.263094
0.510456
0.3712
0.0694360000000001
2.0
0.0662019999999999
0.3712
0.510456
0.3712
2.0
2.0
0.273158
0.350694
0.617474
0.210074
2.0
0.3712
0.510456
0.102656
2.0
0.228904
0.0523039999999999
0.3712
0.510456
0.3712
0.48431
0.517594
0.972106
2.0
0.273158
0.560086
0.0523039999999999
2.0
0.510456
2.0
0.273158
0.560086
0.514156
0.263094
0.514156
0.3712
0.510456
0.102656
0.142136
0.0736420000000001
0.514156
0.422678
0.0523039999999999
2.0
0.142136
0.0736420000000001
0.273158
0.324998
0.072872
0.263094
0.510456
2.0
0.0694360000000001
0.3712
0.0662019999999999
2.0
0.510456
0.770374
0.514156
0.3712
0.273158
0.350694
0.514156
0.210074
0.514156
2.0
0.510456
0.102656
0.514156
0.228904
0.0523039999999999
2.0
0.510456
2.0
0.48431
0.517594
0.273158
0.517594
0.0523039999999999
0.517594
0.48431
0.517594
0.273158
0.517594
0.48431
0.263094
0.48431
0.3712
0.48431
0.102656
0.142136
0.0736420000000001
0.48431
0.422678
0.0523039999999999
0.517594
0.142136
0.0736420000000001
0.273158
0.324998
0.072872
0.263094
0.48431
0.517594
0.0694360000000001
0.3712
0.0662019999999999
0.517594
0.48431
0.517594
0.48431
0.3712
0.273158
0.350694
0.48431
0.210074
0.48431
0.517594
0.48431
0.102656
0.48431
0.228904
0.0523039999999999
0.517594
0.48431
0.517594
0.273158
0.560086
0.0523039999999999
2.0
0.510456
2.0
0.273158
0.560086
0.514156
0.263094
0.514156
0.3712
0.510456
0.102656
0.142136
0.0736420000000001
0.514156
0.422678
0.0523039999999999
2.0
0.142136
0.0736420000000001
0.273158
0.324998
0.072872
0.263094
0.510456
2.0
0.0694360000000001
0.3712
0.0662019999999999
2.0
0.510456
0.770374
0.514156
0.3712
0.273158
0.350694
0.514156
0.210074
0.514156
2.0
0.510456
0.102656
0.514156
0.228904
0.0523039999999999
2.0
0.510456
2.0
0.0523039999999999
0.560086
0.273158
0.560086
0.382458
0.90795
0.273158
0.263094
0.273158
0.3712
0.273158
0.102656
0.142136
0.0736420000000001
0.273158
0.422678
0.0523039999999999
0.560086
0.142136
0.0736420000000001
2.0
0.324998
0.072872
0.263094
0.273158
0.560086
0.0694360000000001
0.3712
0.0662019999999999
0.560086
0.273158
0.560086
0.273158
0.3712
2.0
0.350694
0.273158
0.210074
0.273158
0.560086
0.273158
0.102656
0.273158
0.228904
0.0523039999999999
0.560086
0.273158
0.560086
0.0523039999999999
2.0
0.0523039999999999
0.560086
0.0523039999999999
0.263094
0.0523039999999999
0.3712
0.0523039999999999
0.102656
0.0523039999999999
0.0736420000000001
0.0523039999999999
0.422678
0.135814
2.0
0.0523039999999999
0.0736420000000001
0.0523039999999999
0.324998
0.0523039999999999
0.263094
0.0523039999999999
2.0
0.0523039999999999
0.3712
0.0523039999999999
2.0
0.0523039999999999
0.770374
0.0523039999999999
0.3712
0.0523039999999999
0.350694
0.0523039999999999
0.210074
0.0523039999999999
2.0
0.0523039999999999
0.102656
0.0523039999999999
0.228904
2.0
2.0
0.0523039999999999
2.0
0.273158
0.560086
0.510456
0.263094
0.510456
0.3712
0.715302
0.102656
0.142136
0.0736420000000001
0.510456
0.422678
0.0523039999999999
2.0
0.142136
0.0736420000000001
0.273158
0.324998
0.072872
0.263094
2.0
2.0
0.0694360000000001
0.3712
0.0662019999999999
2.0
2.0
0.770374
0.510456
0.3712
0.273158
0.350694
0.510456
0.210074
0.510456
2.0
0.585172
0.102656
0.510456
0.228904
0.0523039999999999
2.0
2.0
2.0
0.273158
0.263094
0.273158
0.3712
0.273158
0.102656
0.142136
0.0736420000000001
0.273158
0.422678
0.0523039999999999
0.560086
0.142136
0.0736420000000001
0.382458
0.324998
0.072872
0.263094
0.273158
0.560086
0.0694360000000001
0.3712
0.0662019999999999
0.560086
0.273158
0.560086
0.273158
0.3712
0.382458
0.350694
0.273158
0.210074
0.273158
0.560086
0.273158
0.102656
0.273158
0.228904
0.0523039999999999
0.560086
0.273158
0.560086
0.617474
0.263094
0.510456
0.102656
0.142136
0.0736420000000001
0.617474
0.263094
0.0523039999999999
0.263094
0.142136
0.0736420000000001
0.273158
0.263094
0.072872
0.926662
0.510456
0.263094
0.0694360000000001
0.263094
0.0662019999999999
0.263094
0.510456
0.263094
0.617474
0.263094
0.273158
0.263094
0.768098
0.210074
0.617474
0.263094
0.510456
0.102656
0.617474
0.228904
0.0523039999999999
0.263094
0.510456
0.263094
0.510456
0.102656
0.142136
0.0736420000000001
0.64798
0.3712
0.0523039999999999
0.3712
0.142136
0.0736420000000001
0.273158
0.324998
0.072872
0.263094
0.510456
0.3712
0.0694360000000001
2.0
0.0662019999999999
0.3712
0.510456
0.3712
0.64798
2.0
0.273158
0.350694
0.617474
0.210074
0.64798
0.3712
0.510456
0.102656
0.64798
0.228904
0.0523039999999999
0.3712
0.510456
0.3712
0.142136
0.0736420000000001
0.510456
0.102656
0.0523039999999999
0.102656
0.142136
0.0736420000000001
0.273158
0.102656
0.072872
0.102656
0.715302
0.102656
0.0694360000000001
0.102656
0.0662019999999999
0.102656
0.715302
0.102656
0.510456
0.102656
0.273158
0.102656
0.510456
0.102656
0.510456
0.102656
0.585172
2.0
0.510456
0.102656
0.0523039999999999
0.102656
0.715302
0.102656
0.142136
0.0736420000000001
0.0523039999999999
0.0736420000000001
2.0
2.0
0.142136
0.0736420000000001
0.072872
0.0736420000000001
0.142136
0.0736420000000001
0.0694360000000001
0.0736420000000001
0.0662019999999999
0.0736420000000001
0.142136
0.0736420000000001
0.142136
0.0736420000000001
0.142136
0.0736420000000001
0.142136
0.0736420000000001
0.142136
0.0736420000000001
0.142136
0.0736420000000001
0.142136
0.0736420000000001
0.0523039999999999
0.0736420000000001
0.142136
0.0736420000000001
0.0523039999999999
0.422678
0.142136
0.0736420000000001
0.273158
0.324998
0.072872
0.263094
0.510456
0.422678
0.0694360000000001
0.3712
0.0662019999999999
0.422678
0.510456
0.422678
2.0
0.3712
0.273158
0.350694
0.617474
0.210074
2.0
0.422678
0.510456
0.102656
2.0
0.228904
0.0523039999999999
0.422678
0.510456
0.422678
0.0523039999999999
0.0736420000000001
0.0523039999999999
0.324998
0.0523039999999999
0.263094
0.0523039999999999
2.0
0.0523039999999999
0.3712
0.0523039999999999
2.0
0.0523039999999999
0.770374
0.0523039999999999
0.3712
0.0523039999999999
0.350694
0.0523039999999999
0.210074
0.0523039999999999
2.0
0.0523039999999999
0.102656
0.0523039999999999
0.228904
0.135814
2.0
0.0523039999999999
2.0
0.142136
0.0736420000000001
0.072872
0.0736420000000001
0.142136
0.0736420000000001
0.0694360000000001
0.0736420000000001
0.0662019999999999
0.0736420000000001
0.142136
0.0736420000000001
0.142136
0.0736420000000001
0.142136
0.0736420000000001
0.142136
0.0736420000000001
0.142136
0.0736420000000001
0.142136
0.0736420000000001
0.142136
0.0736420000000001
0.0523039999999999
0.0736420000000001
0.142136
0.0736420000000001
0.072872
0.263094
0.273158
0.324998
0.0694360000000001
0.324998
0.0662019999999999
0.324998
0.273158
0.324998
0.273158
0.324998
2.0
0.324998
0.273158
0.210074
0.273158
0.324998
0.273158
0.102656
0.273158
0.228904
0.0523039999999999
0.324998
0.273158
0.324998
0.072872
0.263094
0.0694360000000001
0.263094
0.0662019999999999
0.263094
0.072872
0.263094
0.072872
0.263094
0.072872
0.263094
0.072872
0.210074
0.072872
0.263094
0.072872
0.102656
0.072872
0.228904
0.0523039999999999
0.263094
0.072872
0.263094
0.0694360000000001
0.3712
0.0662019999999999
2.0
2.0
0.770374
0.510456
0.3712
0.273158
0.350694
0.510456
0.210074
0.510456
2.0
0.585172
0.102656
0.510456
0.228904
0.0523039999999999
2.0
2.0
2.0
0.0662019999999999
0.3712
0.0694360000000001
0.3712
0.0694360000000001
2.0
0.0694360000000001
0.350694
0.0694360000000001
0.210074
0.0694360000000001
0.3712
0.0694360000000001
0.102656
0.0694360000000001
0.228904
0.0523039999999999
0.3712
0.0694360000000001
0.3712
0.0662019999999999
0.770374
0.0662019999999999
0.3712
0.0662019999999999
0.350694
0.0662019999999999
0.210074
0.0662019999999999
2.0
0.0662019999999999
0.102656
0.0662019999999999
0.228904
0.0523039999999999
2.0
0.0662019999999999
2.0
0.510456
0.3712
0.273158
0.350694
0.510456
0.210074
0.510456
0.770374
0.585172
0.102656
0.510456
0.228904
0.0523039999999999
0.770374
2.0
0.770374
0.273158
0.350694
0.617474
0.210074
2.0
0.3712
0.510456
0.102656
2.0
0.228904
0.0523039999999999
0.3712
0.510456
0.3712
0.273158
0.210074
0.273158
0.350694
0.273158
0.102656
0.273158
0.228904
0.0523039999999999
0.350694
0.273158
0.350694
0.617474
0.210074
0.510456
0.102656
0.617474
0.210074
0.0523039999999999
0.210074
0.510456
0.210074
0.510456
0.102656
2.0
0.228904
0.0523039999999999
2.0
0.510456
2.0
0.510456
0.102656
0.0523039999999999
0.102656
0.585172
0.102656
0.0523039999999999
0.228904
0.510456
0.228904
0.0523039999999999
2.0
