0.177198
2.0
0.936334
0.0611940000000001
0.180356
0.176086
0.226204
0.176086
0.799366
0.176086
0.936334
0.176086
0.936334
0.176086
0.721342
0.176086
0.936334
0.176086
0.936334
0.176086
0.936334
0.176086
0.400094
0.176086
0.936334
0.176086
0.936334
0.176086
0.936334
0.176086
0.084166
0.211982
0.936334
0.176086
0.936334
0.176086
0.692348
0.176086
0.921732
0.176086
0.152686
0.0408980000000001
0.226204
0.176086
0.936334
0.176086
0.226204
0.176086
0.188874
0.176086
0.936334
0.176086
0.799366
0.176086
0.936334
0.176086
0.867326
0.176086
0.936334
0.166922
0.180356
0.176086
0.904812
0.176086
0.936334
0.176086
0.936334
0.176086
0.921732
0.176086
0.936334
0.176086
0.799366
0.176086
0.921732
0.176086
0.788664
0.176086
0.177198
0.0611940000000001
0.177198
0.176086
0.177198
0.176086
0.177198
0.176086
0.177198
0.176086
0.177198
0.176086
0.177198
0.176086
0.177198
0.176086
0.177198
0.176086
0.177198
0.176086
0.177198
0.176086
0.177198
0.176086
0.177198
0.176086
0.177198
0.176086
0.084166
0.211982
0.177198
0.176086
0.177198
0.176086
0.177198
0.176086
0.177198
0.176086
0.152686
0.0408980000000001
0.177198
0.176086
0.177198
0.176086
0.177198
0.176086
0.177198
0.176086
0.177198
0.176086
0.177198
0.176086
0.177198
0.176086
0.177198
0.176086
0.177198
0.166922
0.177198
0.176086
0.177198
0.176086
0.177198
0.176086
0.177198
0.176086
0.177198
0.176086
0.177198
0.176086
0.177198
0.176086
0.177198
0.176086
0.177198
0.176086
0.180356
0.0611940000000001
0.226204
0.0611940000000001
0.799366
0.0611940000000001
0.970396
0.0611940000000001
2.0
0.0611940000000001
0.721342
0.0611940000000001
2.0
0.0611940000000001
2.0
0.0611940000000001
2.0
0.0611940000000001
0.400094
0.0611940000000001
2.0
0.0611940000000001
2.0
0.0611940000000001
2.0
0.0611940000000001
0.084166
0.0611940000000001
2.0
0.0611940000000001
2.0
0.0611940000000001
0.692348
0.0611940000000001
0.921732
0.0611940000000001
0.152686
0.0408980000000001
0.226204
0.0611940000000001
2.0
0.0611940000000001
0.226204
0.0611940000000001
0.188874
0.0611940000000001
2.0
0.0611940000000001
0.799366
0.0611940000000001
2.0
0.0611940000000001
0.867326
0.0611940000000001
2.0
0.0611940000000001
0.180356
0.0611940000000001
0.904812
0.0611940000000001
2.0
0.0611940000000001
2.0
0.0611940000000001
0.921732
0.0611940000000001
2.0
0.0611940000000001
0.799366
0.0611940000000001
0.921732
0.0611940000000001
0.788664
0.0611940000000001
0.180356
0.207102
0.180356
0.207102
0.180356
0.207102
0.180356
0.207102
0.180356
0.207102
0.180356
0.207102
0.180356
0.207102
0.180356
0.207102
0.180356
0.207102
0.180356
0.207102
0.180356
0.207102
0.180356
0.207102
0.084166
0.176086
0.180356
0.207102
0.180356
0.207102
0.180356
0.207102
0.180356
0.207102
0.152686
0.0408980000000001
0.180356
0.207102
0.180356
0.207102
0.180356
0.207102
0.180356
0.207102
0.180356
0.207102
0.180356
0.207102
0.180356
0.207102
0.180356
0.207102
0.180356
0.166922
0.806104
0.76434
0.180356
0.207102
0.180356
0.207102
0.180356
0.207102
0.180356
0.207102
0.180356
0.207102
0.180356
0.207102
0.180356
0.207102
0.180356
0.207102
0.226204
0.870042
0.226204
0.330082
0.226204
0.330082
0.226204
0.330082
0.226204
0.91774
0.226204
0.330082
0.226204
0.330082
0.226204
0.330082
0.226204
0.91774
0.226204
0.330082
0.226204
0.91774
0.084166
0.176086
0.226204
0.330082
0.226204
0.330082
0.226204
2.0
0.226204
0.330082
0.152686
0.0408980000000001
2.0
2.0
0.226204
0.330082
2.0
2.0
0.188874
0.330082
0.226204
0.45613
0.226204
2.0
0.226204
0.330082
0.226204
2.0
0.226204
0.166922
0.180356
0.207102
0.226204
0.330082
0.226204
0.330082
0.226204
0.252988
0.226204
0.330082
0.226204
0.91774
0.226204
0.654188
0.226204
0.330082
0.226204
0.330082
0.799366
0.330082
0.799366
0.330082
0.721342
0.330082
0.799366
0.870042
0.799366
0.330082
0.799366
0.330082
0.400094
0.330082
0.799366
0.870042
0.799366
0.330082
0.799366
0.870042
0.084166
0.176086
0.799366
0.330082
0.799366
0.330082
0.692348
0.870042
0.799366
0.330082
0.152686
0.0408980000000001
0.226204
0.870042
0.799366
0.330082
0.226204
0.870042
0.188874
0.330082
0.799366
0.45613
2.0
0.870042
0.799366
0.330082
0.799366
0.870042
0.799366
0.166922
0.180356
0.207102
0.799366
0.330082
0.799366
0.330082
0.799366
0.252988
0.799366
0.330082
0.799366
0.870042
2.0
0.654188
0.799366
0.330082
0.788664
0.330082
0.970396
2.0
0.721342
0.45551
0.970396
0.330082
0.970396
2.0
0.970396
2.0
0.400094
0.590924
0.970396
0.330082
0.970396
2.0
0.970396
0.330082
0.084166
0.176086
0.970396
2.0
0.970396
2.0
0.692348
0.330082
0.921732
2.0
0.152686
0.0408980000000001
0.226204
0.330082
0.970396
2.0
0.226204
0.330082
0.188874
0.906208
0.970396
0.330082
0.799366
0.330082
0.970396
2.0
0.867326
0.330082
0.970396
0.166922
0.180356
0.207102
0.904812
2.0
0.970396
2.0
0.970396
0.252988
0.921732
0.99174
0.970396
0.330082
0.799366
0.330082
0.921732
2.0
0.788664
2.0
0.721342
0.45551
2.0
0.330082
2.0
2.0
2.0
2.0
0.400094
0.590924
2.0
0.330082
2.0
2.0
2.0
0.330082
0.084166
0.176086
2.0
2.0
2.0
2.0
0.692348
0.330082
0.921732
2.0
0.152686
0.0408980000000001
0.226204
0.330082
2.0
2.0
0.226204
0.330082
0.188874
0.906208
2.0
0.330082
0.799366
0.330082
2.0
2.0
0.867326
0.330082
2.0
0.166922
0.180356
0.207102
0.904812
2.0
2.0
2.0
2.0
0.252988
0.921732
0.99174
2.0
0.330082
0.799366
0.330082
0.921732
2.0
0.788664
2.0
0.721342
0.330082
0.721342
0.45551
0.721342
0.45551
0.400094
0.45551
0.721342
0.330082
0.721342
0.45551
0.721342
0.330082
0.084166
0.176086
0.721342
0.45551
0.721342
0.45551
0.692348
0.330082
0.721342
0.45551
0.152686
0.0408980000000001
0.226204
0.330082
0.721342
0.45551
0.226204
0.330082
0.188874
0.45551
0.721342
0.330082
0.721342
0.330082
0.721342
0.45551
0.721342
0.330082
0.721342
0.166922
0.180356
0.207102
0.721342
0.45551
0.721342
0.45551
0.721342
0.252988
0.721342
0.45551
0.721342
0.330082
0.721342
0.330082
0.721342
0.45551
0.721342
0.45551
2.0
0.330082
2.0
0.330082
0.400094
0.330082
2.0
2.0
2.0
0.330082
2.0
2.0
0.084166
0.176086
2.0
0.330082
2.0
0.330082
0.692348
0.91774
0.921732
0.330082
0.152686
0.0408980000000001
0.226204
0.91774
2.0
0.330082
0.226204
0.91774
0.188874
0.330082
2.0
0.45613
0.799366
0.91774
2.0
0.330082
0.867326
0.91774
2.0
0.166922
0.180356
0.207102
0.904812
0.330082
2.0
0.330082
2.0
0.252988
0.921732
0.330082
2.0
2.0
0.799366
0.654188
0.921732
0.330082
0.788664
0.330082
2.0
2.0
0.400094
0.590924
2.0
0.330082
2.0
2.0
2.0
0.330082
0.084166
0.176086
2.0
2.0
2.0
2.0
0.692348
0.330082
0.921732
2.0
0.152686
0.0408980000000001
0.226204
0.330082
2.0
2.0
0.226204
0.330082
0.188874
0.906208
2.0
0.330082
0.799366
0.330082
2.0
2.0
0.867326
0.330082
2.0
0.166922
0.180356
0.207102
0.904812
2.0
2.0
2.0
2.0
0.252988
0.921732
0.99174
2.0
0.330082
0.799366
0.330082
0.921732
2.0
0.788664
2.0
0.400094
0.590924
2.0
0.330082
2.0
2.0
2.0
0.330082
0.084166
0.176086
2.0
2.0
2.0
2.0
0.692348
0.330082
0.921732
2.0
0.152686
0.0408980000000001
0.226204
0.330082
2.0
2.0
0.226204
0.330082
0.188874
0.906208
2.0
0.330082
0.799366
0.330082
2.0
2.0
0.867326
0.330082
2.0
0.166922
0.180356
0.207102
0.904812
2.0
2.0
2.0
2.0
0.252988
0.921732
0.99174
2.0
0.330082
0.799366
0.330082
0.921732
2.0
0.788664
2.0
0.400094
0.330082
0.400094
0.590924
0.400094
0.330082
0.084166
0.176086
0.400094
0.590924
0.400094
0.590924
0.400094
0.330082
0.400094
0.590924
0.152686
0.0408980000000001
0.226204
0.330082
0.400094
0.590924
0.226204
0.330082
0.188874
0.590924
0.400094
0.330082
0.400094
0.330082
0.400094
0.590924
0.400094
0.330082
0.400094
0.166922
0.180356
0.207102
0.400094
0.590924
0.400094
0.590924
0.400094
0.252988
0.400094
0.590924
0.400094
0.330082
0.400094
0.330082
0.400094
0.590924
0.400094
0.590924
2.0
0.330082
2.0
2.0
0.084166
0.176086
2.0
0.330082
2.0
0.330082
0.692348
0.91774
0.921732
0.330082
0.152686
0.0408980000000001
0.226204
0.91774
2.0
0.330082
0.226204
0.91774
0.188874
0.330082
2.0
0.45613
0.799366
0.91774
2.0
0.330082
0.867326
0.91774
2.0
0.166922
0.180356
0.207102
0.904812
0.330082
2.0
0.330082
2.0
0.252988
0.921732
0.330082
2.0
2.0
0.799366
0.654188
0.921732
0.330082
0.788664
0.330082
2.0
0.330082
0.084166
0.176086
2.0
2.0
2.0
2.0
0.692348
0.330082
0.921732
2.0
0.152686
0.0408980000000001
0.226204
0.330082
2.0
2.0
0.226204
0.330082
0.188874
0.906208
2.0
0.330082
0.799366
0.330082
2.0
2.0
0.867326
0.330082
2.0
0.166922
0.180356
0.207102
0.904812
2.0
2.0
2.0
2.0
0.252988
0.921732
0.99174
2.0
0.330082
0.799366
0.330082
0.921732
2.0
0.788664
2.0
0.084166
0.176086
2.0
0.330082
2.0
0.330082
0.692348
0.91774
0.921732
0.330082
0.152686
0.0408980000000001
0.226204
0.91774
2.0
0.330082
0.226204
0.91774
0.188874
0.330082
2.0
0.45613
0.799366
0.91774
2.0
0.330082
0.867326
0.91774
2.0
0.166922
0.180356
0.207102
0.904812
0.330082
2.0
0.330082
2.0
0.252988
0.921732
0.330082
2.0
2.0
0.799366
0.654188
0.921732
0.330082
0.788664
0.330082
0.084166
0.176086
0.084166
0.176086
0.084166
0.176086
0.084166
0.176086
0.084166
0.0408980000000001
0.084166
0.176086
0.084166
0.176086
0.084166
0.176086
0.084166
0.176086
0.084166
0.176086
0.084166
0.176086
0.084166
0.176086
0.084166
0.176086
0.084166
0.166922
0.084166
0.176086
0.084166
0.176086
0.084166
0.176086
0.084166
0.176086
0.084166
0.176086
0.084166
0.176086
0.084166
0.176086
0.084166
0.176086
0.084166
0.176086
2.0
2.0
0.692348
0.330082
0.921732
2.0
0.152686
0.0408980000000001
0.226204
0.330082
2.0
2.0
0.226204
0.330082
0.188874
0.906208
2.0
0.330082
0.799366
0.330082
2.0
2.0
0.867326
0.330082
2.0
0.166922
0.180356
0.207102
0.904812
2.0
2.0
2.0
2.0
0.252988
0.921732
0.99174
2.0
0.330082
0.799366
0.330082
0.921732
2.0
0.788664
2.0
0.692348
0.330082
0.921732
2.0
0.152686
0.0408980000000001
0.226204
0.330082
2.0
2.0
0.226204
0.330082
0.188874
0.906208
2.0
0.330082
0.799366
0.330082
2.0
2.0
0.867326
0.330082
2.0
0.166922
0.180356
0.207102
0.904812
2.0
2.0
2.0
2.0
0.252988
0.921732
0.99174
2.0
0.330082
0.799366
0.330082
0.921732
2.0
0.788664
2.0
0.692348
0.330082
0.152686
0.0408980000000001
0.226204
2.0
0.692348
0.330082
0.226204
2.0
0.188874
0.330082
0.692348
0.45613
0.692348
2.0
0.692348
0.330082
0.692348
2.0
0.692348
0.166922
0.180356
0.207102
0.692348
0.330082
0.692348
0.330082
0.692348
0.252988
0.692348
0.330082
0.692348
0.91774
0.692348
0.654188
0.692348
0.330082
0.692348
0.330082
0.152686
0.0408980000000001
0.226204
0.330082
0.921732
2.0
0.226204
0.330082
0.188874
0.906208
0.921732
0.330082
0.799366
0.330082
0.921732
2.0
0.867326
0.330082
0.921732
0.166922
0.180356
0.207102
0.904812
2.0
0.921732
2.0
0.921732
0.252988
2.0
0.99174
0.921732
0.330082
0.799366
0.330082
2.0
2.0
0.788664
2.0
0.152686
0.0408980000000001
0.152686
0.0408980000000001
0.152686
0.0408980000000001
0.152686
0.0408980000000001
0.152686
0.0408980000000001
0.152686
0.0408980000000001
0.152686
0.0408980000000001
0.152686
0.0408980000000001
0.152686
0.0408980000000001
0.152686
0.0408980000000001
0.152686
0.0408980000000001
0.152686
0.0408980000000001
0.152686
0.0408980000000001
0.152686
0.0408980000000001
0.152686
0.0408980000000001
0.152686
0.0408980000000001
0.152686
0.0408980000000001
0.152686
0.0408980000000001
0.226204
0.330082
2.0
2.0
0.188874
0.330082
0.226204
0.45613
0.226204
2.0
0.226204
0.330082
0.226204
2.0
0.226204
0.166922
0.180356
0.207102
0.226204
0.330082
0.226204
0.330082
0.226204
0.252988
0.226204
0.330082
0.226204
0.91774
0.226204
0.654188
0.226204
0.330082
0.226204
0.330082
0.226204
0.330082
0.188874
0.906208
2.0
0.330082
0.799366
0.330082
2.0
2.0
0.867326
0.330082
2.0
0.166922
0.180356
0.207102
0.904812
2.0
2.0
2.0
2.0
0.252988
0.921732
0.99174
2.0
0.330082
0.799366
0.330082
0.921732
2.0
0.788664
2.0
0.188874
0.330082
0.226204
0.45613
0.226204
2.0
0.226204
0.330082
0.226204
2.0
0.226204
0.166922
0.180356
0.207102
0.226204
0.330082
0.226204
0.330082
0.226204
0.252988
0.226204
0.330082
0.226204
0.91774
0.226204
0.654188
0.226204
0.330082
0.226204
0.330082
0.188874
0.330082
0.188874
0.330082
0.188874
0.906208
0.188874
0.330082
0.188874
0.166922
0.180356
0.207102
0.188874
0.906208
0.188874
0.906208
0.188874
0.252988
0.188874
0.906208
0.188874
0.330082
0.188874
0.330082
0.188874
0.906208
0.188874
0.906208
0.799366
0.45613
2.0
0.330082
0.867326
0.45613
2.0
0.166922
0.180356
0.207102
0.904812
0.330082
2.0
0.330082
2.0
0.252988
0.921732
0.330082
2.0
0.45613
0.799366
0.45613
0.921732
0.330082
0.788664
0.330082
0.799366
0.330082
0.799366
2.0
0.799366
0.166922
0.180356
0.207102
0.799366
0.330082
0.799366
0.330082
0.799366
0.252988
0.799366
0.330082
0.799366
0.91774
2.0
0.654188
0.799366
0.330082
0.788664
0.330082
0.867326
0.330082
2.0
0.166922
0.180356
0.207102
0.904812
2.0
2.0
2.0
2.0
0.252988
0.921732
0.99174
2.0
0.330082
0.799366
0.330082
0.921732
2.0
0.788664
2.0
0.867326
0.166922
0.180356
0.207102
0.867326
0.330082
0.867326
0.330082
0.867326
0.252988
0.867326
0.330082
0.867326
0.91774
0.799366
0.654188
0.867326
0.330082
0.788664
0.330082
0.180356
0.166922
0.904812
0.166922
2.0
0.166922
2.0
0.166922
0.921732
0.166922
2.0
0.166922
0.799366
0.166922
0.921732
0.166922
0.788664
0.166922
0.180356
0.207102
0.180356
0.207102
0.180356
0.207102
0.180356
0.207102
0.180356
0.207102
0.180356
0.207102
0.180356
0.207102
0.180356
0.207102
0.904812
2.0
0.904812
0.252988
0.904812
0.99174
0.904812
0.330082
0.799366
0.330082
0.904812
2.0
0.788664
2.0
2.0
0.252988
0.921732
0.99174
2.0
0.330082
0.799366
0.330082
0.921732
2.0
0.788664
2.0
0.921732
0.252988
2.0
0.252988
0.799366
0.252988
0.921732
0.252988
0.788664
0.252988
0.921732
0.330082
0.799366
0.330082
2.0
0.99174
0.788664
0.99174
0.799366
0.654188
0.921732
0.330082
0.788664
0.330082
0.799366
0.330082
0.788664
0.330082
0.788664
2.0
