2.0
0.0179800000000001
2.0
0.0179800000000001
0.186282
0.0179800000000001
0.3827
0.0179800000000001
2.0
0.0179800000000001
2.0
0.0179800000000001
0.3827
0.0179800000000001
2.0
0.0029880000000001
0.186282
0.0179800000000001
2.0
0.0179800000000001
0.485666
0.0179800000000001
2.0
0.0179800000000001
2.0
0.0179800000000001
2.0
0.0179800000000001
2.0
0.0179800000000001
0.186282
0.0179800000000001
0.108704
0.0179800000000001
2.0
0.0179800000000001
0.186282
0.0179800000000001
0.186282
0.0179800000000001
2.0
0.0179800000000001
0.186282
0.0179800000000001
0.324012
0.0179800000000001
2.0
0.0179800000000001
2.0
0.0179800000000001
0.186282
0.0179800000000001
0.186282
0.0179800000000001
2.0
0.0179800000000001
0.510658
0.0179800000000001
0.3827
0.0179800000000001
0.108704
0.0179800000000001
0.3827
0.0179800000000001
2.0
0.0179800000000001
0.20467
0.0179800000000001
0.186282
0.0179800000000001
2.0
0.0179800000000001
0.485666
0.0179800000000001
2.0
0.0179800000000001
0.485666
0.0179800000000001
2.0
0.147664
0.186282
0.124012
0.3827
0.242798
2.0
0.496688
2.0
0.496688
0.3827
0.242798
2.0
0.0029880000000001
0.186282
0.242798
2.0
0.147664
0.485666
0.242798
2.0
0.496688
2.0
0.496688
2.0
0.164778
2.0
0.496688
0.186282
0.124012
0.108704
0.435924
2.0
0.496688
0.186282
0.242798
0.186282
0.242798
2.0
0.204896
0.186282
0.242798
0.324012
0.496688
2.0
0.210414
2.0
0.496688
0.186282
0.242798
0.186282
0.242798
2.0
0.242798
0.510658
0.496688
0.3827
0.242798
0.108704
0.496688
0.3827
0.242798
2.0
0.242798
0.20467
0.242798
0.186282
0.242798
2.0
0.496688
0.485666
0.242798
2.0
0.496688
0.485666
0.242798
0.186282
0.124012
0.3827
0.147664
2.0
0.147664
2.0
0.147664
0.3827
0.147664
2.0
0.0029880000000001
0.186282
0.147664
2.0
2.0
0.485666
0.147664
2.0
0.147664
2.0
0.147664
2.0
0.147664
2.0
0.147664
0.186282
0.124012
0.108704
0.147664
2.0
0.147664
0.186282
0.147664
0.186282
0.147664
2.0
0.147664
0.186282
0.147664
0.324012
0.147664
2.0
0.147664
2.0
0.147664
0.186282
0.147664
0.186282
0.147664
2.0
0.147664
0.510658
0.147664
0.3827
0.147664
0.108704
0.147664
0.3827
0.147664
2.0
0.147664
0.20467
0.147664
0.186282
0.147664
2.0
0.147664
0.485666
0.147664
2.0
0.147664
0.485666
0.147664
0.186282
0.124012
0.186282
0.124012
0.186282
0.124012
0.186282
0.124012
0.186282
0.0029880000000001
0.793088
0.124012
0.186282
0.124012
0.186282
0.124012
0.186282
0.124012
0.186282
0.124012
0.186282
0.124012
0.186282
0.124012
2.0
2.0
0.108704
0.124012
0.186282
0.124012
0.793088
0.124012
0.408096
0.124012
0.186282
0.124012
0.89022
0.124012
0.186282
0.124012
0.186282
0.124012
0.186282
0.124012
2.0
0.124012
2.0
0.124012
0.186282
0.124012
0.186282
0.124012
0.186282
0.124012
0.108704
0.124012
0.186282
0.124012
0.186282
0.124012
0.186282
0.124012
2.0
0.124012
0.186282
0.124012
0.186282
0.124012
0.186282
0.124012
0.186282
0.124012
0.3827
0.242798
0.3827
0.242798
0.754864
0.308628
0.3827
0.0029880000000001
0.186282
0.308628
0.3827
0.147664
0.3827
0.308628
0.3827
0.242798
0.3827
0.242798
0.3827
0.164778
0.3827
0.242798
0.186282
0.124012
0.108704
0.242798
0.3827
0.242798
0.186282
0.308628
0.186282
0.308628
0.3827
0.204896
0.186282
0.308628
0.324012
0.242798
0.3827
0.210414
0.3827
0.242798
0.186282
0.308628
0.186282
0.308628
0.3827
0.308628
0.3827
0.242798
0.912086
0.308628
0.108704
0.242798
2.0
0.809172
0.3827
0.308628
0.20467
0.308628
0.186282
0.308628
0.3827
0.242798
0.3827
0.308628
0.3827
0.242798
0.3827
0.308628
2.0
0.668714
0.3827
0.242798
2.0
0.0029880000000001
0.186282
0.242798
2.0
0.147664
0.485666
0.242798
2.0
2.0
2.0
0.668714
2.0
0.164778
2.0
0.668714
0.186282
0.124012
0.108704
0.435924
2.0
2.0
0.186282
0.242798
0.186282
0.242798
2.0
0.204896
0.186282
0.242798
0.324012
2.0
2.0
0.210414
2.0
0.515714
0.186282
0.242798
0.186282
0.242798
2.0
0.242798
0.510658
2.0
0.3827
0.242798
0.108704
2.0
0.3827
0.242798
2.0
0.242798
0.20467
0.242798
0.186282
0.242798
2.0
0.971466
0.485666
0.242798
2.0
2.0
0.485666
0.242798
0.3827
0.242798
2.0
0.0029880000000001
0.186282
0.242798
2.0
0.147664
0.485666
0.242798
2.0
0.668714
2.0
2.0
2.0
0.164778
2.0
2.0
0.186282
0.124012
0.108704
0.435924
2.0
0.668714
0.186282
0.242798
0.186282
0.242798
2.0
0.204896
0.186282
0.242798
0.324012
0.668714
2.0
0.210414
2.0
0.515714
0.186282
0.242798
0.186282
0.242798
2.0
0.242798
0.510658
0.668714
0.3827
0.242798
0.108704
0.668714
0.3827
0.242798
2.0
0.242798
0.20467
0.242798
0.186282
0.242798
2.0
0.668714
0.485666
0.242798
2.0
0.668714
0.485666
0.242798
0.3827
0.0029880000000001
0.186282
0.688244
0.3827
0.147664
0.3827
0.445094
0.3827
0.242798
0.3827
0.242798
0.3827
0.164778
0.3827
0.242798
0.186282
0.124012
0.108704
0.242798
0.3827
0.242798
0.186282
0.688244
0.186282
0.688244
0.3827
0.204896
0.186282
0.688244
0.324012
0.242798
0.3827
0.210414
0.3827
0.242798
0.186282
0.688244
0.186282
0.688244
0.3827
0.611042
0.3827
0.242798
0.754864
0.62983
0.108704
0.242798
0.754864
0.308628
0.3827
0.611042
0.20467
0.43641
0.186282
0.688244
0.3827
0.242798
0.3827
0.445094
0.3827
0.242798
0.3827
0.445094
0.186282
0.0029880000000001
2.0
0.0029880000000001
0.485666
0.0029880000000001
2.0
0.0029880000000001
2.0
0.0029880000000001
2.0
0.0029880000000001
2.0
0.0029880000000001
0.186282
0.0029880000000001
0.108704
0.0029880000000001
2.0
0.0029880000000001
0.186282
0.0029880000000001
0.186282
0.0029880000000001
2.0
0.0029880000000001
0.186282
0.0029880000000001
0.324012
0.0029880000000001
2.0
0.0029880000000001
2.0
0.0029880000000001
0.186282
0.0029880000000001
0.186282
0.0029880000000001
2.0
0.0029880000000001
0.510658
0.0029880000000001
0.3827
0.0029880000000001
0.108704
0.0029880000000001
0.3827
0.0029880000000001
2.0
0.0029880000000001
0.20467
0.0029880000000001
0.186282
0.0029880000000001
2.0
0.0029880000000001
0.485666
0.0029880000000001
2.0
0.0029880000000001
0.485666
0.0029880000000001
0.186282
0.147664
0.186282
0.445094
0.186282
0.242798
0.186282
0.242798
0.186282
0.164778
0.186282
0.242798
0.793088
0.124012
0.108704
0.242798
0.186282
0.242798
2.0
2.0
0.408096
2.0
0.186282
0.204896
0.793088
2.0
0.186282
0.242798
0.186282
0.210414
0.186282
0.242798
0.793088
2.0
0.793088
2.0
0.186282
0.611042
0.186282
0.242798
0.186282
0.62983
0.108704
0.242798
0.186282
0.308628
0.186282
0.611042
0.186282
0.43641
0.793088
2.0
0.186282
0.242798
0.186282
0.445094
0.186282
0.242798
0.186282
0.445094
0.485666
0.147664
2.0
0.147664
2.0
0.147664
2.0
0.147664
2.0
0.147664
0.186282
0.124012
0.108704
0.147664
2.0
0.147664
0.186282
0.147664
0.186282
0.147664
2.0
0.147664
0.186282
0.147664
0.324012
0.147664
2.0
0.147664
2.0
0.147664
0.186282
0.147664
0.186282
0.147664
2.0
0.147664
0.510658
0.147664
0.3827
0.147664
0.108704
0.147664
0.3827
0.147664
2.0
0.147664
0.20467
0.147664
0.186282
0.147664
2.0
0.147664
0.485666
0.147664
2.0
0.147664
0.485666
0.147664
0.485666
0.242798
0.485666
0.242798
0.485666
0.164778
0.485666
0.242798
0.186282
0.124012
0.108704
0.242798
0.485666
0.242798
0.186282
0.445094
0.186282
0.445094
0.485666
0.204896
0.186282
0.445094
0.324012
0.242798
0.485666
0.210414
0.485666
0.242798
0.186282
0.445094
0.186282
0.445094
0.485666
0.445094
0.485666
0.242798
0.3827
0.445094
0.108704
0.242798
0.3827
0.308628
0.485666
0.445094
0.20467
0.43641
0.186282
0.445094
0.485666
0.242798
2.0
2.0
0.485666
0.242798
2.0
0.543882
2.0
0.668714
2.0
0.164778
2.0
0.668714
0.186282
0.124012
0.108704
0.435924
2.0
2.0
0.186282
0.242798
0.186282
0.242798
2.0
0.204896
0.186282
0.242798
0.324012
2.0
2.0
0.210414
2.0
0.515714
0.186282
0.242798
0.186282
0.242798
2.0
0.242798
0.510658
2.0
0.3827
0.242798
0.108704
2.0
0.3827
0.242798
2.0
0.242798
0.20467
0.242798
0.186282
0.242798
2.0
0.971466
0.485666
0.242798
2.0
2.0
0.485666
0.242798
2.0
0.164778
2.0
2.0
0.186282
0.124012
0.108704
0.435924
2.0
0.668714
0.186282
0.242798
0.186282
0.242798
2.0
0.204896
0.186282
0.242798
0.324012
0.668714
2.0
0.210414
2.0
0.515714
0.186282
0.242798
0.186282
0.242798
2.0
0.242798
0.510658
0.668714
0.3827
0.242798
0.108704
0.668714
0.3827
0.242798
2.0
0.242798
0.20467
0.242798
0.186282
0.242798
2.0
0.668714
0.485666
0.242798
2.0
0.668714
0.485666
0.242798
2.0
0.164778
0.186282
0.124012
0.108704
0.164778
2.0
0.164778
0.186282
0.164778
0.186282
0.164778
2.0
0.164778
0.186282
0.164778
0.324012
0.164778
2.0
0.164778
2.0
0.164778
0.186282
0.164778
0.186282
0.164778
2.0
0.164778
0.510658
0.164778
0.3827
0.164778
0.108704
0.164778
0.3827
0.164778
2.0
0.164778
0.20467
0.164778
0.186282
0.164778
2.0
0.164778
0.485666
0.164778
2.0
0.164778
0.485666
0.164778
0.186282
0.124012
0.108704
0.435924
2.0
0.668714
0.186282
0.242798
0.186282
0.242798
2.0
0.204896
0.186282
0.242798
0.324012
0.668714
2.0
0.210414
2.0
0.515714
0.186282
0.242798
0.186282
0.242798
2.0
0.242798
0.510658
0.668714
0.3827
0.242798
0.108704
0.668714
0.3827
0.242798
2.0
0.242798
0.20467
0.242798
0.186282
0.242798
2.0
0.668714
0.485666
0.242798
2.0
0.668714
0.485666
0.242798
0.108704
0.124012
0.186282
0.124012
0.793088
0.124012
0.408096
0.124012
0.186282
0.124012
0.89022
0.124012
0.186282
0.124012
0.186282
0.124012
0.186282
0.124012
2.0
0.124012
2.0
0.124012
0.186282
0.124012
0.186282
0.124012
0.186282
0.124012
0.108704
0.124012
0.186282
0.124012
0.186282
0.124012
0.186282
0.124012
2.0
0.124012
0.186282
0.124012
0.186282
0.124012
0.186282
0.124012
0.186282
0.124012
0.108704
0.435924
0.108704
0.242798
0.108704
0.242798
0.108704
0.204896
0.108704
0.242798
0.108704
0.435924
0.108704
0.210414
0.108704
0.435924
0.108704
0.242798
0.108704
0.242798
0.108704
0.242798
0.108704
0.435924
0.108704
0.242798
2.0
0.435924
0.108704
0.242798
0.108704
0.242798
0.108704
0.242798
0.108704
0.242798
0.108704
0.435924
0.108704
0.242798
0.108704
0.435924
0.108704
0.242798
0.186282
0.242798
0.186282
0.242798
2.0
0.204896
0.186282
0.242798
0.324012
2.0
2.0
0.210414
2.0
0.515714
0.186282
0.242798
0.186282
0.242798
2.0
0.242798
0.510658
2.0
0.3827
0.242798
0.108704
2.0
0.3827
0.242798
2.0
0.242798
0.20467
0.242798
0.186282
0.242798
2.0
0.971466
0.485666
0.242798
2.0
2.0
0.485666
0.242798
0.408096
2.0
0.186282
0.204896
0.793088
2.0
0.186282
0.242798
0.186282
0.210414
0.186282
0.242798
0.793088
2.0
0.793088
2.0
0.186282
0.611042
0.186282
0.242798
0.186282
0.62983
0.108704
0.242798
0.186282
0.308628
0.186282
0.611042
0.186282
0.43641
0.793088
2.0
0.186282
0.242798
0.186282
0.445094
0.186282
0.242798
0.186282
0.445094
0.186282
0.204896
0.408096
2.0
0.186282
0.242798
0.186282
0.210414
0.186282
0.242798
0.408096
2.0
0.408096
2.0
0.186282
0.611042
0.186282
0.242798
0.186282
0.62983
0.108704
0.242798
0.186282
0.308628
0.186282
0.611042
0.186282
0.43641
0.408096
2.0
0.186282
0.242798
0.186282
0.445094
0.186282
0.242798
0.186282
0.445094
0.186282
0.204896
0.324012
0.204896
2.0
0.204896
2.0
0.204896
0.186282
0.204896
0.186282
0.204896
2.0
0.204896
0.510658
0.204896
0.3827
0.204896
0.108704
0.204896
0.3827
0.204896
2.0
0.204896
0.20467
0.204896
0.186282
0.204896
2.0
0.204896
0.485666
0.204896
2.0
0.204896
0.485666
0.204896
0.186282
0.242798
0.186282
0.210414
0.186282
0.242798
0.89022
2.0
0.89022
2.0
0.186282
0.611042
0.186282
0.242798
0.186282
0.62983
0.108704
0.242798
0.186282
0.308628
0.186282
0.611042
0.186282
0.43641
0.89022
2.0
0.186282
0.242798
0.186282
0.445094
0.186282
0.242798
0.186282
0.445094
0.324012
0.210414
0.324012
0.515714
0.186282
0.242798
0.186282
0.242798
0.324012
0.242798
0.324012
2.0
0.324012
0.242798
0.108704
2.0
0.324012
0.242798
0.324012
0.242798
0.20467
0.242798
0.186282
0.242798
0.324012
0.971466
0.324012
0.242798
0.324012
2.0
0.324012
0.242798
2.0
0.210414
0.186282
0.210414
0.186282
0.210414
2.0
0.210414
0.510658
0.210414
0.3827
0.210414
0.108704
0.210414
0.3827
0.210414
2.0
0.210414
0.20467
0.210414
0.186282
0.210414
2.0
0.210414
0.485666
0.210414
2.0
0.210414
0.485666
0.210414
0.186282
0.242798
0.186282
0.242798
2.0
0.242798
0.510658
0.515714
0.3827
0.242798
0.108704
0.515714
0.3827
0.242798
2.0
0.242798
0.20467
0.242798
0.186282
0.242798
2.0
0.515714
0.485666
0.242798
2.0
0.515714
0.485666
0.242798
2.0
2.0
0.186282
0.611042
0.186282
0.242798
0.186282
0.62983
0.108704
0.242798
0.186282
0.308628
0.186282
0.611042
0.186282
0.43641
2.0
2.0
0.186282
0.242798
0.186282
0.445094
0.186282
0.242798
0.186282
0.445094
0.186282
0.611042
0.186282
0.242798
0.186282
0.62983
0.108704
0.242798
0.186282
0.308628
0.186282
0.611042
0.186282
0.43641
2.0
2.0
0.186282
0.242798
0.186282
0.445094
0.186282
0.242798
0.186282
0.445094
0.510658
0.242798
0.3827
0.611042
0.108704
0.242798
0.3827
0.308628
2.0
2.0
0.20467
0.43641
0.186282
0.611042
2.0
0.242798
0.485666
0.445094
2.0
0.242798
0.485666
0.445094
0.3827
0.242798
0.108704
2.0
0.3827
0.242798
0.510658
0.242798
0.20467
0.242798
0.186282
0.242798
0.510658
0.971466
0.485666
0.242798
0.510658
2.0
0.485666
0.242798
0.108704
0.242798
0.912086
0.308628
0.3827
0.611042
0.20467
0.43641
0.186282
0.62983
0.3827
0.242798
0.3827
0.445094
0.3827
0.242798
0.3827
0.445094
0.108704
0.242798
0.108704
0.242798
0.108704
0.242798
0.108704
0.242798
0.108704
0.971466
0.108704
0.242798
0.108704
2.0
0.108704
0.242798
0.3827
0.308628
0.20467
0.308628
0.186282
0.308628
0.3827
0.242798
0.3827
0.308628
0.3827
0.242798
0.3827
0.308628
0.20467
0.43641
0.186282
0.611042
2.0
0.242798
0.485666
0.445094
2.0
0.242798
0.485666
0.445094
0.186282
0.43641
0.20467
0.242798
0.20467
0.43641
0.20467
0.242798
0.20467
0.43641
0.186282
0.242798
0.186282
0.445094
0.186282
0.242798
0.186282
0.445094
0.485666
0.242798
2.0
0.971466
0.485666
0.242798
0.485666
0.242798
2.0
0.543882
0.485666
0.242798
