0.262454
2.0
0.262454
0.849642
0.262454
0.33661
0.262454
0.849642
0.0932499999999998
0.0773400000000001
0.245584
0.674146
0.262454
2.0
0.262454
0.66433
0.1343
2.0
0.262454
2.0
0.262454
2.0
0.0932499999999998
2.0
0.262454
0.46433
0.262454
2.0
0.262454
2.0
0.262454
2.0
0.262454
2.0
0.0932499999999998
0.0773400000000001
0.262454
2.0
0.262454
2.0
0.262454
0.46433
0.262454
2.0
0.131374
0.356344
0.262454
2.0
0.262454
2.0
0.262454
0.849642
0.262454
0.540388
0.262454
0.659058
0.262454
2.0
0.262454
0.078192
0.262454
0.849642
0.262454
0.89738
0.262454
2.0
0.262454
0.849642
0.0932499999999998
2.0
0.262454
0.819106
0.262454
0.893266
0.0140819999999999
2.0
0.262454
2.0
0.364156
0.849642
0.364156
0.33661
0.364156
0.849642
0.0932499999999998
0.0773400000000001
0.245584
0.674146
0.364156
2.0
0.364156
0.66433
0.1343
2.0
0.364156
2.0
0.364156
2.0
0.0932499999999998
2.0
0.364156
0.46433
0.364156
2.0
0.364156
2.0
0.364156
2.0
0.364156
2.0
0.0932499999999998
0.0773400000000001
0.364156
2.0
0.364156
2.0
0.364156
0.46433
0.364156
2.0
0.131374
0.356344
0.364156
2.0
0.364156
2.0
0.364156
0.849642
0.364156
0.540388
0.364156
0.659058
0.364156
2.0
0.364156
0.078192
0.364156
0.849642
0.364156
0.89738
0.364156
2.0
0.364156
0.849642
0.0932499999999998
2.0
0.364156
0.819106
0.364156
0.893266
0.0140819999999999
2.0
0.364156
2.0
0.675526
0.33661
2.0
2.0
0.0932499999999998
0.0773400000000001
0.245584
0.674146
0.914984
0.849642
0.914984
0.66433
0.1343
0.849642
0.365964
0.849642
0.914984
0.849642
0.0932499999999998
0.849642
0.374736
0.46433
0.914984
0.849642
0.914984
0.849642
0.914984
0.849642
0.914984
0.849642
0.0932499999999998
0.0773400000000001
0.914984
0.849642
0.914984
0.849642
0.374736
0.46433
0.914984
0.849642
0.131374
0.356344
0.71683
0.849642
0.914984
0.849642
2.0
2.0
0.914984
0.540388
0.914984
0.659058
0.914984
0.849642
2.0
0.078192
0.789192
2.0
0.914984
0.849642
0.914984
0.849642
0.789192
2.0
0.0932499999999998
0.849642
0.507744
0.819106
2.0
0.849642
0.0140819999999999
0.849642
0.914984
0.849642
0.675526
0.33661
0.0932499999999998
0.0773400000000001
0.245584
0.33661
0.675526
0.33661
0.675526
0.33661
0.1343
0.33661
0.365964
0.33661
0.675526
0.33661
0.0932499999999998
0.33661
0.374736
0.33661
0.675526
0.33661
0.675526
0.33661
0.675526
0.33661
0.675526
0.33661
0.0932499999999998
0.0773400000000001
0.675526
0.33661
0.675526
0.33661
0.374736
0.33661
0.675526
0.33661
0.131374
0.33661
0.675526
0.33661
0.675526
0.33661
0.675526
0.33661
0.675526
0.33661
0.675526
0.33661
0.675526
0.33661
0.675526
0.078192
0.675526
0.33661
0.675526
0.33661
0.675526
0.33661
0.675526
0.33661
0.0932499999999998
0.33661
0.507744
0.33661
0.675526
0.33661
0.0140819999999999
0.33661
0.675526
0.33661
0.0932499999999998
0.0773400000000001
0.245584
0.674146
0.914984
0.849642
0.914984
0.66433
0.1343
0.849642
0.365964
0.849642
0.914984
0.849642
0.0932499999999998
0.849642
0.374736
0.46433
0.914984
0.849642
0.914984
0.849642
0.914984
0.849642
0.914984
0.849642
0.0932499999999998
0.0773400000000001
0.914984
0.849642
0.914984
0.849642
0.374736
0.46433
0.914984
0.849642
0.131374
0.356344
0.71683
0.849642
0.914984
0.849642
2.0
2.0
0.914984
0.540388
0.914984
0.659058
0.914984
0.849642
2.0
0.078192
0.789192
2.0
0.914984
0.849642
0.914984
0.849642
0.789192
2.0
0.0932499999999998
0.849642
0.507744
0.819106
2.0
0.849642
0.0140819999999999
0.849642
0.914984
0.849642
0.0932499999999998
0.0773400000000001
0.0932499999999998
0.0773400000000001
0.0932499999999998
0.0773400000000001
0.0932499999999998
0.0773400000000001
0.0932499999999998
0.0773400000000001
0.0932499999999998
0.0773400000000001
0.099696
0.0773400000000001
0.0932499999999998
0.0773400000000001
0.0932499999999998
0.0773400000000001
0.0932499999999998
0.0773400000000001
0.0932499999999998
0.0773400000000001
0.0932499999999998
0.0773400000000001
0.643094
0.395574
0.0932499999999998
0.0773400000000001
0.0932499999999998
0.0773400000000001
0.0932499999999998
0.0773400000000001
0.0932499999999998
0.0773400000000001
0.0932499999999998
0.0773400000000001
0.0932499999999998
0.0773400000000001
0.0932499999999998
0.0773400000000001
0.0932499999999998
0.0773400000000001
0.0932499999999998
0.0773400000000001
0.0932499999999998
0.0773400000000001
0.0932499999999998
0.0773400000000001
0.0932499999999998
0.0773400000000001
0.0932499999999998
0.0773400000000001
0.0932499999999998
0.0773400000000001
0.0932499999999998
0.0773400000000001
0.0932499999999998
0.0773400000000001
0.099696
0.0773400000000001
0.0932499999999998
0.0773400000000001
0.0932499999999998
0.0773400000000001
0.0140819999999999
0.0773400000000001
0.0932499999999998
0.0773400000000001
0.245584
0.674146
0.245584
0.66433
0.1343
0.674146
0.245584
0.674146
0.245584
0.674146
0.0932499999999998
0.674146
0.245584
0.46433
0.245584
0.674146
0.245584
0.674146
0.245584
0.674146
0.245584
0.674146
0.0932499999999998
0.0773400000000001
0.245584
0.674146
0.245584
0.674146
0.245584
0.46433
0.245584
0.674146
0.131374
0.356344
0.245584
0.674146
0.245584
0.674146
0.245584
0.674146
0.245584
0.540388
0.245584
0.659058
0.245584
0.674146
0.245584
0.078192
0.245584
0.674146
0.245584
0.674146
0.245584
0.674146
0.245584
0.674146
0.0932499999999998
0.674146
0.245584
0.674146
0.245584
0.674146
0.0140819999999999
0.674146
0.245584
0.674146
2.0
0.66433
0.1343
2.0
0.365964
2.0
2.0
2.0
0.0932499999999998
2.0
0.374736
0.46433
2.0
2.0
2.0
2.0
2.0
2.0
2.0
2.0
0.0932499999999998
0.0773400000000001
2.0
2.0
2.0
2.0
0.374736
0.46433
2.0
2.0
0.131374
0.356344
0.71683
2.0
2.0
2.0
0.914984
0.849642
2.0
0.540388
2.0
0.659058
2.0
2.0
0.914984
0.078192
0.789192
0.849642
2.0
0.89738
2.0
2.0
0.789192
0.849642
0.0932499999999998
2.0
0.507744
0.819106
0.914984
0.893266
0.0140819999999999
2.0
2.0
2.0
0.1343
0.66433
0.365964
0.66433
2.0
0.66433
0.0932499999999998
0.66433
0.374736
0.46433
2.0
0.66433
2.0
0.66433
2.0
0.66433
2.0
0.66433
0.0932499999999998
0.0773400000000001
2.0
0.66433
2.0
0.66433
0.374736
0.46433
2.0
0.66433
0.131374
0.356344
0.71683
0.66433
2.0
0.66433
0.914984
0.66433
2.0
0.540388
2.0
0.659058
2.0
0.66433
0.914984
0.078192
0.789192
0.66433
2.0
0.66433
2.0
0.66433
0.789192
0.66433
0.0932499999999998
0.66433
0.507744
0.66433
0.914984
0.66433
0.0140819999999999
0.66433
2.0
0.66433
0.1343
2.0
0.1343
2.0
0.0932499999999998
2.0
0.1343
0.46433
0.1343
2.0
0.1343
2.0
0.1343
2.0
0.1343
2.0
0.0932499999999998
0.0773400000000001
0.1343
2.0
0.1343
2.0
0.1343
0.46433
0.1343
2.0
0.131374
0.356344
0.1343
2.0
0.1343
2.0
0.1343
0.849642
0.1343
0.540388
0.1343
0.659058
0.1343
2.0
0.1343
0.078192
0.1343
0.849642
0.1343
0.89738
0.1343
2.0
0.1343
0.849642
0.0932499999999998
2.0
0.1343
0.819106
0.1343
0.893266
0.0140819999999999
2.0
0.1343
2.0
0.365964
2.0
0.0932499999999998
2.0
0.365964
0.46433
0.365964
2.0
0.365964
2.0
0.365964
2.0
0.365964
2.0
0.0932499999999998
0.0773400000000001
0.365964
2.0
0.365964
2.0
0.365964
0.46433
0.365964
2.0
0.131374
0.356344
0.365964
2.0
0.365964
2.0
0.365964
0.849642
0.365964
0.540388
0.365964
0.659058
0.365964
2.0
0.365964
0.078192
0.365964
0.849642
0.365964
0.89738
0.365964
2.0
0.365964
0.849642
0.0932499999999998
2.0
0.365964
0.819106
0.365964
0.893266
0.0140819999999999
2.0
0.365964
2.0
0.0932499999999998
2.0
0.374736
0.46433
2.0
2.0
2.0
2.0
2.0
2.0
2.0
2.0
0.0932499999999998
0.0773400000000001
2.0
2.0
2.0
2.0
0.374736
0.46433
2.0
2.0
0.131374
0.356344
0.71683
2.0
2.0
2.0
0.914984
0.849642
2.0
0.540388
2.0
0.659058
2.0
2.0
0.914984
0.078192
0.789192
0.849642
2.0
0.89738
2.0
2.0
0.789192
0.849642
0.0932499999999998
2.0
0.507744
0.819106
0.914984
0.893266
0.0140819999999999
2.0
2.0
2.0
0.0932499999999998
0.46433
0.0932499999999998
2.0
0.0932499999999998
2.0
0.0932499999999998
2.0
0.0932499999999998
2.0
0.099696
0.0773400000000001
0.0932499999999998
2.0
0.0932499999999998
2.0
0.0932499999999998
0.46433
0.0932499999999998
2.0
0.0932499999999998
0.356344
0.0932499999999998
2.0
0.0932499999999998
2.0
0.0932499999999998
0.849642
0.0932499999999998
0.540388
0.0932499999999998
0.659058
0.0932499999999998
2.0
0.0932499999999998
0.078192
0.0932499999999998
0.849642
0.0932499999999998
0.89738
0.0932499999999998
2.0
0.0932499999999998
0.849642
2.0
2.0
0.0932499999999998
0.819106
0.0932499999999998
0.893266
0.0140819999999999
2.0
0.0932499999999998
2.0
0.374736
0.46433
0.374736
0.46433
0.374736
0.46433
0.374736
0.46433
0.0932499999999998
0.0773400000000001
0.374736
0.46433
0.374736
0.46433
2.0
2.0
0.374736
0.46433
0.131374
0.356344
0.374736
0.46433
0.374736
0.46433
0.374736
0.46433
0.374736
0.46433
0.374736
0.46433
0.374736
0.46433
0.374736
0.078192
0.374736
0.46433
0.374736
0.46433
0.374736
0.46433
0.374736
0.46433
0.0932499999999998
0.46433
0.374736
0.46433
0.374736
0.46433
0.0140819999999999
0.46433
0.374736
0.46433
2.0
2.0
2.0
2.0
2.0
2.0
0.0932499999999998
0.0773400000000001
2.0
2.0
2.0
2.0
0.374736
0.46433
2.0
2.0
0.131374
0.356344
0.71683
2.0
2.0
2.0
0.914984
0.849642
2.0
0.540388
2.0
0.659058
2.0
2.0
0.914984
0.078192
0.789192
0.849642
2.0
0.89738
2.0
2.0
0.789192
0.849642
0.0932499999999998
2.0
0.507744
0.819106
0.914984
0.893266
0.0140819999999999
2.0
2.0
2.0
2.0
2.0
2.0
2.0
0.0932499999999998
0.0773400000000001
2.0
2.0
2.0
2.0
0.374736
0.46433
2.0
2.0
0.131374
0.356344
0.71683
2.0
2.0
2.0
0.914984
0.849642
2.0
0.540388
2.0
0.659058
2.0
2.0
0.914984
0.078192
0.789192
0.849642
2.0
0.89738
2.0
2.0
0.789192
0.849642
0.0932499999999998
2.0
0.507744
0.819106
0.914984
0.893266
0.0140819999999999
2.0
2.0
2.0
2.0
2.0
0.0932499999999998
0.0773400000000001
2.0
2.0
2.0
2.0
0.374736
0.46433
2.0
2.0
0.131374
0.356344
0.71683
2.0
2.0
2.0
0.914984
0.849642
2.0
0.540388
2.0
0.659058
2.0
2.0
0.914984
0.078192
0.789192
0.849642
2.0
0.89738
2.0
2.0
0.789192
0.849642
0.0932499999999998
2.0
0.507744
0.819106
0.914984
0.893266
0.0140819999999999
2.0
2.0
2.0
0.0932499999999998
0.0773400000000001
2.0
2.0
2.0
2.0
0.374736
0.46433
2.0
2.0
0.131374
0.356344
0.71683
2.0
2.0
2.0
0.914984
0.849642
2.0
0.540388
2.0
0.659058
2.0
2.0
0.914984
0.078192
0.789192
0.849642
2.0
0.89738
2.0
2.0
0.789192
0.849642
0.0932499999999998
2.0
0.507744
0.819106
0.914984
0.893266
0.0140819999999999
2.0
2.0
2.0
0.0932499999999998
0.0773400000000001
0.0932499999999998
0.0773400000000001
0.0932499999999998
0.0773400000000001
0.0932499999999998
0.0773400000000001
0.0932499999999998
0.0773400000000001
0.0932499999999998
0.0773400000000001
0.0932499999999998
0.0773400000000001
0.0932499999999998
0.0773400000000001
0.0932499999999998
0.0773400000000001
0.0932499999999998
0.0773400000000001
0.0932499999999998
0.0773400000000001
0.0932499999999998
0.0773400000000001
0.0932499999999998
0.0773400000000001
0.0932499999999998
0.0773400000000001
0.0932499999999998
0.0773400000000001
0.0932499999999998
0.0773400000000001
0.099696
0.0773400000000001
0.0932499999999998
0.0773400000000001
0.0932499999999998
0.0773400000000001
0.0140819999999999
0.0773400000000001
0.0932499999999998
0.0773400000000001
2.0
2.0
0.374736
0.46433
2.0
2.0
0.131374
0.356344
0.71683
2.0
2.0
2.0
0.914984
0.849642
2.0
0.540388
2.0
0.659058
2.0
2.0
0.914984
0.078192
0.789192
0.849642
2.0
0.89738
2.0
2.0
0.789192
0.849642
0.0932499999999998
2.0
0.507744
0.819106
0.914984
0.893266
0.0140819999999999
2.0
2.0
2.0
0.374736
0.46433
2.0
2.0
0.131374
0.356344
0.71683
2.0
2.0
2.0
0.914984
0.849642
2.0
0.540388
2.0
0.659058
2.0
2.0
0.914984
0.078192
0.789192
0.849642
2.0
0.89738
2.0
2.0
0.789192
0.849642
0.0932499999999998
2.0
0.507744
0.819106
0.914984
0.893266
0.0140819999999999
2.0
2.0
2.0
0.374736
0.46433
0.131374
0.356344
0.374736
0.46433
0.374736
0.46433
0.374736
0.46433
0.374736
0.46433
0.374736
0.46433
0.374736
0.46433
0.374736
0.078192
0.374736
0.46433
0.374736
0.46433
0.374736
0.46433
0.374736
0.46433
0.0932499999999998
0.46433
0.374736
0.46433
0.374736
0.46433
0.0140819999999999
0.46433
0.374736
0.46433
0.131374
0.356344
0.71683
2.0
2.0
2.0
0.914984
0.849642
2.0
0.540388
2.0
0.659058
2.0
2.0
0.914984
0.078192
0.789192
0.849642
2.0
0.89738
2.0
2.0
0.789192
0.849642
0.0932499999999998
2.0
0.507744
0.819106
0.914984
0.893266
0.0140819999999999
2.0
2.0
2.0
0.131374
0.356344
0.131374
0.356344
0.131374
0.356344
0.131374
0.356344
0.131374
0.356344
0.131374
0.356344
0.131374
0.078192
0.131374
0.356344
0.131374
0.356344
0.131374
0.356344
0.131374
0.356344
0.0932499999999998
0.356344
0.131374
0.356344
0.131374
0.356344
0.0140819999999999
0.356344
0.131374
0.356344
0.71683
2.0
0.71683
0.849642
0.71683
0.540388
0.71683
0.659058
0.71683
2.0
0.71683
0.078192
0.71683
0.849642
0.71683
0.89738
0.71683
2.0
0.71683
0.849642
0.0932499999999998
2.0
0.507744
0.819106
0.71683
0.893266
0.0140819999999999
2.0
0.71683
2.0
0.914984
0.849642
2.0
0.540388
2.0
0.659058
2.0
2.0
0.914984
0.078192
0.789192
0.849642
2.0
0.89738
2.0
2.0
0.789192
0.849642
0.0932499999999998
2.0
0.507744
0.819106
0.914984
0.893266
0.0140819999999999
2.0
2.0
2.0
0.914984
0.540388
0.914984
0.659058
0.914984
0.849642
2.0
0.078192
0.789192
2.0
0.914984
0.849642
0.914984
0.849642
0.789192
2.0
0.0932499999999998
0.849642
0.507744
0.819106
2.0
0.849642
0.0140819999999999
0.849642
0.914984
0.849642
2.0
0.540388
2.0
0.540388
0.914984
0.078192
0.789192
0.540388
2.0
0.540388
2.0
0.540388
0.789192
0.540388
0.0932499999999998
0.540388
0.507744
0.540388
0.914984
0.540388
0.0140819999999999
0.540388
2.0
0.540388
2.0
0.659058
0.914984
0.078192
0.789192
0.659058
2.0
0.659058
2.0
0.659058
0.789192
0.659058
0.0932499999999998
0.659058
0.507744
0.659058
0.914984
0.659058
0.0140819999999999
0.659058
2.0
0.659058
0.914984
0.078192
0.789192
0.849642
2.0
0.89738
2.0
2.0
0.789192
0.849642
0.0932499999999998
2.0
0.507744
0.819106
0.914984
0.893266
0.0140819999999999
2.0
2.0
2.0
0.789192
0.078192
0.914984
0.078192
0.914984
0.078192
0.789192
0.078192
0.0932499999999998
0.078192
0.507744
0.078192
2.0
0.078192
0.0140819999999999
0.078192
0.914984
0.078192
0.789192
0.849642
0.789192
0.849642
2.0
2.0
0.0932499999999998
0.849642
0.507744
0.819106
0.789192
0.849642
0.0140819999999999
0.849642
0.789192
0.849642
2.0
0.89738
0.789192
0.849642
0.0932499999999998
0.89738
0.507744
0.819106
0.914984
0.893266
0.0140819999999999
0.89738
2.0
0.89738
0.789192
0.849642
0.0932499999999998
2.0
0.507744
0.819106
0.914984
0.893266
0.0140819999999999
2.0
2.0
2.0
0.0932499999999998
0.849642
0.507744
0.819106
0.789192
0.849642
0.0140819999999999
0.849642
0.789192
0.849642
0.0932499999999998
0.819106
0.0932499999999998
0.893266
0.0140819999999999
2.0
0.0932499999999998
2.0
0.507744
0.819106
0.0140819999999999
0.819106
0.507744
0.819106
0.0140819999999999
0.893266
0.914984
0.893266
0.0140819999999999
2.0
