72
76
71
70
71
73
76
69
76
76
69
71
72
70
71
75
72
75
72
75
75
76
71
70
69
73
70
74
71
76
69
71
70
73
73
72
74
74
75
69
71
70
75
69
76
75
71
70
71
72
75
71
73
69
73
69
70
73
69
69
70
74
76
76
69
74
74
71
70
69
76
72
69
72
72
70
75
72
74
69
72
72
74
75
74
75
74
72
74
76
74
71
73
75
74
73
73
70
72
69
74
72
71
69
75
69
70
75
72
69
74
75
71
69
73
73
75
74
69
75
70
75
70
72
75
69
70
75
69
73
75
70
73
71
72
70
72
72
74
75
73
72
71
72
76
71
70
71
74
71
73
75
71
74
71
75
75
70
70
72
72
70
73
69
73
75
75
72
73
74
72
69
75
73
75
71
75
74
69
70
75
76
74
70
69
76
71
76
76
73
70
75
70
70
75
70
76
76
76
76
69
73
75
69
74
74
71
70
69
71
72
73
76
74
73
73
74
75
74
73
71
74
70
71
74
72
74
73
76
74
74
73
71
70
69
76
73
73
76
75
75
75
71
71
70
71
72
71
75
75
75
75
74
70
74
73
70
71
70
76
69
74
71
72
69
72
74
72
73
69
74
70
75
76
73
