113.839772298444
6730.91361979923
2141.51034016346
6011.25645066503
10472.8263812578
12426.74872
414.444239999967
2246.12283968341
476.226652347644
991.705859999967
5016.09099999988
7390.92227999996
2676.85697060005
2244.19787106105
3037.06778857658
2057.10976405809
2853.4157000003
41.5501406246728
1386.41465999975
7134.36155999984
3657.3480545707
13361.2158544703
4104.97151999978
2600.14422000031
0
5198.64382000008
7112.98150000008
8815.71590016382
2915.73299088207
2958.03731324165
13123.3038445818
1254.84505999994
1244.97733999996
4040.83133999999
4040.83133999999
5144.37136000004
8622.39394926109
233.53604000004
1241.59901052442
6078.62839427554
430.890440000049
9280.59066000004
5525.92320000021
805.863799999877
965.391940000029
1506.12132271319
1754.53075922376
2565.18056827045
945.834327590716
2999.78688000002
5410.79980000012
2919.53601896711
129.924980000106
5292.38715999992
6287.80963225052
4239.98763903906
2059.06423999999
2390.81019618206
8144.15824
5047.54337387564
379.907219999991
8112.21333187331
2247.57111208555
2726.25745479306
12240.90666
1236.42629390102
4733.44480202666
3427.56548942906
2100.17973999984
7815.23424
5159.33005630259
223.668319999946
5859.75957574132
1797.95646571872
93.6432870720799
1024.67988188156
4366.46610000004
1167.68019999997
5834.29761478005
14782.3938565407
14782.8385251689
15563.1032238194
7103.32338341949
3515.6449715994
4754.78952606658
1373.25770000001
10278.6046515071
2525.50163320101
5660.78204
15140.8462689428
3722.48351169232
5732.65962872866
2366.9031409485
1368.33662864705
5303.63585862601
8305.7370162842
1082.57168790524
1255.15318248212
1036.11060000004
1231.82038000023
770.229702978303
1855.7760636913
1073.93686000013
1425.88554000012
7529.12019697006
8027.67823037653
8510.90850000021
7303.11552033767
579.179361763691
2277.79870000001
2637.08725814812
11762.3222399999
1223.59727999995
1223.59727999995
2392.92210000021
2233.04058068401
2128.13828000007
189.131300000202
3904.1138541098
2881.37424000006
5840.32853060944
5532.50167999996
7650.77223999992
6326.85314000016
2569.35919623121
2499.82240000002
4016.16204000011
3294.488450583
179.263580000108
1676.96162766349
1640.39535908352
791.062219999852
8709.20751845771
1015.60790246648
3785.60574914668
1993.50141325147
2484.42566745841
3322.13239999997
4756.24103999992
4104.97152000025
7261.97368492644
13980.2164190226
392.440609513433
7084.95688151786
2882.68833928158
2483.37619999994
5621.54871622219
1983.41171999993
3029.29161453897
606.864779999811
606.864779999811
2476.79771999995
2514.62398000004
7639.42939208774
5303.89949999996
4613.15910000004
7979.69624000008
6101.54020000016
4616.13181329604
9087.76826067824
9780.55514
3644.47791999998
5810.83425741992
7260.69790737098
4617.06294688342
2175.83226000001
352.235193753572
2494.88853999985
8343.15726
4210.2272
12116.0608147668
11400.45056195
2265.33732563123
2519.20074690306
0
7425.78512094344
5000.32363001871
953.879600000115
6733.07428000008
270.291786194084
1348.15004192805
1051.50366614027
2677.44136000007
2670.61747434451
208.866740000156
8290.40994371497
1368.97642053373
3132.1493484262
7407.89120779608
0
0
0
0
10773.90562
6509.40596000004
1637.94132557
5185.45854885754
1679.22068119409
3978.33578000002
834.25252995382
332.43169590497
6969.48255919439
11607.7279600002
8763.61972582557
11283.73782
6662.35561999996
4072.46912119078
5480.03388835074
706.014070608356
8601.36259999992
416.088860000025
6955.75664008725
5756.16999999992
152.949659999936
756.393830581897
544.103486234142
6337.97873435613
5494.67542
7080.08910000004
11400.5058400001
15646.9146800001
8601.36260000016
1013.08591999998
7984.71074320622
0
0
18306.26522
11602.7941
7634.32603999996
3992.18326554767
985.307873243662
4706.83757946267
460.493600000095
2019.94237841555
3272.79105668053
4330.613384
15314.3192395773
7637.61527999996
6172.25885999992
13680.8206473628
3411.36361619492
13526.7070817213
4687.167
12972.76256
716.884440799479
840.400819999971
840.400819999971
3378.84801968269
4440.14799544378
416.088860000025
5184.87600114286
2630.56243787854
4643.75520745053
6563.90352162014
3258.28156600521
5243.04856000004
9200.65151474201
11456.6277122536
5173.92969399844
1220.30803999996
132.466528477449
7955.28374112948
7895.82061999988
8235.31741414247
4113.19462000004
8147.71852641882
1664.74926065846
10208.7667597063
6756.09895999996
1556.22943189845
2591.92112000004
1016.37516000003
2509.69012
2254.3791234733
19510.12706
