1	11105541	581.524538	500000
1	12815649	891.88622306726	438639
1	16380195	488.773498	500000
1	16535486	584.874368	500000
1	20009789	834.002724	500000
1	20302200	880.265624	500000
1	21924945	754.076856	500000
1	23101707	696.816184	500000
1	32052528	577.984974	500000
1	32674926	285.179936	500000
1	34330136	848.024938	500000
1	40980825	594.746314	500000
1	43055035	487.82407	500000
1	45272200	259.080634	500000
1	50884535	404.425286	500000
1	51868159	391.31728	500000
1	52859390	194.083958	500000
1	57333310	826.33521	500000
1	64011656	719.130998	500000
1	64017418	719.801556	500000
1	87031655	563.033254	500000
1	89835208	799.702122	500000
1	94140469	616.151132	500000
1	100681586	410.634564	500000
1	109394592	686.710846	500000
1	109394608	686.716382	500000
1	109837852	451.700336	500000
1	110260039	631.542072	500000
1	113159463	526.299416	500000
1	114133194	295.585198	500000
1	150482144	100.330662	500000
1	150789883	87.688342	500000
1	151115006	118.052358	500000
1	152325958	615.222658	500000
1	156255447	464.047316	500000
1	156761539	603.228348	500000
1	157666026	850.898184	500000
1	158450450	730.236978	500000
1	158736200	759.519212	500000
1	161088291	568.532298	500000
1	167288256	788.087222	500000
1	167787478	754.535472	500000
1	172411086	622.740484	500000
1	173594021	315.884932	500000
1	175046761	527.271282	500000
1	175092630	560.74703	500000
1	201176650	880.214502	500000
1	204192658	775.560354	500000
1	205033517	620.713816	500000
1	205801755	679.708216053577	370908
1	205901025	721.962315855566	340833
1	216062305	808.424528	500000
1	216424274	782.196098	500000
1	220970094	762.193384	500000
1	223949313	785.689084935287	440712
1	225084058	699.06277	500000
1	226421156	601.547426	500000
1	227923126	686.44442	500000
1	228464254	440.992212	500000
1	228559966	492.058206	500000
1	235938328	571.781984	500000
1	241767707	883.00491	500000
1	242035443	906.197392	500000
2	17963170	653.931774	500000
2	21225353	733.330065218795	464590
2	21225499	733.326522309994	464590
2	21238412	733.737047719495	464590
2	24483978	443.512738	500000
2	24522799	445.306112	500000
2	25622321	676.537152	500000
2	26541812	487.070918	500000
2	26687760	562.354892	500000
2	27435164	135.491768	500000
2	27435249	135.454368	500000
2	27499674	112.188894	500000
2	32740294	266.212086	500000
2	37458667	614.048378	500000
2	38585758	803.656206	500000
2	43547671	743.823266	500000
2	47287924	878.56268	500000
2	68729938	817.154196	500000
2	69093412	840.71326	500000
2	74689077	217.991268	500000
2	75116526	716.553412	500000
2	75914984	875.68281	500000
2	84745112	647.54546	500000
2	86317011	437.055776	500000
2	107423192	911.978752	500000
2	107460347	911.701178	500000
2	120005311	858.016754	500000
2	120015196	856.955898	500000
2	125504880	897.743372	500000
2	141298634	724.725464	500000
2	144765025	546.908608	500000
2	150438707	809.753134	500000
2	160193991	469.360308	500000
2	166747444	450.910132	500000
2	179400129	41.914648	500000
2	180815412	794.400192	500000
2	182394307	704.84733	500000
2	183594620	708.131618	500000
2	185801347	764.183824	500000
2	190313536	561.674876	500000
2	190708711	501.285212	500000
2	191301244	550.606706	500000
2	196602772	413.769206	500000
2	200828525	486.53784	500000
2	202007479	233.878914	500000
2	202357085	373.348302	500000
2	203817296	185.366154	500000
2	206920989	472.78836	500000
2	207175475	434.236544	500000
2	215882748	725.71269	500000
2	220193916	453.901912	500000
2	220250431	497.011666	500000
2	224642492	845.079324	500000
2	224866426	831.697252	500000
2	228110690	683.88258	500000
2	228846563	798.254148	500000
2	233350937	829.149024	500000
2	233410387	791.89021	500000
3	9944635	510.463884	500000
3	9976158	507.463908	500000
3	10334545	704.898782	500000
3	14489106	912.78628	500000
3	14770000	871.247092	500000
3	15297786	603.968966	500000
3	16679431	887.346726	500000
3	33467111	414.452292	500000
3	36780079	625.678418	500000
3	38565575	634.88698	500000
3	39140351	523.55853	500000
3	39176659	548.560298	500000
3	39180099	550.479208	500000
3	39431960	755.928908	500000
3	42916104	630.647252	500000
3	44935104	471.56964	500000
3	45801392	499.755804	500000
3	49314109	0.670276	500000
3	51990118	192.661578	500000
3	51990314	192.713322	500000
3	52404177	92.904022	500000
3	56702552	533.595328	500000
3	57401265	278.23336	500000
3	67579534	917.349178	500000
3	107097071	862.489342	500000
3	113729838	449.831362	500000
3	120952485	294.356074	500000
3	122269543	483.604152	500000
3	126916035	924.961104	500000
3	129289977	520.908066	500000
3	130114081	842.155764	500000
3	132218620	519.009326	500000
3	134089757	709.097736	500000
3	141163073	618.873208	500000
3	142281352	257.455636	500000
3	150275393	768.294294	500000
3	151164056	664.769378	500000
3	155649575	744.46438	500000
3	160807839	682.765386	500000
3	161220818	755.301	500000
3	167045758	763.707608	500000
3	169572693	627.742592	500000
3	172835468	892.155396	500000
3	183490221	547.100366	500000
3	183777949	481.828166	500000
3	187388047	889.428502	500000
3	190573339	893.496228	500000
3	190573373	893.502008	500000
4	8233749	981.179254	500000
4	8451558	975.621252	500000
4	9783914	906.741714	500000
4	70513198	882.556886	500000
4	71390615	646.191030376361	502496
4	71888239	573.924698	500000
4	75937913	889.23304	500000
4	79832278	592.133144	500000
4	84391409	790.437728	500000
4	89772320	759.771756	500000
4	95585201	831.88649	500000
4	110791525	780.48388	500000
4	113539390	702.644524	500000
4	115997345	833.09897	500000
4	122682719	699.957616	500000
4	139144394	816.06914	500000
4	142143606	917.56683	500000
4	155158089	811.011988	500000
4	155249288	760.528824	500000
4	156294332	869.895224	500000
4	159836466	710.608792	500000
4	178257363	951.044902	500000
5	6600199	933.991732	500000
5	16676246	891.102744	500000
5	39331893	731.72064	500000
5	55088579	485.229334	500000
5	61772529	522.420156	500000
5	66478728	755.848646	500000
5	74059524	683.526262	500000
5	77335014	778.709094	500000
5	78338201	738.037428	500000
5	89969879	395.837824	500000
5	89981610	397.58823	500000
5	90016777	403.90401	500000
5	96124372	681.58071	500000
5	110428059	847.988138	500000
5	112364688	600.638224	500000
5	127744468	553.003738	500000
5	132161254	365.505828	500000
5	138378393	308.370154	500000
5	140038339	63.947762	500000
5	140580691	132.747892	500000
5	141337176	677.335434	500000
5	145197564	773.3197	500000
5	149755361	764.11741	500000
5	150436516	835.424786	500000
5	167489169	869.7445	500000
5	171777392	899.328694	500000
5	171777494	899.334814	500000
6	7883467	878.54993	500000
6	10529448	882.626122	500000
6	10955407	813.943594	500000
6	17764895	643.308542	500000
6	28331572	551.407526	500000
6	28967766	747.71688	500000
6	29408056	806.431696	500000
6	29408274	806.471808	500000
6	30126176	840.492788	500000
6	30126284	840.489332	500000
6	30126302	840.488756	500000
6	31557380	912.448934	500000
6	32729612	932.918396	500000
6	36339135	567.491014	500000
6	41029293	754.66092	500000
6	43028049	300.750568	500000
6	43155717	245.698358	500000
6	44400628	803.41426	500000
6	46717651	637.149384	500000
6	51889482	660.484418	500000
6	52319049	743.83597	500000
6	74446213	717.921595843192	499999
6	74475674	731.397818795638	499999
6	76624537	624.917004	500000
6	76631822	631.901286	500000
6	83074936	636.333654	500000
6	84303229	568.774612	500000
6	84925535	784.530608	500000
6	89601533	720.014432	500000
6	109548271	498.048946	500000
6	111587203	391.548882	500000
6	114378721	757.073022	500000
6	119341210	610.863067748464	499539
6	132645194	860.652012	500000
6	132910542	805.58765	500000
6	135323971	667.904284	500000
6	135357789	663.671694	500000
6	143823526	861.510628	500000
6	150004633	445.250284	500000
6	160564615	811.563152	500000
6	161022106	871.995518	500000
6	161512445	872.643014	500000
7	5353448	908.675578	500000
7	24902858	799.480286	500000
7	27827190	647.281338	500000
7	33767710	908.105652	500000
7	34125621	907.474508	500000
7	43540840	822.219418	500000
7	44664105	641.566744	500000
7	45747948	903.353294	500000
7	48352697	780.705966648148	453588
7	87060843	521.150874	500000
7	91729126	116.043006	500000
7	92098265	299.762562	500000
7	92099309	300.493808	500000
7	92730677	644.918606	500000
7	97933587	727.494684	500000
7	98786091	395.061162	500000
7	99085102	313.933006	500000
7	100091316	205.65564	500000
7	100681964	651.70443	500000
7	116918234	599.639904	500000
7	117230453	493.992226	500000
7	117267811	516.855348	500000
7	128434497	529.240558	500000
7	128485239	524.869402	500000
7	128845510	533.435794	500000
7	132070013	889.440574	500000
7	132193334	899.567644	500000
7	138434058	882.650956	500000
7	142609748	787.333008973725	495335
7	142651353	771.821365338609	495335
7	142836645	741.22379	500000
7	143027909	772.036084	500000
7	148876128	874.881924	500000
7	148947861	874.698488	500000
7	149422443	947.433	500000
7	150878420	825.400328	500000
7	151810475	587.220052	500000
8	6302105	952.909924	500000
8	11405575	896.105748	500000
8	13357339	928.675206	500000
8	24259545	788.318312	500000
8	27097328	787.172724	500000
8	27293307	765.214488	500000
8	30502974	657.913716	500000
8	30890222	679.577682	500000
8	37963080	521.462172	500000
8	52811579	837.169604	500000
8	67344764	406.078402	500000
8	80677526	852.472326	500000
8	100861109	406.640604	500000
8	110492278	327.587354	500000
8	110504217	333.99132	500000
8	110527428	348.751572	500000
8	110592150	390.612034	500000
8	121267489	621.0331	500000
9	6553444	758.584616	500000
9	14842657	864.428824	500000
9	15447190	715.11167	500000
9	17462984	794.798328	500000
9	27062665	665.88175	500000
9	32987593	676.339906	500000
9	35075021	259.258426	500000
9	79931218	584.211684	500000
9	86258356	686.702038	500000
9	96081432	639.500488	500000
9	99537070	754.9968	500000
9	108397494	751.821942	500000
9	113212386	777.808476	500000
9	114470137	686.174456	500000
9	117124044	869.272	500000
9	126133159	570.950804	500000
9	130488630	570.89038	500000
9	130575514	615.473296	500000
9	133569199	845.988234	500000
9	133768965	839.184186	500000
9	133948175	774.816066	500000
10	5781801	767.299128640679	499220
10	5790419	768.019338167541	499220
10	5803367	768.651187853051	499220
10	14890828	809.430942	500000
10	16911748	868.556204	500000
10	17113455	823.68775	500000
10	19569099	956.188948	500000
10	22675856	706.132868	500000
10	26463051	651.897088	500000
10	33113447	714.01327	500000
10	49658841	813.888546	500000
10	55570346	902.226798	500000
10	70179633	464.79733	500000
10	70856962	572.81254	500000
10	71640273	887.944786	500000
10	73377111	786.759476	500000
10	73563066	688.340718	500000
10	95278715	742.562164	500000
10	98105839	577.103748	500000
10	111702433	630.76425	500000
10	116091628	700.373708	500000
10	116100460	703.177686	500000
10	119774576	756.801502	500000
10	121556258	567.197196	500000
10	121587042	585.328136	500000
10	123997017	847.150816	500000
11	5701078	761.073716	500000
11	6568277	564.878542	500000
11	6662465	508.403696	500000
11	18195608	647.987242	500000
11	22296265	850.776192	500000
11	22646983	883.553376	500000
11	32674756	556.554312	500000
11	34999351	825.802952	500000
11	34999681	825.752102	500000
11	62569102	306.3117	500000
11	65987024	215.31105	500000
11	66084283	182.922488	500000
11	66191858	144.670978	500000
11	68452437	677.9572	500000
11	70754117	931.572018	500000
11	71929607	500.627504	500000
11	73760412	326.402128	500000
11	76913456	665.169938	500000
11	85438187	392.489256	500000
11	93103329	744.704492	500000
11	96117811	948.115729844782	417671
11	101826979	700.575084	500000
11	111608215	158.780548	500000
11	111747586	122.52962	500000
11	111896250	268.891018	500000
11	111899634	272.554318	500000
11	111942361	319.601198	500000
11	111957664	338.369804	500000
11	112065433	488.38934	500000
11	113146032	744.02862	500000
11	116692292	625.033572	500000
11	118425757	281.757964	500000
11	121440936	849.293908	500000
11	122852348	869.445104	500000
11	123676475	794.737354	500000
11	124749144	743.19169	500000
12	6649709	557.083616	500000
12	10066204	886.861938	500000
12	10954382	899.451074	500000
12	10954582	899.481074	500000
12	10954631	899.488424	500000
12	10954915	899.531024	500000
12	10959437	900.244064	500000
12	10961977	900.65344	500000
12	12044493	934.64043	500000
12	12630139	804.932292	500000
12	13061582	848.240398	500000
12	15777272	793.705508	500000
12	49315199	264.490122	500000
12	49430946	223.322578	500000
12	49689008	260.865054	500000
12	50190159	391.819048	500000
12	53164846	719.800854	500000
12	53293584	678.877068	500000
12	56716947	192.960664	500000
12	57132235	329.615342	500000
12	57437118	318.352162	500000
12	57994678	255.278848	500000
12	58166589	332.359612	500000
12	60173362	860.108648	500000
12	71066712	803.937138	500000
12	85450425	656.35499	500000
12	88472995	595.644548	500000
12	92380426	898.279714	500000
12	101017838	809.159082	500000
12	104048445	823.838214	500000
12	107155116	392.390646	500000
12	109526188	731.964563253012	398400
12	110230596	524.429156	500000
12	113906139	868.060336	500000
12	120534825	530.10536	500000
12	121756083	672.148756	500000
12	122958180	354.349622	500000
12	124323005	519.058752	500000
13	25743747	770.256992	500000
13	26273376	866.263564	500000
13	31543067	900.0475	500000
13	46124374	790.057776	500000
13	52439889	571.870392	500000
13	76381712	719.228952	500000
13	77531178	521.50203	500000
13	94197610	912.486506	500000
13	95815414	900.708288	500000
13	101020732	829.16368	500000
13	103382659	710.834336	500000
14	30046510	872.171766	500000
14	55819218	473.41522	500000
14	57092111	841.194368	500000
14	62249072	809.227358	500000
14	64653145	422.843208	500000
14	66082792	657.07195	500000
14	68353892	410.096348	500000
14	69704433	560.643824	500000
14	72054707	547.400404	500000
14	90756861	813.738126	500000
14	91763719	759.900834	500000
14	93398848	846.646718	500000
15	25925283	943.864324	500000
15	26108140	979.583044	500000
15	29416889	953.609187112209	397927
15	33445998	883.355662	500000
15	34543179	687.982364	500000
15	40903050	247.924398	500000
15	41148987	213.456636	500000
15	42630672	131.002854	500000
15	44949353	280.627226	500000
15	45561550	464.728924	500000
15	49009356	496.274038	500000
15	52536595	427.282716	500000
15	59497621	673.458672	500000
15	63111777	806.864984	500000
15	68631893	777.384144	500000
15	78922239	707.68747	500000
15	81614801	899.54858	500000
15	83296072	454.95956	500000
15	83680318	449.250128	500000
15	84694078	684.400442	500000
15	89390512	887.811654	500000
15	90213342	714.9775	500000
15	91827270	925.000074	500000
16	12060162	798.201384	500000
16	23360164	545.768032	500000
16	24902298	679.59769	500000
16	30106715	188.985564	500000
16	49669922	877.918108	500000
16	52497871	868.09275	500000
16	55705837	872.712982	500000
16	56936318	745.618472	500000
16	57068105	724.577196	500000
16	57935469	779.483142	500000
16	58318561	733.773682	500000
16	70500874	169.651108	500000
16	72110636	155.191704	500000
16	72992762	573.790038	500000
16	84089630	868.986026	500000
16	84270742	884.977354	500000
17	1028675	893.704292	500000
17	1372838	676.754696	500000
17	1372860	676.737668	500000
17	6329916	851.502426	500000
17	6511740	821.14925	500000
17	7752522	423.742266	500000
17	8021611	423.374768	500000
17	10541496	436.122188	500000
17	11783470	734.384732	500000
17	33491163	669.546114	500000
17	34951457	757.359750004773	471369
17	36614484	726.689702	500000
17	37840859	124.268004	500000
17	38062389	206.324526	500000
17	39092755	513.148566	500000
17	39116602	516.272516	500000
17	40826765	147.54987	500000
17	42254203	364.00549	500000
17	43893885	615.595452	500000
17	46928951	484.447874	500000
17	47302376	621.457394	500000
17	48447917	698.80319	500000
17	48452755	698.809818	500000
17	48618359	625.53388	500000
17	57247132	164.30345	500000
17	71193524	896.399722	500000
17	72999670	663.46204	500000
17	73238507	530.052384	500000
17	73567800	476.154042	500000
17	73999477	551.882388	500000
17	74015696	556.687536	500000
17	76117123	847.59367	500000
17	76157043	845.542862	500000
17	76809018	888.794068	500000
17	78350109	838.39676	500000
17	79205671	913.298714	500000
17	80676854	800.157978	500000
18	8806924	925.961694	500000
18	9547946	780.623338	500000
18	34261510	674.023044	500000
18	60232247	795.756004	500000
18	67833305	801.854118	500000
19	5844803	894.53515	500000
19	6432111	909.695582	500000
19	7975086	875.766814	500000
19	8552922	825.174583055816	448921
19	9068457	958.584538	500000
19	9452878	958.480852	500000
19	9490759	955.054324	500000
19	9524714	950.779928	500000
19	9728815	919.615958	500000
19	10291472	776.391634	500000
19	10335551	759.480166	500000
19	11660925	867.595572	500000
19	12243994	926.241884	500000
19	13993763	891.397366	500000
19	14000195	888.961888	500000
19	15291575	792.65122	500000
19	17471633	861.692232	500000
19	17534350	872.440896	500000
19	17945695	963.015822	500000
19	18234788	934.94183	500000
19	38877254	624.899594	500000
19	39384147	670.453452	500000
19	39396012	677.712954	500000
19	40541065	704.04933	500000
19	44341339	859.596698	500000
19	44377204	874.020758	500000
19	45659154	811.053742	500000
19	45815162	770.66203	500000
19	47204206	762.173802	500000
19	48613762	866.639694	500000
19	48876828	775.683634	500000
19	49206624	758.09874	500000
19	50017537	705.286674	500000
19	50967734	915.330878	500000
20	5904288	842.748388	500000
20	6022245	835.2814	500000
20	34611649	267.71831	500000
20	36640869	616.235074	500000
20	36956025	644.707446	500000
20	43090824	784.811018	500000
20	44141399	574.375228	500000
20	44470574	427.991902	500000
20	47558416	391.439404	500000
20	49209709	865.305548	500000
20	49221302	863.446936	500000
20	49354597	775.024256	500000
20	50140628	934.685356	500000
20	51871501	934.532136	500000
22	22042376	697.010412	500000
22	23256421	939.134176	500000
22	24717547	564.408826	500000
22	24984214	779.709406	500000
22	25623838	976.550424	500000
22	25755877	970.732268	500000
22	26906215	883.353034	500000
22	29456670	560.522842	500000
22	30415982	367.130412	500000
22	31289476	447.890598	500000
22	31289890	447.653762	500000
22	31487353	263.739284	500000
22	31494812	257.31289	500000
22	31534279	231.506704	500000
22	36122723	736.18683	500000
22	37462172	921.549696	500000
22	39125548	529.682594	500000
22	41513726	148.413074	500000
22	42524816	301.566728	500000
22	42969942	708.752906	500000
22	44161260	851.98394	500000
22	44335884	904.681702	500000
22	45132852	980.440782	500000
