0
5
7
10
12
13
16
18
20
21
22
25
27
29
31
38
44
49
50
52
53
54
56
59
60
61
62
67
69
73
75
76
82
85
87
88
89
96
102
104
106
107
108
109
113
114
118
120
127
131
133
136
138
139
140
143
144
145
147
151
155
158
161
165
166
167
168
169
174
182
185
189
192
196
198
199
204
210
212
213
214
216
217
223
228
229
230
233
235
236
239
241
245
253
254
258
265
267
269
271
276
277
279
283
288
292
294
295
296
298
308
309
312
314
316
319
321
324
330
332
333
334
335
339
340
346
347
356
366
372
373
375
376
380
381
383
386
390
399
403
404
406
411
415
417
420
421
422
428
429
430
