0.027850
0.024850
0.022900
0.013250
0.011900
0.008800
0.008650
0.008150
0.006850
0.006350
0.005750
0.005650
0.005300
0.005250
0.005200
0.004600
0.004500
0.004500
0.004400
0.004350
0.004300
0.004250
0.004200
0.003950
0.003750
0.003400
0.003350
0.003300
0.002850
0.002850
0.002750
0.002650
0.002550
0.002500
0.002300
0.002100
0.002050
0.002000
0.001850
0.001750
0.001700
0.001600
0.001500
0.001400
0.001250
0.001200
0.001200
0.001200
0.053450
0.014400
0.007800
0.007350
0.006250
0.006250
0.006150
0.006050
0.005900
0.005550
0.005450
0.005350
0.005250
0.005250
0.004900
0.004900
0.004700
0.004650
0.004050
0.003800
0.003650
0.003450
0.003300
0.003100
0.002900
0.002800
0.002750
0.002350
0.002300
0.002100
0.002100
0.002100
0.002000
0.002000
0.001950
0.001900
0.001850
0.001850
0.001400
0.001250
0.001150
0.026850
0.011850
0.010800
0.009900
0.008650
0.006650
0.006150
0.005950
0.005400
0.005300
0.005200
0.005100
0.005000
0.004900
0.004850
0.004600
0.004150
0.004100
0.004100
0.004000
0.003950
0.003900
0.003600
0.003600
0.003450
0.003150
0.003100
0.003100
0.003050
0.003050
0.002950
0.002750
0.002300
0.002200
0.002100
0.001850
0.001700
0.001650
0.001500
0.001500
0.001300
0.001250
0.001100
0.001100
0.041300
0.016250
0.011850
0.008150
0.007250
0.007000
0.006750
0.006250
0.005800
0.005700
0.005650
0.005350
0.005200
0.005000
0.004850
0.004750
0.004450
0.004350
0.004250
0.003800
0.003750
0.003650
0.003650
0.003600
0.003550
0.003250
0.003100
0.002800
0.002650
0.002450
0.002400
0.002350
0.002050
0.002000
0.002000
0.001950
0.001700
0.001550
0.001400
0.001400
0.001350
0.001350
0.001300
0.001250
0.001200
0.001000
0.000950
0.000850
0.064400
0.026600
0.010250
0.008800
0.007450
0.007050
0.007050
0.006850
0.006750
0.006200
0.005950
0.005750
0.005500
0.005350
0.005100
0.005100
0.005000
0.004650
0.004500
0.004350
0.004300
0.004000
0.003450
0.003450
0.003250
0.003100
0.003100
0.003050
0.003050
0.002950
0.002800
0.002600
0.002500
0.002300
0.002250
0.002250
0.002100
0.001750
0.001600
0.001200
0.001200
0.001100
0.031200
0.015800
0.012500
0.007550
0.006850
0.006200
0.005700
0.005700
0.005500
0.005100
0.005000
0.005000
0.005000
0.004700
0.004500
0.004450
0.004400
0.004150
0.003900
0.003850
0.003450
0.003200
0.003100
0.003050
0.002850
0.002700
0.001950
0.001900
0.001900
0.001850
0.001550
0.001450
0.001450
0.001350
0.001200
0.001100
0.036600
0.027800
0.012850
0.011700
0.007950
0.006650
0.006650
0.005700
0.005150
0.004700
0.004650
0.004600
0.004600
0.004500
0.004250
0.004150
0.004100
0.004000
0.003900
0.003700
0.003650
0.003650
0.003600
0.003600
0.003550
0.003550
0.003500
0.003500
0.003350
0.003250
0.003200
0.003150
0.002850
0.002800
0.002500
0.002300
0.002150
0.002100
0.001900
0.001750
0.001700
0.001700
0.001650
0.001650
0.001450
0.001350
0.001350
0.001150
0.001150
0.000900
0.033950
0.014250
0.011950
0.011050
0.010400
0.008150
0.008000
0.006850
0.006650
0.006400
0.006200
0.005850
0.005650
0.005300
0.005200
0.005000
0.004650
0.004650
0.004400
0.004400
0.004300
0.004150
0.004100
0.004100
0.004100
0.004050
0.004000
0.003800
0.003700
0.003650
0.003650
0.003600
0.003500
0.003450
0.003450
0.003300
0.003250
0.003250
0.003200
0.003000
0.002950
0.002950
0.002900
0.002850
0.002750
0.002700
0.002600
0.002500
0.002500
0.002450
0.002350
0.002350
0.002300
0.002300
0.002050
0.001950
0.001900
0.001600
0.001300
0.001250
0.001200
0.001100
0.001100
0.001050
0.000850
0.000850
0.000800
0.046750
0.015750
0.013600
0.011750
0.009900
0.008600
0.007000
0.006300
0.005800
0.005750
0.005550
0.005550
0.005250
0.005150
0.005100
0.005050
0.004950
0.004850
0.004850
0.004800
0.004750
0.004650
0.004400
0.004250
0.003950
0.003900
0.003900
0.003850
0.003850
0.003700
0.003550
0.003400
0.002850
0.002750
0.002550
0.002550
0.002450
0.002450
0.002200
0.002200
0.002150
0.001950
0.001900
0.001700
0.001650
0.001600
0.001600
0.001500
0.001400
0.001350
0.001350
0.001300
0.001250
0.001250
0.000850
0.030100
0.016450
0.014000
0.012050
0.011450
0.010500
0.008000
0.007650
0.007300
0.006600
0.006250
0.005900
0.005900
0.005550
0.005250
0.005200
0.005150
0.005100
0.004900
0.004850
0.004800
0.004800
0.004650
0.004450
0.004350
0.004250
0.003900
0.003850
0.003800
0.003700
0.003700
0.003650
0.003550
0.003550
0.003300
0.003300
0.003250
0.003150
0.002850
0.002850
0.002750
0.002700
0.002550
0.002300
0.002250
0.002250
0.002150
0.001800
0.001500
0.001350
0.001300
0.001300
0.001150
0.001150
0.001150
0.000900
0.000900
0.000750
0.000700
0.000700
0.000500
0.050350
0.036550
0.034800
0.031050
0.030400
0.006900
0.006550
0.006150
0.005850
0.005850
0.005350
0.005250
0.005100
0.004900
0.004650
0.004300
0.004150
0.004150
0.004100
0.004050
0.004000
0.003900
0.003550
0.003500
0.003500
0.003300
0.003050
0.003050
0.002850
0.002850
0.002800
0.002700
0.002650
0.002650
0.002650
0.002600
0.002600
0.002450
0.002400
0.002200
0.002150
0.002050
0.002050
0.001950
0.001800
0.001700
0.001450
0.001350
0.001050
0.042700
0.013900
0.012550
0.011150
0.011050
0.006650
0.005750
0.005700
0.005150
0.005150
0.004850
0.004800
0.004550
0.003950
0.003900
0.003900
0.003700
0.003650
0.003100
0.003050
0.003000
0.002950
0.002750
0.002250
0.002200
0.001800
0.001750
0.001700
0.001550
0.001500
0.001500
0.001500
0.001350
0.001350
0.001350
0.001300
0.001000
0.000750
0.000750
0.030800
0.010850
0.009650
0.009550
0.009350
0.009100
0.006700
0.006400
0.006300
0.005900
0.005200
0.005150
0.004950
0.004850
0.004800
0.004650
0.004400
0.004050
0.003700
0.003550
0.003550
0.003350
0.003050
0.003000
0.003000
0.003000
0.003000
0.002850
0.002800
0.002750
0.002650
0.002650
0.002600
0.002600
0.002600
0.002550
0.002550
0.002400
0.002300
0.002300
0.002250
0.002250
0.002200
0.002050
0.002050
0.001850
0.001750
0.001600
0.001550
0.001550
0.001500
0.001400
0.001200
0.020000
0.016050
0.015850
0.015150
0.011000
0.009150
0.008250
0.008000
0.007800
0.007200
0.006300
0.006200
0.006050
0.005900
0.005550
0.005050
0.005000
0.004950
0.004900
0.004850
0.004850
0.004600
0.004600
0.004000
0.003800
0.003450
0.003450
0.003100
0.003050
0.003050
0.002950
0.002600
0.002500
0.002400
0.002300
0.002150
0.002150
0.002000
0.001900
0.001750
0.001550
0.001350
0.001300
0.001200
0.001050
0.001000
0.000900
0.000700
0.060650
0.036850
0.029050
0.023000
0.018950
0.013800
0.011800
0.010000
0.008300
0.007050
0.006650
0.006300
0.006150
0.006050
0.006050
0.006000
0.005350
0.005250
0.005200
0.005100
0.004800
0.004650
0.004550
0.004550
0.004450
0.004300
0.004200
0.003700
0.003550
0.003500
0.003450
0.003450
0.003400
0.003200
0.003150
0.003100
0.003100
0.003000
0.003000
0.003000
0.003000
0.002750
0.002500
0.002500
0.002500
0.002500
0.002300
0.002300
0.002200
0.002100
0.002000
0.002000
0.001850
0.001750
0.001650
0.001650
0.001550
0.001500
0.001300
0.001150
0.001100
0.001050
0.000850
0.053600
0.039500
0.036750
0.035950
0.035400
0.018100
0.010900
0.007950
0.007150
0.006950
0.006600
0.006250
0.005950
0.005800
0.005350
0.005300
0.005300
0.005250
0.005000
0.004750
0.004500
0.004200
0.004100
0.004000
0.003900
0.003900
0.003700
0.003350
0.003250
0.003100
0.002950
0.002950
0.002800
0.002700
0.002700
0.002500
0.002400
0.002250
0.002150
0.002100
0.002050
0.001900
0.001850
0.001750
0.001650
0.001550
0.045500
0.025150
0.025050
0.014100
0.008500
0.007950
0.007750
0.007150
0.006350
0.006200
0.005750
0.005600
0.005550
0.005550
0.005400
0.005300
0.004900
0.004550
0.004500
0.004400
0.004250
0.004150
0.004100
0.004000
0.003100
0.003100
0.002950
0.002850
0.002800
0.002750
0.002700
0.002450
0.002400
0.002250
0.002150
0.002100
0.002050
0.002000
0.002000
0.001850
0.001800
0.001750
0.001700
0.001250
0.000850
0.013900
0.013550
0.008850
0.008250
0.007850
0.007150
0.005650
0.005450
0.005250
0.005200
0.005100
0.004950
0.004750
0.004500
0.004450
0.004400
0.004200
0.003950
0.003700
0.003650
0.003600
0.003550
0.003450
0.003350
0.003300
0.003250
0.003200
0.003050
0.002950
0.002850
0.002800
0.002750
0.002450
0.002350
0.002350
0.002150
0.001750
0.001650
0.001650
0.001500
0.001350
0.001350
0.001300
0.001250
0.001000
0.038100
0.035000
0.021500
0.018850
0.011700
0.011200
0.008300
0.007650
0.007450
0.006850
0.006800
0.006800
0.006350
0.005950
0.005650
0.005300
0.005150
0.005100
0.004950
0.004900
0.004750
0.004650
0.004450
0.004300
0.004150
0.004150
0.003950
0.003900
0.003700
0.003500
0.003500
0.003450
0.003250
0.003150
0.003100
0.002850
0.002750
0.002700
0.002400
0.002400
0.002350
0.002300
0.002250
0.002150
0.002100
0.002000
0.001950
0.001900
0.001850
0.001550
0.001450
0.001400
0.001400
0.008500
0.008150
0.007550
0.007100
0.006400
0.006200
0.006100
0.005850
0.005600
0.005100
0.005000
0.004600
0.004200
0.004050
0.003900
0.003800
0.003550
0.003500
0.003500
0.003150
0.002800
0.002700
0.002700
0.002550
0.002550
0.002500
0.002300
0.002050
0.002000
0.001850
0.001800
0.001600
0.001600
0.001550
0.001500
0.001450
0.001200
0.001200
0.001150
0.054700
0.025600
0.012950
0.008450
0.007700
0.006800
0.006400
0.006000
0.005950
0.005900
0.005850
0.005800
0.005700
0.005550
0.005200
0.005100
0.004550
0.004400
0.003650
0.003300
0.003200
0.003050
0.002950
0.002850
0.002750
0.002700
0.002700
0.002600
0.002550
0.002450
0.002450
0.002250
0.002100
0.002050
0.002000
0.001700
0.001650
0.001600
0.001600
0.001550
0.001500
0.001350
0.001100
0.001100
0.001000
0.031850
0.017750
0.014600
0.009800
0.008500
0.008500
0.007900
0.007450
0.007300
0.006150
0.006050
0.005300
0.005000
0.004800
0.004800
0.004150
0.004050
0.004050
0.003950
0.003750
0.003500
0.003400
0.002750
0.002750
0.002700
0.002450
0.002400
0.002300
0.002150
0.001900
0.001850
0.001650
0.001650
0.001500
0.001300
0.001100
0.001000
0.000700
0.054800
0.053100
0.040900
0.022650
0.013450
0.013200
0.010550
0.006050
0.005950
0.005850
0.005500
0.005200
0.005150
0.005100
0.005100
0.004900
0.004850
0.004750
0.004550
0.004500
0.004450
0.004450
0.004400
0.004300
0.004250
0.004100
0.003700
0.003550
0.003450
0.003400
0.003350
0.003200
0.002650
0.002600
0.002450
0.002400
0.002400
0.002150
0.002100
0.001950
0.001700
0.001300
0.001300
0.001300
0.001250
0.000700
0.037750
0.029700
0.027500
0.016850
0.016250
0.016000
0.012150
0.011600
0.008950
0.008750
0.006650
0.005250
0.005150
0.005100
0.004900
0.004700
0.004600
0.004550
0.004500
0.004500
0.004250
0.004250
0.004200
0.004150
0.004050
0.003950
0.003850
0.003800
0.003700
0.003600
0.003450
0.003450
0.003300
0.003050
0.002900
0.002750
0.002700
0.002650
0.002650
0.002600
0.002500
0.002400
0.002350
0.002300
0.002250
0.002200
0.002000
0.001950
0.001800
0.001750
0.001600
0.001550
0.001350
0.001200
0.021350
0.011550
0.011100
0.007000
0.006850
0.006300
0.005900
0.005800
0.005600
0.005300
0.005300
0.004650
0.004650
0.004600
0.004550
0.004450
0.004250
0.004100
0.004100
0.004000
0.003900
0.003900
0.003850
0.003850
0.003800
0.003800
0.003700
0.003600
0.003550
0.003500
0.003450
0.003400
0.003250
0.003200
0.003150
0.003100
0.003100
0.003050
0.002950
0.002750
0.002600
0.002550
0.002550
0.002450
0.002250
0.002250
0.002050
0.001850
0.001750
0.001600
0.001550
0.001450
0.001350
0.001150
0.024100
0.010150
0.008200
0.008100
0.007800
0.005650
0.005450
0.005350
0.005300
0.004900
0.004850
0.004750
0.004550
0.004050
0.004000
0.003950
0.003900
0.003850
0.003800
0.003800
0.003600
0.003500
0.003300
0.003300
0.003000
0.002950
0.002750
0.002750
0.002600
0.002550
0.002550
0.002450
0.002250
0.002200
0.002000
0.001900
0.001900
0.001450
0.001300
0.000850
0.000750
0.063600
0.033100
0.032050
0.018900
0.016300
0.011700
0.010850
0.005800
0.005650
0.005650
0.005200
0.005000
0.004750
0.004650
0.004400
0.004300
0.003950
0.003900
0.003800
0.003750
0.003650
0.003550
0.003500
0.003350
0.003300
0.003200
0.003100
0.003050
0.003050
0.003000
0.002950
0.002900
0.002800
0.002650
0.002500
0.002500
0.002450
0.002400
0.002100
0.001900
0.001800
0.001700
0.001650
0.001550
0.001550
0.000450
0.027450
0.025000
0.017900
0.016750
0.013650
0.011750
0.008850
0.008350
0.006850
0.006650
0.006400
0.006000
0.005950
0.005700
0.005300
0.005000
0.004650
0.004650
0.004600
0.004550
0.004550
0.004450
0.004300
0.004300
0.004250
0.004200
0.004150
0.003900
0.003900
0.003850
0.003550
0.003450
0.003300
0.003200
0.003150
0.003050
0.002850
0.002800
0.002700
0.002650
0.002550
0.002500
0.002400
0.002350
0.002200
0.002100
0.002000
0.001650
0.001600
0.001500
0.001400
0.001300
0.001250
0.040300
0.031400
0.020300
0.019600
0.009750
0.009150
0.007200
0.006300
0.006050
0.005750
0.005450
0.005450
0.005400
0.005150
0.005050
0.005000
0.005000
0.004950
0.004650
0.004500
0.004400
0.004200
0.004000
0.003750
0.003600
0.003550
0.003450
0.003450
0.003250
0.003250
0.003150
0.003100
0.002950
0.002900
0.002850
0.002750
0.002700
0.002600
0.002500
0.002450
0.002450
0.002300
0.002150
0.002150
0.002150
0.002050
0.002050
0.001700
0.001700
0.001500
0.001500
0.001300
0.001200
0.000950
0.062450
0.040050
0.018100
0.014150
0.012950
0.008750
0.008050
0.007600
0.007200
0.006850
0.005500
0.005250
0.004950
0.004700
0.004500
0.004500
0.004400
0.004400
0.004350
0.004100
0.004000
0.003800
0.003500
0.003400
0.003400
0.003250
0.003250
0.003050
0.003050
0.002950
0.002900
0.002850
0.002850
0.002750
0.002650
0.002600
0.002500
0.002400
0.002200
0.002150
0.002000
0.002000
0.001850
0.001750
0.001650
0.001650
0.001550
0.001550
0.001500
0.001450
0.001300
0.001200
0.035250
0.033850
0.031100
0.024900
0.023750
0.020150
0.008250
0.008000
0.007450
0.005850
0.005700
0.005600
0.005350
0.005300
0.005250
0.004850
0.004600
0.004550
0.004450
0.004450
0.004250
0.004200
0.004050
0.003700
0.003350
0.003200
0.003200
0.003050
0.002950
0.002950
0.002800
0.002700
0.002700
0.002650
0.002600
0.002550
0.002500
0.002400
0.002400
0.002350
0.002200
0.002000
0.001850
0.001750
0.001750
0.001150
0.000850
0.000650
0.017450
0.015050
0.014400
0.009400
0.009300
0.008100
0.007550
0.007100
0.007050
0.006850
0.006850
0.006650
0.006500
0.006100
0.006000
0.005700
0.005600
0.005300
0.005250
0.005100
0.004900
0.004700
0.004600
0.004450
0.004350
0.004250
0.004150
0.004000
0.003850
0.003850
0.003700
0.003600
0.003500
0.003400
0.003400
0.003400
0.003350
0.003350
0.003250
0.003150
0.002950
0.002750
0.002700
0.002550
0.002500
0.002400
0.002300
0.002150
0.002050
0.002000
0.002000
0.001550
0.001500
0.001450
0.001400
0.001250
0.001150
0.000950
0.000750
0.000600
0.000450
0.032300
0.022650
0.011500
0.011450
0.010350
0.009500
0.006200
0.005750
0.005450
0.005300
0.005250
0.005050
0.005000
0.005000
0.004650
0.004550
0.004550
0.004350
0.004350
0.004200
0.004050
0.003750
0.003450
0.003450
0.003400
0.003300
0.003250
0.003150
0.003100
0.003050
0.002900
0.002900
0.002800
0.002400
0.002400
0.002250
0.002200
0.002200
0.002200
0.002050
0.001800
0.001800
0.001750
0.001700
0.001550
0.001150
0.001100
0.032150
0.026500
0.024200
0.023550
0.021700
0.010750
0.006200
0.006150
0.005150
0.005100
0.004750
0.004750
0.004600
0.004550
0.004500
0.004500
0.004500
0.004450
0.004400
0.004400
0.004350
0.004200
0.004150
0.004050
0.003950
0.003950
0.003700
0.003650
0.003600
0.003550
0.003400
0.003400
0.003300
0.002900
0.002650
0.002600
0.002600
0.002500
0.002450
0.002400
0.002250
0.002200
0.002050
0.002000
0.001950
0.001950
0.001900
0.001850
0.001800
0.001700
0.001700
0.001600
0.001550
0.001200
0.001100
0.022550
0.010550
0.010300
0.008150
0.006650
0.005700
0.005650
0.005200
0.005050
0.004850
0.004700
0.004400
0.004050
0.003900
0.003800
0.003750
0.003750
0.003600
0.003500
0.003250
0.003050
0.002950
0.002850
0.002750
0.002600
0.002250
0.002100
0.001650
0.001650
0.001550
0.001100
0.000600
0.021400
0.012350
0.012100
0.012050
0.009150
0.006300
0.005950
0.005950
0.005200
0.005150
0.005000
0.005000
0.004850
0.004400
0.004300
0.004200
0.004000
0.003950
0.003850
0.003800
0.003450
0.003350
0.003050
0.003000
0.003000
0.002700
0.002200
0.002150
0.002050
0.002000
0.001950
0.001900
0.001700
0.001650
0.001650
0.001550
0.001350
0.001150
0.001000
0.000650
0.000550
0.063500
0.024850
0.020700
0.015400
0.010500
0.009500
0.007700
0.007250
0.006050
0.005750
0.005500
0.005050
0.004950
0.004900
0.004500
0.004400
0.004300
0.004300
0.004300
0.003950
0.003950
0.003750
0.003600
0.003600
0.003600
0.003550
0.003300
0.003300
0.003000
0.002950
0.002900
0.002850
0.002800
0.002750
0.002650
0.002500
0.002300
0.002200
0.002150
0.002100
0.001950
0.001850
0.001850
0.001800
0.001750
0.001750
0.001600
0.001350
0.001150
0.001050
0.001050
0.001000
0.000750
0.079550
0.032000
0.021450
0.018950
0.018350
0.015750
0.015500
0.012100
0.011000
0.008350
0.007300
0.007150
0.007050
0.006200
0.005800
0.005650
0.004900
0.004850
0.004800
0.004650
0.004600
0.003950
0.003800
0.003700
0.003600
0.003600
0.003550
0.003200
0.003050
0.002950
0.002650
0.002600
0.002600
0.002500
0.002450
0.002400
0.002350
0.002250
0.002200
0.002200
0.002100
0.002100
0.002050
0.001900
0.001750
0.001700
0.001500
0.001450
0.001200
0.000850
0.000550
0.000550
0.038400
0.026800
0.018500
0.014950
0.011000
0.008400
0.007550
0.006750
0.005900
0.005500
0.005200
0.005100
0.005050
0.004650
0.004650
0.004650
0.004500
0.004300
0.004250
0.004200
0.004100
0.003850
0.003600
0.003550
0.003450
0.003400
0.003300
0.003250
0.003100
0.003000
0.002950
0.002950
0.002850
0.002550
0.002350
0.002100
0.002000
0.002000
0.001750
0.001700
0.001700
0.001650
0.001650
0.001650
0.001600
0.001550
0.001450
0.001400
0.001000
0.001000
0.000900
0.024700
0.020750
0.009850
0.006250
0.005650
0.005450
0.005250
0.005150
0.005100
0.005100
0.004750
0.004600
0.004550
0.004550
0.004450
0.004400
0.004300
0.004150
0.003600
0.003500
0.003400
0.003300
0.003050
0.003050
0.003000
0.002900
0.002750
0.002750
0.002650
0.002600
0.002400
0.002050
0.002000
0.001900
0.001850
0.001800
0.001700
0.001500
0.001500
0.001450
0.001250
0.001150
0.001100
0.000700
0.040650
0.032250
0.027250
0.013800
0.010350
0.008900
0.007150
0.006400
0.006300
0.006000
0.005750
0.005750
0.005500
0.005450
0.005450
0.005400
0.005150
0.005050
0.005000
0.005000
0.004650
0.004650
0.004450
0.004400
0.004150
0.004050
0.003950
0.003550
0.003200
0.003100
0.003050
0.002750
0.002450
0.002450
0.002450
0.002400
0.002400
0.002400
0.002400
0.002100
0.002050
0.001800
0.001800
0.001700
0.001700
0.001650
0.001350
0.001300
0.001050
0.001050
0.000700
0.000700
0.064700
0.027300
0.024600
0.020600
0.011600
0.010600
0.007550
0.006300
0.005750
0.005600
0.005400
0.005300
0.004950
0.004950
0.004800
0.004700
0.004650
0.004600
0.004550
0.004550
0.004500
0.004450
0.004450
0.004250
0.004050
0.004000
0.003900
0.003850
0.003800
0.003700
0.003550
0.003500
0.003000
0.002800
0.002700
0.002650
0.002650
0.002550
0.002500
0.002350
0.002300
0.002300
0.002250
0.002150
0.002150
0.002000
0.002000
0.001950
0.001950
0.001850
0.001800
0.001350
0.001300
0.001250
0.001200
0.001100
0.001100
0.000950
0.000750
0.136950
0.094250
0.061150
0.035200
0.018250
0.017150
0.013300
0.012250
0.011500
0.010850
0.008200
0.007600
0.006800
0.006500
0.006100
0.005700
0.005250
0.005000
0.004850
0.004700
0.004550
0.004500
0.004450
0.004350
0.004350
0.004350
0.004200
0.004050
0.003900
0.003800
0.003700
0.003700
0.003700
0.003650
0.003600
0.003550
0.003350
0.003250
0.003150
0.003150
0.003050
0.003050
0.003000
0.002950
0.002750
0.002600
0.002450
0.002250
0.002200
0.002050
0.002000
0.001850
0.001850
0.001800
0.001600
0.001550
0.001550
0.001500
0.001400
0.001300
0.001200
0.001150
0.026450
0.015850
0.006500
0.006000
0.005800
0.005750
0.005100
0.004350
0.004300
0.004200
0.004100
0.004100
0.003800
0.003800
0.003750
0.003650
0.003300
0.003250
0.002900
0.002900
0.002900
0.002850
0.002700
0.002550
0.002350
0.002350
0.002300
0.002200
0.002200
0.002200
0.002200
0.002150
0.002150
0.002000
0.001950
0.001900
0.001850
0.001800
0.001750
0.001650
0.001650
0.001350
0.001000
0.000950
0.029300
0.014100
0.009800
0.009000
0.007950
0.007450
0.007300
0.006850
0.006400
0.005900
0.005500
0.005050
0.004900
0.004700
0.004500
0.004500
0.004500
0.004450
0.004250
0.004050
0.003650
0.003550
0.003500
0.003450
0.003400
0.003350
0.003200
0.003150
0.003050
0.002950
0.002950
0.002800
0.002750
0.002750
0.002600
0.002600
0.002500
0.002450
0.002400
0.002400
0.002350
0.002250
0.001950
0.001850
0.001700
0.001700
0.001550
0.001450
0.001450
0.001400
0.001250
0.001250
0.075800
0.031050
0.023550
0.017750
0.015950
0.014250
0.007950
0.007600
0.006600
0.006550
0.006550
0.006300
0.005200
0.005150
0.005000
0.004100
0.003950
0.003900
0.003750
0.003650
0.003650
0.003550
0.003550
0.003550
0.003500
0.003450
0.003450
0.003050
0.002950
0.002900
0.002900
0.002800
0.002400
0.002150
0.002100
0.001800
0.001750
0.001700
0.001600
0.001550
0.001550
0.001450
0.001450
0.001350
0.001350
0.001100
0.001100
0.001050
0.001050
0.001000
0.000800
0.019150
0.015500
0.008200
0.007350
0.006500
0.005150
0.005100
0.004900
0.004800
0.004300
0.004000
0.003300
0.003250
0.003050
0.003000
0.002850
0.002800
0.002550
0.002500
0.002300
0.001900
0.001800
0.001800
0.001750
0.001650
0.001650
0.001600
0.001550
0.001350
0.001200
0.001100
0.000900
0.000900
0.000850
0.000500
0.036450
0.028750
0.011950
0.011350
0.009700
0.008650
0.006950
0.006750
0.005900
0.005750
0.005600
0.005500
0.005450
0.005350
0.005200
0.005150
0.005000
0.004950
0.004800
0.004650
0.004350
0.004250
0.004250
0.003850
0.003400
0.003400
0.003350
0.003200
0.002900
0.002750
0.002300
0.002300
0.002200
0.002200
0.002100
0.002100
0.001800
0.001800
0.001750
0.001700
0.001600
0.001350
0.001250
0.001050
0.000950
0.000800
0.000550
0.067050
0.022900
0.021150
0.012100
0.010800
0.009100
0.008350
0.007750
0.007400
0.007050
0.007000
0.006400
0.005850
0.005450
0.005150
0.005100
0.004900
0.004800
0.004650
0.004400
0.004400
0.004300
0.004200
0.004150
0.004000
0.003850
0.003700
0.003650
0.003600
0.003450
0.003350
0.002950
0.002900
0.002750
0.002250
0.002200
0.002200
0.002000
0.002000
0.001900
0.001800
0.001700
0.001550
0.001500
0.001300
0.001150
0.000900
0.000850
0.000650
0.023500
0.016550
0.011900
0.008850
0.007600
0.007550
0.007350
0.006250
0.005950
0.005800
0.005500
0.005350
0.005300
0.004800
0.004550
0.004450
0.004400
0.004200
0.003600
0.003500
0.003350
0.003250
0.003200
0.003150
0.003100
0.003000
0.002850
0.002800
0.002800
0.002550
0.002450
0.002400
0.002400
0.002350
0.002250
0.002050
0.002050
0.002000
0.001950
0.001850
0.001850
0.001350
0.001100
0.001050
0.001050
0.001000
0.000900
0.000800
0.025300
0.020100
0.019050
0.010600
0.010300
0.007800
0.007450
0.006700
0.006100
0.005600
0.005350
0.005100
0.005000
0.004900
0.004850
0.004550
0.004200
0.003900
0.003900
0.003650
0.003650
0.003100
0.003000
0.002800
0.002700
0.002650
0.002600
0.002400
0.002350
0.002150
0.002000
0.001950
0.001900
0.001900
0.001750
0.001700
0.001600
0.001550
0.001450
0.001150
0.000550
0.000550
0.108000
0.021250
0.012750
0.009200
0.007300
0.007050
0.006950
0.006650
0.006350
0.006200
0.005900
0.005900
0.005700
0.005350
0.005250
0.005150
0.005150
0.004800
0.004750
0.004550
0.004550
0.004450
0.004400
0.004200
0.004100
0.003950
0.003950
0.003600
0.003450
0.003350
0.003350
0.003300
0.003200
0.003200
0.003100
0.003050
0.003050
0.003000
0.002900
0.002900
0.002800
0.002750
0.002650
0.002600
0.002600
0.002500
0.002350
0.002200
0.002050
0.001850
0.001750
0.001650
0.001600
0.001600
0.001150
0.001000
0.001000
0.000950
0.044800
0.029050
0.018950
0.010050
0.009450
0.008300
0.008200
0.007700
0.007050
0.006150
0.005400
0.005250
0.005150
0.005050
0.004900
0.004650
0.004550
0.004500
0.004500
0.004450
0.004450
0.004350
0.004300
0.003900
0.003850
0.003850
0.003800
0.003800
0.003700
0.003550
0.003450
0.003350
0.003200
0.003200
0.002900
0.002800
0.002750
0.002600
0.002300
0.002300
0.002000
0.001950
0.001850
0.001650
0.001600
0.001600
0.001450
0.001050
0.000550
0.028900
0.011550
0.009550
0.008000
0.007600
0.007250
0.007100
0.006900
0.006750
0.006450
0.005750
0.005300
0.005300
0.005250
0.005000
0.004650
0.004200
0.004100
0.004050
0.004050
0.004050
0.003950
0.003950
0.003900
0.003800
0.003800
0.003500
0.003250
0.003250
0.003200
0.002950
0.002900
0.002900
0.002750
0.002650
0.002550
0.002450
0.002350
0.002150
0.002100
0.002100
0.002000
0.001900
0.001850
0.001700
0.001650
0.001500
0.001400
0.001400
0.001350
0.001250
0.001150
0.001100
0.021700
0.019200
0.014300
0.014150
0.009450
0.007100
0.006000
0.005800
0.005750
0.004900
0.004800
0.004650
0.004550
0.004500
0.004250
0.004200
0.004050
0.004050
0.004000
0.003950
0.003700
0.003550
0.003350
0.003250
0.003050
0.002950
0.002850
0.002750
0.002750
0.002700
0.002650
0.002550
0.002500
0.002500
0.002350
0.002350
0.002300
0.002000
0.001750
0.001700
0.001650
0.001650
0.001450
0.001300
0.001200
0.001200
0.001100
0.001050
0.000900
0.000900
0.000750
0.029700
0.029250
0.020950
0.015600
0.014300
0.011850
0.010450
0.009150
0.008900
0.006550
0.006500
0.006300
0.006200
0.006150
0.006100
0.005100
0.004900
0.004100
0.004050
0.004050
0.003900
0.003650
0.003600
0.003600
0.003350
0.003250
0.003050
0.003000
0.002950
0.002850
0.002850
0.002650
0.002550
0.002550
0.002400
0.002400
0.002300
0.001800
0.001700
0.001650
0.001600
0.001550
0.001400
0.001350
0.001350
0.001250
0.000900
0.000500
0.080450
0.018750
0.016350
0.010550
0.010100
0.006850
0.006650
0.006400
0.006200
0.005850
0.005700
0.005300
0.005250
0.005000
0.005000
0.004800
0.004200
0.004150
0.003950
0.003850
0.003850
0.003750
0.003500
0.003500
0.003350
0.003350
0.003150
0.003100
0.003000
0.002800
0.002800
0.002750
0.002700
0.002700
0.002600
0.002500
0.002500
0.002400
0.002150
0.002050
0.002000
0.002000
0.002000
0.001950
0.001900
0.001850
0.001800
0.001700
0.001600
0.001400
0.001050
0.001050
0.001050
0.001000
0.000950
0.000850
0.000650
0.000600
0.082750
0.021450
0.016400
0.012300
0.011350
0.010100
0.009300
0.009000
0.008500
0.008300
0.006950
0.006900
0.006700
0.005700
0.005300
0.004950
0.004800
0.004800
0.004600
0.004450
0.004450
0.004250
0.004150
0.004050
0.004000
0.004000
0.003950
0.003450
0.003000
0.002850
0.002800
0.002700
0.002650
0.002550
0.002500
0.002400
0.002400
0.002300
0.002200
0.002150
0.002050
0.001950
0.001700
0.001600
0.001600
0.001400
0.001400
0.001250
0.001150
0.001000
0.001000
0.000950
0.050750
0.031400
0.016950
0.008700
0.007500
0.007200
0.007100
0.006850
0.006850
0.006750
0.006650
0.006600
0.005800
0.005750
0.005500
0.005450
0.005350
0.005350
0.005300
0.005250
0.005100
0.005050
0.004700
0.004550
0.004550
0.004050
0.003950
0.003900
0.003900
0.003900
0.003500
0.003450
0.003400
0.003350
0.003050
0.003000
0.002500
0.002450
0.002350
0.002300
0.002250
0.002200
0.002000
0.001850
0.001700
0.001550
0.001350
0.001200
0.001200
0.000950
0.000850
0.000800
0.038200
0.016800
0.012550
0.008950
0.008250
0.007150
0.006400
0.006100
0.005750
0.005550
0.005400
0.005050
0.004900
0.004750
0.004650
0.004350
0.004250
0.004150
0.003850
0.003600
0.003500
0.003500
0.003350
0.003250
0.003150
0.002900
0.002800
0.002700
0.002650
0.002450
0.002100
0.001800
0.001800
0.001750
0.001700
0.001500
0.001450
0.001400
0.001050
0.000950
0.000800
0.000800
0.000650
0.015450
0.007500
0.006900
0.005850
0.005700
0.005100
0.005100
0.005050
0.004700
0.004450
0.004150
0.004150
0.004150
0.003650
0.003600
0.003550
0.003400
0.003350
0.003300
0.003300
0.002850
0.002850
0.002800
0.002600
0.002500
0.002400
0.002350
0.002150
0.001850
0.001750
0.001750
0.001700
0.001650
0.000800
0.053950
0.012950
0.009700
0.008100
0.007150
0.005700
0.005400
0.005350
0.005000
0.004950
0.004800
0.004400
0.004350
0.004350
0.004200
0.004200
0.004000
0.003950
0.003900
0.003800
0.003800
0.003750
0.003700
0.003700
0.003650
0.003300
0.003250
0.003200
0.003100
0.002800
0.002450
0.002350
0.002250
0.002150
0.001850
0.001850
0.001750
0.001650
0.001650
0.001600
0.001350
0.001300
0.001000
0.000800
0.051300
0.034800
0.016850
0.011150
0.009100
0.008050
0.007950
0.007450
0.006300
0.006100
0.005300
0.005300
0.005250
0.005150
0.004950
0.004550
0.004400
0.004200
0.003950
0.003300
0.003250
0.003200
0.003100
0.003100
0.002700
0.002650
0.002600
0.002450
0.002400
0.002200
0.002100
0.002050
0.002000
0.002000
0.001950
0.001650
0.001650
0.001400
0.001200
0.001050
0.000500
0.030300
0.019150
0.010350
0.009300
0.008150
0.008150
0.007650
0.007050
0.005950
0.005950
0.005550
0.004850
0.004850
0.004550
0.004550
0.004350
0.004300
0.004300
0.004150
0.004050
0.004000
0.004000
0.003800
0.003800
0.003750
0.003500
0.003400
0.003150
0.003000
0.003000
0.002950
0.002900
0.002800
0.002300
0.002000
0.001950
0.001750
0.001600
0.001000
0.000950
0.000750
0.000450
0.044600
0.018850
0.011400
0.009850
0.009150
0.008600
0.006950
0.006750
0.006400
0.006300
0.005700
0.005450
0.004800
0.004800
0.004700
0.004600
0.004600
0.004400
0.004350
0.004350
0.004250
0.004200
0.004000
0.004000
0.003700
0.003600
0.003450
0.003200
0.003150
0.003100
0.002950
0.002900
0.002900
0.002800
0.002800
0.002800
0.002650
0.002500
0.002500
0.002450
0.002350
0.002250
0.002100
0.002000
0.002000
0.001950
0.001950
0.001800
0.001750
0.001550
0.001450
0.001350
0.001250
0.001200
0.001000
0.000800
0.031150
0.026950
0.010600
0.008750
0.008650
0.006350
0.006000
0.005800
0.005450
0.005300
0.005250
0.004900
0.004650
0.004500
0.004450
0.004400
0.004400
0.003850
0.003550
0.003550
0.003450
0.003400
0.003350
0.003050
0.002950
0.002800
0.002750
0.002650
0.002500
0.002400
0.002250
0.002200
0.002000
0.001950
0.001950
0.001950
0.001900
0.001750
0.001600
0.001300
0.001200
0.001050
0.018900
0.012650
0.011600
0.010950
0.007000
0.007000
0.005850
0.005750
0.005650
0.005400
0.005200
0.004700
0.004500
0.004450
0.004450
0.004400
0.004300
0.004200
0.003900
0.003650
0.003600
0.003500
0.003300
0.003150
0.002900
0.002850
0.002800
0.002600
0.002350
0.002300
0.002200
0.002200
0.002200
0.002150
0.002150
0.002050
0.001950
0.001950
0.001850
0.001750
0.001700
0.001450
0.001400
0.001200
0.059250
0.040400
0.009400
0.008900
0.008150
0.006600
0.006500
0.006100
0.005550
0.005450
0.005350
0.005100
0.004950
0.004600
0.004550
0.004500
0.004500
0.004250
0.004250
0.003850
0.003550
0.003500
0.003450
0.003400
0.003050
0.003000
0.002950
0.002900
0.002700
0.002700
0.002500
0.002350
0.002250
0.002200
0.002150
0.002100
0.001600
0.001250
0.001200
0.001200
0.001150
0.001050
0.020550
0.014750
0.012950
0.010350
0.009300
0.008350
0.007900
0.006500
0.006100
0.005900
0.005400
0.004650
0.004550
0.004550
0.004300
0.004300
0.004100
0.003950
0.003850
0.003750
0.003500
0.003350
0.003250
0.003150
0.003100
0.002800
0.002800
0.002750
0.002600
0.002400
0.002350
0.002250
0.002200
0.002150
0.002150
0.002100
0.001950
0.001750
0.001750
0.001700
0.001550
0.001500
0.001350
0.001150
0.001000
0.000900
0.030850
0.029700
0.022400
0.013850
0.011550
0.009300
0.008900
0.007350
0.007300
0.007300
0.006300
0.006250
0.006100
0.005350
0.004850
0.004400
0.004300
0.004200
0.004000
0.003850
0.003400
0.003250
0.003200
0.002750
0.002700
0.002600
0.002450
0.002400
0.002300
0.002100
0.001950
0.001500
0.001450
0.000800
0.058050
0.028550
0.026900
0.022150
0.016950
0.011800
0.010550
0.007850
0.007050
0.006800
0.006000
0.005400
0.005300
0.005150
0.005150
0.004900
0.004800
0.004750
0.004700
0.004600
0.004600
0.004200
0.003950
0.003900
0.003900
0.003850
0.003850
0.003850
0.003800
0.003550
0.003350
0.003250
0.003050
0.002650
0.002600
0.002400
0.002400
0.002300
0.002300
0.002250
0.002100
0.002100
0.002050
0.001900
0.001500
0.001050
0.001050
0.000950
0.000800
0.077150
0.034900
0.034550
0.023150
0.022400
0.014450
0.008300
0.008200
0.007950
0.006850
0.006700
0.006650
0.006600
0.005750
0.005650
0.005400
0.004950
0.004900
0.004700
0.004500
0.004400
0.004050
0.003950
0.003650
0.003500
0.003400
0.003350
0.003300
0.003250
0.003250
0.003200
0.003200
0.003000
0.002850
0.002750
0.002700
0.002500
0.001900
0.001800
0.001750
0.001650
0.001650
0.001550
0.001500
0.001400
0.000900
0.000800
0.040150
0.039550
0.025500
0.022550
0.014700
0.008100
0.007750
0.007750
0.006500
0.006400
0.005950
0.005400
0.005350
0.004900
0.004850
0.004800
0.004600
0.004550
0.004500
0.004200
0.004200
0.004050
0.003850
0.003750
0.003550
0.003500
0.003400
0.003250
0.003200
0.003000
0.002800
0.002800
0.002800
0.002750
0.002750
0.002750
0.002650
0.002500
0.002050
0.001950
0.001750
0.001750
0.001750
0.001650
0.001500
0.001200
0.001000
0.000650
0.019300
0.009150
0.008900
0.007250
0.005900
0.005550
0.005550
0.005450
0.005250
0.005250
0.005100
0.005100
0.004950
0.004900
0.004850
0.004650
0.004550
0.004300
0.004250
0.004200
0.004200
0.004100
0.003750
0.003650
0.003650
0.003500
0.003500
0.003450
0.003400
0.003300
0.003250
0.003100
0.003050
0.002950
0.002700
0.002500
0.002400
0.002350
0.002350
0.002300
0.002100
0.002100
0.001900
0.001900
0.001850
0.001800
0.001800
0.001500
0.001500
0.001250
0.001200
0.001150
0.001100
0.000850
0.000850
0.027450
0.021250
0.010750
0.008850
0.008850
0.008150
0.007250
0.006500
0.005950
0.005350
0.005350
0.004900
0.004750
0.004650
0.004600
0.004450
0.004250
0.004250
0.004200
0.003850
0.003850
0.003700
0.003700
0.003450
0.003450
0.003000
0.002850
0.002850
0.002600
0.002500
0.002300
0.002300
0.002100
0.002050
0.001700
0.001600
0.001600
0.001500
0.001250
0.000950
0.062200
0.044550
0.028150
0.013950
0.010100
0.008850
0.008100
0.007800
0.007000
0.006300
0.005800
0.005600
0.004900
0.004900
0.004850
0.004850
0.004600
0.004400
0.004250
0.004200
0.004100
0.003850
0.003700
0.003700
0.003650
0.003550
0.003500
0.003350
0.003200
0.003200
0.003150
0.003000
0.002800
0.002800
0.002650
0.002550
0.002350
0.002300
0.002250
0.002200
0.002200
0.001950
0.001900
0.001600
0.001450
0.001200
0.001100
0.001100
0.000950
0.000850
0.000750
0.000650
0.037200
0.024950
0.024700
0.014300
0.009700
0.008800
0.007650
0.007100
0.006350
0.006200
0.005800
0.005550
0.005150
0.004950
0.004800
0.004550
0.004450
0.004400
0.004400
0.004350
0.004050
0.004000
0.003900
0.003700
0.003600
0.003550
0.003450
0.003150
0.003050
0.002950
0.002450
0.002350
0.002150
0.002050
0.002050
0.001900
0.001900
0.001850
0.001800
0.001750
0.001750
0.001700
0.001200
0.001200
0.001150
0.027500
0.017400
0.013050
0.012450
0.007500
0.007000
0.006100
0.005750
0.005200
0.005050
0.005050
0.004900
0.004650
0.004600
0.004600
0.004450
0.004300
0.004200
0.003950
0.003850
0.003650
0.003400
0.003050
0.002900
0.002850
0.002850
0.002450
0.002350
0.002300
0.002150
0.002000
0.001950
0.001900
0.001900
0.001850
0.001750
0.001550
0.001500
0.001500
0.000850
0.052900
0.008750
0.008700
0.008350
0.006200
0.006200
0.005800
0.005200
0.005100
0.005050
0.004750
0.004650
0.004500
0.004500
0.004450
0.004350
0.004300
0.004100
0.004100
0.004100
0.004050
0.003900
0.003350
0.003300
0.003300
0.003200
0.003200
0.003150
0.003150
0.003100
0.003000
0.002950
0.002850
0.002850
0.002750
0.002600
0.002300
0.002300
0.002200
0.002200
0.002150
0.002050
0.001950
0.001900
0.001400
0.001400
0.001300
0.001250
0.001050
0.001050
0.001000
0.112800
0.035450
0.022850
0.016350
0.014250
0.013100
0.011950
0.007500
0.007100
0.007050
0.006800
0.006750
0.005950
0.005350
0.004750
0.004700
0.004700
0.004650
0.004500
0.004350
0.004250
0.004100
0.004050
0.004050
0.004000
0.003950
0.003950
0.003700
0.003650
0.003500
0.003450
0.003350
0.003300
0.003150
0.003050
0.003050
0.003000
0.002950
0.002950
0.002950
0.002900
0.002900
0.002650
0.002600
0.002550
0.002450
0.002300
0.002100
0.002100
0.001950
0.001950
0.001950
0.001850
0.001800
0.001750
0.001700
0.001650
0.001600
0.001600
0.001600
0.001550
0.001450
0.001400
0.001300
0.001200
0.001150
0.000900
0.000700
0.026300
0.022750
0.011450
0.007850
0.007650
0.005550
0.005500
0.004950
0.004900
0.004800
0.004650
0.004600
0.004600
0.004550
0.004300
0.004250
0.004100
0.003800
0.003800
0.003800
0.003450
0.003400
0.003350
0.003350
0.003100
0.002750
0.002700
0.002700
0.002550
0.002500
0.002500
0.002300
0.002100
0.002100
0.002000
0.001950
0.001900
0.001850
0.001800
0.001700
0.001650
0.001600
0.001600
0.001450
0.001350
0.001350
0.001200
0.012700
0.011650
0.009500
0.006450
0.006400
0.005350
0.005100
0.005100
0.005050
0.004650
0.004650
0.004600
0.004500
0.004050
0.003850
0.003750
0.003750
0.003700
0.003700
0.003700
0.003600
0.003500
0.003500
0.003500
0.003400
0.003300
0.003250
0.003150
0.003150
0.003000
0.002950
0.002550
0.002500
0.002450
0.002400
0.002350
0.002200
0.002000
0.001800
0.001800
0.001600
0.001450
0.001400
0.001350
0.001050
0.001000
0.000900
0.000900
0.000850
0.000800
0.000500
0.036000
0.022300
0.018400
0.008450
0.007100
0.006650
0.006550
0.006300
0.005550
0.005500
0.005000
0.005000
0.004800
0.004350
0.004300
0.004150
0.003800
0.003800
0.003650
0.003550
0.003500
0.003300
0.003250
0.003000
0.002950
0.002800
0.002700
0.002600
0.002500
0.002450
0.002350
0.002300
0.002300
0.002300
0.002250
0.002100
0.001800
0.001700
0.001650
0.001650
0.001550
0.001500
0.001250
0.001200
0.038900
0.031950
0.029350
0.016600
0.009700
0.008600
0.008100
0.007750
0.007300
0.006400
0.005950
0.005550
0.005350
0.005350
0.005300
0.005250
0.005100
0.005050
0.004900
0.004700
0.004650
0.004350
0.004100
0.004050
0.003650
0.003200
0.003100
0.003050
0.003050
0.002950
0.002850
0.002750
0.002750
0.002750
0.002750
0.002600
0.002500
0.002500
0.002450
0.002450
0.002400
0.002350
0.002300
0.002300
0.002200
0.002200
0.002200
0.002100
0.002050
0.001950
0.001850
0.001850
0.001850
0.001750
0.001350
0.001300
0.000950
0.000600
0.030800
0.029700
0.027600
0.026250
0.023950
0.019150
0.017850
0.015500
0.010900
0.010600
0.007150
0.005850
0.005700
0.005700
0.005600
0.005600
0.005500
0.005350
0.005300
0.005200
0.004900
0.004700
0.004500
0.004050
0.004000
0.003950
0.003900
0.003750
0.003750
0.003550
0.003500
0.003250
0.003200
0.003150
0.003150
0.002850
0.002800
0.002750
0.002700
0.002700
0.002600
0.002500
0.002450
0.002300
0.002300
0.002200
0.002150
0.002150
0.002100
0.002050
0.002000
0.001400
0.001350
0.001150
0.001100
0.000750
0.018250
0.011700
0.009450
0.008400
0.006900
0.005700
0.005450
0.005200
0.004800
0.004550
0.004500
0.004300
0.004250
0.004200
0.004150
0.003900
0.003500
0.003200
0.002800
0.002800
0.002600
0.002550
0.002550
0.002400
0.002400
0.002300
0.002250
0.002250
0.001900
0.001850
0.001750
0.001700
0.001700
0.001600
0.001250
0.029500
0.014450
0.011750
0.011050
0.006300
0.006100
0.005850
0.005350
0.005250
0.005200
0.005100
0.005000
0.005000
0.004800
0.004300
0.004250
0.004250
0.004200
0.004200
0.004050
0.003950
0.003950
0.003850
0.003850
0.003650
0.003650
0.003600
0.003400
0.003300
0.003050
0.003000
0.003000
0.002600
0.002500
0.002400
0.002350
0.002250
0.002200
0.002050
0.002050
0.001950
0.001900
0.001850
0.001850
0.001850
0.001700
0.001050
0.050700
0.022700
0.016950
0.015250
0.015050
0.011500
0.011450
0.007200
0.007150
0.007000
0.006400
0.006050
0.005800
0.005600
0.005600
0.005400
0.005250
0.005100
0.005050
0.005000
0.005000
0.004700
0.004450
0.004450
0.004400
0.004250
0.004200
0.004150
0.003900
0.003700
0.003650
0.003600
0.003600
0.003600
0.003550
0.003550
0.003500
0.003500
0.003400
0.003350
0.003300
0.003300
0.003250
0.003250
0.003250
0.003200
0.003200
0.003050
0.002850
0.002850
0.002500
0.002500
0.002450
0.002450
0.002400
0.002200
0.002150
0.002100
0.002000
0.002000
0.001750
0.001750
0.000900
0.000700
0.010400
0.008050
0.007500
0.007400
0.007050
0.006500
0.005950
0.005750
0.005650
0.005300
0.005250
0.004300
0.004250
0.004100
0.003750
0.003700
0.003650
0.003600
0.003500
0.002950
0.002800
0.002750
0.002700
0.002500
0.002250
0.002200
0.002100
0.002050
0.002050
0.002050
0.001950
0.001950
0.001800
0.001750
0.001700
0.001650
0.001650
0.001600
0.001550
0.000850
0.021850
0.018000
0.012950
0.012550
0.009500
0.009000
0.007350
0.007300
0.006650
0.005650
0.005450
0.005300
0.005150
0.004600
0.004450
0.004250
0.004150
0.004100
0.004050
0.004050
0.004000
0.004000
0.003950
0.003800
0.003450
0.003400
0.003250
0.003200
0.003200
0.003200
0.003150
0.003000
0.002850
0.002850
0.002800
0.002450
0.002300
0.002250
0.002200
0.002150
0.002150
0.002150
0.002050
0.002050
0.001800
0.001650
0.001650
0.001650
0.001400
0.001100
0.001100
0.001050
0.048050
0.017150
0.016100
0.013400
0.010850
0.009150
0.007500
0.007200
0.007000
0.006900
0.005400
0.005050
0.004700
0.004350
0.004100
0.004100
0.004000
0.003900
0.003600
0.003550
0.003350
0.003250
0.003100
0.003000
0.003000
0.002900
0.002550
0.002500
0.002250
0.002250
0.002100
0.002000
0.001950
0.001800
0.001800
0.001650
0.001550
0.001400
0.001400
0.001300
0.001000
0.001000
0.034850
0.032350
0.019400
0.016600
0.013450
0.013200
0.008250
0.008200
0.006450
0.006150
0.006150
0.005900
0.005800
0.005050
0.005000
0.004800
0.004750
0.004700
0.004650
0.004550
0.004550
0.004500
0.004450
0.004350
0.004300
0.004150
0.004100
0.003900
0.003800
0.003700
0.003500
0.003400
0.003000
0.002950
0.002950
0.002950
0.002650
0.002650
0.002550
0.002400
0.002400
0.002300
0.002300
0.002250
0.002200
0.002050
0.001900
0.001750
0.001700
0.001700
0.001500
0.001400
0.001300
0.001250
0.000750
0.000700
0.000550
0.009350
0.008300
0.008250
0.008200
0.006500
0.006100
0.005800
0.005750
0.005650
0.004950
0.004700
0.004600
0.004150
0.003800
0.003700
0.003600
0.003550
0.003400
0.003350
0.003250
0.003200
0.003200
0.003200
0.003100
0.002800
0.002750
0.002450
0.002350
0.002100
0.002050
0.002000
0.002000
0.001900
0.001800
0.001750
0.001600
0.001550
0.001550
0.001500
0.001450
0.001450
0.001400
0.001300
0.001050
0.041950
0.036650
0.020350
0.015900
0.011000
0.009550
0.009450
0.009050
0.007500
0.007100
0.005950
0.005400
0.004900
0.004850
0.004600
0.004550
0.004400
0.004400
0.004150
0.003850
0.003700
0.003650
0.003500
0.003250
0.003100
0.002950
0.002950
0.002850
0.002850
0.002700
0.002700
0.002650
0.002550
0.002550
0.001950
0.001900
0.001750
0.001700
0.001300
0.001200
0.001050
0.000850
0.000700
0.000600
0.035750
0.025000
0.009300
0.007400
0.006800
0.006500
0.006450
0.005650
0.005500
0.005450
0.005150
0.004800
0.004600
0.004150
0.003900
0.003850
0.003750
0.003700
0.003700
0.003650
0.003400
0.003400
0.003400
0.003300
0.003250
0.003050
0.003050
0.003000
0.002950
0.002700
0.002650
0.002550
0.002400
0.002400
0.002400
0.002300
0.002150
0.002050
0.001850
0.001800
0.001750
0.001200
0.001150
0.001150
0.001150
0.001100
0.000750
0.000750
0.000700
0.000550
0.057150
0.032800
0.028500
0.011950
0.008950
0.007700
0.007700
0.007050
0.006350
0.005850
0.005000
0.004900
0.004900
0.004650
0.004650
0.004500
0.004250
0.004050
0.003950
0.003850
0.003800
0.003600
0.003600
0.003550
0.003200
0.003100
0.003050
0.003000
0.003000
0.002900
0.002800
0.002750
0.002400
0.002300
0.002300
0.002300
0.002200
0.002200
0.002050
0.002050
0.002000
0.001950
0.001850
0.001700
0.001650
0.001150
0.052850
0.018950
0.005850
0.005800
0.005500
0.005450
0.005250
0.005250
0.005100
0.005000
0.004900
0.004800
0.004600
0.004550
0.004500
0.004400
0.004200
0.004150
0.004150
0.004100
0.003900
0.003700
0.003600
0.003500
0.003300
0.003250
0.003100
0.002950
0.002950
0.002900
0.002750
0.002650
0.002650
0.002550
0.002400
0.002200
0.002150
0.002100
0.001700
0.001500
0.001500
0.000900
0.000900
0.042550
0.014050
0.013050
0.009850
0.006600
0.006350
0.005800
0.005500
0.004900
0.004700
0.004550
0.004450
0.004350
0.004350
0.003950
0.003800
0.003800
0.003750
0.003700
0.003650
0.003550
0.003500
0.003350
0.003250
0.003200
0.003100
0.003050
0.003000
0.002450
0.002200
0.001900
0.001850
0.001600
0.001600
0.001600
0.001600
0.001400
0.001400
0.001350
0.001250
0.001200
0.001150
0.000750
0.009250
0.008550
0.006150
0.005400
0.005250
0.005050
0.004900
0.004850
0.004750
0.004600
0.004400
0.004350
0.004350
0.004200
0.004050
0.003700
0.003600
0.003450
0.003200
0.003100
0.003100
0.003050
0.003000
0.002900
0.002850
0.002750
0.002050
0.001900
0.001850
0.001800
0.001750
0.001600
0.001600
0.001000
0.000950
0.034050
0.028400
0.022800
0.011550
0.010550
0.009150
0.008600
0.007200
0.006550
0.005800
0.005300
0.004950
0.004600
0.004350
0.004350
0.004350
0.004000
0.003800
0.003800
0.003450
0.003250
0.003000
0.003000
0.002950
0.002950
0.002950
0.002850
0.002750
0.002600
0.002600
0.002500
0.002300
0.002200
0.002150
0.002100
0.002000
0.002000
0.002000
0.001900
0.001900
0.001850
0.001700
0.001650
0.001600
0.001150
0.001050
0.000850
0.000800
0.000700
0.083050
0.026400
0.021400
0.019850
0.016450
0.008250
0.006900
0.006100
0.006050
0.006050
0.006000
0.005750
0.005600
0.005550
0.005450
0.005200
0.005150
0.005150
0.004950
0.004800
0.004400
0.004350
0.004300
0.003900
0.003900
0.003850
0.003800
0.003750
0.003650
0.003650
0.003650
0.003500
0.003450
0.003450
0.003300
0.003150
0.002950
0.002950
0.002850
0.002800
0.002750
0.002700
0.002700
0.002600
0.002600
0.002600
0.002600
0.002550
0.002100
0.001850
0.001250
0.001100
0.001050
0.001000
0.001000
0.000800
0.000650
0.000600
0.034950
0.029150
0.012350
0.007100
0.006050
0.005800
0.004800
0.004650
0.004400
0.004350
0.004200
0.004100
0.004050
0.004000
0.003900
0.003800
0.003750
0.003650
0.003500
0.003400
0.003300
0.003300
0.003150
0.003000
0.002950
0.002800
0.002750
0.002750
0.002500
0.002300
0.002050
0.002000
0.001900
0.001850
0.001700
0.001650
0.001450
0.001350
0.001200
0.000800
0.000550
0.016950
0.014950
0.011450
0.007600
0.007200
0.006700
0.005950
0.005600
0.005500
0.005100
0.005100
0.005050
0.004750
0.004650
0.004350
0.004350
0.003950
0.003850
0.003850
0.003750
0.003750
0.003750
0.003550
0.003350
0.003350
0.003350
0.003200
0.003100
0.003050
0.002950
0.002950
0.002900
0.002800
0.002800
0.002600
0.002450
0.002400
0.002250
0.002250
0.002150
0.002150
0.002150
0.002150
0.002150
0.001850
0.001800
0.001750
0.001700
0.001650
0.001550
0.001250
0.038750
0.013200
0.007650
0.006850
0.006550
0.006250
0.006100
0.006050
0.005700
0.005450
0.005300
0.005250
0.005200
0.005200
0.005150
0.005150
0.005100
0.004800
0.004800
0.004650
0.004600
0.004550
0.004500
0.004450
0.004400
0.004250
0.004200
0.004150
0.003950
0.003950
0.003900
0.003850
0.003400
0.003350
0.003300
0.003100
0.003050
0.002850
0.002850
0.002700
0.002650
0.002600
0.002250
0.002100
0.002000
0.001750
0.001750
0.001750
0.001600
0.001200
0.001150
0.001150
0.001150
0.001000
0.000800
0.031450
0.018950
0.007850
0.007300
0.005300
0.005200
0.004750
0.004200
0.004000
0.003450
0.003200
0.003150
0.003050
0.003050
0.003000
0.002800
0.002800
0.002700
0.002500
0.002350
0.001950
0.001900
0.001800
0.001550
0.001550
0.001450
0.001350
0.001300
0.001050
0.001050
0.001000
0.000900
0.000550
0.098900
0.054300
0.033350
0.023000
0.022250
0.018000
0.015300
0.014800
0.011000
0.010400
0.009450
0.008650
0.006600
0.005900
0.005600
0.005250
0.004900
0.004600
0.004550
0.004500
0.004400
0.004400
0.004250
0.004150
0.003950
0.003800
0.003600
0.003450
0.003400
0.003300
0.003200
0.003150
0.003150
0.003050
0.002850
0.002750
0.002600
0.002550
0.002500
0.002200
0.002050
0.002050
0.002000
0.001500
0.001500
0.001200
0.001200
0.000900
0.000600
0.051650
0.012050
0.010350
0.008600
0.007300
0.007150
0.006100
0.005950
0.005900
0.005750
0.005000
0.004900
0.004850
0.004500
0.004450
0.004150
0.003650
0.003650
0.003600
0.003500
0.003450
0.003400
0.003400
0.003400
0.003300
0.003000
0.002800
0.002700
0.002650
0.002650
0.002600
0.002500
0.002400
0.002250
0.002200
0.002150
0.002100
0.001950
0.001900
0.001700
0.001650
0.001600
0.001600
0.001450
0.001350
0.001250
0.001200
0.001150
0.059600
0.024500
0.023350
0.022150
0.020750
0.013350
0.007950
0.007250
0.007050
0.007000
0.006350
0.006300
0.006250
0.006250
0.005600
0.005450
0.005200
0.005200
0.004850
0.004850
0.004750
0.004700
0.004400
0.004200
0.004000
0.003900
0.003850
0.003800
0.003500
0.003300
0.003250
0.002850
0.002800
0.002750
0.002450
0.002350
0.002250
0.002000
0.002000
0.001900
0.001900
0.001650
0.001650
0.001600
0.001500
0.001450
0.001000
0.015750
0.010700
0.006500
0.006300
0.005500
0.005250
0.005100
0.005050
0.004850
0.004850
0.004400
0.004200
0.004150
0.004100
0.004100
0.003850
0.003800
0.003800
0.003700
0.003700
0.003250
0.003100
0.002900
0.002500
0.002500
0.002300
0.002000
0.001900
0.001650
0.001400
0.001250
0.001200
0.000950
0.054350
0.040350
0.029900
0.028300
0.022000
0.016450
0.007600
0.007100
0.006650
0.006250
0.006100
0.005950
0.005900
0.005200
0.005050
0.004950
0.004850
0.004750
0.004550
0.004550
0.004400
0.004400
0.004400
0.004350
0.004300
0.004300
0.004200
0.004150
0.004100
0.004000
0.003850
0.003750
0.003700
0.003300
0.003250
0.003150
0.003050
0.003050
0.003000
0.002900
0.002800
0.002650
0.002650
0.002600
0.002600
0.002600
0.002550
0.002450
0.002450
0.002400
0.002350
0.002150
0.002150
0.002100
0.002050
0.001950
0.001900
0.001800
0.001750
0.001750
0.001650
0.001600
0.001600
0.001350
0.001250
0.001050
0.000850
0.000550
0.000550
0.000450
0.041400
0.032450
0.016750
0.016400
0.011000
0.009800
0.008950
0.008700
0.006150
0.005850
0.005800
0.004850
0.004650
0.004250
0.004200
0.003950
0.003900
0.003450
0.003400
0.003350
0.002900
0.002700
0.002650
0.002550
0.002350
0.002250
0.002250
0.002050
0.002000
0.001900
0.001850
0.001800
0.001700
0.000950
0.000950
0.000550
0.010150
0.009300
0.008900
0.006700
0.006650
0.006250
0.005500
0.005400
0.005000
0.004900
0.004700
0.004650
0.004550
0.004200
0.004100
0.003550
0.003450
0.003400
0.003350
0.003350
0.003250
0.003150
0.003000
0.003000
0.003000
0.002600
0.002550
0.002550
0.002400
0.002350
0.002350
0.002200
0.002050
0.002050
0.001700
0.001650
0.001600
0.001450
0.001300
0.001300
0.001050
0.000850
0.000700
0.000650
0.075550
0.033650
0.008050
0.007100
0.006350
0.006000
0.005550
0.005150
0.005050
0.005000
0.004950
0.004950
0.004750
0.004300
0.004050
0.004050
0.003950
0.003850
0.003800
0.003800
0.003400
0.003350
0.003150
0.002950
0.002800
0.002750
0.002750
0.002600
0.002550
0.002200
0.002150
0.002150
0.002100
0.001900
0.001800
0.001750
0.001750
0.001550
0.000650
0.033950
0.021400
0.019150
0.017050
0.010250
0.009300
0.008100
0.007950
0.006800
0.006250
0.005900
0.005300
0.005250
0.005000
0.004950
0.004850
0.004850
0.004800
0.004550
0.004350
0.004300
0.004250
0.004100
0.003950
0.003900
0.003800
0.003550
0.003500
0.003500
0.003300
0.003250
0.003250
0.003050
0.002950
0.002900
0.002850
0.002800
0.002700
0.002600
0.002550
0.002500
0.002500
0.002350
0.002350
0.002350
0.002350
0.002250
0.002250
0.002200
0.002200
0.002200
0.002200
0.002050
0.002000
0.001950
0.001950
0.001600
0.001450
0.001450
0.001450
0.001450
0.001300
0.001200
0.001050
0.035650
0.024300
0.010800
0.009700
0.009600
0.009200
0.007450
0.007300
0.006700
0.006350
0.006200
0.006150
0.005500
0.005500
0.005400
0.005350
0.005000
0.004800
0.004700
0.004650
0.004600
0.004500
0.004350
0.004350
0.004200
0.004100
0.004050
0.003850
0.003800
0.003750
0.003600
0.003550
0.003550
0.003500
0.003350
0.003250
0.003050
0.003000
0.002900
0.002750
0.002650
0.002500
0.002400
0.002350
0.002350
0.002300
0.002150
0.002050
0.002000
0.001950
0.001800
0.001250
0.001150
0.001150
0.001000
0.030950
0.017700
0.012250
0.008350
0.006650
0.005600
0.005450
0.005200
0.005050
0.004650
0.004600
0.004500
0.004450
0.004200
0.004200
0.004000
0.003850
0.003700
0.003600
0.003300
0.003300
0.003200
0.002800
0.002800
0.002750
0.002750
0.002450
0.002400
0.002350
0.002300
0.002000
0.001700
0.001700
0.001550
0.001550
0.001400
0.001250
0.001200
0.000800
0.041800
0.038900
0.033200
0.020400
0.008450
0.006500
0.005500
0.005500
0.005300
0.005250
0.005150
0.004650
0.004600
0.004600
0.004450
0.004150
0.004150
0.004050
0.003700
0.003400
0.002800
0.002800
0.002800
0.002650
0.002350
0.002200
0.002150
0.001750
0.001750
0.001550
0.001350
0.001300
0.000950
0.032900
0.027200
0.026100
0.014400
0.013500
0.009750
0.008400
0.006850
0.006300
0.005700
0.005300
0.005200
0.005100
0.005000
0.004950
0.004850
0.004700
0.004500
0.004500
0.004300
0.004150
0.004050
0.003950
0.003900
0.003900
0.003750
0.003650
0.003600
0.003550
0.003500
0.003400
0.003200
0.003150
0.002950
0.002850
0.002800
0.002800
0.002750
0.002750
0.002750
0.002650
0.002650
0.002400
0.002300
0.002250
0.002250
0.002150
0.001950
0.001950
0.001700
0.001400
0.001300
0.001250
0.030750
0.024250
0.016550
0.011650
0.008050
0.005700
0.005650
0.005550
0.005450
0.005400
0.005300
0.005250
0.004950
0.004750
0.004750
0.004600
0.004600
0.004300
0.004250
0.004100
0.003900
0.003900
0.003850
0.003800
0.003800
0.003750
0.003700
0.003500
0.003500
0.003400
0.003200
0.003200
0.003150
0.003050
0.003050
0.003000
0.002900
0.002900
0.002850
0.002400
0.002350
0.002050
0.002050
0.001900
0.001750
0.001450
0.001150
0.000950
0.000800
0.000800
0.000800
0.030050
0.015800
0.010350
0.008750
0.007050
0.007000
0.006300
0.005900
0.005900
0.005700
0.005700
0.005550
0.005050
0.004500
0.004450
0.004400
0.004250
0.004150
0.003850
0.003700
0.003300
0.003250
0.003150
0.003100
0.003100
0.003050
0.002800
0.002550
0.002500
0.002400
0.002000
0.001850
0.001800
0.001700
0.001650
0.001500
0.001500
0.001500
0.001450
0.001450
0.001350
0.001250
0.001050
0.027550
0.025700
0.017350
0.015750
0.012450
0.008800
0.007450
0.006100
0.005950
0.005300
0.005150
0.005050
0.005000
0.004950
0.004950
0.004950
0.004950
0.004850
0.004700
0.004600
0.004600
0.004550
0.004500
0.004400
0.004200
0.004200
0.004100
0.004050
0.004050
0.004000
0.003850
0.003750
0.003500
0.003500
0.003300
0.003300
0.003250
0.003200
0.003150
0.003150
0.003150
0.003100
0.002900
0.002850
0.002800
0.002600
0.002500
0.002450
0.002250
0.002100
0.002050
0.001900
0.001750
0.001700
0.001650
0.001600
0.001550
0.001450
0.037900
0.037400
0.035050
0.029450
0.026600
0.009650
0.008100
0.007750
0.007000
0.006550
0.006500
0.005700
0.005550
0.005350
0.005300
0.005300
0.005200
0.005150
0.004850
0.004700
0.004650
0.004450
0.004250
0.004200
0.004000
0.003900
0.003500
0.003150
0.003100
0.003000
0.002950
0.002800
0.002750
0.002500
0.002450
0.002350
0.002150
0.001900
0.001650
0.001550
0.001550
0.000900
0.000800
0.000400
0.102200
0.024450
0.015750
0.011750
0.011450
0.011300
0.010400
0.008650
0.008600
0.007750
0.007300
0.006750
0.006750
0.006550
0.005750
0.005550
0.005500
0.005250
0.005250
0.005150
0.005050
0.004700
0.004650
0.004500
0.004300
0.004250
0.004150
0.004050
0.003750
0.003700
0.003350
0.003300
0.003250
0.003200
0.003200
0.003150
0.003100
0.003000
0.002950
0.002650
0.002500
0.002450
0.002400
0.002350
0.002350
0.002300
0.002250
0.002200
0.002200
0.002150
0.002150
0.001700
0.001600
0.001450
0.001450
0.001450
0.001350
0.001250
0.001100
0.001100
0.001050
0.000950
0.000850
0.014600
0.011000
0.008900
0.008700
0.007600
0.006900
0.006750
0.006350
0.006300
0.006150
0.005950
0.005450
0.005250
0.005150
0.004750
0.004650
0.004550
0.004450
0.004400
0.004350
0.004350
0.004300
0.004250
0.004000
0.003900
0.003500
0.003400
0.003350
0.002950
0.002850
0.002850
0.002650
0.002600
0.002450
0.002450
0.002100
0.002050
0.001900
0.001900
0.001850
0.001800
0.001700
0.001650
0.001450
0.001400
0.000850
0.049100
0.038600
0.038400
0.018350
0.009550
0.008650
0.008350
0.007700
0.006350
0.005750
0.005350
0.005150
0.004850
0.004750
0.004650
0.004500
0.004450
0.004200
0.004150
0.003900
0.003750
0.003750
0.003700
0.003550
0.003500
0.003450
0.003300
0.002950
0.002300
0.002150
0.002050
0.001950
0.001750
0.001750
0.001650
0.001550
0.001400
0.001300
0.001200
0.000950
0.034750
0.022600
0.013800
0.009900
0.009800
0.008000
0.007800
0.006900
0.005900
0.005800
0.005700
0.005400
0.005100
0.005050
0.005000
0.004950
0.004850
0.004750
0.004600
0.004500
0.004500
0.004350
0.004300
0.004050
0.004050
0.003850
0.003800
0.003800
0.003650
0.003550
0.003400
0.003200
0.003050
0.003000
0.002950
0.002800
0.002750
0.002700
0.002700
0.002450
0.002450
0.002350
0.002150
0.002150
0.001900
0.001900
0.001850
0.001650
0.001350
0.001300
0.001250
0.001000
0.000750
0.032350
0.017900
0.016850
0.014450
0.010150
0.009700
0.007800
0.007250
0.007050
0.006000
0.005750
0.005550
0.005200
0.004950
0.004800
0.004700
0.004700
0.004200
0.004000
0.003750
0.003750
0.003500
0.003300
0.003300
0.003300
0.003300
0.003250
0.003200
0.003200
0.003100
0.003050
0.002950
0.002900
0.002850
0.002450
0.002400
0.002400
0.002250
0.002250
0.002100
0.002000
0.002000
0.002000
0.001950
0.001900
0.001850
0.001850
0.001850
0.001800
0.001800
0.001500
0.000900
0.063850
0.042950
0.038550
0.011000
0.009250
0.007200
0.007150
0.007100
0.006550
0.006150
0.005650
0.005550
0.004900
0.004800
0.004700
0.004700
0.004650
0.004150
0.004100
0.003850
0.003700
0.003650
0.003650
0.003500
0.003500
0.003450
0.003250
0.003000
0.002900
0.002700
0.002650
0.002550
0.002450
0.002300
0.002300
0.001600
0.001250
0.000950
0.083600
0.054800
0.025000
0.024300
0.021850
0.012550
0.011000
0.010050
0.009500
0.008150
0.007800
0.007700
0.007300
0.007250
0.007000
0.006850
0.005800
0.005400
0.005400
0.005300
0.005200
0.005050
0.004750
0.004750
0.004400
0.004350
0.004300
0.004100
0.004050
0.003950
0.003900
0.003800
0.003800
0.003750
0.003650
0.002950
0.002850
0.002750
0.002750
0.002750
0.002650
0.002300
0.002250
0.002200
0.002150
0.002100
0.001950
0.001850
0.001700
0.001300
0.001100
0.001100
0.001000
0.034650
0.026900
0.020250
0.008000
0.006850
0.006600
0.006200
0.004900
0.004850
0.004750
0.004600
0.004500
0.004500
0.004400
0.004100
0.003950
0.003900
0.003650
0.003650
0.003300
0.003250
0.003250
0.003100
0.002950
0.002800
0.002750
0.002750
0.002650
0.002300
0.002300
0.002150
0.002100
0.002050
0.002050
0.002050
0.001950
0.001750
0.001700
0.001700
0.001650
0.001650
0.001500
0.001450
0.001300
0.001150
0.054950
0.040600
0.027050
0.009100
0.008800
0.006500
0.006300
0.006200
0.005900
0.005350
0.004950
0.004950
0.004450
0.004400
0.004150
0.004100
0.003900
0.003900
0.003800
0.003650
0.003500
0.003250
0.003200
0.002950
0.002750
0.002650
0.002600
0.002400
0.002350
0.002200
0.002150
0.002100
0.001950
0.001850
0.001100
0.007600
0.007100
0.007050
0.006700
0.006200
0.005800
0.005550
0.005100
0.005050
0.005050
0.004900
0.004200
0.004200
0.004100
0.004050
0.004050
0.004050
0.003950
0.003850
0.003850
0.003750
0.003750
0.003750
0.003550
0.003550
0.003250
0.003000
0.002900
0.002800
0.002800
0.002700
0.002500
0.002400
0.002300
0.002100
0.001900
0.001850
0.001750
0.001500
0.001200
0.001150
0.001100
0.001100
0.000800
0.026150
0.012700
0.010300
0.008200
0.006700
0.006600
0.006350
0.006100
0.006000
0.005800
0.005600
0.005350
0.005150
0.005100
0.005100
0.005000
0.004750
0.004700
0.004550
0.004450
0.004150
0.004100
0.004050
0.003900
0.003800
0.003800
0.003750
0.003700
0.003400
0.003350
0.003250
0.003100
0.003000
0.002800
0.002750
0.002600
0.002450
0.002300
0.002150
0.002050
0.001700
0.001600
0.001050
0.060150
0.031050
0.018800
0.010950
0.008900
0.007300
0.007050
0.006700
0.006100
0.005750
0.005550
0.005350
0.004750
0.004100
0.003800
0.003650
0.003650
0.003350
0.003200
0.003150
0.002850
0.002800
0.002700
0.002650
0.002400
0.002350
0.002350
0.002350
0.002350
0.002250
0.002100
0.002050
0.002000
0.001800
0.001800
0.001800
0.001700
0.001650
0.001600
0.001300
0.001200
0.001200
0.001200
0.001200
0.001150
0.001150
0.001000
0.000950
0.000900
0.043250
0.021150
0.019000
0.011850
0.008600
0.008550
0.007600
0.006350
0.006200
0.005950
0.005900
0.005600
0.005500
0.005300
0.005050
0.005000
0.004850
0.004800
0.004600
0.004550
0.004550
0.004500
0.004450
0.004300
0.004250
0.004200
0.004150
0.004050
0.003700
0.003600
0.003600
0.003550
0.003500
0.003450
0.003200
0.003150
0.003100
0.002950
0.002750
0.002450
0.002100
0.002100
0.002000
0.001850
0.001700
0.000950
0.000900
0.000800
0.065700
0.024000
0.020700
0.019600
0.017800
0.014450
0.008000
0.007150
0.006700
0.006650
0.005800
0.005700
0.005550
0.005150
0.005100
0.005000
0.005000
0.004900
0.004800
0.004650
0.004500
0.004450
0.004300
0.004250
0.004100
0.003950
0.003900
0.003850
0.003850
0.003750
0.003450
0.002800
0.002700
0.002600
0.002500
0.002400
0.002250
0.002150
0.002050
0.001950
0.001850
0.001800
0.001700
0.001600
0.001550
0.001550
0.001250
0.001100
0.035000
0.023600
0.009300
0.008700
0.008150
0.006300
0.006150
0.005850
0.005700
0.005300
0.005200
0.005000
0.004650
0.004200
0.004100
0.004000
0.003800
0.003700
0.003250
0.003250
0.003250
0.003100
0.003050
0.003000
0.003000
0.002950
0.002900
0.002900
0.002800
0.002750
0.002650
0.002600
0.002500
0.002450
0.002400
0.002350
0.002200
0.002200
0.002200
0.002150
0.002100
0.002050
0.002000
0.001950
0.001850
0.001800
0.001800
0.001500
0.001450
0.001350
0.001350
0.001250
0.001000
0.070250
0.012900
0.006950
0.006700
0.006050
0.006050
0.005550
0.005000
0.004350
0.004350
0.004150
0.003800
0.003650
0.003500
0.003500
0.003450
0.003400
0.003350
0.003000
0.003000
0.002900
0.002900
0.002850
0.002850
0.002800
0.002700
0.002700
0.002600
0.002350
0.002250
0.002250
0.002250
0.002250
0.002200
0.001950
0.001900
0.001850
0.001800
0.001800
0.001600
0.001350
0.079400
0.051650
0.050250
0.045550
0.034200
0.009850
0.009200
0.008550
0.008150
0.006750
0.006550
0.006050
0.005850
0.005700
0.005400
0.005300
0.005050
0.005000
0.004900
0.004750
0.004700
0.004600
0.004400
0.004150
0.004050
0.004050
0.003800
0.003800
0.003550
0.003500
0.003450
0.003150
0.002950
0.002650
0.002600
0.002550
0.002550
0.002400
0.002400
0.002300
0.002250
0.002200
0.002050
0.001950
0.001900
0.001850
0.001800
0.001300
0.001100
0.001100
0.000400
0.046300
0.043300
0.022150
0.017750
0.015650
0.011850
0.009950
0.009600
0.009200
0.008200
0.006900
0.006300
0.006150
0.006050
0.005450
0.005300
0.005300
0.005250
0.004750
0.004500
0.004400
0.004350
0.004350
0.004100
0.004050
0.003950
0.003950
0.003850
0.003550
0.003350
0.003350
0.003050
0.002800
0.002700
0.002400
0.002300
0.002200
0.002150
0.002000
0.002000
0.001350
0.001250
0.001200
0.001050
0.000750
0.000700
0.000650
0.037100
0.013550
0.009950
0.008950
0.008850
0.008100
0.007650
0.007450
0.006950
0.006750
0.006550
0.006400
0.006100
0.005800
0.005600
0.005500
0.005450
0.004900
0.004750
0.004550
0.004450
0.004150
0.004050
0.003850
0.003700
0.003600
0.003600
0.003600
0.003500
0.003250
0.003100
0.003050
0.002750
0.002650
0.002600
0.002500
0.002050
0.001900
0.001800
0.001650
0.001550
0.000900
0.000750
0.049800
0.042300
0.037250
0.032250
0.023150
0.015850
0.012200
0.009100
0.008950
0.008750
0.007950
0.006950
0.006450
0.006300
0.005200
0.005100
0.005000
0.004400
0.004350
0.004350
0.004300
0.004250
0.003800
0.003550
0.003500
0.003500
0.003450
0.003450
0.003200
0.003150
0.003150
0.003100
0.003000
0.002800
0.002750
0.002750
0.002300
0.002200
0.001900
0.001850
0.001800
0.001800
0.001250
0.051550
0.044800
0.017600
0.015050
0.006600
0.005350
0.005200
0.005100
0.004550
0.004350
0.004200
0.004000
0.003850
0.003800
0.003600
0.003350
0.003300
0.003250
0.003200
0.003100
0.003050
0.003050
0.002850
0.002850
0.002800
0.002650
0.002250
0.002250
0.002200
0.002100
0.002100
0.002050
0.001950
0.001850
0.001750
0.001750
0.001650
0.001450
0.000850
0.000750
0.018600
0.015500
0.010500
0.010150
0.008800
0.007450
0.006550
0.005500
0.005350
0.005150
0.005050
0.004950
0.004850
0.004850
0.004750
0.004750
0.004500
0.004500
0.004450
0.004350
0.004200
0.004200
0.003900
0.003850
0.003850
0.003600
0.003600
0.003550
0.003450
0.003400
0.003350
0.003200
0.003150
0.003050
0.003000
0.002850
0.002800
0.002800
0.002550
0.002450
0.002450
0.002400
0.002200
0.002000
0.001800
0.001700
0.001450
0.001400
0.001200
0.057800
0.042050
0.025000
0.020900
0.007350
0.007250
0.006600
0.006000
0.005850
0.005750
0.005400
0.005350
0.005300
0.005150
0.004950
0.004750
0.004550
0.004500
0.004500
0.004400
0.003950
0.003900
0.003550
0.003500
0.003300
0.003300
0.003300
0.003200
0.003150
0.002850
0.002800
0.002500
0.002500
0.002300
0.002250
0.002150
0.002100
0.001950
0.001850
0.001800
0.001750
0.001450
0.001100
0.084200
0.047850
0.046300
0.034300
0.017850
0.011950
0.009800
0.009450
0.006300
0.006250
0.006050
0.005750
0.005650
0.005300
0.005100
0.005050
0.004900
0.004700
0.004600
0.004600
0.004550
0.004450
0.004350
0.004350
0.003950
0.003900
0.003900
0.003700
0.003700
0.003650
0.003450
0.003250
0.003150
0.003050
0.003050
0.002950
0.002900
0.002900
0.002800
0.002650
0.002600
0.002250
0.002250
0.002150
0.002150
0.002100
0.001650
0.001600
0.001500
0.001400
0.001400
0.001250
0.001200
0.001200
0.001100
0.000800
0.057800
0.039950
0.038050
0.021700
0.014000
0.010850
0.010750
0.010150
0.008450
0.006700
0.006400
0.006100
0.005700
0.005600
0.005500
0.005300
0.005250
0.005000
0.004900
0.004750
0.004700
0.004550
0.004550
0.004500
0.004350
0.004350
0.004300
0.004300
0.004250
0.004250
0.004050
0.003400
0.002850
0.002600
0.002500
0.002500
0.002350
0.002250
0.002250
0.002250
0.002000
0.001950
0.001800
0.001450
0.001300
0.001300
0.001100
0.001050
0.000450
0.047150
0.026600
0.016100
0.012050
0.008350
0.007400
0.007150
0.006050
0.005950
0.005900
0.005800
0.005750
0.005550
0.005150
0.004700
0.004400
0.004400
0.004400
0.004000
0.003950
0.003950
0.003850
0.003800
0.003750
0.003700
0.003600
0.003600
0.003500
0.003400
0.002400
0.002400
0.002300
0.002250
0.002150
0.002150
0.002050
0.002050
0.001950
0.001550
0.001550
0.001450
0.001200
0.149500
0.030050
0.029400
0.014950
0.009550
0.008150
0.007350
0.005650
0.005450
0.005350
0.005100
0.005100
0.004950
0.004950
0.004700
0.004450
0.004300
0.004300
0.004100
0.004000
0.003950
0.003900
0.003850
0.003650
0.003550
0.003350
0.003300
0.003250
0.003000
0.002950
0.002950
0.002900
0.002850
0.002700
0.002700
0.002600
0.002600
0.002550
0.002550
0.002500
0.002400
0.002350
0.002300
0.002100
0.001800
0.001750
0.001450
0.001450
0.001400
0.001400
0.001300
0.022400
0.019500
0.011950
0.007900
0.006950
0.006600
0.006450
0.006400
0.006000
0.005800
0.005400
0.005350
0.004900
0.004800
0.004800
0.004450
0.004350
0.004250
0.004150
0.003900
0.003800
0.003750
0.003700
0.003700
0.003700
0.003700
0.003650
0.003450
0.003400
0.002900
0.002900
0.002800
0.002750
0.002600
0.002550
0.002550
0.002450
0.002400
0.002300
0.002250
0.002050
0.001900
0.001200
0.001150
0.001100
0.001100
0.001050
0.000700
0.049650
0.024100
0.011800
0.009300
0.009250
0.006900
0.006150
0.005050
0.004950
0.004550
0.004500
0.004450
0.004450
0.004450
0.004350
0.004250
0.004150
0.004100
0.003450
0.003250
0.003150
0.003100
0.003000
0.003000
0.002800
0.002700
0.002500
0.002300
0.002300
0.002250
0.002050
0.001800
0.001700
0.001150
0.001100
0.000650
0.000650
0.000600
0.019200
0.011650
0.008150
0.006550
0.005900
0.005450
0.005400
0.005300
0.005200
0.005050
0.004950
0.004900
0.004600
0.004550
0.004550
0.004500
0.004350
0.004200
0.003950
0.003950
0.003900
0.003850
0.003750
0.003650
0.003600
0.003500
0.003500
0.003500
0.003400
0.003300
0.002700
0.002600
0.002600
0.002350
0.002350
0.002300
0.002100
0.002100
0.002050
0.002050
0.002000
0.001900
0.001850
0.001700
0.001650
0.001500
0.001350
0.001250
0.001150
0.000850
0.024350
0.015350
0.010150
0.007450
0.005500
0.005450
0.005400
0.005250
0.004850
0.004700
0.004600
0.004150
0.003950
0.003900
0.003800
0.003750
0.003750
0.003450
0.003400
0.003400
0.003250
0.003200
0.003200
0.003050
0.003000
0.003000
0.002950
0.002900
0.002850
0.002800
0.002700
0.002550
0.002550
0.002400
0.002350
0.002050
0.001800
0.001800
0.001650
0.001350
0.000700
0.000700
0.023250
0.019100
0.016150
0.014000
0.012600
0.009000
0.008650
0.008300
0.007800
0.007450
0.007400
0.006150
0.006050
0.005800
0.005550
0.005350
0.005250
0.004800
0.004600
0.004550
0.004500
0.004450
0.004350
0.004300
0.004050
0.003850
0.003850
0.003500
0.003400
0.003350
0.003300
0.003150
0.003100
0.003000
0.002950
0.002950
0.002950
0.002900
0.002700
0.002650
0.002650
0.002600
0.002400
0.002400
0.002250
0.002050
0.001900
0.001750
0.001650
0.001600
0.001600
0.001600
0.001550
0.001500
0.001050
0.001000
0.000800
0.000800
0.000700
0.000700
0.024250
0.024000
0.021900
0.011050
0.009700
0.008750
0.006500
0.005800
0.005500
0.005500
0.005250
0.004650
0.004600
0.004550
0.004500
0.004450
0.004300
0.004300
0.003550
0.003300
0.003300
0.003200
0.003100
0.003050
0.003000
0.003000
0.002950
0.002950
0.002550
0.001950
0.001650
0.001400
0.001350
0.001300
0.001200
0.062700
0.040350
0.037950
0.010200
0.007350
0.007250
0.006900
0.006350
0.006200
0.006050
0.005700
0.005400
0.005250
0.005150
0.004850
0.004650
0.004600
0.004500
0.004350
0.004150
0.003500
0.003050
0.003000
0.002950
0.002750
0.002550
0.002450
0.002300
0.002200
0.002150
0.002000
0.001950
0.001900
0.001850
0.001800
0.001750
0.001700
0.001600
0.001450
0.001450
0.001450
0.001300
0.001300
0.001200
0.001150
0.000750
0.013800
0.009300
0.008600
0.007700
0.006500
0.006300
0.006300
0.006200
0.006150
0.006050
0.005600
0.005450
0.005350
0.005250
0.004750
0.004650
0.004600
0.004550
0.004350
0.004250
0.004100
0.004100
0.003600
0.003550
0.003500
0.003300
0.003250
0.003200
0.003100
0.002950
0.002900
0.002850
0.002800
0.002700
0.002700
0.002700
0.002350
0.002250
0.002200
0.002050
0.002000
0.002000
0.001950
0.001850
0.001750
0.001700
0.001700
0.001650
0.001550
0.001500
0.001200
0.001050
0.000800
0.000750
0.000700
0.033700
0.032750
0.031200
0.029350
0.019650
0.017700
0.014150
0.007100
0.006800
0.005750
0.005050
0.004800
0.004800
0.004700
0.004700
0.004350
0.004350
0.004250
0.003950
0.003300
0.003150
0.003150
0.003150
0.003050
0.003050
0.003050
0.002900
0.002800
0.002650
0.002600
0.002400
0.002050
0.002000
0.001700
0.001700
0.001650
0.001550
0.001500
0.001350
0.001250
0.000950
0.000950
0.000900
0.060300
0.038100
0.028800
0.014250
0.013350
0.011900
0.011700
0.010550
0.008500
0.007050
0.006550
0.005600
0.005450
0.005150
0.005050
0.004650
0.004600
0.004600
0.004500
0.004350
0.004300
0.004150
0.004050
0.003450
0.003400
0.003100
0.003050
0.002900
0.002850
0.002850
0.002850
0.002850
0.002650
0.002400
0.002200
0.001950
0.001950
0.001950
0.001900
0.001800
0.001700
0.001700
0.001650
0.001600
0.001600
0.001350
0.001200
0.001050
0.000900
0.053600
0.011650
0.011400
0.010650
0.008150
0.007950
0.007500
0.006750
0.006450
0.006100
0.005900
0.005850
0.005650
0.005600
0.005250
0.005100
0.005100
0.005050
0.005000
0.004950
0.004700
0.004300
0.003650
0.003600
0.003350
0.003350
0.003250
0.003200
0.003000
0.002850
0.002700
0.002650
0.002550
0.002500
0.002350
0.002350
0.002250
0.001900
0.001650
0.001500
0.001350
0.001050
0.001000
0.000750
0.015900
0.015450
0.014650
0.012500
0.006650
0.006250
0.005950
0.005850
0.005800
0.005450
0.005200
0.005200
0.005100
0.004750
0.004750
0.004650
0.004600
0.004550
0.004550
0.004550
0.004300
0.003550
0.003500
0.003400
0.003350
0.003200
0.003150
0.003100
0.003100
0.003000
0.003000
0.002950
0.002950
0.002850
0.002700
0.002650
0.002650
0.002200
0.002100
0.001950
0.001800
0.001800
0.001700
0.001600
0.001400
0.001250
0.001000
0.000850
0.030600
0.026150
0.025400
0.020200
0.016500
0.013800
0.007100
0.005900
0.005550
0.005250
0.005150
0.005000
0.004850
0.004600
0.004150
0.003850
0.003800
0.003700
0.003300
0.003150
0.003000
0.003000
0.002700
0.002650
0.002500
0.002200
0.002150
0.002050
0.001600
0.001550
0.001500
0.001250
0.001100
0.000700
0.038250
0.029350
0.028800
0.027750
0.026100
0.018550
0.008100
0.007350
0.007250
0.006450
0.006350
0.005550
0.005350
0.005000
0.004900
0.004850
0.004700
0.004650
0.004500
0.004400
0.004050
0.003850
0.003850
0.003500
0.003350
0.003250
0.003200
0.003050
0.002850
0.002550
0.002500
0.002400
0.002350
0.002350
0.002350
0.002200
0.002150
0.002100
0.001800
0.001450
0.001400
0.001400
0.001300
0.001150
0.000950
0.010200
0.009500
0.007500
0.007450
0.007050
0.006750
0.005750
0.005750
0.005100
0.004950
0.004600
0.004400
0.004400
0.004300
0.004250
0.004200
0.004000
0.003900
0.003750
0.003650
0.003450
0.003450
0.003250
0.003250
0.003100
0.003050
0.003000
0.002850
0.002850
0.002800
0.002700
0.002650
0.002650
0.002650
0.002600
0.002450
0.002450
0.002350
0.002300
0.002300
0.002250
0.002050
0.001800
0.001750
0.001750
0.001700
0.001700
0.001600
0.001600
0.001600
0.001200
0.000900
0.014550
0.014050
0.010950
0.009000
0.007700
0.007250
0.006950
0.006800
0.006650
0.006500
0.006250
0.005700
0.005550
0.005250
0.005250
0.005000
0.004900
0.004700
0.004400
0.004350
0.004350
0.004300
0.004250
0.004150
0.004100
0.004000
0.003900
0.003850
0.003700
0.003350
0.003250
0.003100
0.002950
0.002800
0.002700
0.002650
0.002650
0.002450
0.002350
0.002300
0.002250
0.002200
0.002200
0.002050
0.001950
0.001900
0.001850
0.001850
0.001700
0.001650
0.001550
0.001500
0.001500
0.001250
0.001050
0.000950
0.087000
0.017000
0.012100
0.007950
0.007700
0.005700
0.005650
0.005350
0.004900
0.004850
0.004750
0.004700
0.004600
0.004500
0.004450
0.004250
0.004050
0.003900
0.003900
0.003750
0.003650
0.003550
0.003150
0.003100
0.003000
0.003000
0.003000
0.002950
0.002950
0.002950
0.002750
0.002650
0.002600
0.002550
0.002400
0.002250
0.002150
0.002150
0.002100
0.001800
0.001700
0.001600
0.001500
0.001400
0.000950
0.079800
0.073500
0.023250
0.023050
0.014900
0.011050
0.007300
0.006650
0.006550
0.005950
0.005500
0.005250
0.005150
0.005150
0.005000
0.005000
0.004950
0.004950
0.004850
0.004700
0.004700
0.004300
0.003900
0.003900
0.003850
0.003850
0.003800
0.003800
0.003800
0.003750
0.003600
0.003600
0.003300
0.003150
0.003050
0.002900
0.002800
0.002600
0.002350
0.002350
0.002350
0.002300
0.002250
0.002100
0.001750
0.001550
0.001550
0.001350
0.001250
0.001200
0.001200
0.001150
0.001150
0.000900
0.000750
0.000700
0.037500
0.033700
0.015400
0.009350
0.007250
0.007100
0.006850
0.006050
0.005650
0.005550
0.005300
0.005250
0.004950
0.004650
0.004300
0.004150
0.004150
0.004100
0.003900
0.003450
0.003350
0.003350
0.003250
0.003250
0.003200
0.003100
0.003050
0.003050
0.003000
0.002900
0.002900
0.002550
0.002550
0.002500
0.002350
0.002000
0.001900
0.001850
0.001800
0.001800
0.001650
0.001600
0.001500
0.001400
0.001400
0.001350
0.001200
0.001150
0.001100
0.000750
0.000650
0.000650
0.057800
0.012750
0.011400
0.010850
0.009050
0.008100
0.007800
0.007550
0.006700
0.006500
0.005600
0.005450
0.005200
0.004600
0.004400
0.004250
0.004200
0.004200
0.004050
0.003950
0.003750
0.003700
0.003000
0.002950
0.002900
0.002850
0.002800
0.002800
0.002550
0.002500
0.002450
0.002350
0.002250
0.002200
0.002050
0.001900
0.001800
0.001500
0.001450
0.001450
0.001050
0.000850
0.013500
0.010550
0.010350
0.008550
0.007750
0.007400
0.007000
0.006300
0.006000
0.005700
0.005700
0.005050
0.005050
0.005000
0.004950
0.004750
0.004450
0.004400
0.004400
0.004400
0.004150
0.004150
0.004100
0.003950
0.003900
0.003800
0.003750
0.003700
0.003700
0.003600
0.003450
0.003300
0.003300
0.003250
0.003100
0.002950
0.002950
0.002900
0.002750
0.002600
0.002600
0.002550
0.002550
0.002500
0.002400
0.002400
0.002200
0.002050
0.001950
0.001850
0.001800
0.001400
0.001250
0.001100
0.000850
0.000550
0.039050
0.028800
0.023050
0.020100
0.015650
0.013600
0.008150
0.007300
0.006600
0.006100
0.005400
0.005350
0.004650
0.004550
0.004400
0.004300
0.004250
0.004100
0.004100
0.004100
0.004100
0.003950
0.003900
0.003850
0.003800
0.003650
0.003450
0.003150
0.003100
0.002850
0.002850
0.002650
0.002400
0.002400
0.002350
0.002350
0.002350
0.002300
0.002200
0.002100
0.002100
0.002000
0.002000
0.001950
0.001900
0.001850
0.001750
0.001500
0.001150
0.001150
0.001100
0.001000
0.000850
0.026500
0.021200
0.017150
0.015800
0.015400
0.010550
0.010150
0.009750
0.009400
0.009050
0.008250
0.006850
0.006600
0.005950
0.005800
0.004850
0.004800
0.004750
0.004450
0.004400
0.004350
0.004300
0.004150
0.003950
0.003900
0.003700
0.003550
0.003300
0.003250
0.003000
0.002900
0.002750
0.002650
0.002400
0.002300
0.002100
0.001900
0.001850
0.001800
0.001250
0.084250
0.060550
0.043350
0.008850
0.008600
0.008250
0.007750
0.006650
0.005450
0.005350
0.004900
0.004800
0.004750
0.004300
0.004250
0.004200
0.004000
0.003700
0.003650
0.003550
0.003200
0.003050
0.002800
0.002750
0.002700
0.002700
0.002600
0.002550
0.002500
0.002450
0.002250
0.002200
0.001950
0.001750
0.001750
0.001550
0.001500
0.000800
0.000600
0.056450
0.016800
0.013800
0.009250
0.008750
0.008350
0.007500
0.007000
0.006600
0.006600
0.005900
0.005600
0.005400
0.005100
0.004900
0.004850
0.004500
0.004200
0.004050
0.003950
0.003950
0.003800
0.003800
0.003800
0.003700
0.003700
0.003400
0.003300
0.003300
0.003300
0.003150
0.003050
0.002850
0.002550
0.002450
0.002400
0.002350
0.002250
0.002200
0.002100
0.002100
0.001900
0.001900
0.001800
0.001750
0.001750
0.001650
0.001600
0.001550
0.001500
0.001300
0.001150
0.001150
0.001100
0.001000
0.000700
0.000600
0.033100
0.020650
0.015950
0.011800
0.011450
0.006800
0.006750
0.006000
0.005600
0.005500
0.004850
0.004850
0.004850
0.004750
0.004750
0.004650
0.004500
0.004300
0.004200
0.004100
0.003800
0.003600
0.003500
0.003500
0.003300
0.003300
0.003100
0.002850
0.002600
0.002600
0.002400
0.002350
0.002300
0.002100
0.001950
0.001850
0.001850
0.001850
0.001800
0.001650
0.001550
0.001500
0.001250
0.001050
0.034050
0.033700
0.026450
0.026200
0.022900
0.007950
0.007900
0.007500
0.006450
0.005300
0.004650
0.004550
0.004500
0.004150
0.003850
0.003700
0.003450
0.003350
0.003100
0.003000
0.002950
0.002900
0.002850
0.002700
0.002700
0.002550
0.002550
0.002500
0.002450
0.002450
0.002400
0.002400
0.002300
0.002250
0.002150
0.002100
0.001950
0.001900
0.001750
0.001650
0.001600
0.001550
0.001450
0.001350
0.001250
0.001250
0.001200
0.000750
0.000700
0.046450
0.043650
0.020450
0.013400
0.007800
0.007400
0.007100
0.005750
0.005150
0.005100
0.005100
0.004600
0.004550
0.004200
0.004150
0.004100
0.003750
0.003650
0.003500
0.003350
0.003350
0.003250
0.003250
0.003100
0.002900
0.002550
0.002500
0.002300
0.002200
0.002100
0.001800
0.001700
0.001700
0.001700
0.001550
0.001350
0.033400
0.011550
0.006600
0.006350
0.006250
0.005800
0.005800
0.005300
0.005250
0.005150
0.005100
0.005050
0.004950
0.004500
0.004450
0.004400
0.004200
0.004150
0.004050
0.003850
0.003800
0.003700
0.003500
0.003450
0.003400
0.003250
0.003200
0.003150
0.003100
0.002950
0.002950
0.002900
0.002800
0.002750
0.002650
0.002500
0.002450
0.002300
0.002200
0.002200
0.002050
0.001800
0.001800
0.001750
0.001750
0.001650
0.001600
0.001450
0.001400
0.001350
0.001200
0.001200
0.000650
0.025600
0.016650
0.011750
0.011500
0.011050
0.009800
0.006450
0.006150
0.006150
0.006000
0.005450
0.005400
0.005300
0.005250
0.005200
0.005000
0.004800
0.004800
0.004500
0.004450
0.004250
0.004200
0.004200
0.003900
0.003800
0.003550
0.003500
0.003400
0.003150
0.003050
0.003000
0.002950
0.002850
0.002800
0.002700
0.002700
0.002300
0.002300
0.002250
0.002150
0.002000
0.002000
0.001850
0.001750
0.001700
0.001450
0.001200
0.000950
0.000500
0.037550
0.012450
0.011200
0.007950
0.007000
0.006850
0.006600
0.006550
0.005600
0.005550
0.005550
0.005400
0.005350
0.005300
0.005200
0.004750
0.004750
0.004650
0.004650
0.004600
0.004000
0.004000
0.003800
0.003650
0.003550
0.003400
0.003350
0.003200
0.003050
0.003050
0.002850
0.002750
0.002650
0.002600
0.002500
0.002500
0.002400
0.002300
0.002000
0.001350
0.001100
0.000900
0.000700
0.031850
0.031350
0.023700
0.022200
0.016750
0.012500
0.008700
0.008650
0.006850
0.006200
0.006150
0.006100
0.005700
0.005350
0.005150
0.005100
0.005100
0.005050
0.004900
0.004600
0.004600
0.004500
0.004400
0.003900
0.003850
0.003600
0.003550
0.003500
0.003400
0.003350
0.003250
0.003100
0.003000
0.002950
0.002950
0.002950
0.002900
0.002900
0.002850
0.002850
0.002800
0.002650
0.002550
0.002250
0.002200
0.002100
0.002050
0.001900
0.001850
0.001750
0.001700
0.001550
0.000800
0.000750
0.083250
0.035000
0.020000
0.012350
0.010750
0.007850
0.006600
0.006400
0.006100
0.005650
0.004850
0.004800
0.004650
0.004550
0.004550
0.004450
0.004400
0.004350
0.004200
0.004200
0.003950
0.003850
0.003800
0.003650
0.003600
0.003300
0.003300
0.002550
0.002400
0.002350
0.002250
0.002200
0.002150
0.002050
0.001950
0.001850
0.001800
0.001750
0.001300
0.001250
0.001200
0.001200
0.001000
0.024800
0.011200
0.010500
0.009150
0.007050
0.006750
0.006350
0.006250
0.005650
0.004850
0.004600
0.004500
0.004350
0.004350
0.004050
0.004000
0.003850
0.003800
0.003800
0.003800
0.003800
0.003600
0.003400
0.003350
0.003200
0.003100
0.002900
0.002900
0.002850
0.002800
0.002650
0.002150
0.002100
0.002100
0.001950
0.001550
0.000600
0.034700
0.028450
0.021250
0.020700
0.016400
0.011900
0.010850
0.008600
0.008000
0.007200
0.006200
0.005800
0.005800
0.005700
0.005350
0.005250
0.004800
0.004600
0.004600
0.004150
0.004000
0.003800
0.003800
0.003550
0.003450
0.003350
0.003250
0.003200
0.003050
0.002900
0.002800
0.002650
0.002450
0.002250
0.002200
0.002200
0.001850
0.001700
0.001500
0.001450
0.001350
0.001150
0.001050
0.000900
0.027950
0.020050
0.018950
0.013550
0.013350
0.010400
0.008400
0.007850
0.007250
0.005850
0.005800
0.005550
0.005000
0.004950
0.004900
0.004900
0.004850
0.004800
0.004400
0.004350
0.004150
0.004150
0.003950
0.003800
0.003750
0.003550
0.003550
0.003350
0.003250
0.003200
0.003150
0.003000
0.002750
0.002600
0.002350
0.002200
0.002150
0.001850
0.001700
0.001600
0.001550
0.001500
0.001350
0.001200
0.001100
0.001050
0.000900
0.000850
0.000800
0.000750
0.019150
0.017950
0.007300
0.006800
0.006750
0.006400
0.005800
0.005650
0.005600
0.005600
0.005450
0.005000
0.004950
0.004500
0.004450
0.004400
0.004300
0.004150
0.003950
0.003950
0.003900
0.003700
0.003700
0.003600
0.003550
0.003300
0.003250
0.003200
0.003100
0.003050
0.003050
0.003000
0.002700
0.002700
0.002250
0.002200
0.002100
0.002100
0.001700
0.001550
0.001500
0.001100
0.022000
0.021600
0.016600
0.014950
0.012700
0.011350
0.010650
0.009350
0.007600
0.006950
0.006850
0.006350
0.006300
0.006300
0.006100
0.005850
0.005650
0.005100
0.005100
0.004850
0.004800
0.004500
0.004450
0.004300
0.004100
0.003550
0.003400
0.003350
0.003350
0.003250
0.002650
0.002650
0.002450
0.002400
0.002000
0.001900
0.001650
0.001550
0.001550
0.001450
0.001350
0.001200
0.043150
0.010450
0.008300
0.007950
0.007700
0.006500
0.006450
0.005550
0.005400
0.005150
0.005150
0.004850
0.004800
0.004450
0.004400
0.004200
0.004150
0.004150
0.003950
0.003650
0.003550
0.003450
0.003400
0.003350
0.003350
0.003350
0.003250
0.003050
0.003050
0.003000
0.002950
0.002800
0.002650
0.002600
0.002600
0.002600
0.002550
0.002550
0.002350
0.002350
0.002300
0.002300
0.002150
0.001800
0.001700
0.001550
0.001550
0.001500
0.001150
0.001150
0.001050
0.001000
0.013050
0.008800
0.008000
0.007600
0.006950
0.006650
0.006550
0.006100
0.005850
0.005850
0.005500
0.004500
0.004450
0.004000
0.003900
0.003750
0.003500
0.003500
0.003450
0.003350
0.003300
0.003200
0.003100
0.003000
0.002850
0.002700
0.002600
0.002500
0.002500
0.002450
0.002400
0.002350
0.002200
0.002150
0.002050
0.002050
0.002050
0.001900
0.001800
0.001600
0.001550
0.001350
0.001300
0.001250
0.001250
0.001200
0.001100
0.001000
0.000350
0.087350
0.035650
0.028700
0.018350
0.009900
0.009150
0.007700
0.007650
0.007050
0.006400
0.006300
0.005900
0.005500
0.005400
0.005300
0.005300
0.005150
0.005000
0.004650
0.004500
0.004400
0.004400
0.004350
0.004300
0.004100
0.004050
0.004050
0.003900
0.003750
0.003700
0.003600
0.003450
0.003450
0.003200
0.003150
0.003100
0.002950
0.002900
0.002800
0.002800
0.002700
0.002400
0.002300
0.002200
0.002100
0.001850
0.001700
0.001600
0.001600
0.001150
0.001050
0.000300
0.026200
0.016950
0.016200
0.012100
0.008200
0.007900
0.007500
0.007450
0.006700
0.006400
0.005550
0.005000
0.004850
0.004850
0.004800
0.004750
0.004700
0.004550
0.004450
0.004400
0.004350
0.004300
0.004300
0.004200
0.004150
0.004100
0.003900
0.003750
0.003500
0.003450
0.003450
0.003350
0.003350
0.003200
0.003200
0.003000
0.002900
0.002850
0.002700
0.002500
0.002500
0.002400
0.002250
0.002250
0.002150
0.002050
0.002000
0.001900
0.001800
0.001600
0.001500
0.001450
0.000600
0.035450
0.028450
0.025350
0.011750
0.007250
0.007150
0.006400
0.005900
0.005800
0.005100
0.004950
0.004650
0.004100
0.004050
0.004000
0.003900
0.003900
0.003800
0.003600
0.003250
0.003250
0.003200
0.003050
0.003050
0.003050
0.003050
0.003000
0.003000
0.002800
0.002700
0.002450
0.002300
0.002200
0.002150
0.002100
0.002050
0.001750
0.001750
0.001750
0.001600
0.001500
0.001500
0.001500
0.001350
0.000850
0.000600
0.017600
0.013400
0.009000
0.008850
0.007350
0.006250
0.006200
0.006150
0.005250
0.005100
0.005100
0.005050
0.004900
0.004600
0.004500
0.004450
0.004400
0.004200
0.004100
0.003850
0.003700
0.003550
0.003450
0.003450
0.003400
0.003300
0.003150
0.003150
0.003050
0.002950
0.002850
0.002850
0.002750
0.002700
0.002650
0.002650
0.002600
0.002400
0.002200
0.002150
0.002100
0.001650
0.001600
0.001550
0.001400
0.001350
0.001100
0.000750
0.000700
0.074000
0.013050
0.012600
0.008450
0.007750
0.007650
0.006200
0.006050
0.005800
0.005450
0.005250
0.004950
0.004900
0.004700
0.004700
0.004150
0.004100
0.003900
0.003850
0.003750
0.003750
0.003700
0.003700
0.003650
0.003500
0.003300
0.003150
0.003050
0.002950
0.002900
0.002650
0.002550
0.002500
0.002450
0.002350
0.002200
0.002150
0.002150
0.002000
0.001900
0.001800
0.001650
0.001550
0.001500
0.001400
0.001350
0.001300
0.001000
0.022150
0.021750
0.020900
0.018150
0.013450
0.011000
0.008100
0.006700
0.005650
0.005250
0.005250
0.004800
0.004600
0.004450
0.004450
0.004200
0.004200
0.004150
0.003850
0.003400
0.003250
0.003250
0.003100
0.003000
0.003000
0.002950
0.002800
0.002750
0.002650
0.002500
0.002400
0.002350
0.002350
0.002200
0.002200
0.002150
0.002150
0.002100
0.001800
0.001600
0.001600
0.001600
0.001600
0.001400
0.001200
0.001000
0.000700
0.053500
0.021000
0.015200
0.010500
0.009350
0.009100
0.008700
0.007350
0.006350
0.006150
0.005800
0.005400
0.005350
0.005300
0.005100
0.004900
0.004850
0.004650
0.003700
0.003650
0.003650
0.003500
0.003500
0.003400
0.003300
0.003300
0.003150
0.003050
0.003050
0.002900
0.002750
0.002700
0.002700
0.002550
0.002450
0.002400
0.002200
0.002100
0.002050
0.001900
0.001800
0.001800
0.001550
0.001450
0.001350
0.001350
0.001300
0.001300
0.054950
0.046050
0.011450
0.006300
0.006200
0.006050
0.005500
0.005350
0.005350
0.005200
0.004850
0.004750
0.004700
0.004700
0.004600
0.004450
0.004400
0.004200
0.004050
0.004050
0.003950
0.003900
0.003850
0.003750
0.003650
0.003650
0.003650
0.003300
0.003150
0.003100
0.003100
0.002900
0.002700
0.002700
0.002600
0.002600
0.002550
0.002550
0.002050
0.001900
0.001800
0.001650
0.001550
0.001450
0.001150
0.043550
0.038450
0.033200
0.032450
0.011800
0.009250
0.008550
0.008450
0.008350
0.005600
0.005550
0.005200
0.005100
0.004750
0.004700
0.004700
0.004350
0.004250
0.004100
0.003800
0.003750
0.003600
0.003600
0.003550
0.003400
0.003400
0.003400
0.003100
0.003000
0.002900
0.002750
0.002700
0.002700
0.002600
0.002450
0.002300
0.002300
0.002000
0.001900
0.001850
0.001700
0.001400
0.001350
0.001150
0.046700
0.009750
0.009450
0.009300
0.009000
0.007250
0.007050
0.006350
0.006350
0.006050
0.005800
0.005750
0.005550
0.005500
0.005250
0.005050
0.004900
0.004500
0.004250
0.004200
0.003950
0.003600
0.003500
0.003400
0.003100
0.002900
0.002850
0.002750
0.002650
0.002500
0.002300
0.002150
0.002100
0.002100
0.001950
0.001800
0.001750
0.001700
0.001400
0.001350
0.001350
0.000950
0.000850
0.000750
0.000350
0.039950
0.038950
0.028200
0.021750
0.019500
0.011750
0.010150
0.010100
0.007450
0.006600
0.006400
0.006150
0.005550
0.005150
0.005050
0.004750
0.004550
0.004500
0.004350
0.004100
0.004050
0.004050
0.004000
0.003900
0.003800
0.003800
0.003700
0.003650
0.003650
0.003550
0.003550
0.003350
0.003350
0.003250
0.003050
0.002800
0.002750
0.002600
0.002600
0.002600
0.002550
0.002550
0.002500
0.002500
0.002450
0.002350
0.002250
0.002200
0.002100
0.001950
0.001950
0.001950
0.001850
0.001850
0.001700
0.001700
0.001650
0.001500
0.001250
0.001100
0.001050
0.000500
0.022550
0.018650
0.017150
0.008900
0.006900
0.006150
0.006100
0.006050
0.005600
0.005350
0.005300
0.005300
0.005150
0.005050
0.004850
0.004850
0.004750
0.004550
0.004450
0.004150
0.004150
0.004050
0.003900
0.003850
0.003650
0.003650
0.003650
0.003550
0.003500
0.003200
0.003100
0.002800
0.002700
0.002650
0.002550
0.002450
0.002350
0.002300
0.002050
0.002050
0.001950
0.001950
0.001200
0.001150
0.072600
0.040900
0.032000
0.016550
0.010800
0.010700
0.010100
0.007450
0.007200
0.007000
0.006600
0.005600
0.005050
0.004850
0.004700
0.004350
0.004300
0.004200
0.004150
0.004100
0.004100
0.004050
0.004050
0.004000
0.003900
0.003800
0.003800
0.003600
0.003550
0.003350
0.003350
0.003250
0.003200
0.003000
0.002750
0.002600
0.002450
0.002400
0.002250
0.002200
0.002100
0.001750
0.001700
0.001650
0.001650
0.001600
0.001550
0.001100
0.000950
0.037300
0.015600
0.010650
0.009200
0.008850
0.008600
0.007950
0.007250
0.006500
0.005800
0.005650
0.005600
0.005600
0.004950
0.004950
0.004850
0.004300
0.004100
0.003850
0.003800
0.003800
0.003700
0.003500
0.003200
0.003100
0.003050
0.003050
0.003000
0.002950
0.002900
0.002750
0.002700
0.002700
0.002500
0.002500
0.002300
0.002250
0.002050
0.002000
0.001750
0.001700
0.001700
0.001700
0.001700
0.001600
0.001450
0.001250
0.001000
0.049400
0.018600
0.013450
0.011200
0.010300
0.009200
0.008100
0.007400
0.007350
0.006800
0.006300
0.006200
0.005750
0.005400
0.005200
0.004900
0.004900
0.004800
0.004800
0.004800
0.004750
0.004600
0.004550
0.004450
0.004400
0.004200
0.004000
0.003900
0.003900
0.003750
0.002950
0.002950
0.002850
0.002750
0.002750
0.002750
0.002600
0.002200
0.002200
0.002150
0.002150
0.002100
0.002050
0.001900
0.001600
0.001550
0.001250
0.047100
0.028950
0.027050
0.026250
0.018700
0.013550
0.013350
0.010200
0.008100
0.007050
0.006950
0.006050
0.005550
0.005550
0.005500
0.005100
0.005050
0.004900
0.004750
0.004700
0.004600
0.004600
0.003750
0.003200
0.003150
0.003050
0.002800
0.002800
0.002750
0.002700
0.002650
0.002250
0.002150
0.001800
0.001600
0.001450
0.001350
0.001300
0.001250
0.001200
0.000700
0.026300
0.014800
0.013950
0.010600
0.010200
0.009300
0.009200
0.008450
0.007300
0.006200
0.006200
0.006100
0.005950
0.005450
0.005350
0.005100
0.004650
0.004600
0.004450
0.004350
0.004200
0.004100
0.004050
0.003900
0.003800
0.003550
0.003450
0.003300
0.003000
0.002900
0.002600
0.002400
0.002350
0.002250
0.002200
0.002200
0.002150
0.002050
0.001700
0.001700
0.001450
0.001300
0.001300
0.001300
0.001200
0.001200
0.001150
0.001000
0.001000
0.001000
0.022600
0.020500
0.019450
0.008750
0.008650
0.008150
0.007600
0.006000
0.005450
0.005350
0.005300
0.005200
0.005150
0.004800
0.004750
0.004750
0.004300
0.004200
0.004000
0.003800
0.003750
0.003300
0.003300
0.003250
0.003000
0.002750
0.002650
0.002400
0.002350
0.002200
0.002200
0.002000
0.002000
0.001850
0.001400
0.001400
0.001300
0.001300
0.001300
0.001200
0.001200
0.001100
0.001000
0.000850
0.000600
0.065550
0.028300
0.027400
0.011150
0.006600
0.006450
0.006300
0.006000
0.005900
0.005700
0.005500
0.005200
0.005150
0.005150
0.005100
0.004950
0.004800
0.004700
0.004550
0.004500
0.004400
0.004300
0.004150
0.003650
0.003400
0.003350
0.003200
0.003150
0.002600
0.002550
0.002500
0.002450
0.002450
0.002400
0.002300
0.002050
0.001650
0.001400
0.001350
0.001100
0.000650
0.099650
0.049800
0.027700
0.012300
0.008100
0.008000
0.007800
0.007600
0.006500
0.006200
0.005950
0.005800
0.005650
0.005350
0.005250
0.005100
0.004800
0.004650
0.004650
0.004400
0.004350
0.004300
0.004300
0.004100
0.003650
0.003450
0.003200
0.003150
0.003100
0.003050
0.003050
0.002950
0.002950
0.002950
0.002900
0.002750
0.002250
0.002150
0.001900
0.001800
0.001600
0.000900
0.000800
0.000750
0.029000
0.008850
0.006700
0.005800
0.005650
0.004900
0.004850
0.004800
0.004650
0.004350
0.004350
0.004300
0.004200
0.004150
0.004100
0.004050
0.004000
0.003950
0.003850
0.003750
0.003700
0.003550
0.003300
0.003250
0.003200
0.003100
0.003050
0.002850
0.002750
0.002750
0.002700
0.002600
0.002600
0.002600
0.002550
0.002350
0.002350
0.002350
0.002300
0.002150
0.002150
0.001850
0.001850
0.001850
0.001750
0.001650
0.001650
0.001500
0.001450
0.001350
0.001100
0.060350
0.050750
0.031800
0.024050
0.017050
0.015550
0.007450
0.006750
0.005950
