0.002672
0.002146
0.000924
0.000871
0.000849
0.000689
0.000636
0.000528
0.000460
0.000457
0.000446
0.000398
0.000362
0.000360
0.000340
0.000323
0.000323
0.000292
0.000285
0.000283
0.000263
0.000261
0.000261
0.000250
0.000236
0.000236
0.000234
0.000228
0.000228
0.000206
0.000203
0.000192
0.000188
0.000186
0.000179
0.000168
0.000168
0.000166
0.000166
0.000164
0.000161
0.000155
0.000152
0.000150
0.000150
0.000148
0.000146
0.000139
0.000135
0.000128
0.000124
0.000122
0.000115
0.001355
0.001322
0.000838
0.000740
0.000698
0.000628
0.000555
0.000533
0.000522
0.000504
0.000442
0.000402
0.000382
0.000354
0.000343
0.000340
0.000318
0.000312
0.000305
0.000301
0.000296
0.000290
0.000283
0.000274
0.000263
0.000263
0.000252
0.000248
0.000239
0.000230
0.000228
0.000223
0.000212
0.000208
0.000206
0.000201
0.000201
0.000199
0.000197
0.000197
0.000197
0.000192
0.000183
0.000181
0.000179
0.000179
0.000179
0.000170
0.000170
0.000168
0.000164
0.000161
0.000159
0.000152
0.000152
0.000148
0.000146
0.000144
0.000144
0.000144
0.000130
0.000128
0.000122
0.000119
0.000113
0.002049
0.000913
0.000899
0.000789
0.000758
0.000676
0.000594
0.000524
0.000499
0.000477
0.000469
0.000446
0.000429
0.000427
0.000422
0.000380
0.000371
0.000360
0.000354
0.000347
0.000345
0.000343
0.000331
0.000325
0.000312
0.000303
0.000285
0.000272
0.000265
0.000250
0.000243
0.000239
0.000225
0.000221
0.000203
0.000203
0.000199
0.000194
0.000190
0.000179
0.000172
0.000172
0.000168
0.000166
0.000166
0.000164
0.000164
0.000157
0.000152
0.000152
0.000150
0.000148
0.000139
0.000137
0.000135
0.000135
0.000135
0.000133
0.000133
0.000133
0.000128
0.000128
0.000126
0.000124
0.000124
0.001898
0.001642
0.001204
0.000917
0.000827
0.000824
0.000672
0.000650
0.000623
0.000586
0.000586
0.000579
0.000539
0.000504
0.000466
0.000438
0.000435
0.000411
0.000378
0.000378
0.000365
0.000358
0.000345
0.000336
0.000325
0.000316
0.000298
0.000290
0.000283
0.000281
0.000272
0.000267
0.000245
0.000241
0.000239
0.000232
0.000225
0.000212
0.000212
0.000203
0.000203
0.000201
0.000199
0.000199
0.000194
0.000192
0.000186
0.000183
0.000181
0.000181
0.000179
0.000177
0.000175
0.000172
0.000172
0.000170
0.000168
0.000168
0.000166
0.000161
0.000157
0.000157
0.000152
0.000152
0.000150
0.000148
0.000144
0.000141
0.000139
0.000139
0.000137
0.000135
0.000135
0.000130
0.000124
0.000124
0.000115
0.001410
0.000756
0.000667
0.000641
0.000581
0.000579
0.000552
0.000495
0.000457
0.000404
0.000373
0.000349
0.000343
0.000340
0.000338
0.000336
0.000314
0.000312
0.000307
0.000298
0.000294
0.000285
0.000285
0.000281
0.000267
0.000259
0.000252
0.000245
0.000239
0.000230
0.000223
0.000223
0.000219
0.000210
0.000201
0.000201
0.000201
0.000201
0.000197
0.000170
0.000168
0.000168
0.000166
0.000164
0.000161
0.000161
0.000159
0.000157
0.000157
0.000157
0.000155
0.000152
0.000152
0.000150
0.000146
0.000144
0.000141
0.000133
0.000130
0.000130
0.000122
0.001951
0.000866
0.000705
0.000552
0.000475
0.000387
0.000385
0.000360
0.000351
0.000327
0.000314
0.000309
0.000292
0.000290
0.000285
0.000261
0.000259
0.000259
0.000256
0.000248
0.000243
0.000243
0.000239
0.000236
0.000230
0.000206
0.000203
0.000192
0.000190
0.000186
0.000181
0.000175
0.000175
0.000175
0.000172
0.000170
0.000161
0.000157
0.000157
0.000152
0.000152
0.000152
0.000146
0.000144
0.000144
0.000141
0.000141
0.000139
0.000137
0.000133
0.000130
0.000130
0.000130
0.000122
0.000119
0.000115
0.002910
0.000827
0.000758
0.000754
0.000674
0.000636
0.000570
0.000533
0.000513
0.000510
0.000497
0.000497
0.000493
0.000477
0.000407
0.000367
0.000347
0.000331
0.000329
0.000323
0.000276
0.000272
0.000272
0.000267
0.000265
0.000265
0.000254
0.000223
0.000199
0.000186
0.000181
0.000175
0.000172
0.000170
0.000161
0.000159
0.000155
0.000152
0.000148
0.000146
0.000144
0.000141
0.000139
0.000139
0.000139
0.000137
0.000137
0.000135
0.000133
0.000130
0.000128
0.000128
0.000126
0.000122
0.000119
0.000110
0.000712
0.000665
0.000497
0.000466
0.000415
0.000413
0.000373
0.000336
0.000331
0.000327
0.000323
0.000316
0.000309
0.000303
0.000283
0.000276
0.000252
0.000243
0.000236
0.000228
0.000228
0.000223
0.000217
0.000212
0.000210
0.000208
0.000203
0.000203
0.000194
0.000192
0.000188
0.000188
0.000186
0.000183
0.000183
0.000179
0.000175
0.000175
0.000170
0.000170
0.000170
0.000164
0.000159
0.000155
0.000155
0.000152
0.000148
0.000146
0.000146
0.000144
0.000141
0.000130
0.000130
0.000128
0.000128
0.000122
0.000119
0.000119
0.000115
0.001461
0.000676
0.000455
0.000376
0.000360
0.000351
0.000347
0.000318
0.000312
0.000305
0.000274
0.000261
0.000259
0.000250
0.000239
0.000234
0.000223
0.000197
0.000194
0.000181
0.000179
0.000175
0.000172
0.000170
0.000166
0.000164
0.000159
0.000157
0.000152
0.000152
0.000150
0.000150
0.000150
0.000150
0.000141
0.000141
0.000139
0.000139
0.000137
0.000137
0.000133
0.000130
0.000128
0.000115
0.000959
0.000906
0.000873
0.000681
0.000634
0.000628
0.000617
0.000548
0.000508
0.000380
0.000371
0.000334
0.000325
0.000305
0.000305
0.000278
0.000252
0.000250
0.000245
0.000239
0.000234
0.000232
0.000230
0.000228
0.000221
0.000210
0.000203
0.000197
0.000194
0.000192
0.000186
0.000186
0.000186
0.000186
0.000186
0.000175
0.000170
0.000168
0.000168
0.000166
0.000166
0.000164
0.000164
0.000159
0.000159
0.000155
0.000146
0.000144
0.000141
0.000139
0.000139
0.000137
0.000135
0.000135
0.000135
0.000130
0.000126
0.000126
0.001463
0.001165
0.000798
0.000709
0.000625
0.000603
0.000599
0.000588
0.000575
0.000526
0.000484
0.000429
0.000371
0.000360
0.000358
0.000349
0.000325
0.000320
0.000318
0.000301
0.000294
0.000285
0.000267
0.000259
0.000256
0.000245
0.000245
0.000234
0.000217
0.000214
0.000212
0.000208
0.000203
0.000197
0.000192
0.000186
0.000186
0.000183
0.000179
0.000179
0.000170
0.000168
0.000166
0.000159
0.000157
0.000148
0.000148
0.000146
0.000146
0.000144
0.000141
0.000141
0.000141
0.000137
0.000137
0.000137
0.000133
0.000126
0.000126
0.000124
0.000124
0.000119
0.000119
0.000117
0.000988
0.000853
0.000665
0.000625
0.000610
0.000581
0.000499
0.000477
0.000440
0.000435
0.000435
0.000431
0.000407
0.000393
0.000329
0.000318
0.000287
0.000287
0.000259
0.000256
0.000254
0.000252
0.000241
0.000234
0.000232
0.000230
0.000217
0.000214
0.000212
0.000199
0.000199
0.000199
0.000199
0.000190
0.000190
0.000186
0.000183
0.000181
0.000179
0.000177
0.000175
0.000172
0.000168
0.000168
0.000164
0.000161
0.000150
0.000148
0.000144
0.000139
0.000139
0.000137
0.000133
0.000130
0.000130
0.000126
0.000124
0.000122
0.000122
0.000117
0.000110
0.001909
0.000641
0.000599
0.000588
0.000581
0.000519
0.000513
0.000506
0.000367
0.000367
0.000320
0.000298
0.000292
0.000276
0.000276
0.000254
0.000252
0.000252
0.000250
0.000248
0.000245
0.000241
0.000221
0.000221
0.000219
0.000219
0.000217
0.000212
0.000212
0.000212
0.000210
0.000201
0.000190
0.000190
0.000188
0.000183
0.000181
0.000179
0.000179
0.000175
0.000170
0.000170
0.000166
0.000166
0.000166
0.000164
0.000161
0.000155
0.000155
0.000152
0.000150
0.000148
0.000146
0.000141
0.000141
0.000141
0.000139
0.000135
0.000133
0.000133
0.000128
0.000126
0.000122
0.000117
0.001918
0.001918
0.001176
0.000871
0.000846
0.000754
0.000720
0.000672
0.000670
0.000628
0.000610
0.000583
0.000581
0.000564
0.000526
0.000513
0.000504
0.000444
0.000400
0.000400
0.000398
0.000378
0.000358
0.000354
0.000351
0.000331
0.000323
0.000320
0.000318
0.000316
0.000287
0.000263
0.000250
0.000245
0.000225
0.000223
0.000221
0.000219
0.000212
0.000197
0.000192
0.000188
0.000170
0.000168
0.000168
0.000166
0.000164
0.000164
0.000159
0.000159
0.000155
0.000152
0.000150
0.000148
0.000146
0.000146
0.000141
0.000141
0.000141
0.000139
0.000137
0.000137
0.000135
0.000133
0.000130
0.000126
0.000124
0.000124
0.000122
0.000119
0.000115
0.000113
0.001448
0.000869
0.000751
0.000670
0.000575
0.000513
0.000422
0.000391
0.000391
0.000358
0.000336
0.000334
0.000331
0.000323
0.000290
0.000290
0.000281
0.000278
0.000278
0.000276
0.000261
0.000236
0.000232
0.000230
0.000214
0.000210
0.000203
0.000194
0.000188
0.000170
0.000168
0.000164
0.000161
0.000157
0.000152
0.000146
0.000144
0.000144
0.000139
0.000137
0.000135
0.000135
0.000117
0.000115
0.001671
0.000831
0.000807
0.000608
0.000603
0.000570
0.000508
0.000502
0.000429
0.000385
0.000378
0.000371
0.000369
0.000362
0.000362
0.000349
0.000336
0.000320
0.000301
0.000298
0.000292
0.000267
0.000259
0.000256
0.000252
0.000252
0.000243
0.000232
0.000228
0.000228
0.000221
0.000219
0.000217
0.000212
0.000210
0.000210
0.000199
0.000192
0.000190
0.000181
0.000179
0.000177
0.000175
0.000168
0.000168
0.000166
0.000161
0.000159
0.000157
0.000155
0.000155
0.000155
0.000152
0.000146
0.000141
0.000137
0.000137
0.000130
0.000130
0.000126
0.000126
0.000126
0.000122
0.000122
0.000122
0.000119
0.001291
0.000853
0.000663
0.000519
0.000486
0.000431
0.000407
0.000380
0.000356
0.000331
0.000320
0.000305
0.000305
0.000305
0.000303
0.000296
0.000296
0.000292
0.000281
0.000278
0.000274
0.000263
0.000256
0.000248
0.000243
0.000241
0.000219
0.000214
0.000208
0.000208
0.000206
0.000203
0.000201
0.000199
0.000192
0.000188
0.000183
0.000183
0.000181
0.000177
0.000175
0.000168
0.000166
0.000164
0.000161
0.000155
0.000155
0.000150
0.000148
0.000126
0.000119
0.000113
0.001582
0.000767
0.000705
0.000552
0.000541
0.000460
0.000427
0.000415
0.000385
0.000371
0.000371
0.000369
0.000358
0.000345
0.000343
0.000338
0.000325
0.000301
0.000290
0.000278
0.000274
0.000263
0.000256
0.000252
0.000250
0.000250
0.000243
0.000223
0.000219
0.000217
0.000210
0.000208
0.000201
0.000199
0.000194
0.000192
0.000190
0.000186
0.000183
0.000181
0.000179
0.000172
0.000172
0.000168
0.000168
0.000166
0.000164
0.000164
0.000164
0.000159
0.000159
0.000159
0.000157
0.000155
0.000148
0.000148
0.000148
0.000148
0.000148
0.000146
0.000144
0.000141
0.000139
0.000137
0.000135
0.000135
0.000126
0.000124
0.000122
0.000119
0.001238
0.000886
0.000864
0.000860
0.000515
0.000486
0.000460
0.000415
0.000391
0.000365
0.000356
0.000354
0.000345
0.000340
0.000283
0.000283
0.000276
0.000256
0.000254
0.000254
0.000250
0.000243
0.000232
0.000230
0.000210
0.000206
0.000203
0.000199
0.000192
0.000190
0.000186
0.000186
0.000186
0.000181
0.000181
0.000179
0.000177
0.000172
0.000170
0.000168
0.000168
0.000168
0.000166
0.000166
0.000166
0.000164
0.000161
0.000161
0.000157
0.000157
0.000150
0.000148
0.000146
0.000146
0.000144
0.000135
0.000135
0.000128
0.000128
0.000126
0.000126
0.000124
0.003878
0.000959
0.000787
0.000572
0.000524
0.000515
0.000497
0.000488
0.000475
0.000453
0.000429
0.000413
0.000402
0.000373
0.000371
0.000327
0.000305
0.000272
0.000243
0.000232
0.000223
0.000217
0.000214
0.000212
0.000203
0.000203
0.000201
0.000199
0.000192
0.000190
0.000188
0.000188
0.000186
0.000177
0.000177
0.000172
0.000172
0.000168
0.000164
0.000155
0.000152
0.000148
0.000146
0.000146
0.000144
0.000139
0.000139
0.000139
0.000139
0.000137
0.000133
0.000133
0.000124
0.000119
0.000117
0.000849
0.000842
0.000802
0.000667
0.000557
0.000486
0.000471
0.000451
0.000440
0.000382
0.000367
0.000318
0.000312
0.000294
0.000283
0.000272
0.000270
0.000270
0.000261
0.000256
0.000256
0.000254
0.000250
0.000223
0.000221
0.000221
0.000217
0.000217
0.000199
0.000194
0.000192
0.000192
0.000188
0.000183
0.000181
0.000179
0.000177
0.000177
0.000172
0.000168
0.000164
0.000161
0.000159
0.000159
0.000159
0.000155
0.000155
0.000155
0.000144
0.000141
0.000135
0.000130
0.000122
0.000119
0.001653
0.000749
0.000698
0.000628
0.000524
0.000513
0.000504
0.000455
0.000398
0.000398
0.000362
0.000343
0.000320
0.000312
0.000305
0.000265
0.000250
0.000225
0.000225
0.000223
0.000221
0.000221
0.000214
0.000212
0.000210
0.000199
0.000197
0.000190
0.000190
0.000188
0.000188
0.000186
0.000181
0.000177
0.000175
0.000170
0.000166
0.000166
0.000161
0.000159
0.000159
0.000159
0.000159
0.000157
0.000150
0.000148
0.000146
0.000144
0.000141
0.000139
0.000133
0.000133
0.000130
0.000130
0.000128
0.000124
0.000124
0.000115
0.000970
0.000930
0.000696
0.000689
0.000659
0.000656
0.000477
0.000471
0.000369
0.000365
0.000338
0.000336
0.000331
0.000305
0.000292
0.000285
0.000278
0.000276
0.000274
0.000256
0.000254
0.000234
0.000234
0.000232
0.000223
0.000214
0.000194
0.000194
0.000188
0.000186
0.000179
0.000177
0.000175
0.000166
0.000166
0.000164
0.000157
0.000157
0.000155
0.000155
0.000155
0.000152
0.000152
0.000150
0.000150
0.000148
0.000146
0.000144
0.000144
0.000144
0.000144
0.000141
0.000137
0.000137
0.000135
0.000133
0.000128
0.000122
0.000119
0.000117
0.001063
0.000871
0.000862
0.000453
0.000442
0.000427
0.000391
0.000382
0.000380
0.000373
0.000373
0.000362
0.000362
0.000351
0.000349
0.000329
0.000323
0.000312
0.000312
0.000309
0.000307
0.000305
0.000303
0.000301
0.000283
0.000278
0.000276
0.000274
0.000274
0.000261
0.000248
0.000241
0.000241
0.000236
0.000234
0.000223
0.000214
0.000210
0.000208
0.000208
0.000206
0.000203
0.000203
0.000203
0.000201
0.000197
0.000190
0.000186
0.000183
0.000179
0.000175
0.000175
0.000172
0.000172
0.000168
0.000166
0.000164
0.000161
0.000157
0.000141
0.000137
0.000126
0.000122
0.001034
0.001006
0.000822
0.000689
0.000508
0.000471
0.000446
0.000424
0.000420
0.000378
0.000362
0.000358
0.000356
0.000345
0.000290
0.000290
0.000287
0.000281
0.000274
0.000272
0.000263
0.000263
0.000259
0.000254
0.000254
0.000252
0.000243
0.000230
0.000219
0.000210
0.000208
0.000208
0.000206
0.000203
0.000203
0.000192
0.000190
0.000183
0.000183
0.000181
0.000175
0.000175
0.000170
0.000168
0.000164
0.000152
0.000148
0.000144
0.000139
0.000139
0.000137
0.000137
0.000135
0.000135
0.000133
0.000133
0.000130
0.000115
0.001134
0.001023
0.000838
0.000729
0.000539
0.000508
0.000418
0.000411
0.000340
0.000274
0.000261
0.000259
0.000254
0.000241
0.000221
0.000221
0.000217
0.000217
0.000214
0.000210
0.000206
0.000203
0.000192
0.000192
0.000188
0.000188
0.000186
0.000183
0.000175
0.000172
0.000172
0.000170
0.000168
0.000168
0.000166
0.000166
0.000161
0.000159
0.000157
0.000157
0.000148
0.000146
0.000146
0.000146
0.000144
0.000141
0.000141
0.000139
0.000135
0.000135
0.000135
0.000130
0.000128
0.000122
0.000122
0.000117
0.000117
0.001021
0.000970
0.000871
0.000809
0.000723
0.000689
0.000654
0.000614
0.000544
0.000391
0.000391
0.000358
0.000325
0.000320
0.000314
0.000314
0.000309
0.000281
0.000276
0.000274
0.000267
0.000265
0.000263
0.000256
0.000250
0.000243
0.000241
0.000234
0.000214
0.000214
0.000210
0.000208
0.000201
0.000201
0.000197
0.000186
0.000175
0.000175
0.000175
0.000172
0.000161
0.000152
0.000152
0.000152
0.000152
0.000152
0.000150
0.000148
0.000144
0.000144
0.000141
0.000141
0.000139
0.000139
0.000137
0.000135
0.000135
0.000130
0.000130
0.000128
0.000128
0.000128
0.000126
0.000126
0.000124
0.000122
0.000117
0.001421
0.001063
0.000789
0.000654
0.000535
0.000530
0.000482
0.000471
0.000464
0.000455
0.000415
0.000413
0.000402
0.000380
0.000380
0.000347
0.000327
0.000312
0.000296
0.000294
0.000292
0.000290
0.000287
0.000285
0.000263
0.000245
0.000241
0.000239
0.000232
0.000228
0.000217
0.000217
0.000203
0.000199
0.000199
0.000194
0.000186
0.000183
0.000183
0.000179
0.000179
0.000179
0.000177
0.000175
0.000172
0.000166
0.000164
0.000161
0.000159
0.000157
0.000150
0.000148
0.000148
0.000146
0.000144
0.000141
0.000141
0.000139
0.000137
0.000130
0.000126
0.000110
0.000110
0.002062
0.001310
0.000793
0.000701
0.000654
0.000648
0.000592
0.000495
0.000442
0.000435
0.000418
0.000334
0.000307
0.000301
0.000298
0.000283
0.000278
0.000274
0.000261
0.000254
0.000245
0.000239
0.000228
0.000228
0.000206
0.000197
0.000197
0.000188
0.000188
0.000183
0.000183
0.000177
0.000177
0.000166
0.000164
0.000164
0.000159
0.000155
0.000152
0.000152
0.000150
0.000144
0.000144
0.000139
0.000139
0.000137
0.000128
0.000117
0.001067
0.001034
0.000986
0.000789
0.000568
0.000442
0.000391
0.000385
0.000373
0.000369
0.000362
0.000360
0.000356
0.000329
0.000318
0.000298
0.000290
0.000283
0.000252
0.000252
0.000248
0.000230
0.000221
0.000210
0.000208
0.000208
0.000203
0.000201
0.000194
0.000190
0.000188
0.000188
0.000188
0.000183
0.000183
0.000181
0.000181
0.000181
0.000179
0.000177
0.000177
0.000168
0.000168
0.000157
0.000155
0.000152
0.000148
0.000148
0.000146
0.000139
0.000137
0.000137
0.000135
0.000135
0.000135
0.000135
0.000130
0.000130
0.000128
0.000124
0.002203
0.001277
0.001072
0.000937
0.000864
0.000776
0.000754
0.000661
0.000477
0.000420
0.000404
0.000398
0.000358
0.000347
0.000285
0.000241
0.000221
0.000212
0.000197
0.000183
0.000179
0.000172
0.000170
0.000164
0.000161
0.000161
0.000159
0.000159
0.000159
0.000148
0.000146
0.000144
0.000141
0.000141
0.000137
0.000135
0.000135
0.000130
0.000126
0.000126
0.000117
0.000115
0.000115
0.001127
0.000793
0.000749
0.000692
0.000656
0.000522
0.000493
0.000455
0.000451
0.000409
0.000404
0.000373
0.000347
0.000312
0.000309
0.000274
0.000256
0.000256
0.000243
0.000234
0.000223
0.000221
0.000221
0.000208
0.000203
0.000197
0.000197
0.000194
0.000192
0.000190
0.000190
0.000186
0.000183
0.000181
0.000177
0.000175
0.000172
0.000170
0.000168
0.000164
0.000159
0.000157
0.000157
0.000155
0.000152
0.000150
0.000148
0.000148
0.000146
0.000144
0.000144
0.000141
0.000141
0.000139
0.000133
0.000119
0.000731
0.000610
0.000610
0.000597
0.000513
0.000508
0.000475
0.000422
0.000411
0.000373
0.000367
0.000362
0.000362
0.000362
0.000358
0.000358
0.000349
0.000345
0.000345
0.000329
0.000329
0.000274
0.000270
0.000236
0.000232
0.000230
0.000225
0.000223
0.000223
0.000221
0.000217
0.000210
0.000208
0.000206
0.000199
0.000194
0.000192
0.000181
0.000181
0.000181
0.000177
0.000172
0.000161
0.000159
0.000159
0.000159
0.000155
0.000155
0.000155
0.000155
0.000152
0.000148
0.000146
0.000144
0.000144
0.000144
0.000139
0.000137
0.000135
0.000135
0.000135
0.000133
0.000130
0.000126
0.000124
0.000124
0.000983
0.000818
0.000621
0.000594
0.000564
0.000493
0.000480
0.000351
0.000347
0.000345
0.000340
0.000323
0.000323
0.000320
0.000309
0.000307
0.000305
0.000301
0.000301
0.000296
0.000296
0.000290
0.000287
0.000287
0.000285
0.000278
0.000276
0.000270
0.000267
0.000267
0.000265
0.000265
0.000243
0.000241
0.000239
0.000236
0.000230
0.000217
0.000212
0.000212
0.000210
0.000208
0.000199
0.000199
0.000194
0.000192
0.000190
0.000183
0.000181
0.000179
0.000179
0.000177
0.000177
0.000175
0.000172
0.000168
0.000166
0.000159
0.000155
0.000150
0.000150
0.000139
0.000135
0.000133
0.000130
0.000128
0.000124
0.000119
0.000119
0.000119
0.000117
0.000113
0.001379
0.000654
0.000619
0.000533
0.000491
0.000464
0.000446
0.000427
0.000411
0.000409
0.000398
0.000382
0.000367
0.000349
0.000323
0.000296
0.000276
0.000276
0.000272
0.000261
0.000234
0.000228
0.000225
0.000223
0.000219
0.000217
0.000212
0.000212
0.000210
0.000208
0.000206
0.000199
0.000199
0.000197
0.000190
0.000188
0.000183
0.000181
0.000170
0.000168
0.000166
0.000161
0.000161
0.000161
0.000159
0.000159
0.000157
0.000155
0.000152
0.000152
0.000150
0.000148
0.000146
0.000146
0.000141
0.000126
0.000124
0.000122
0.000122
0.000119
0.000117
0.001224
0.000922
0.000873
0.000824
0.000718
0.000689
0.000659
0.000552
0.000497
0.000451
0.000385
0.000347
0.000343
0.000316
0.000307
0.000298
0.000296
0.000296
0.000281
0.000267
0.000261
0.000261
0.000248
0.000243
0.000234
0.000228
0.000225
0.000221
0.000217
0.000214
0.000203
0.000194
0.000194
0.000192
0.000179
0.000175
0.000168
0.000164
0.000161
0.000157
0.000152
0.000152
0.000148
0.000148
0.000146
0.000144
0.000137
0.000135
0.000133
0.000133
0.000133
0.000130
0.000126
0.000119
0.000119
0.000117
0.000117
0.000110
0.001454
0.001235
0.001061
0.001050
0.000955
0.000731
0.000544
0.000519
0.000510
0.000495
0.000449
0.000438
0.000398
0.000371
0.000354
0.000347
0.000345
0.000336
0.000329
0.000312
0.000292
0.000290
0.000283
0.000259
0.000252
0.000248
0.000243
0.000241
0.000232
0.000230
0.000223
0.000223
0.000221
0.000221
0.000219
0.000217
0.000214
0.000212
0.000212
0.000212
0.000210
0.000210
0.000208
0.000203
0.000201
0.000197
0.000183
0.000181
0.000179
0.000172
0.000161
0.000159
0.000157
0.000157
0.000155
0.000152
0.000152
0.000141
0.000139
0.000135
0.000126
0.000122
0.000122
0.000119
0.000119
0.000117
0.000117
0.000117
0.000873
0.000824
0.000734
0.000586
0.000570
0.000564
0.000541
0.000524
0.000506
0.000482
0.000480
0.000451
0.000424
0.000409
0.000396
0.000358
0.000358
0.000347
0.000336
0.000303
0.000263
0.000254
0.000254
0.000243
0.000236
0.000234
0.000232
0.000223
0.000223
0.000221
0.000221
0.000221
0.000210
0.000210
0.000203
0.000192
0.000190
0.000190
0.000188
0.000188
0.000183
0.000179
0.000175
0.000175
0.000172
0.000168
0.000166
0.000164
0.000161
0.000157
0.000157
0.000157
0.000157
0.000150
0.000148
0.000148
0.000141
0.000141
0.000141
0.000137
0.000137
0.000135
0.000135
0.000128
0.000128
0.000126
0.001567
0.000964
0.000762
0.000727
0.000652
0.000583
0.000530
0.000493
0.000451
0.000449
0.000449
0.000420
0.000389
0.000378
0.000373
0.000369
0.000338
0.000323
0.000312
0.000309
0.000305
0.000287
0.000281
0.000267
0.000267
0.000265
0.000263
0.000252
0.000248
0.000241
0.000230
0.000221
0.000221
0.000219
0.000212
0.000212
0.000208
0.000206
0.000201
0.000188
0.000188
0.000186
0.000183
0.000181
0.000177
0.000175
0.000175
0.000175
0.000172
0.000170
0.000166
0.000164
0.000161
0.000159
0.000157
0.000157
0.000152
0.000146
0.000141
0.000141
0.000141
0.000141
0.000135
0.000135
0.000130
0.000130
0.000128
0.000128
0.000126
0.000126
0.000122
0.001945
0.001215
0.000729
0.000681
0.000603
0.000504
0.000491
0.000477
0.000402
0.000396
0.000389
0.000382
0.000378
0.000373
0.000371
0.000369
0.000309
0.000285
0.000267
0.000254
0.000250
0.000248
0.000248
0.000248
0.000245
0.000241
0.000234
0.000228
0.000223
0.000212
0.000203
0.000186
0.000186
0.000181
0.000175
0.000175
0.000170
0.000170
0.000168
0.000166
0.000164
0.000161
0.000159
0.000155
0.000155
0.000148
0.000146
0.000141
0.000139
0.000137
0.000135
0.000133
0.000128
0.000126
0.000124
0.000122
0.001861
0.000999
0.000972
0.000632
0.000506
0.000484
0.000475
0.000471
0.000446
0.000400
0.000398
0.000380
0.000371
0.000345
0.000343
0.000327
0.000320
0.000309
0.000301
0.000298
0.000259
0.000250
0.000234
0.000223
0.000214
0.000214
0.000212
0.000203
0.000201
0.000201
0.000190
0.000188
0.000179
0.000177
0.000172
0.000172
0.000170
0.000168
0.000166
0.000166
0.000166
0.000157
0.000155
0.000155
0.000144
0.000137
0.000135
0.000135
0.000133
0.000124
0.000115
0.000115
0.000110
0.001949
0.001476
0.000957
0.000950
0.000720
0.000672
0.000645
0.000636
0.000628
0.000606
0.000429
0.000420
0.000411
0.000400
0.000389
0.000373
0.000362
0.000318
0.000294
0.000278
0.000259
0.000256
0.000252
0.000239
0.000234
0.000230
0.000223
0.000217
0.000203
0.000201
0.000197
0.000179
0.000179
0.000179
0.000164
0.000161
0.000159
0.000159
0.000157
0.000155
0.000155
0.000152
0.000152
0.000146
0.000141
0.000137
0.000135
0.000135
0.000135
0.000130
0.000128
0.000124
0.000119
0.000119
0.000117
0.001403
0.000769
0.000583
0.000488
0.000444
0.000429
0.000413
0.000382
0.000371
0.000365
0.000309
0.000290
0.000270
0.000259
0.000239
0.000232
0.000230
0.000199
0.000194
0.000194
0.000192
0.000190
0.000177
0.000177
0.000170
0.000170
0.000170
0.000168
0.000168
0.000168
0.000166
0.000161
0.000159
0.000159
0.000155
0.000148
0.000141
0.000141
0.000137
0.000135
0.000133
0.000130
0.000126
0.000126
0.000124
0.000124
0.000124
0.000124
0.004031
0.001209
0.001187
0.001043
0.001003
0.000771
0.000645
0.000561
0.000548
0.000464
0.000451
0.000429
0.000422
0.000420
0.000393
0.000393
0.000387
0.000365
0.000314
0.000312
0.000301
0.000290
0.000290
0.000283
0.000274
0.000270
0.000265
0.000256
0.000245
0.000236
0.000232
0.000199
0.000188
0.000186
0.000181
0.000175
0.000170
0.000168
0.000168
0.000168
0.000166
0.000164
0.000164
0.000157
0.000152
0.000150
0.000150
0.000144
0.000137
0.000137
0.000130
0.000130
0.000122
0.000117
0.000115
0.001739
0.000818
0.000762
0.000754
0.000698
0.000650
0.000506
0.000453
0.000431
0.000431
0.000422
0.000385
0.000340
0.000338
0.000336
0.000329
0.000305
0.000283
0.000283
0.000281
0.000267
0.000254
0.000254
0.000254
0.000252
0.000250
0.000248
0.000236
0.000236
0.000230
0.000230
0.000228
0.000228
0.000206
0.000203
0.000201
0.000199
0.000194
0.000192
0.000190
0.000186
0.000179
0.000172
0.000172
0.000168
0.000164
0.000164
0.000164
0.000161
0.000159
0.000159
0.000157
0.000155
0.000150
0.000146
0.000146
0.000141
0.000141
0.000137
0.000137
0.000135
0.000135
0.000130
0.000130
0.000128
0.000128
0.000124
0.000124
0.000119
0.002557
0.001474
0.001392
0.001136
0.000924
0.000846
0.000824
0.000683
0.000497
0.000497
0.000385
0.000385
0.000376
0.000345
0.000325
0.000298
0.000287
0.000287
0.000267
0.000245
0.000243
0.000241
0.000230
0.000219
0.000214
0.000210
0.000203
0.000199
0.000197
0.000197
0.000192
0.000192
0.000190
0.000186
0.000183
0.000181
0.000179
0.000179
0.000179
0.000175
0.000166
0.000164
0.000161
0.000159
0.000150
0.000148
0.000148
0.000146
0.000146
0.000146
0.000146
0.000144
0.000133
0.000133
0.000130
0.000126
0.000126
0.000122
0.000119
0.000119
0.000113
0.001096
0.000734
0.000729
0.000495
0.000469
0.000462
0.000453
0.000442
0.000367
0.000338
0.000336
0.000307
0.000294
0.000285
0.000285
0.000272
0.000270
0.000259
0.000243
0.000236
0.000234
0.000228
0.000223
0.000219
0.000217
0.000203
0.000197
0.000183
0.000181
0.000179
0.000168
0.000168
0.000157
0.000155
0.000152
0.000150
0.000148
0.000148
0.000148
0.000146
0.000144
0.000144
0.000141
0.000137
0.000137
0.000135
0.000135
0.000130
0.000128
0.000128
0.000128
0.000126
0.000122
0.000122
0.000959
0.000756
0.000643
0.000559
0.000550
0.000502
0.000497
0.000491
0.000433
0.000424
0.000422
0.000396
0.000362
0.000358
0.000351
0.000329
0.000318
0.000307
0.000301
0.000292
0.000290
0.000276
0.000267
0.000267
0.000254
0.000252
0.000243
0.000241
0.000239
0.000234
0.000217
0.000206
0.000206
0.000203
0.000199
0.000194
0.000194
0.000192
0.000190
0.000183
0.000181
0.000170
0.000170
0.000168
0.000164
0.000159
0.000159
0.000157
0.000152
0.000150
0.000144
0.000144
0.000144
0.000141
0.000139
0.000139
0.000139
0.000139
0.000139
0.000139
0.000137
0.000135
0.000133
0.000130
0.000124
0.000124
0.001741
0.001297
0.000760
0.000634
0.000577
0.000559
0.000533
0.000519
0.000438
0.000431
0.000404
0.000389
0.000387
0.000373
0.000369
0.000358
0.000336
0.000327
0.000327
0.000290
0.000270
0.000267
0.000265
0.000259
0.000256
0.000254
0.000252
0.000250
0.000245
0.000243
0.000241
0.000221
0.000210
0.000208
0.000192
0.000188
0.000188
0.000181
0.000179
0.000175
0.000172
0.000172
0.000170
0.000168
0.000161
0.000161
0.000157
0.000148
0.000148
0.000144
0.000139
0.000137
0.000128
0.000126
0.000124
0.000124
0.000122
0.000115
0.000990
0.000849
0.000842
0.000475
0.000469
0.000420
0.000407
0.000393
0.000380
0.000373
0.000371
0.000301
0.000301
0.000292
0.000290
0.000265
0.000259
0.000254
0.000245
0.000241
0.000239
0.000210
0.000197
0.000186
0.000175
0.000172
0.000170
0.000168
0.000164
0.000161
0.000161
0.000161
0.000161
0.000157
0.000155
0.000152
0.000152
0.000152
0.000150
0.000144
0.000139
0.000139
0.000135
0.000133
0.000133
0.000128
0.000128
0.000126
0.000124
0.000122
0.000117
0.000113
0.001958
0.001841
0.001280
0.001050
0.000663
0.000619
0.000617
0.000497
0.000440
0.000389
0.000380
0.000371
0.000351
0.000303
0.000276
0.000274
0.000270
0.000254
0.000254
0.000245
0.000243
0.000241
0.000236
0.000223
0.000221
0.000210
0.000201
0.000194
0.000192
0.000192
0.000190
0.000186
0.000183
0.000179
0.000177
0.000175
0.000172
0.000164
0.000159
0.000155
0.000150
0.000148
0.000146
0.000144
0.000144
0.000141
0.000139
0.000135
0.000126
0.000124
0.000122
0.000115
0.000113
0.001293
0.000818
0.000720
0.000712
0.000678
0.000643
0.000606
0.000528
0.000469
0.000457
0.000453
0.000427
0.000415
0.000398
0.000396
0.000314
0.000298
0.000281
0.000265
0.000248
0.000236
0.000236
0.000230
0.000230
0.000230
0.000228
0.000225
0.000223
0.000214
0.000199
0.000192
0.000192
0.000188
0.000183
0.000181
0.000175
0.000172
0.000170
0.000168
0.000159
0.000159
0.000159
0.000157
0.000155
0.000155
0.000150
0.000150
0.000144
0.000141
0.000141
0.000141
0.000139
0.000128
0.000124
0.000124
0.000703
0.000643
0.000641
0.000594
0.000522
0.000502
0.000473
0.000453
0.000409
0.000404
0.000396
0.000360
0.000290
0.000283
0.000283
0.000276
0.000272
0.000265
0.000232
0.000232
0.000230
0.000212
0.000206
0.000203
0.000197
0.000192
0.000192
0.000190
0.000188
0.000179
0.000179
0.000175
0.000168
0.000168
0.000166
0.000166
0.000161
0.000150
0.000144
0.000144
0.000139
0.000133
0.000133
0.000128
0.000126
0.000126
0.000126
0.000124
0.000122
0.000119
0.000110
0.001969
0.000692
0.000656
0.000652
0.000641
0.000508
0.000464
0.000411
0.000409
0.000356
0.000345
0.000323
0.000305
0.000305
0.000290
0.000261
0.000254
0.000241
0.000232
0.000214
0.000201
0.000197
0.000194
0.000188
0.000183
0.000181
0.000179
0.000177
0.000175
0.000172
0.000170
0.000168
0.000164
0.000164
0.000161
0.000159
0.000157
0.000155
0.000150
0.000150
0.000148
0.000146
0.000146
0.000146
0.000144
0.000144
0.000141
0.000141
0.000141
0.000139
0.000139
0.000133
0.000130
0.000128
0.000128
0.000126
0.000122
0.000882
0.000778
0.000723
0.000709
0.000599
0.000552
0.000544
0.000510
0.000469
0.000457
0.000444
0.000427
0.000413
0.000404
0.000400
0.000331
0.000316
0.000309
0.000307
0.000307
0.000296
0.000292
0.000287
0.000283
0.000278
0.000265
0.000265
0.000241
0.000228
0.000225
0.000217
0.000217
0.000214
0.000210
0.000210
0.000210
0.000206
0.000194
0.000181
0.000172
0.000170
0.000166
0.000161
0.000161
0.000161
0.000159
0.000157
0.000157
0.000155
0.000150
0.000148
0.000146
0.000146
0.000144
0.000141
0.000139
0.000137
0.000137
0.000133
0.000130
0.000130
0.000128
0.000128
0.000126
0.000124
0.001078
0.000877
0.000860
0.000535
0.000482
0.000431
0.000312
0.000296
0.000294
0.000292
0.000274
0.000256
0.000254
0.000245
0.000239
0.000223
0.000223
0.000223
0.000214
0.000208
0.000197
0.000197
0.000194
0.000192
0.000190
0.000183
0.000181
0.000172
0.000170
0.000166
0.000164
0.000164
0.000161
0.000159
0.000159
0.000155
0.000150
0.000148
0.000148
0.000146
0.000144
0.000141
0.000139
0.000128
0.000128
0.000126
0.000126
0.000122
0.001227
0.000729
0.000645
0.000641
0.000586
0.000508
0.000493
0.000480
0.000451
0.000431
0.000420
0.000413
0.000402
0.000365
0.000331
0.000325
0.000323
0.000318
0.000316
0.000312
0.000301
0.000259
0.000252
0.000236
0.000225
0.000210
0.000210
0.000208
0.000206
0.000206
0.000203
0.000201
0.000199
0.000197
0.000190
0.000190
0.000186
0.000181
0.000181
0.000181
0.000175
0.000168
0.000166
0.000161
0.000155
0.000152
0.000150
0.000148
0.000146
0.000146
0.000144
0.000141
0.000139
0.000137
0.000135
0.000133
0.000130
0.000128
0.000124
0.000124
0.001028
0.000964
0.000955
0.000893
0.000829
0.000780
0.000729
0.000493
0.000471
0.000462
0.000453
0.000420
0.000398
0.000349
0.000345
0.000329
0.000287
0.000283
0.000283
0.000272
0.000261
0.000256
0.000252
0.000250
0.000223
0.000219
0.000212
0.000210
0.000208
0.000206
0.000172
0.000168
0.000168
0.000168
0.000164
0.000161
0.000152
0.000150
0.000148
0.000146
0.000146
0.000144
0.000141
0.000141
0.000139
0.000139
0.000137
0.000137
0.000128
0.000128
0.000126
0.000124
0.000124
0.000119
0.000117
0.000115
0.001045
0.000791
0.000776
0.000659
0.000610
0.000581
0.000555
0.000506
0.000502
0.000438
0.000435
0.000418
0.000393
0.000387
0.000360
0.000345
0.000329
0.000327
0.000327
0.000303
0.000287
0.000263
0.000263
0.000261
0.000259
0.000256
0.000256
0.000252
0.000243
0.000243
0.000241
0.000234
0.000217
0.000212
0.000208
0.000203
0.000203
0.000201
0.000197
0.000194
0.000192
0.000188
0.000179
0.000179
0.000177
0.000172
0.000168
0.000164
0.000164
0.000155
0.000155
0.000148
0.000146
0.000141
0.000141
0.000137
0.000137
0.000137
0.000135
0.000128
0.000128
0.000128
0.000126
0.000119
0.000119
0.000115
0.001914
0.001036
0.000924
0.000692
0.000685
0.000590
0.000586
0.000510
0.000495
0.000469
0.000446
0.000429
0.000354
0.000349
0.000340
0.000303
0.000292
0.000285
0.000261
0.000259
0.000259
0.000252
0.000252
0.000245
0.000245
0.000232
0.000225
0.000221
0.000217
0.000210
0.000210
0.000206
0.000203
0.000203
0.000203
0.000192
0.000186
0.000183
0.000183
0.000177
0.000175
0.000168
0.000168
0.000161
0.000155
0.000152
0.000144
0.000144
0.000137
0.000137
0.000137
0.000130
0.000128
0.000128
0.000126
0.000122
0.000117
0.000117
0.001081
0.000988
0.000776
0.000535
0.000517
0.000506
0.000446
0.000442
0.000411
0.000371
0.000334
0.000331
0.000298
0.000292
0.000278
0.000263
0.000252
0.000250
0.000232
0.000214
0.000210
0.000201
0.000197
0.000192
0.000192
0.000192
0.000183
0.000183
0.000175
0.000175
0.000172
0.000170
0.000166
0.000166
0.000166
0.000166
0.000161
0.000159
0.000157
0.000157
0.000155
0.000150
0.000148
0.000146
0.000144
0.000141
0.000139
0.000137
0.000133
0.000133
0.000128
0.000128
0.000115
0.001167
0.001063
0.000853
0.000769
0.000608
0.000601
0.000502
0.000473
0.000404
0.000387
0.000354
0.000323
0.000318
0.000292
0.000272
0.000267
0.000265
0.000261
0.000241
0.000236
0.000230
0.000203
0.000197
0.000192
0.000183
0.000175
0.000166
0.000166
0.000164
0.000164
0.000164
0.000161
0.000161
0.000161
0.000157
0.000155
0.000152
0.000152
0.000148
0.000148
0.000144
0.000141
0.000141
0.000141
0.000139
0.000133
0.000130
0.000126
0.000126
0.001680
0.000994
0.000882
0.000760
0.000639
0.000599
0.000482
0.000442
0.000429
0.000418
0.000396
0.000382
0.000378
0.000371
0.000367
0.000365
0.000323
0.000318
0.000305
0.000281
0.000261
0.000254
0.000254
0.000250
0.000236
0.000230
0.000228
0.000219
0.000217
0.000212
0.000210
0.000203
0.000194
0.000186
0.000183
0.000179
0.000172
0.000168
0.000166
0.000166
0.000164
0.000164
0.000157
0.000155
0.000155
0.000155
0.000144
0.000141
0.000141
0.000135
0.000128
0.000119
0.000705
0.000614
0.000488
0.000451
0.000446
0.000285
0.000285
0.000283
0.000274
0.000236
0.000225
0.000208
0.000201
0.000201
0.000201
0.000192
0.000192
0.000186
0.000181
0.000181
0.000179
0.000177
0.000175
0.000175
0.000168
0.000166
0.000164
0.000159
0.000157
0.000157
0.000155
0.000155
0.000152
0.000146
0.000141
0.000141
0.000139
0.000137
0.000135
0.000133
0.000130
0.000124
0.000124
0.000124
0.000124
0.000119
0.000117
0.001710
0.001328
0.001023
0.000564
0.000533
0.000424
0.000413
0.000402
0.000389
0.000362
0.000358
0.000347
0.000329
0.000303
0.000294
0.000274
0.000274
0.000265
0.000261
0.000245
0.000241
0.000223
0.000223
0.000214
0.000212
0.000212
0.000206
0.000206
0.000203
0.000203
0.000203
0.000201
0.000188
0.000186
0.000186
0.000183
0.000181
0.000181
0.000175
0.000170
0.000164
0.000161
0.000159
0.000146
0.000144
0.000141
0.000141
0.000137
0.000137
0.000137
0.000128
0.000128
0.000124
0.000119
0.000117
0.001452
0.001244
0.000661
0.000654
0.000559
0.000513
0.000475
0.000475
0.000424
0.000398
0.000387
0.000371
0.000307
0.000305
0.000303
0.000292
0.000285
0.000283
0.000270
0.000263
0.000254
0.000252
0.000239
0.000228
0.000221
0.000221
0.000221
0.000221
0.000214
0.000212
0.000208
0.000206
0.000206
0.000206
0.000201
0.000199
0.000186
0.000186
0.000181
0.000175
0.000175
0.000175
0.000175
0.000172
0.000170
0.000168
0.000166
0.000164
0.000159
0.000157
0.000150
0.000148
0.000141
0.000141
0.000139
0.000133
0.000133
0.000130
0.000130
0.000130
0.000128
0.000128
0.000124
0.000122
0.000119
0.000119
0.000119
0.000117
0.001737
0.001131
0.000917
0.000683
0.000674
0.000623
0.000610
0.000544
0.000438
0.000424
0.000402
0.000393
0.000380
0.000360
0.000354
0.000354
0.000338
0.000331
0.000325
0.000316
0.000278
0.000278
0.000265
0.000263
0.000245
0.000245
0.000234
0.000230
0.000223
0.000214
0.000212
0.000197
0.000179
0.000177
0.000175
0.000172
0.000172
0.000172
0.000172
0.000168
0.000164
0.000164
0.000157
0.000155
0.000150
0.000150
0.000150
0.000148
0.000148
0.000130
0.000130
0.000128
0.000126
0.000122
0.000110
0.001445
0.001039
0.000838
0.000623
0.000621
0.000533
0.000491
0.000435
0.000427
0.000420
0.000418
0.000413
0.000356
0.000347
0.000345
0.000340
0.000338
0.000316
0.000314
0.000292
0.000290
0.000285
0.000250
0.000245
0.000245
0.000230
0.000228
0.000217
0.000217
0.000212
0.000206
0.000199
0.000197
0.000194
0.000186
0.000177
0.000175
0.000166
0.000161
0.000161
0.000159
0.000157
0.000157
0.000150
0.000146
0.000146
0.000144
0.000141
0.000139
0.000139
0.000137
0.000137
0.000133
0.000130
0.000128
0.000128
0.000128
0.000126
0.000126
0.000126
0.000122
0.000115
0.000906
0.000884
0.000880
0.000734
0.000575
0.000575
0.000570
0.000564
0.000537
0.000488
0.000415
0.000376
0.000371
0.000338
0.000296
0.000292
0.000290
0.000287
0.000283
0.000283
0.000256
0.000248
0.000245
0.000243
0.000241
0.000236
0.000236
0.000225
0.000214
0.000212
0.000210
0.000206
0.000199
0.000192
0.000192
0.000190
0.000183
0.000177
0.000175
0.000172
0.000166
0.000164
0.000164
0.000161
0.000161
0.000157
0.000155
0.000152
0.000150
0.000150
0.000148
0.000141
0.000141
0.000139
0.000124
0.000117
0.000115
0.001419
0.001341
0.000849
0.000758
0.000592
0.000588
0.000488
0.000464
0.000453
0.000453
0.000442
0.000433
0.000429
0.000420
0.000409
0.000404
0.000387
0.000367
0.000365
0.000349
0.000338
0.000336
0.000331
0.000325
0.000312
0.000298
0.000287
0.000276
0.000274
0.000265
0.000265
0.000245
0.000245
0.000234
0.000228
0.000223
0.000210
0.000197
0.000194
0.000194
0.000192
0.000190
0.000183
0.000183
0.000181
0.000175
0.000168
0.000168
0.000164
0.000159
0.000159
0.000155
0.000152
0.000152
0.000148
0.000148
0.000144
0.000144
0.000139
0.000135
0.000135
0.000130
0.000130
0.000128
0.000126
0.000126
0.000122
0.000117
0.000115
0.001125
0.001065
0.000824
0.000614
0.000579
0.000415
0.000400
0.000396
0.000389
0.000358
0.000340
0.000331
0.000305
0.000283
0.000276
0.000274
0.000272
0.000263
0.000256
0.000250
0.000239
0.000228
0.000225
0.000223
0.000221
0.000212
0.000210
0.000206
0.000206
0.000206
0.000206
0.000188
0.000186
0.000179
0.000177
0.000175
0.000175
0.000170
0.000170
0.000166
0.000166
0.000157
0.000152
0.000150
0.000150
0.000144
0.000135
0.000135
0.000130
0.000130
0.000130
0.000124
0.000124
0.000122
0.000117
0.000117
0.000115
0.001677
0.001052
0.000844
0.000729
0.000539
0.000537
0.000497
0.000382
0.000365
0.000365
0.000316
0.000294
0.000287
0.000278
0.000270
0.000259
0.000259
0.000256
0.000252
0.000248
0.000248
0.000243
0.000234
0.000232
0.000212
0.000208
0.000206
0.000203
0.000199
0.000194
0.000194
0.000188
0.000181
0.000172
0.000170
0.000168
0.000168
0.000166
0.000164
0.000161
0.000161
0.000150
0.000150
0.000148
0.000146
0.000139
0.000139
0.000139
0.000139
0.000133
0.000133
0.000128
0.000122
0.000119
0.000117
0.001162
0.000908
0.000687
0.000628
0.000581
0.000575
0.000491
0.000480
0.000457
0.000429
0.000402
0.000387
0.000373
0.000373
0.000349
0.000340
0.000327
0.000294
0.000292
0.000290
0.000274
0.000259
0.000232
0.000225
0.000221
0.000221
0.000219
0.000217
0.000214
0.000212
0.000206
0.000206
0.000206
0.000201
0.000194
0.000192
0.000188
0.000183
0.000181
0.000175
0.000170
0.000168
0.000166
0.000161
0.000161
0.000159
0.000157
0.000152
0.000152
0.000150
0.000148
0.000146
0.000137
0.000133
0.000133
0.000133
0.000130
0.000128
0.000126
0.000126
0.000122
0.000122
0.000117
0.001039
0.000765
0.000670
0.000570
0.000493
0.000475
0.000440
0.000422
0.000380
0.000360
0.000347
0.000340
0.000327
0.000318
0.000294
0.000265
0.000254
0.000248
0.000241
0.000239
0.000236
0.000228
0.000221
0.000214
0.000199
0.000197
0.000194
0.000190
0.000186
0.000179
0.000177
0.000175
0.000175
0.000166
0.000161
0.000159
0.000150
0.000150
0.000146
0.000144
0.000141
0.000139
0.000137
0.000135
0.000133
0.000133
0.000130
0.000128
0.000124
0.000119
0.000117
0.001673
0.001140
0.001050
0.001006
0.000999
0.000871
0.000824
0.000568
0.000528
0.000513
0.000451
0.000402
0.000387
0.000371
0.000371
0.000349
0.000325
0.000320
0.000312
0.000309
0.000281
0.000270
0.000267
0.000245
0.000236
0.000212
0.000210
0.000208
0.000199
0.000177
0.000177
0.000175
0.000172
0.000168
0.000168
0.000164
0.000155
0.000152
0.000150
0.000148
0.000148
0.000148
0.000144
0.000141
0.000141
0.000141
0.000133
0.000130
0.000126
0.000124
0.000124
0.000119
0.000119
0.001394
0.000970
0.000853
0.000811
0.000636
0.000497
0.000424
0.000391
0.000387
0.000380
0.000378
0.000340
0.000331
0.000327
0.000320
0.000316
0.000305
0.000272
0.000263
0.000261
0.000254
0.000252
0.000245
0.000241
0.000208
0.000208
0.000206
0.000199
0.000197
0.000197
0.000190
0.000190
0.000188
0.000188
0.000188
0.000188
0.000179
0.000177
0.000177
0.000175
0.000172
0.000164
0.000164
0.000152
0.000152
0.000150
0.000150
0.000150
0.000148
0.000148
0.000148
0.000144
0.000141
0.000139
0.000137
0.000135
0.000135
0.000135
0.000130
0.000128
0.000124
0.000124
0.000122
0.000122
0.000117
0.000115
0.000113
0.000937
0.000855
0.000692
0.000528
0.000510
0.000469
0.000435
0.000420
0.000371
0.000356
0.000345
0.000327
0.000318
0.000252
0.000236
0.000214
0.000208
0.000206
0.000201
0.000197
0.000194
0.000194
0.000190
0.000186
0.000186
0.000183
0.000175
0.000172
0.000170
0.000150
0.000150
0.000148
0.000146
0.000139
0.000139
0.000135
0.000133
0.000124
0.000117
0.000108
0.001578
0.001573
0.001063
0.000729
0.000678
0.000636
0.000614
0.000548
0.000522
0.000515
0.000493
0.000462
0.000411
0.000340
0.000309
0.000296
0.000285
0.000285
0.000278
0.000278
0.000263
0.000261
0.000250
0.000234
0.000228
0.000228
0.000228
0.000225
0.000212
0.000199
0.000197
0.000197
0.000192
0.000192
0.000192
0.000192
0.000190
0.000190
0.000183
0.000183
0.000177
0.000177
0.000172
0.000170
0.000168
0.000166
0.000166
0.000157
0.000148
0.000146
0.000144
0.000141
0.000141
0.000137
0.000135
0.000128
0.000124
0.000124
0.000955
0.000930
0.000747
0.000663
0.000597
0.000557
0.000528
0.000457
0.000429
0.000385
0.000362
0.000360
0.000354
0.000340
0.000316
0.000307
0.000307
0.000290
0.000272
0.000263
0.000261
0.000256
0.000241
0.000241
0.000239
0.000239
0.000228
0.000217
0.000212
0.000210
0.000192
0.000181
0.000179
0.000172
0.000170
0.000170
0.000164
0.000161
0.000161
0.000159
0.000159
0.000157
0.000155
0.000152
0.000150
0.000146
0.000146
0.000144
0.000144
0.000139
0.000139
0.000137
0.000133
0.000133
0.000128
0.000126
0.000119
0.000119
0.001352
0.001240
0.000776
0.000632
0.000628
0.000526
0.000508
0.000502
0.000347
0.000309
0.000305
0.000294
0.000292
0.000276
0.000267
0.000256
0.000254
0.000250
0.000239
0.000239
0.000232
0.000230
0.000203
0.000199
0.000188
0.000188
0.000186
0.000181
0.000179
0.000179
0.000175
0.000172
0.000170
0.000168
0.000166
0.000161
0.000159
0.000159
0.000159
0.000155
0.000152
0.000150
0.000148
0.000148
0.000146
0.000146
0.000144
0.000144
0.000144
0.000139
0.000135
0.000133
0.000128
0.000128
0.000122
0.000946
0.000882
0.000672
0.000506
0.000457
0.000429
0.000415
0.000380
0.000360
0.000345
0.000320
0.000316
0.000307
0.000301
0.000278
0.000278
0.000265
0.000265
0.000263
0.000259
0.000259
0.000259
0.000254
0.000254
0.000230
0.000217
0.000210
0.000210
0.000199
0.000192
0.000192
0.000188
0.000186
0.000181
0.000179
0.000175
0.000172
0.000172
0.000170
0.000164
0.000164
0.000159
0.000159
0.000157
0.000157
0.000155
0.000155
0.000150
0.000150
0.000148
0.000148
0.000146
0.000146
0.000146
0.000146
0.000141
0.000137
0.000137
0.000135
0.000135
0.000122
0.001368
0.000694
0.000623
0.000572
0.000471
0.000404
0.000389
0.000378
0.000365
0.000336
0.000336
0.000292
0.000274
0.000274
0.000261
0.000250
0.000241
0.000236
0.000225
0.000223
0.000223
0.000221
0.000219
0.000219
0.000219
0.000217
0.000217
0.000210
0.000199
0.000192
0.000181
0.000177
0.000170
0.000168
0.000164
0.000164
0.000161
0.000157
0.000155
0.000155
0.000155
0.000155
0.000150
0.000150
0.000150
0.000148
0.000148
0.000146
0.000146
0.000144
0.000144
0.000137
0.000135
0.000135
0.000135
0.000133
0.000133
0.000133
0.000133
0.000126
0.000924
0.000488
0.000418
0.000415
0.000407
0.000378
0.000354
0.000347
0.000301
0.000285
0.000263
0.000256
0.000232
0.000225
0.000223
0.000201
0.000197
0.000190
0.000179
0.000172
0.000172
0.000172
0.000166
0.000166
0.000166
0.000166
0.000159
0.000159
0.000159
0.000155
0.000155
0.000155
0.000152
0.000150
0.000150
0.000146
0.000146
0.000146
0.000146
0.000141
0.000141
0.000139
0.000135
0.000135
0.000133
0.000130
0.000126
0.000124
0.000122
0.001286
0.001286
0.001255
0.001092
0.000765
0.000762
0.000718
0.000528
0.000517
0.000515
0.000504
0.000499
0.000411
0.000387
0.000267
0.000265
0.000234
0.000234
0.000232
0.000232
0.000230
0.000228
0.000223
0.000221
0.000214
0.000214
0.000212
0.000208
0.000203
0.000201
0.000192
0.000190
0.000188
0.000188
0.000188
0.000186
0.000186
0.000181
0.000175
0.000170
0.000170
0.000168
0.000166
0.000166
0.000164
0.000148
0.000146
0.000144
0.000144
0.000144
0.000141
0.000139
0.000139
0.000139
0.000135
0.000135
0.000135
0.000135
0.000133
0.000133
0.000128
0.000126
0.000122
0.000119
0.000119
0.001368
0.000983
0.000882
0.000758
0.000648
0.000541
0.000522
0.000515
0.000497
0.000482
0.000427
0.000418
0.000409
0.000409
0.000404
0.000329
0.000327
0.000294
0.000292
0.000263
0.000259
0.000259
0.000245
0.000243
0.000241
0.000236
0.000230
0.000210
0.000208
0.000208
0.000201
0.000199
0.000197
0.000194
0.000188
0.000188
0.000181
0.000181
0.000179
0.000179
0.000179
0.000179
0.000177
0.000175
0.000170
0.000168
0.000168
0.000164
0.000164
0.000155
0.000155
0.000152
0.000150
0.000148
0.000144
0.000137
0.000137
0.000135
0.000133
0.000130
0.000128
0.000128
0.000128
0.000119
0.001764
0.000745
0.000696
0.000683
0.000652
0.000628
0.000597
0.000495
0.000462
0.000442
0.000420
0.000404
0.000404
0.000382
0.000369
0.000338
0.000336
0.000320
0.000316
0.000307
0.000298
0.000296
0.000287
0.000276
0.000270
0.000245
0.000245
0.000241
0.000225
0.000225
0.000225
0.000214
0.000210
0.000203
0.000197
0.000188
0.000186
0.000186
0.000179
0.000179
0.000168
0.000164
0.000161
0.000157
0.000157
0.000155
0.000150
0.000146
0.000144
0.000144
0.000144
0.000141
0.000139
0.000139
0.000135
0.000133
0.000133
0.000130
0.000128
0.000115
0.000113
0.001825
0.001664
0.000740
0.000687
0.000614
0.000614
0.000612
0.000568
0.000539
0.000526
0.000515
0.000371
0.000347
0.000331
0.000303
0.000298
0.000285
0.000278
0.000278
0.000272
0.000261
0.000261
0.000243
0.000241
0.000232
0.000228
0.000221
0.000221
0.000219
0.000217
0.000208
0.000203
0.000203
0.000197
0.000197
0.000194
0.000164
0.000164
0.000159
0.000159
0.000155
0.000152
0.000150
0.000148
0.000146
0.000144
0.000144
0.000141
0.000141
0.000139
0.000139
0.000139
0.000130
0.000130
0.000128
0.000126
0.000124
0.000122
0.000115
0.001494
0.001105
0.001025
0.000897
0.000831
0.000762
0.000749
0.000703
0.000586
0.000519
0.000515
0.000504
0.000422
0.000413
0.000413
0.000354
0.000314
0.000312
0.000307
0.000287
0.000278
0.000274
0.000272
0.000270
0.000267
0.000265
0.000241
0.000234
0.000232
0.000232
0.000230
0.000230
0.000228
0.000210
0.000208
0.000208
0.000208
0.000201
0.000197
0.000197
0.000194
0.000181
0.000164
0.000164
0.000161
0.000157
0.000152
0.000150
0.000148
0.000139
0.000139
0.000139
0.000135
0.000133
0.000133
0.000133
0.000130
0.000130
0.000126
0.000126
0.000124
0.000119
0.000119
0.002893
0.000994
0.000689
0.000619
0.000568
0.000513
0.000477
0.000433
0.000418
0.000396
0.000365
0.000347
0.000345
0.000287
0.000287
0.000285
0.000263
0.000252
0.000248
0.000243
0.000241
0.000232
0.000230
0.000219
0.000217
0.000208
0.000208
0.000206
0.000201
0.000183
0.000175
0.000172
0.000166
0.000164
0.000161
0.000161
0.000161
0.000159
0.000155
0.000155
0.000148
0.000148
0.000146
0.000139
0.000137
0.000137
0.000135
0.000135
0.000133
0.000133
0.000130
0.000128
0.000126
0.000126
0.000126
0.000124
0.000122
0.000119
0.000827
0.000548
0.000535
0.000535
0.000506
0.000482
0.000475
0.000466
0.000457
0.000427
0.000418
0.000409
0.000404
0.000402
0.000400
0.000382
0.000362
0.000360
0.000349
0.000336
0.000320
0.000318
0.000312
0.000276
0.000270
0.000259
0.000252
0.000248
0.000241
0.000239
0.000232
0.000228
0.000228
0.000228
0.000208
0.000206
0.000206
0.000203
0.000197
0.000190
0.000186
0.000181
0.000181
0.000179
0.000179
0.000179
0.000175
0.000175
0.000175
0.000168
0.000168
0.000168
0.000164
0.000161
0.000159
0.000157
0.000157
0.000150
0.000148
0.000148
0.000148
0.000146
0.000144
0.000144
0.000139
0.000137
0.000137
0.000135
0.000128
0.000117
0.001264
0.001180
0.001023
0.000862
0.000824
0.000712
0.000510
0.000389
0.000376
0.000373
0.000354
0.000343
0.000340
0.000340
0.000340
0.000334
0.000334
0.000325
0.000320
0.000318
0.000296
0.000290
0.000278
0.000278
0.000263
0.000259
0.000254
0.000250
0.000248
0.000248
0.000245
0.000245
0.000243
0.000243
0.000241
0.000239
0.000228
0.000225
0.000212
0.000206
0.000203
0.000203
0.000199
0.000194
0.000188
0.000183
0.000181
0.000181
0.000181
0.000175
0.000172
0.000170
0.000166
0.000164
0.000164
0.000157
0.000148
0.000146
0.000146
0.000144
0.000141
0.000141
0.000139
0.000137
0.000133
0.000130
0.000126
0.000124
0.000124
0.001569
0.001324
0.000572
0.000515
0.000508
0.000499
0.000486
0.000486
0.000420
0.000407
0.000325
0.000314
0.000314
0.000307
0.000296
0.000281
0.000278
0.000278
0.000261
0.000256
0.000245
0.000243
0.000234
0.000232
0.000217
0.000214
0.000210
0.000206
0.000199
0.000197
0.000194
0.000194
0.000192
0.000190
0.000186
0.000183
0.000181
0.000175
0.000168
0.000166
0.000164
0.000161
0.000159
0.000155
0.000150
0.000146
0.000146
0.000144
0.000139
0.000139
0.000130
0.000130
0.000128
0.000126
0.000124
0.000124
0.000119
0.000115
0.000983
0.000754
0.000636
0.000513
0.000462
0.000451
0.000438
0.000365
0.000336
0.000318
0.000276
0.000263
0.000259
0.000245
0.000239
0.000221
0.000212
0.000212
0.000203
0.000197
0.000183
0.000179
0.000177
0.000175
0.000175
0.000170
0.000168
0.000168
0.000166
0.000166
0.000164
0.000161
0.000159
0.000159
0.000157
0.000157
0.000148
0.000144
0.000137
0.000135
0.000130
0.000128
0.000128
0.000115
0.000113
0.002066
0.001076
0.000743
0.000550
0.000444
0.000373
0.000367
0.000367
0.000340
0.000340
0.000338
0.000320
0.000303
0.000303
0.000301
0.000290
0.000287
0.000285
0.000272
0.000265
0.000263
0.000234
0.000197
0.000192
0.000190
0.000188
0.000188
0.000186
0.000183
0.000183
0.000179
0.000175
0.000175
0.000172
0.000168
0.000168
0.000166
0.000159
0.000159
0.000157
0.000155
0.000155
0.000148
0.000139
0.000137
0.000133
0.000130
0.000128
0.000128
0.000126
0.000124
0.000124
0.000122
0.001854
0.001381
0.001140
0.000964
0.000880
0.000840
0.000670
0.000670
0.000650
0.000561
0.000546
0.000544
0.000499
0.000471
0.000431
0.000420
0.000415
0.000411
0.000360
0.000329
0.000327
0.000316
0.000290
0.000285
0.000285
0.000278
0.000276
0.000274
0.000265
0.000256
0.000228
0.000223
0.000219
0.000217
0.000214
0.000210
0.000210
0.000210
0.000210
0.000203
0.000201
0.000197
0.000190
0.000188
0.000183
0.000181
0.000177
0.000172
0.000168
0.000164
0.000157
0.000155
0.000152
0.000133
0.000133
0.000133
0.000128
0.000128
0.000128
0.000122
0.000117
0.003520
0.001693
0.001140
0.001019
0.000970
0.000851
0.000661
0.000656
0.000594
0.000592
0.000541
0.000464
0.000449
0.000438
0.000427
0.000389
0.000354
0.000349
0.000314
0.000283
0.000283
0.000276
0.000276
0.000267
0.000250
0.000228
0.000206
0.000201
0.000199
0.000197
0.000197
0.000181
0.000177
0.000172
0.000172
0.000170
0.000168
0.000159
0.000157
0.000157
0.000155
0.000152
0.000148
0.000148
0.000148
0.000141
0.000135
0.000135
0.000130
0.000122
0.000122
0.000117
0.000117
0.001445
0.001297
0.000603
0.000581
0.000544
0.000537
0.000530
0.000486
0.000431
0.000422
0.000380
0.000358
0.000336
0.000301
0.000294
0.000285
0.000278
0.000270
0.000265
0.000263
0.000256
0.000250
0.000250
0.000248
0.000219
0.000212
0.000208
0.000206
0.000203
0.000197
0.000190
0.000188
0.000181
0.000177
0.000172
0.000172
0.000170
0.000170
0.000161
0.000161
0.000157
0.000157
0.000146
0.000141
0.000139
0.000137
0.000137
0.000135
0.000135
0.000130
0.000119
0.001843
0.000975
0.000676
0.000608
0.000581
0.000515
0.000491
0.000396
0.000373
0.000360
0.000340
0.000336
0.000336
0.000334
0.000323
0.000296
0.000290
0.000234
0.000232
0.000232
0.000228
0.000219
0.000208
0.000199
0.000199
0.000197
0.000194
0.000194
0.000188
0.000188
0.000186
0.000179
0.000177
0.000177
0.000175
0.000172
0.000164
0.000161
0.000159
0.000159
0.000159
0.000159
0.000159
0.000157
0.000157
0.000157
0.000152
0.000152
0.000152
0.000144
0.000144
0.000141
0.000141
0.000141
0.000139
0.000139
0.000128
0.000126
0.000122
0.000122
0.000117
0.000115
0.000115
0.001268
0.000835
0.000606
0.000603
0.000495
0.000466
0.000455
0.000413
0.000389
0.000354
0.000336
0.000334
0.000331
0.000325
0.000274
0.000274
0.000256
0.000245
0.000243
0.000236
0.000236
0.000232
0.000225
0.000217
0.000210
0.000201
0.000197
0.000194
0.000194
0.000188
0.000188
0.000177
0.000172
0.000172
0.000170
0.000170
0.000168
0.000168
0.000166
0.000164
0.000161
0.000161
0.000159
0.000159
0.000157
0.000152
0.000148
0.000148
0.000141
0.000139
0.000135
0.000135
0.000126
0.000124
0.000119
0.000110
0.001523
0.001202
0.001160
0.001125
0.000785
0.000435
0.000396
0.000367
0.000362
0.000345
0.000345
0.000343
0.000312
0.000305
0.000303
0.000298
0.000274
0.000272
0.000270
0.000263
0.000250
0.000239
0.000223
0.000219
0.000217
0.000217
0.000214
0.000212
0.000206
0.000192
0.000192
0.000192
0.000192
0.000190
0.000188
0.000186
0.000179
0.000177
0.000177
0.000172
0.000170
0.000161
0.000161
0.000161
0.000157
0.000152
0.000150
0.000150
0.000148
0.000148
0.000146
0.000144
0.000139
0.000137
0.000133
0.000130
0.000130
0.000128
0.000128
0.001094
0.000869
0.000864
0.000813
0.000599
0.000590
0.000539
0.000484
0.000471
0.000466
0.000455
0.000449
0.000422
0.000385
0.000360
0.000347
0.000345
0.000340
0.000327
0.000294
0.000292
0.000278
0.000272
0.000259
0.000254
0.000230
0.000223
0.000219
0.000210
0.000201
0.000194
0.000194
0.000190
0.000186
0.000186
0.000183
0.000181
0.000179
0.000172
0.000170
0.000168
0.000159
0.000155
0.000150
0.000146
0.000141
0.000139
0.000137
0.000135
0.000130
0.000128
0.000126
0.000124
0.000122
0.000119
0.001629
0.001220
0.001092
0.000975
0.000614
0.000610
0.000608
0.000517
0.000480
0.000471
0.000373
0.000371
0.000369
0.000365
0.000365
0.000347
0.000334
0.000320
0.000301
0.000294
0.000290
0.000285
0.000274
0.000272
0.000265
0.000254
0.000243
0.000241
0.000239
0.000236
0.000234
0.000232
0.000230
0.000219
0.000212
0.000206
0.000206
0.000201
0.000197
0.000190
0.000188
0.000186
0.000181
0.000179
0.000177
0.000161
0.000152
0.000152
0.000152
0.000150
0.000148
0.000148
0.000144
0.000144
0.000141
0.000141
0.000139
0.000139
0.000137
0.000128
0.000128
0.000126
0.000126
0.000113
0.001302
0.000937
0.000636
0.000477
0.000455
0.000435
0.000382
0.000369
0.000356
0.000351
0.000340
0.000292
0.000292
0.000256
0.000243
0.000239
0.000230
0.000225
0.000214
0.000214
0.000212
0.000208
0.000208
0.000206
0.000203
0.000199
0.000188
0.000183
0.000183
0.000177
0.000172
0.000170
0.000170
0.000170
0.000170
0.000168
0.000157
0.000155
0.000150
0.000139
0.000139
0.000137
0.000128
0.000124
0.000124
0.001114
0.000937
0.000926
0.000891
0.000855
0.000621
0.000575
0.000504
0.000480
0.000409
0.000369
0.000365
0.000349
0.000329
0.000312
0.000307
0.000298
0.000272
0.000267
0.000261
0.000252
0.000245
0.000241
0.000241
0.000236
0.000228
0.000221
0.000201
0.000199
0.000197
0.000192
0.000188
0.000188
0.000183
0.000183
0.000181
0.000179
0.000179
0.000168
0.000168
0.000164
0.000164
0.000164
0.000157
0.000157
0.000157
0.000155
0.000155
0.000155
0.000152
0.000152
0.000150
0.000144
0.000144
0.000144
0.000141
0.000141
0.000137
0.000137
0.000133
0.000130
0.000126
0.000119
0.000115
0.000944
0.000758
0.000617
0.000610
0.000539
0.000528
0.000453
0.000387
0.000376
0.000340
0.000340
0.000336
0.000325
0.000320
0.000316
0.000307
0.000307
0.000301
0.000301
0.000298
0.000290
0.000287
0.000287
0.000283
0.000278
0.000274
0.000256
0.000254
0.000243
0.000241
0.000230
0.000230
0.000225
0.000219
0.000217
0.000203
0.000201
0.000201
0.000199
0.000194
0.000183
0.000170
0.000170
0.000170
0.000168
0.000166
0.000166
0.000157
0.000155
0.000155
0.000150
0.000148
0.000146
0.000141
0.000139
0.000137
0.000137
0.000137
0.000135
0.000128
0.000124
0.000122
0.000122
0.001160
0.000928
0.000740
0.000568
0.000564
0.000537
0.000533
0.000502
0.000466
0.000462
0.000460
0.000429
0.000382
0.000373
0.000301
0.000296
0.000290
0.000276
0.000272
0.000270
0.000263
0.000261
0.000259
0.000254
0.000248
0.000230
0.000221
0.000221
0.000219
0.000212
0.000208
0.000208
0.000201
0.000201
0.000197
0.000192
0.000181
0.000179
0.000177
0.000172
0.000170
0.000166
0.000159
0.000157
0.000157
0.000150
0.000148
0.000146
0.000146
0.000141
0.000141
0.000135
0.000128
0.000128
0.000126
0.000126
0.000122
0.000119
0.000908
0.000743
0.000698
0.000639
0.000628
0.000623
0.000606
0.000526
0.000502
0.000488
0.000451
0.000409
0.000396
0.000373
0.000369
0.000365
0.000351
0.000318
0.000314
0.000307
0.000296
0.000281
0.000272
0.000263
0.000254
0.000234
0.000217
0.000203
0.000201
0.000197
0.000194
0.000183
0.000179
0.000179
0.000177
0.000175
0.000170
0.000170
0.000168
0.000164
0.000161
0.000161
0.000161
0.000157
0.000152
0.000150
0.000146
0.000144
0.000141
0.000139
0.000137
0.000133
0.000130
0.000130
0.000126
0.000122
0.000122
0.000115
0.001697
0.001231
0.001213
0.000897
0.000756
0.000641
0.000632
0.000603
0.000590
0.000590
0.000566
0.000557
0.000535
0.000522
0.000499
0.000453
0.000376
0.000371
0.000371
0.000362
0.000327
0.000320
0.000290
0.000281
0.000272
0.000256
0.000256
0.000256
0.000248
0.000245
0.000239
0.000232
0.000230
0.000230
0.000228
0.000223
0.000221
0.000221
0.000217
0.000212
0.000203
0.000201
0.000201
0.000199
0.000194
0.000192
0.000188
0.000181
0.000181
0.000181
0.000179
0.000170
0.000166
0.000166
0.000161
0.000157
0.000152
0.000152
0.000148
0.000144
0.000137
0.000135
0.000135
0.000128
0.000122
0.000117
0.000115
0.000983
0.000838
0.000798
0.000581
0.000539
0.000469
0.000464
0.000451
0.000438
0.000427
0.000418
0.000398
0.000373
0.000362
0.000362
0.000358
0.000354
0.000340
0.000338
0.000323
0.000320
0.000296
0.000296
0.000265
0.000259
0.000259
0.000241
0.000236
0.000236
0.000232
0.000225
0.000217
0.000212
0.000212
0.000210
0.000210
0.000208
0.000190
0.000186
0.000183
0.000183
0.000183
0.000181
0.000181
0.000179
0.000172
0.000172
0.000161
0.000155
0.000150
0.000150
0.000148
0.000144
0.000144
0.000137
0.000130
0.000126
0.000126
0.000122
0.000508
0.000438
0.000431
0.000431
0.000409
0.000382
0.000376
0.000354
0.000320
0.000309
0.000305
0.000294
0.000290
0.000278
0.000272
0.000270
0.000261
0.000261
0.000256
0.000254
0.000250
0.000248
0.000243
0.000243
0.000241
0.000234
0.000234
0.000232
0.000225
0.000221
0.000221
0.000217
0.000214
0.000206
0.000206
0.000199
0.000194
0.000188
0.000186
0.000183
0.000181
0.000177
0.000175
0.000170
0.000166
0.000164
0.000164
0.000164
0.000161
0.000161
0.000161
0.000159
0.000152
0.000152
0.000150
0.000150
0.000150
0.000150
0.000148
0.000146
0.000144
0.000139
0.000135
0.000135
0.000133
0.000130
0.000126
0.000124
0.000122
0.000122
0.000122
0.000113
0.001145
0.000670
0.000670
0.000564
0.000546
0.000497
0.000469
0.000460
0.000427
0.000415
0.000358
0.000354
0.000338
0.000316
0.000314
0.000301
0.000296
0.000270
0.000267
0.000267
0.000263
0.000263
0.000230
0.000228
0.000225
0.000217
0.000210
0.000208
0.000201
0.000201
0.000199
0.000194
0.000194
0.000194
0.000190
0.000172
0.000168
0.000164
0.000161
0.000161
0.000155
0.000155
0.000144
0.000144
0.000144
0.000139
0.000139
0.000137
0.000137
0.000135
0.000135
0.000135
0.000130
0.000128
0.000128
0.000124
0.000119
0.002075
0.001359
0.000895
0.000793
0.000767
0.000749
0.000630
0.000568
0.000469
0.000431
0.000400
0.000382
0.000367
0.000351
0.000338
0.000331
0.000316
0.000309
0.000285
0.000278
0.000263
0.000259
0.000259
0.000248
0.000228
0.000225
0.000219
0.000208
0.000197
0.000197
0.000192
0.000192
0.000188
0.000183
0.000183
0.000181
0.000179
0.000177
0.000177
0.000175
0.000175
0.000166
0.000164
0.000157
0.000157
0.000152
0.000150
0.000146
0.000144
0.000141
0.000141
0.000139
0.000137
0.000133
0.000133
0.000130
0.000117
0.001454
0.001065
0.000864
0.000652
0.000612
0.000539
0.000528
0.000462
0.000455
0.000449
0.000442
0.000438
0.000420
0.000413
0.000387
0.000380
0.000376
0.000358
0.000354
0.000334
0.000327
0.000314
0.000301
0.000294
0.000283
0.000278
0.000278
0.000272
0.000265
0.000261
0.000261
0.000245
0.000234
0.000232
0.000228
0.000228
0.000206
0.000203
0.000201
0.000199
0.000199
0.000197
0.000192
0.000181
0.000181
0.000179
0.000179
0.000175
0.000175
0.000175
0.000172
0.000172
0.000170
0.000168
0.000157
0.000152
0.000152
0.000152
0.000150
0.000146
0.000144
0.000141
0.000141
0.000139
0.000139
0.000135
0.000133
0.000126
0.000126
0.000122
0.000122
0.000122
0.000115
0.000115
0.000745
0.000639
0.000594
0.000586
0.000495
0.000471
0.000446
0.000415
0.000362
0.000345
0.000316
0.000287
0.000256
0.000248
0.000243
0.000230
0.000228
0.000223
0.000219
0.000217
0.000214
0.000214
0.000208
0.000206
0.000201
0.000188
0.000186
0.000186
0.000181
0.000179
0.000175
0.000172
0.000172
0.000166
0.000166
0.000164
0.000164
0.000161
0.000161
0.000161
0.000159
0.000157
0.000150
0.000150
0.000148
0.000146
0.000146
0.000141
0.000141
0.000137
0.000137
0.000135
0.000133
0.000126
0.000119
0.001450
0.001337
0.001324
0.001025
0.000950
0.000712
0.000676
0.000639
0.000586
0.000555
0.000526
0.000522
0.000504
0.000438
0.000415
0.000413
0.000404
0.000400
0.000391
0.000387
0.000376
0.000373
0.000365
0.000360
0.000358
0.000358
0.000351
0.000338
0.000331
0.000329
0.000296
0.000294
0.000294
0.000276
0.000272
0.000267
0.000267
0.000254
0.000248
0.000241
0.000214
0.000201
0.000194
0.000188
0.000181
0.000177
0.000170
0.000168
0.000168
0.000166
0.000161
0.000161
0.000161
0.000155
0.000152
0.000150
0.000148
0.000146
0.000137
0.000137
0.000135
0.000133
0.000130
0.000128
0.000128
0.000119
0.000119
0.001372
0.000902
0.000743
0.000601
0.000475
0.000466
0.000402
0.000398
0.000356
0.000354
0.000349
0.000318
0.000318
0.000314
0.000309
0.000309
0.000303
0.000296
0.000292
0.000281
0.000252
0.000248
0.000243
0.000241
0.000236
0.000232
0.000219
0.000217
0.000210
0.000208
0.000208
0.000199
0.000192
0.000190
0.000186
0.000181
0.000179
0.000179
0.000175
0.000170
0.000170
0.000164
0.000164
0.000157
0.000150
0.000146
0.000146
0.000146
0.000144
0.000144
0.000144
0.000141
0.000137
0.000137
0.000135
0.000122
0.000119
0.000117
0.002670
0.000760
0.000667
0.000654
0.000566
0.000446
0.000440
0.000427
0.000418
0.000407
0.000327
0.000325
0.000318
0.000312
0.000303
0.000267
0.000265
0.000263
0.000254
0.000252
0.000252
0.000245
0.000239
0.000239
0.000234
0.000234
0.000232
0.000225
0.000225
0.000221
0.000219
0.000217
0.000214
0.000208
0.000208
0.000203
0.000201
0.000201
0.000199
0.000199
0.000199
0.000192
0.000190
0.000190
0.000190
0.000181
0.000177
0.000172
0.000170
0.000168
0.000168
0.000166
0.000164
0.000161
0.000159
0.000157
0.000152
0.000148
0.000148
0.000146
0.000144
0.000141
0.000128
0.000126
0.000124
0.000119
0.000117
0.000115
0.001512
0.001158
0.000614
0.000614
0.000579
0.000577
0.000570
0.000446
0.000369
0.000362
0.000351
0.000325
0.000323
0.000301
0.000301
0.000296
0.000296
0.000285
0.000281
0.000276
0.000274
0.000274
0.000259
0.000248
0.000241
0.000241
0.000230
0.000225
0.000219
0.000217
0.000217
0.000212
0.000206
0.000199
0.000197
0.000197
0.000190
0.000186
0.000183
0.000181
0.000181
0.000172
0.000170
0.000170
0.000168
0.000168
0.000159
0.000159
0.000157
0.000152
0.000150
0.000144
0.000139
0.000137
0.000137
0.000137
0.000137
0.000135
0.000128
0.000128
0.000122
0.000122
0.000115
0.001706
0.001335
0.000919
0.000809
0.000762
0.000590
0.000524
0.000497
0.000451
0.000429
0.000424
0.000411
0.000391
0.000391
0.000347
0.000325
0.000287
0.000274
0.000265
0.000263
0.000263
0.000259
0.000256
0.000256
0.000254
0.000245
0.000243
0.000241
0.000236
0.000232
0.000230
0.000225
0.000221
0.000219
0.000217
0.000214
0.000212
0.000212
0.000206
0.000201
0.000188
0.000186
0.000183
0.000181
0.000172
0.000172
0.000170
0.000168
0.000161
0.000159
0.000157
0.000152
0.000152
0.000150
0.000144
0.000144
0.000141
0.000141
0.000137
0.000130
0.000130
0.000130
0.000126
0.000126
0.000122
0.000122
0.000115
0.000698
0.000559
0.000469
0.000466
0.000462
0.000407
0.000400
0.000362
0.000362
0.000349
0.000303
0.000290
0.000278
0.000265
0.000245
0.000228
0.000223
0.000223
0.000221
0.000219
0.000219
0.000212
0.000208
0.000206
0.000199
0.000197
0.000192
0.000192
0.000192
0.000177
0.000175
0.000170
0.000170
0.000168
0.000168
0.000166
0.000164
0.000159
0.000155
0.000146
0.000144
0.000144
0.000139
0.000137
0.000135
0.000133
0.000130
0.000128
0.000126
0.000124
0.000122
0.000117
0.000117
0.000115
0.000113
0.000884
0.000773
0.000729
0.000718
0.000652
0.000621
0.000617
0.000599
0.000588
0.000566
0.000546
0.000517
0.000460
0.000440
0.000422
0.000402
0.000380
0.000380
0.000354
0.000331
0.000312
0.000309
0.000294
0.000292
0.000290
0.000290
0.000259
0.000259
0.000256
0.000248
0.000245
0.000223
0.000217
0.000194
0.000194
0.000192
0.000188
0.000181
0.000177
0.000172
0.000164
0.000161
0.000159
0.000157
0.000150
0.000146
0.000146
0.000146
0.000144
0.000144
0.000139
0.000137
0.000135
0.000133
0.000130
0.000130
0.000124
0.000119
0.000115
0.001772
0.001662
0.000855
0.000833
0.000636
0.000493
0.000477
0.000402
0.000365
0.000349
0.000318
0.000296
0.000292
0.000290
0.000290
0.000285
0.000274
0.000272
0.000270
0.000263
0.000245
0.000245
0.000241
0.000236
0.000234
0.000230
0.000223
0.000223
0.000212
0.000199
0.000183
0.000181
0.000177
0.000168
0.000161
0.000157
0.000157
0.000155
0.000148
0.000148
0.000146
0.000139
0.000139
0.000137
0.000137
0.000135
0.000135
0.000130
0.000128
0.000119
0.000930
0.000696
0.000623
0.000599
0.000594
0.000497
0.000486
0.000449
0.000431
0.000398
0.000373
0.000365
0.000356
0.000334
0.000314
0.000303
0.000303
0.000290
0.000285
0.000270
0.000267
0.000263
0.000248
0.000245
0.000243
0.000241
0.000241
0.000232
0.000230
0.000230
0.000225
0.000225
0.000221
0.000219
0.000214
0.000210
0.000208
0.000208
0.000203
0.000188
0.000186
0.000181
0.000177
0.000175
0.000175
0.000175
0.000170
0.000168
0.000155
0.000155
0.000148
0.000144
0.000139
0.000139
0.000135
0.000133
0.000128
0.000124
0.001514
0.000972
0.000933
0.000895
0.000880
0.000513
0.000444
0.000422
0.000396
0.000358
0.000351
0.000347
0.000334
0.000314
0.000309
0.000294
0.000290
0.000285
0.000285
0.000272
0.000261
0.000236
0.000236
0.000230
0.000221
0.000219
0.000217
0.000214
0.000210
0.000201
0.000199
0.000199
0.000188
0.000188
0.000179
0.000175
0.000170
0.000166
0.000161
0.000161
0.000161
0.000161
0.000161
0.000159
0.000155
0.000152
0.000150
0.000144
0.000139
0.000135
0.000133
0.000130
0.000122
0.000110
0.001604
0.000966
0.000632
0.000603
0.000583
0.000539
0.000513
0.000457
0.000396
0.000387
0.000312
0.000312
0.000305
0.000305
0.000276
0.000270
0.000265
0.000254
0.000248
0.000248
0.000239
0.000234
0.000225
0.000221
0.000221
0.000221
0.000206
0.000197
0.000194
0.000192
0.000192
0.000188
0.000183
0.000183
0.000179
0.000179
0.000177
0.000177
0.000170
0.000168
0.000166
0.000164
0.000159
0.000159
0.000155
0.000148
0.000146
0.000146
0.000144
0.000141
0.000135
0.000133
0.000128
0.000128
0.000128
0.000117
0.000113
0.000113
0.000588
0.000566
0.000513
0.000499
0.000473
0.000453
0.000444
0.000400
0.000351
0.000338
0.000334
0.000325
0.000318
0.000305
0.000285
0.000272
0.000265
0.000259
0.000250
0.000250
0.000248
0.000223
0.000221
0.000217
0.000210
0.000208
0.000206
0.000199
0.000190
0.000188
0.000177
0.000175
0.000170
0.000164
0.000159
0.000157
0.000157
0.000157
0.000157
0.000155
0.000152
0.000150
0.000150
0.000150
0.000144
0.000137
0.000135
0.000133
0.000126
0.000126
0.000119
0.000119
0.000119
0.001474
0.001025
0.001025
0.000999
0.000893
0.000807
0.000787
0.000656
0.000594
0.000449
0.000398
0.000396
0.000396
0.000391
0.000329
0.000298
0.000290
0.000287
0.000283
0.000274
0.000259
0.000245
0.000232
0.000230
0.000219
0.000219
0.000208
0.000208
0.000203
0.000197
0.000192
0.000190
0.000186
0.000181
0.000172
0.000170
0.000170
0.000168
0.000164
0.000157
0.000157
0.000157
0.000155
0.000155
0.000152
0.000150
0.000150
0.000139
0.000137
0.000135
0.000128
0.000128
0.000124
0.000119
0.000115
0.001063
0.000625
0.000608
0.000455
0.000393
0.000373
0.000365
0.000356
0.000303
0.000301
0.000272
0.000265
0.000236
0.000228
0.000214
0.000212
0.000210
0.000199
0.000194
0.000194
0.000190
0.000190
0.000190
0.000190
0.000188
0.000186
0.000181
0.000179
0.000179
0.000179
0.000177
0.000177
0.000175
0.000172
0.000170
0.000168
0.000161
0.000161
0.000161
0.000161
0.000159
0.000159
0.000159
0.000159
0.000157
0.000155
0.000155
0.000150
0.000150
0.000146
0.000144
0.000137
0.000137
0.000137
0.000135
0.000135
0.000117
0.000115
0.000115
0.001101
0.000895
0.000612
0.000606
0.000566
0.000564
0.000449
0.000435
0.000413
0.000369
0.000358
0.000347
0.000312
0.000309
0.000296
0.000276
0.000272
0.000265
0.000263
0.000259
0.000234
0.000234
0.000217
0.000212
0.000210
0.000208
0.000199
0.000199
0.000197
0.000192
0.000179
0.000177
0.000175
0.000170
0.000168
0.000168
0.000168
0.000166
0.000161
0.000157
0.000157
0.000155
0.000150
0.000150
0.000150
0.000150
0.000148
0.000148
0.000146
0.000144
0.000141
0.000137
0.000137
0.000133
0.000130
0.000122
0.000119
0.000833
0.000654
0.000577
0.000541
0.000528
0.000469
0.000453
0.000431
0.000424
0.000420
0.000402
0.000373
0.000358
0.000351
0.000345
0.000320
0.000314
0.000312
0.000290
0.000285
0.000281
0.000265
0.000254
0.000245
0.000236
0.000232
0.000225
0.000212
0.000210
0.000201
0.000190
0.000190
0.000190
0.000188
0.000186
0.000186
0.000186
0.000181
0.000181
0.000181
0.000177
0.000175
0.000175
0.000172
0.000172
0.000161
0.000159
0.000157
0.000152
0.000150
0.000150
0.000150
0.000148
0.000146
0.000144
0.000141
0.000139
0.000139
0.000137
0.000135
0.000133
0.000128
0.000128
0.000128
0.000126
0.000117
0.000115
0.001352
0.001244
0.000754
0.000749
0.000687
0.000683
0.000663
0.000654
0.000641
0.000621
0.000614
0.000559
0.000453
0.000393
0.000367
0.000356
0.000323
0.000318
0.000285
0.000281
0.000272
0.000263
0.000261
0.000252
0.000248
0.000245
0.000225
0.000217
0.000210
0.000203
0.000201
0.000190
0.000190
0.000190
0.000188
0.000186
0.000183
0.000179
0.000175
0.000172
0.000168
0.000166
0.000159
0.000157
0.000155
0.000155
0.000152
0.000152
0.000146
0.000144
0.000139
0.000139
0.000139
0.000137
0.000135
0.000135
0.000128
0.000126
0.000126
0.000124
0.001048
0.000632
0.000617
0.000579
0.000466
0.000435
0.000431
0.000431
0.000404
0.000389
0.000385
0.000378
0.000373
0.000358
0.000358
0.000356
0.000351
0.000329
0.000327
0.000301
0.000296
0.000294
0.000292
0.000270
0.000265
0.000265
0.000259
0.000252
0.000243
0.000243
0.000241
0.000239
0.000219
0.000210
0.000203
0.000201
0.000197
0.000192
0.000190
0.000186
0.000181
0.000181
0.000175
0.000172
0.000170
0.000168
0.000166
0.000164
0.000161
0.000161
0.000159
0.000157
0.000157
0.000155
0.000155
0.000155
0.000152
0.000152
0.000148
0.000148
0.000148
0.000146
0.000144
0.000144
0.000144
0.000141
0.000141
0.000139
0.000137
0.000135
0.000126
0.000124
0.000119
0.000115
0.001114
0.000877
0.000807
0.000674
0.000667
0.000517
0.000482
0.000334
0.000334
0.000303
0.000252
0.000243
0.000239
0.000221
0.000219
0.000212
0.000210
0.000210
0.000203
0.000201
0.000197
0.000192
0.000188
0.000183
0.000183
0.000175
0.000172
0.000172
0.000168
0.000168
0.000161
0.000161
0.000159
0.000157
0.000155
0.000152
0.000150
0.000148
0.000141
0.000139
0.000137
0.000135
0.000135
0.000133
0.000122
0.000110
0.001768
0.001257
0.001255
0.001143
0.000643
0.000628
0.000566
0.000548
0.000530
0.000515
0.000486
0.000442
0.000440
0.000409
0.000367
0.000358
0.000356
0.000323
0.000320
0.000316
0.000301
0.000290
0.000265
0.000265
0.000252
0.000248
0.000214
0.000210
0.000208
0.000201
0.000194
0.000192
0.000190
0.000186
0.000186
0.000179
0.000172
0.000170
0.000168
0.000168
0.000166
0.000164
0.000161
0.000161
0.000161
0.000159
0.000155
0.000152
0.000152
0.000146
0.000146
0.000144
0.000144
0.000139
0.000137
0.000135
0.000133
0.000128
0.000126
0.000119
0.000119
0.001934
0.000855
0.000771
0.000696
0.000597
0.000581
0.000488
0.000464
0.000435
0.000429
0.000415
0.000407
0.000396
0.000362
0.000349
0.000345
0.000272
0.000254
0.000241
0.000234
0.000230
0.000228
0.000221
0.000219
0.000217
0.000214
0.000210
0.000208
0.000194
0.000194
0.000192
0.000190
0.000188
0.000172
0.000172
0.000170
0.000166
0.000164
0.000161
0.000152
0.000148
0.000146
0.000146
0.000146
0.000141
0.000130
0.000122
0.000117
0.000115
0.001587
0.001297
0.001227
0.001076
0.000851
0.000656
0.000497
0.000493
0.000480
0.000455
0.000453
0.000444
0.000433
0.000387
0.000303
0.000296
0.000272
0.000270
0.000270
0.000256
0.000250
0.000243
0.000228
0.000217
0.000214
0.000206
0.000206
0.000203
0.000201
0.000201
0.000201
0.000194
0.000190
0.000179
0.000177
0.000164
0.000164
0.000159
0.000159
0.000157
0.000155
0.000152
0.000152
0.000144
0.000141
0.000137
0.000137
0.000135
0.000133
0.000133
0.000126
0.000122
0.000119
0.000119
0.000119
0.000115
0.002093
0.000707
0.000475
0.000433
0.000420
0.000404
0.000404
0.000351
0.000343
0.000301
0.000278
0.000267
0.000254
0.000236
0.000232
0.000219
0.000217
0.000203
0.000201
0.000199
0.000199
0.000194
0.000188
0.000183
0.000183
0.000183
0.000181
0.000170
0.000166
0.000164
0.000161
0.000161
0.000161
0.000155
0.000155
0.000150
0.000146
0.000141
0.000141
0.000141
0.000139
0.000137
0.000135
0.000133
0.000126
0.000124
0.000122
0.001317
0.000846
0.000577
0.000570
0.000497
0.000457
0.000391
0.000358
0.000356
0.000347
0.000343
0.000334
0.000327
0.000320
0.000309
0.000298
0.000294
0.000285
0.000270
0.000265
0.000252
0.000243
0.000236
0.000223
0.000223
0.000221
0.000221
0.000221
0.000212
0.000206
0.000199
0.000197
0.000192
0.000190
0.000188
0.000186
0.000177
0.000175
0.000172
0.000170
0.000168
0.000166
0.000152
0.000150
0.000148
0.000146
0.000144
0.000141
0.000141
0.000139
0.000135
0.000133
0.000126
0.000122
0.001965
0.001085
0.000796
0.000601
0.000555
0.000515
0.000502
0.000497
0.000480
0.000440
0.000431
0.000422
0.000418
0.000389
0.000382
0.000376
0.000373
0.000362
0.000314
0.000305
0.000287
0.000265
0.000261
0.000259
0.000256
0.000256
0.000248
0.000245
0.000234
0.000234
0.000232
0.000230
0.000225
0.000223
0.000221
0.000219
0.000214
0.000210
0.000192
0.000190
0.000183
0.000179
0.000179
0.000175
0.000175
0.000170
0.000170
0.000170
0.000168
0.000166
0.000166
0.000164
0.000164
0.000161
0.000161
0.000159
0.000155
0.000150
0.000148
0.000148
0.000148
0.000148
0.000148
0.000148
0.000146
0.000146
0.000144
0.000141
0.000141
0.000139
0.000139
0.000139
0.000139
0.000139
0.000137
0.000135
0.000133
0.000133
0.000133
0.000130
0.000128
0.000126
0.000124
0.000124
0.000122
0.000119
0.000119
0.001147
0.000709
0.000625
0.000561
0.000559
0.000506
0.000469
0.000466
0.000449
0.000424
0.000407
0.000387
0.000369
0.000365
0.000365
0.000354
0.000345
0.000336
0.000334
0.000325
0.000320
0.000312
0.000296
0.000296
0.000263
0.000261
0.000250
0.000248
0.000236
0.000232
0.000228
0.000208
0.000203
0.000201
0.000197
0.000186
0.000183
0.000183
0.000179
0.000172
0.000170
0.000168
0.000168
0.000168
0.000166
0.000164
0.000159
0.000159
0.000157
0.000155
0.000155
0.000155
0.000152
0.000150
0.000148
0.000144
0.000141
0.000141
0.000139
0.000137
0.000135
0.000135
0.000135
0.000135
0.000130
0.000124
0.000117
0.000115
0.000110
0.001591
0.001220
0.001072
0.000959
0.000886
0.000807
0.000731
0.000665
0.000659
0.000636
0.000625
0.000594
0.000557
0.000528
0.000504
0.000491
0.000482
0.000482
0.000477
0.000385
0.000360
0.000343
0.000314
0.000290
0.000278
0.000276
0.000274
0.000263
0.000236
0.000208
0.000201
0.000194
0.000194
0.000188
0.000183
0.000183
0.000181
0.000181
0.000177
0.000177
0.000166
0.000164
0.000164
0.000159
0.000159
0.000155
0.000152
0.000152
0.000152
0.000150
0.000150
0.000146
0.000146
0.000141
0.000139
0.000137
0.000137
0.000135
0.000133
0.000133
0.000130
0.000130
0.000130
0.000130
0.000130
0.000126
0.001355
0.000891
0.000871
0.000804
0.000769
0.000555
0.000537
0.000513
0.000491
0.000488
0.000444
0.000438
0.000398
0.000378
0.000371
0.000347
0.000336
0.000329
0.000292
0.000283
0.000256
0.000245
0.000230
0.000210
0.000210
0.000208
0.000206
0.000203
0.000203
0.000179
0.000179
0.000179
0.000175
0.000172
0.000170
0.000164
0.000164
0.000157
0.000155
0.000152
0.000152
0.000152
0.000152
0.000141
0.000141
0.000139
0.000137
0.000135
0.000130
0.000130
0.000128
0.000128
0.000128
0.000128
0.000126
0.000126
0.000124
0.000122
0.000113
0.001202
0.000864
0.000716
0.000590
0.000550
0.000537
0.000515
0.000506
0.000444
0.000380
0.000373
0.000356
0.000331
0.000323
0.000318
0.000305
0.000272
0.000261
0.000254
0.000252
0.000250
0.000230
0.000223
0.000219
0.000206
0.000203
0.000194
0.000192
0.000190
0.000186
0.000179
0.000179
0.000179
0.000177
0.000172
0.000172
0.000172
0.000168
0.000164
0.000155
0.000155
0.000155
0.000155
0.000150
0.000150
0.000144
0.000144
0.000139
0.000139
0.000139
0.000139
0.000133
0.000130
0.000130
0.000126
0.000124
0.000115
0.000108
0.002409
0.001036
0.000981
0.000723
0.000575
0.000515
0.000515
0.000482
0.000407
0.000367
0.000343
0.000327
0.000312
0.000307
0.000281
0.000281
0.000272
0.000270
0.000263
0.000263
0.000256
0.000252
0.000248
0.000245
0.000243
0.000243
0.000232
0.000232
0.000230
0.000230
0.000225
0.000223
0.000214
0.000208
0.000206
0.000203
0.000194
0.000175
0.000172
0.000172
0.000170
0.000170
0.000166
0.000164
0.000164
0.000164
0.000161
0.000157
0.000155
0.000152
0.000146
0.000146
0.000135
0.000135
0.000135
0.000135
0.000128
0.000122
0.002281
0.000793
0.000497
0.000442
0.000404
0.000376
0.000343
0.000307
0.000287
0.000285
0.000281
0.000278
0.000263
0.000259
0.000248
0.000243
0.000236
0.000236
0.000234
0.000230
0.000228
0.000223
0.000217
0.000217
0.000214
0.000197
0.000194
0.000190
0.000186
0.000179
0.000177
0.000175
0.000172
0.000170
0.000168
0.000166
0.000164
0.000159
0.000159
0.000157
0.000157
0.000155
0.000150
0.000148
0.000148
0.000135
0.000135
0.000135
0.000133
0.000128
0.000126
0.000113
0.000968
0.000785
0.000749
0.000617
0.000484
0.000446
0.000387
0.000378
0.000298
0.000294
0.000290
0.000267
0.000252
0.000243
0.000230
0.000219
0.000201
0.000201
0.000197
0.000197
0.000194
0.000190
0.000177
0.000159
0.000155
0.000152
0.000152
0.000152
0.000150
0.000148
0.000146
0.000141
0.000141
0.000139
0.000135
0.000135
0.000133
0.000133
0.000128
0.000126
0.000124
0.000122
0.000122
0.000119
0.001048
0.000734
0.000716
0.000610
0.000570
0.000555
0.000477
0.000427
0.000387
0.000378
0.000373
0.000362
0.000278
0.000278
0.000270
0.000267
0.000267
0.000267
0.000241
0.000239
0.000232
0.000221
0.000219
0.000214
0.000203
0.000203
0.000199
0.000194
0.000181
0.000177
0.000170
0.000170
0.000170
0.000168
0.000166
0.000161
0.000157
0.000157
0.000152
0.000150
0.000150
0.000148
0.000148
0.000144
0.000141
0.000139
0.000137
0.000137
0.000137
0.000130
0.000128
0.000122
0.000122
0.000122
0.000115
0.002449
0.000628
0.000623
0.000568
0.000502
0.000473
0.000431
0.000378
0.000301
0.000296
0.000272
0.000267
0.000256
0.000245
0.000243
0.000232
0.000228
0.000217
0.000212
0.000210
0.000208
0.000206
0.000201
0.000199
0.000192
0.000192
0.000181
0.000181
0.000177
0.000177
0.000175
0.000168
0.000168
0.000166
0.000164
0.000157
0.000144
0.000141
0.000141
0.000130
0.000130
0.000124
0.000122
0.000117
0.001339
0.001209
0.000493
0.000477
0.000453
0.000376
0.000371
0.000329
0.000303
0.000296
0.000287
0.000261
0.000259
0.000250
0.000243
0.000228
0.000223
0.000223
0.000221
0.000219
0.000203
0.000201
0.000199
0.000199
0.000186
0.000177
0.000170
0.000168
0.000164
0.000164
0.000161
0.000157
0.000155
0.000150
0.000148
0.000148
0.000148
0.000146
0.000141
0.000141
0.000137
0.000133
0.000133
0.000133
0.000133
0.000130
0.000119
0.000119
0.000115
0.000113
0.001355
0.000623
0.000601
0.000564
0.000475
0.000475
0.000420
0.000382
0.000376
0.000371
0.000362
0.000351
0.000338
0.000334
0.000327
0.000305
0.000294
0.000281
0.000276
0.000274
0.000263
0.000256
0.000243
0.000234
0.000230
0.000225
0.000223
0.000223
0.000219
0.000214
0.000214
0.000210
0.000203
0.000201
0.000201
0.000201
0.000201
0.000201
0.000199
0.000197
0.000194
0.000188
0.000181
0.000177
0.000177
0.000175
0.000172
0.000170
0.000170
0.000170
0.000170
0.000166
0.000164
0.000161
0.000159
0.000159
0.000157
0.000152
0.000150
0.000146
0.000141
0.000141
0.000135
0.000133
0.000133
0.000130
0.000130
0.000128
0.000117
0.000113
0.000723
0.000703
0.000685
0.000632
0.000550
0.000493
0.000493
0.000491
0.000433
0.000387
0.000385
0.000365
0.000351
0.000309
0.000292
0.000276
0.000270
0.000259
0.000230
0.000225
0.000219
0.000217
0.000192
0.000190
0.000190
0.000186
0.000186
0.000179
0.000179
0.000177
0.000175
0.000175
0.000172
0.000170
0.000164
0.000164
0.000161
0.000159
0.000157
0.000155
0.000155
0.000155
0.000152
0.000148
0.000148
0.000144
0.000141
0.000137
0.000130
0.000128
0.000119
0.002168
0.001297
0.001089
0.000575
0.000546
0.000469
0.000422
0.000393
0.000378
0.000369
0.000351
0.000351
0.000349
0.000329
0.000307
0.000294
0.000292
0.000287
0.000274
0.000259
0.000252
0.000245
0.000239
0.000239
0.000230
0.000221
0.000212
0.000210
0.000210
0.000206
0.000201
0.000197
0.000194
0.000192
0.000186
0.000181
0.000181
0.000179
0.000177
0.000170
0.000170
0.000168
0.000164
0.000161
0.000157
0.000152
0.000150
0.000148
0.000148
0.000144
0.000137
0.000135
0.000135
0.000128
0.000126
0.000122
0.000115
0.001461
0.001235
0.000723
0.000701
0.000590
0.000431
0.000427
0.000404
0.000389
0.000378
0.000365
0.000360
0.000358
0.000336
0.000331
0.000303
0.000292
0.000278
0.000270
0.000267
0.000259
0.000245
0.000241
0.000236
0.000228
0.000221
0.000214
0.000212
0.000201
0.000197
0.000194
0.000190
0.000186
0.000183
0.000183
0.000183
0.000181
0.000179
0.000168
0.000164
0.000161
0.000161
0.000159
0.000152
0.000148
0.000144
0.000139
0.000139
0.000137
0.000137
0.000133
0.000130
0.000126
0.000126
0.000122
0.002838
0.001624
0.001067
0.000758
0.000703
0.000659
0.000648
0.000575
0.000572
0.000519
0.000506
0.000442
0.000429
0.000422
0.000360
0.000358
0.000354
0.000323
0.000316
0.000301
0.000298
0.000294
0.000287
0.000263
0.000263
0.000256
0.000254
0.000243
0.000243
0.000241
0.000236
0.000228
0.000219
0.000212
0.000208
0.000206
0.000203
0.000201
0.000194
0.000192
0.000192
0.000188
0.000181
0.000181
0.000179
0.000177
0.000175
0.000170
0.000170
0.000164
0.000161
0.000161
0.000159
0.000159
0.000159
0.000157
0.000157
0.000155
0.000155
0.000155
0.000155
0.000155
0.000150
0.000148
0.000146
0.000146
0.000146
0.000144
0.000144
0.000137
0.000137
0.000128
0.000126
0.000122
0.002460
0.001008
0.000939
0.000442
0.000431
0.000429
0.000427
0.000404
0.000382
0.000347
0.000331
0.000325
0.000323
0.000316
0.000312
0.000294
0.000287
0.000278
0.000274
0.000263
0.000250
0.000230
0.000228
0.000219
0.000210
0.000208
0.000206
0.000203
0.000201
0.000190
0.000188
0.000188
0.000186
0.000172
0.000168
0.000168
0.000164
0.000164
0.000161
0.000159
0.000159
0.000152
0.000152
0.000150
0.000150
0.000148
0.000146
0.000146
0.000146
0.000137
0.000137
0.000130
0.000128
0.000128
0.000126
0.000124
0.000124
0.000124
0.000811
0.000782
0.000495
0.000446
0.000442
0.000418
0.000369
0.000351
0.000325
0.000318
0.000309
0.000287
0.000261
0.000254
0.000250
0.000236
0.000219
0.000217
0.000212
0.000210
0.000206
0.000206
0.000192
0.000192
0.000186
0.000183
0.000183
0.000183
0.000179
0.000179
0.000175
0.000175
0.000175
0.000166
0.000161
0.000161
0.000157
0.000155
0.000152
0.000150
0.000148
0.000144
0.000141
0.000141
0.000139
0.000133
0.000130
0.000128
0.000124
0.000124
0.000119
0.000119
0.000115
0.002340
0.001315
0.000895
0.000703
0.000581
0.000572
0.000550
0.000526
0.000442
0.000431
0.000427
0.000424
0.000407
0.000378
0.000351
0.000305
0.000303
0.000287
0.000245
0.000239
0.000223
0.000208
0.000206
0.000201
0.000199
0.000199
0.000197
0.000188
0.000186
0.000181
0.000181
0.000177
0.000172
0.000170
0.000168
0.000168
0.000168
0.000166
0.000157
0.000157
0.000157
0.000152
0.000148
0.000146
0.000139
0.000137
0.000135
0.000130
0.000126
0.000122
0.000115
0.000113
0.001264
0.000743
0.000743
0.000694
0.000548
0.000539
0.000515
0.000491
0.000453
0.000422
0.000402
0.000343
0.000323
0.000267
0.000259
0.000223
0.000219
0.000217
0.000208
0.000201
0.000197
0.000194
0.000194
0.000190
0.000190
0.000188
0.000183
0.000181
0.000179
0.000179
0.000175
0.000172
0.000170
0.000168
0.000166
0.000164
0.000159
0.000159
0.000157
0.000155
0.000150
0.000146
0.000146
0.000146
0.000144
0.000141
0.000139
0.000126
0.000124
0.000119
0.000113
0.001759
0.001642
0.001134
0.000994
0.000968
0.000869
0.000842
0.000749
0.000632
0.000608
0.000535
0.000491
0.000486
0.000420
0.000387
0.000380
0.000343
0.000329
0.000325
0.000323
0.000320
0.000272
0.000263
0.000263
0.000243
0.000241
0.000217
0.000214
0.000212
0.000212
0.000210
0.000206
0.000203
0.000203
0.000188
0.000181
0.000177
0.000177
0.000175
0.000172
0.000168
0.000168
0.000166
0.000164
0.000159
0.000159
0.000157
0.000155
0.000152
0.000150
0.000148
0.000141
0.000137
0.000137
0.000135
0.000133
0.000133
0.000130
0.000130
0.000122
0.000122
0.000119
0.000115
0.000864
0.000674
0.000639
0.000597
0.000577
0.000575
0.000533
0.000475
0.000427
0.000373
0.000367
0.000314
0.000303
0.000298
0.000283
0.000278
0.000274
0.000265
0.000265
0.000250
0.000243
0.000230
0.000221
0.000212
0.000197
0.000192
0.000190
0.000190
0.000183
0.000183
0.000183
0.000177
0.000175
0.000172
0.000170
0.000170
0.000168
0.000164
0.000159
0.000159
0.000157
0.000157
0.000155
0.000152
0.000150
0.000150
0.000148
0.000148
0.000146
0.000144
0.000141
0.000141
0.000141
0.000135
0.000133
0.000133
0.000133
0.000128
0.000128
0.000126
0.000126
0.000119
0.000117
0.001726
0.001048
0.000937
0.000853
0.000778
0.000670
0.000652
0.000634
0.000449
0.000420
0.000378
0.000362
0.000347
0.000320
0.000307
0.000303
0.000259
0.000245
0.000232
0.000228
0.000221
0.000214
0.000212
0.000212
0.000206
0.000192
0.000190
0.000188
0.000186
0.000183
0.000179
0.000179
0.000175
0.000175
0.000170
0.000170
0.000168
0.000168
0.000166
0.000164
0.000164
0.000161
0.000161
0.000157
0.000157
0.000155
0.000152
0.000144
0.000144
0.000137
0.000137
0.000128
0.000128
0.000128
0.000126
0.000126
0.000126
0.000126
0.000124
0.000124
0.000122
0.000122
0.000119
0.000113
0.001397
0.000754
0.000495
0.000453
0.000396
0.000380
0.000376
0.000354
0.000329
0.000316
0.000307
0.000287
0.000261
0.000243
0.000241
0.000232
0.000225
0.000212
0.000208
0.000206
0.000201
0.000201
0.000201
0.000199
0.000199
0.000194
0.000190
0.000190
0.000190
0.000188
0.000186
0.000183
0.000179
0.000179
0.000177
0.000175
0.000168
0.000166
0.000161
0.000159
0.000157
0.000157
0.000146
0.000141
0.000137
0.000137
0.000135
0.000133
0.000130
0.000128
0.000126
0.000126
0.000124
0.001098
0.000705
0.000630
0.000528
0.000457
0.000435
0.000387
0.000360
0.000354
0.000349
0.000318
0.000314
0.000294
0.000276
0.000272
0.000272
0.000265
0.000254
0.000252
0.000241
0.000241
0.000230
0.000228
0.000228
0.000225
0.000225
0.000219
0.000217
0.000217
0.000214
0.000206
0.000203
0.000197
0.000194
0.000190
0.000186
0.000186
0.000183
0.000183
0.000181
0.000177
0.000175
0.000164
0.000164
0.000164
0.000161
0.000161
0.000159
0.000157
0.000137
0.000133
0.000124
0.000122
0.000119
0.001098
0.001039
0.001028
0.000765
0.000740
0.000696
0.000608
0.000528
0.000480
0.000473
0.000457
0.000338
0.000316
0.000316
0.000309
0.000303
0.000303
0.000263
0.000254
0.000241
0.000236
0.000234
0.000219
0.000212
0.000212
0.000197
0.000190
0.000188
0.000179
0.000179
0.000170
0.000170
0.000170
0.000164
0.000159
0.000148
0.000148
0.000146
0.000146
0.000146
0.000141
0.000137
0.000133
0.000133
0.000133
0.000130
0.000130
0.000126
0.000126
0.000126
0.001912
0.001065
0.000970
0.000955
0.000641
0.000625
0.000557
0.000555
0.000550
0.000497
0.000495
0.000446
0.000444
0.000345
0.000334
0.000323
0.000312
0.000312
0.000307
0.000301
0.000290
0.000290
0.000281
0.000276
0.000276
0.000272
0.000270
0.000259
0.000245
0.000236
0.000236
0.000234
0.000234
0.000221
0.000221
0.000217
0.000217
0.000217
0.000203
0.000203
0.000203
0.000194
0.000190
0.000190
0.000186
0.000186
0.000183
0.000181
0.000181
0.000181
0.000179
0.000179
0.000179
0.000179
0.000172
0.000172
0.000168
0.000166
0.000164
0.000164
0.000161
0.000159
0.000157
0.000155
0.000150
0.000148
0.000148
0.000144
0.000144
0.000144
0.000141
0.000137
0.000133
0.000133
0.000128
0.000128
0.000126
0.000126
0.000124
0.000122
0.000117
0.000115
0.001140
0.000955
0.000871
0.000844
0.000840
0.000782
0.000765
0.000762
0.000471
0.000427
0.000400
0.000391
0.000378
0.000369
0.000356
0.000340
0.000325
0.000312
0.000303
0.000278
0.000276
0.000267
0.000259
0.000259
0.000256
0.000256
0.000256
0.000254
0.000252
0.000250
0.000250
0.000248
0.000245
0.000243
0.000241
0.000239
0.000230
0.000228
0.000203
0.000203
0.000201
0.000201
0.000201
0.000199
0.000194
0.000181
0.000181
0.000177
0.000177
0.000170
0.000168
0.000166
0.000159
0.000159
0.000157
0.000150
0.000150
0.000150
0.000146
0.000146
0.000146
0.000139
0.000137
0.000137
0.000137
0.000135
0.000133
0.000130
0.000128
0.000128
0.000128
0.000126
0.000126
0.000126
0.000126
0.000122
0.000117
0.000115
0.000115
0.000893
0.000729
0.000670
0.000603
0.000391
0.000351
0.000316
0.000312
0.000309
0.000309
0.000307
0.000303
0.000296
0.000281
0.000270
0.000267
0.000230
0.000219
0.000219
0.000219
0.000217
0.000206
0.000197
0.000194
0.000192
0.000192
0.000181
0.000181
0.000175
0.000170
0.000168
0.000166
0.000161
0.000161
0.000159
0.000159
0.000159
0.000157
0.000155
0.000155
0.000155
0.000150
0.000148
0.000139
0.000135
0.000124
0.000124
0.000122
0.000117
0.000115
0.001408
0.000886
0.000767
0.000729
0.000681
0.000656
0.000581
0.000477
0.000475
0.000433
0.000402
0.000371
0.000369
0.000365
0.000365
0.000345
0.000325
0.000301
0.000272
0.000265
0.000256
0.000256
0.000248
0.000225
0.000212
0.000197
0.000194
0.000194
0.000194
0.000192
0.000166
0.000161
0.000161
0.000161
0.000152
0.000152
0.000150
0.000148
0.000146
0.000141
0.000141
0.000139
0.000139
0.000137
0.000135
0.000130
0.000128
0.000126
0.000119
0.000119
0.000117
0.000117
0.000117
0.000115
0.001417
0.000606
0.000550
0.000429
0.000422
0.000413
0.000382
0.000371
0.000360
0.000323
0.000281
0.000278
0.000267
0.000267
0.000261
0.000256
0.000254
0.000248
0.000232
0.000225
0.000217
0.000208
0.000203
0.000201
0.000190
0.000181
0.000179
0.000177
0.000177
0.000172
0.000170
0.000168
0.000159
0.000150
0.000146
0.000141
0.000137
0.000135
0.000133
0.000128
0.000128
0.000122
0.000122
0.000122
0.000966
0.000855
0.000796
0.000652
0.000614
0.000544
0.000524
0.000466
0.000407
0.000404
0.000389
0.000371
0.000343
0.000325
0.000305
0.000276
0.000250
0.000245
0.000239
0.000232
0.000230
0.000225
0.000219
0.000217
0.000214
0.000206
0.000206
0.000203
0.000201
0.000201
0.000197
0.000197
0.000194
0.000192
0.000188
0.000188
0.000183
0.000179
0.000164
0.000164
0.000164
0.000157
0.000157
0.000152
0.000152
0.000146
0.000146
0.000141
0.000139
0.000139
0.000139
0.000130
0.000130
0.000128
0.000126
0.000126
0.000119
0.000955
0.000743
0.000707
0.000628
0.000519
0.000513
0.000508
0.000294
0.000292
0.000290
0.000287
0.000278
0.000267
0.000265
0.000263
0.000254
0.000245
0.000217
0.000210
0.000206
0.000203
0.000201
0.000192
0.000190
0.000186
0.000183
0.000179
0.000175
0.000172
0.000170
