2.94024544537938e-06
9.51388235294124e-07
4.84799999999979e-07
8.40568148614131e-07
3.26799999999992e-07
3.96000000000072e-08
1.30363537414963e-06
4.6723815789474e-07
2.87199999999984e-07
9.46799999999996e-07
4.90202739726022e-07
7.98625850720489e-07
3.55496447368422e-06
7.52355893536121e-07
4.90404312673375e-09
1.59354362934357e-06
1.83600000000069e-07
3.82251441635127e-07
1.12800000000001e-06
5.68000000000097e-08
2.53120000000001e-06
2.65199999999993e-07
1.87319340329814e-07
1.12226771550328e-06
1.83326462395541e-06
1.05919999999992e-06
1.34825709281957e-06
7.35366275452742e-07
3.47330269058296e-06
1.61799999999994e-06
1.21720999425112e-07
7.02425424981512e-07
1.42068770402607e-07
2.97720000000001e-06
3.66844193912057e-07
1.17160000000001e-06
2.61439999999999e-06
0
3.44000000000051e-08
2.94296103896115e-07
1.00576390773329e-07
1.40919999999994e-06
3.41686382117805e-06
2.8236e-06
2.73857186311787e-06
2.78400000000005e-07
2.47199366495652e-06
2.78639999999996e-06
1.82495853423337e-06
2.68399999999986e-07
3.41200000000015e-07
0
6.41200000000026e-07
2.52760000000001e-06
3.75479178972924e-06
8.91838870948917e-07
5.54000000000002e-07
2.27853076923079e-06
2.91239999999999e-06
1.77599999999984e-07
2.25999999999999e-07
5.87999999999965e-07
1.65279999999996e-06
1.42604840686274e-06
1.2516e-06
4.26800000000014e-07
1.30680000000001e-06
8.92480012882626e-07
8.17555555555524e-07
1.55092290197208e-06
1.69079999999997e-06
7.73200000000003e-07
3.11405464172254e-06
2.00519999999999e-06
1.51439999999999e-06
1.2072e-06
1.94080000000002e-06
2.86218426521523e-06
6.66228108108113e-07
9.42895818436179e-07
2.36901021087679e-06
2.56834136631822e-06
3.73199999999997e-07
9.97600000000034e-07
1.1096e-06
5.11999999999944e-08
1.6524e-06
6.4690666666668e-07
1.79617178467411e-06
1.79926252289683e-06
2.04199999999997e-06
1.97153598700243e-06
2.54839999999999e-06
1.86000000000007e-07
3.61999999999995e-07
3.61999999999995e-07
1.29671886026502e-06
6.01775688475727e-07
3.47200000000015e-07
7.52598193800345e-07
2.53582541436463e-06
1.2134199592668e-06
2.39657481688175e-07
3.11136569579289e-07
4.3200000000013e-08
0
2.3768e-06
2.88966859027225e-07
3.70445905420992e-06
2.69199999999955e-07
2.88691555555554e-06
9.4551206946967e-07
5.92261216819225e-08
5.05381663112691e-08
1.28000000000043e-07
1.4024e-06
1.128e-07
2.1628e-06
4.09392327811683e-06
2.3393143365984e-06
1.10242128851538e-06
0
9.50799999999987e-07
3.41940145985406e-07
9.1030000000001e-07
3.58702098068351e-06
3.24664257425743e-06
1.74342500799486e-07
4.97355056179776e-07
2.34212191500111e-06
2.49728235599048e-06
2.61333890547261e-06
1.09228976845358e-06
4.0164384787472e-06
5.78023755932213e-07
2.9731726404722e-06
2.55721712062257e-06
4.08970724774991e-07
9.42239080459768e-07
6.30400000000009e-07
1.95599999999985e-07
5.71999999999946e-08
