1284833
1280400
1277931
1275301
1273542
1273309
1273216
1278825
1278015
1274207
1274030
1273988
129162
1287535
1283487
1282793
1280753
1279392
1278949
1275948
1274908
1274794
1274720
1280227
1277652
1272667
1272168
1099237
1292416
1284315
1279757
1276111
1275797
1275069
1274378
1288033
1285269
1278176
1278104
1273306
1273286
1271859
1275587
1274483
1195500
1283831
1277284
1274394
1274296
1274141
1274117
1273847
1272665
1271749
1280512
1274239
1070006
1283862
1278118
1274644
1274464
1181417
1174140
1154117
1283434
1275576
1275572
1171456
1284250
1281627
1280873
1275774
1274809
1273493
1273328
1273040
1132878
1069649
1278475
1277319
1276528
1275430
1275334
1275062
1285526
1283921
1283221
1280423
1274411
1274345
1274245
1272077
1270107
1277486
1273800
1273415
1273365
1273180
1272801
1272537
1257759
1291188
1275320
1272985
1272929
