9568.634999999998 18756.09031816515 0.00035075535852292414 0.07029215765885102 0.0005682628713499888 0.004589954575548133 0.0012578596633689132 0.03569855052470912 0.0036502594152666504 0.01800465792665307
9568.634999999998 6068.9911778823935 0.00035075535852292414 0.07029215765885102 0.0005682628713499888 0.004589954575548133 0.0012578596633689132 0.03569855052470912 0.0036502594152666504 0.01800465792665307
9568.634999999998 3092.5828319998664 0.00035075535852292414 0.07029215765885102 0.0005682628713499888 0.004589954575548133 0.0012578596633689132 0.03569855052470912 0.0036502594152666504 0.01800465792665307
9568.634999999998 5362.0598711429175 0.00035075535852292414 0.07029215765885102 0.0005682628713499888 0.004589954575548133 0.0012578596633689132 0.03569855052470912 0.0036502594152666504 0.01800465792665307
9568.634999999998 2084.686611999949 0.00035075535852292414 0.07029215765885102 0.0005682628713499888 0.004589954575548133 0.0012578596633689132 0.03569855052470912 0.0036502594152666504 0.01800465792665307
9568.634999999998 252.61196400004593 0.00035075535852292414 0.07029215765885102 0.0005682628713499888 0.004589954575548133 0.0012578596633689132 0.03569855052470912 0.0036502594152666504 0.01800465792665307
9568.634999999998 8316.007378884164 0.00035075535852292414 0.07029215765885102 0.0005682628713499888 0.004589954575548133 0.0012578596633689132 0.03569855052470912 0.0036502594152666504 0.01800465792665307
9568.634999999998 2980.554260644757 0.00035075535852292414 0.07029215765885102 0.0005682628713499888 0.004589954575548133 0.0012578596633689132 0.03569855052470912 0.0036502594152666504 0.01800465792665307
9568.634999999998 1832.074647999898 0.00035075535852292414 0.07029215765885102 0.0005682628713499888 0.004589954575548133 0.0012578596633689132 0.03569855052470912 0.0036502594152666504 0.01800465792665307
9568.634999999998 6039.722411999974 0.00035075535852292414 0.07029215765885102 0.0005682628713499888 0.004589954575548133 0.0012578596633689132 0.03569855052470912 0.0036502594152666504 0.01800465792665307
9568.634999999998 3127.04739495887 0.00035075535852292414 0.07029215765885102 0.0005682628713499888 0.004589954575548133 0.0012578596633689132 0.03569855052470912 0.0036502594152666504 0.01800465792665307
9568.634999999998 1565.312702545728 0.00035075535852292414 0.07029215765885102 0.0005682628713499888 0.004589954575548133 0.0012578596633689132 0.03569855052470912 0.0036502594152666504 0.01800465792665307
9568.634999999998 5094.506178072564 0.00035075535852292414 0.07029215765885102 0.0005682628713499888 0.004589954575548133 0.0012578596633689132 0.03569855052470912 0.0036502594152666504 0.01800465792665307
9568.634999999998 3245.208353329522 0.00035075535852292414 0.07029215765885102 0.0005682628713499888 0.004589954575548133 0.0012578596633689132 0.03569855052470912 0.0036502594152666504 0.01800465792665307
9568.634999999998 10469.322118975257 0.00035075535852292414 0.07029215765885102 0.0005682628713499888 0.004589954575548133 0.0012578596633689132 0.03569855052470912 0.0036502594152666504 0.01800465792665307
9568.634999999998 8965.28356361054 0.00035075535852292414 0.07029215765885102 0.0005682628713499888 0.004589954575548133 0.0012578596633689132 0.03569855052470912 0.0036502594152666504 0.01800465792665307
9568.634999999998 2283.714220000389 0.00035075535852292414 0.07029215765885102 0.0005682628713499888 0.004589954575548133 0.0012578596633689132 0.03569855052470912 0.0036502594152666504 0.01800465792665307
9568.634999999998 3475.328232000057 0.00035075535852292414 0.07029215765885102 0.0005682628713499888 0.004589954575548133 0.0012578596633689132 0.03569855052470912 0.0036502594152666504 0.01800465792665307
9568.634999999998 2803.226284846378 0.00035075535852292414 0.07029215765885102 0.0005682628713499888 0.004589954575548133 0.0012578596633689132 0.03569855052470912 0.0036502594152666504 0.01800465792665307
9568.634999999998 295.98977600003576 0.00035075535852292414 0.07029215765885102 0.0005682628713499888 0.004589954575548133 0.0012578596633689132 0.03569855052470912 0.0036502594152666504 0.01800465792665307
9568.634999999998 13845.164241293542 0.00035075535852292414 0.07029215765885102 0.0005682628713499888 0.004589954575548133 0.0012578596633689132 0.03569855052470912 0.0036502594152666504 0.01800465792665307
9568.634999999998 16146.752608000064 0.00035075535852292414 0.07029215765885102 0.0005682628713499888 0.004589954575548133 0.0012578596633689132 0.03569855052470912 0.0036502594152666504 0.01800465792665307
9568.634999999998 18079.689009052974 0.00035075535852292414 0.07029215765885102 0.0005682628713499888 0.004589954575548133 0.0012578596633689132 0.03569855052470912 0.0036502594152666504 0.01800465792665307
9568.634999999998 1691.734667999955 0.00035075535852292414 0.07029215765885102 0.0005682628713499888 0.004589954575548133 0.0012578596633689132 0.03569855052470912 0.0036502594152666504 0.01800465792665307
9568.634999999998 1194.9269307045133 0.00035075535852292414 0.07029215765885102 0.0005682628713499888 0.004589954575548133 0.0012578596633689132 0.03569855052470912 0.0036502594152666504 0.01800465792665307
9568.634999999998 7159.046761289818 0.00035075535852292414 0.07029215765885102 0.0005682628713499888 0.004589954575548133 0.0012578596633689132 0.03569855052470912 0.0036502594152666504 0.01800465792665307
9568.634999999998 10941.415168000256 0.00035075535852292414 0.07029215765885102 0.0005682628713499888 0.004589954575548133 0.0012578596633689132 0.03569855052470912 0.0036502594152666504 0.01800465792665307
9568.634999999998 1470.7500707238892 0.00035075535852292414 0.07029215765885102 0.0005682628713499888 0.004589954575548133 0.0012578596633689132 0.03569855052470912 0.0036502594152666504 0.01800465792665307
9568.634999999998 6756.732127999489 0.00035075535852292414 0.07029215765885102 0.0005682628713499888 0.004589954575548133 0.0012578596633689132 0.03569855052470912 0.0036502594152666504 0.01800465792665307
9568.634999999998 5133.891632 0.00035075535852292414 0.07029215765885102 0.0005682628713499888 0.004589954575548133 0.0012578596633689132 0.03569855052470912 0.0036502594152666504 0.01800465792665307
9568.634999999998 8600.653338234391 0.00035075535852292414 0.07029215765885102 0.0005682628713499888 0.004589954575548133 0.0012578596633689132 0.03569855052470912 0.0036502594152666504 0.01800465792665307
9568.634999999998 22156.510460470854 0.00035075535852292414 0.07029215765885102 0.0005682628713499888 0.004589954575548133 0.0012578596633689132 0.03569855052470912 0.0036502594152666504 0.01800465792665307
9568.634999999998 11819.177952000002 0.00035075535852292414 0.07029215765885102 0.0005682628713499888 0.004589954575548133 0.0012578596633689132 0.03569855052470912 0.0036502594152666504 0.01800465792665307
9568.634999999998 1591.629039680597 0.00035075535852292414 0.07029215765885102 0.0005682628713499888 0.004589954575548133 0.0012578596633689132 0.03569855052470912 0.0036502594152666504 0.01800465792665307
9568.634999999998 5743.732635999942 0.00035075535852292414 0.07029215765885102 0.0005682628713499888 0.004589954575548133 0.0012578596633689132 0.03569855052470912 0.0036502594152666504 0.01800465792665307
9568.634999999998 2327.0353289778664 0.00035075535852292414 0.07029215765885102 0.0005682628713499888 0.004589954575548133 0.0012578596633689132 0.03569855052470912 0.0036502594152666504 0.01800465792665307
9568.634999999998 0.0 0.00035075535852292414 0.07029215765885102 0.0005682628713499888 0.004589954575548133 0.0012578596633689132 0.03569855052470912 0.0036502594152666504 0.01800465792665307
9568.634999999998 6805.742024229289 0.00035075535852292414 0.07029215765885102 0.0005682628713499888 0.004589954575548133 0.0012578596633689132 0.03569855052470912 0.0036502594152666504 0.01800465792665307
9568.634999999998 10561.168428858258 0.00035075535852292414 0.07029215765885102 0.0005682628713499888 0.004589954575548133 0.0012578596633689132 0.03569855052470912 0.0036502594152666504 0.01800465792665307
9568.634999999998 8438.48423222364 0.00035075535852292414 0.07029215765885102 0.0005682628713499888 0.004589954575548133 0.0012578596633689132 0.03569855052470912 0.0036502594152666504 0.01800465792665307
9568.634999999998 1127.8231120000894 0.00035075535852292414 0.07029215765885102 0.0005682628713499888 0.004589954575548133 0.0012578596633689132 0.03569855052470912 0.0036502594152666504 0.01800465792665307
9568.634999999998 219.44069600003252 0.00035075535852292414 0.07029215765885102 0.0005682628713499888 0.004589954575548133 0.0012578596633689132 0.03569855052470912 0.0036502594152666504 0.01800465792665307
9568.634999999998 13037.814628269396 0.00035075535852292414 0.07029215765885102 0.0005682628713499888 0.004589954575548133 0.0012578596633689132 0.03569855052470912 0.0036502594152666504 0.01800465792665307
9568.634999999998 21796.481833038688 0.00035075535852292414 0.07029215765885102 0.0005682628713499888 0.004589954575548133 0.0012578596633689132 0.03569855052470912 0.0036502594152666504 0.01800465792665307
9568.634999999998 1385.5383480000319 0.00035075535852292414 0.07029215765885102 0.0005682628713499888 0.004589954575548133 0.0012578596633689132 0.03569855052470912 0.0036502594152666504 0.01800465792665307
9568.634999999998 2191.3652394238325 0.00035075535852292414 0.07029215765885102 0.0005682628713499888 0.004589954575548133 0.0012578596633689132 0.03569855052470912 0.0036502594152666504 0.01800465792665307
9568.634999999998 18011.998524000002 0.00035075535852292414 0.07029215765885102 0.0005682628713499888 0.004589954575548133 0.0012578596633689132 0.03569855052470912 0.0036502594152666504 0.01800465792665307
9568.634999999998 4817.488768000013 0.00035075535852292414 0.07029215765885102 0.0005682628713499888 0.004589954575548133 0.0012578596633689132 0.03569855052470912 0.0036502594152666504 0.01800465792665307
9568.634999999998 179.9013049167132 0.00035075535852292414 0.07029215765885102 0.0005682628713499888 0.004589954575548133 0.0012578596633689132 0.03569855052470912 0.0036502594152666504 0.01800465792665307
9568.634999999998 2183.45067927293 0.00035075535852292414 0.07029215765885102 0.0005682628713499888 0.004589954575548133 0.0012578596633689132 0.03569855052470912 0.0036502594152666504 0.01800465792665307
9568.634999999998 16945.414676 0.00035075535852292414 0.07029215765885102 0.0005682628713499888 0.004589954575548133 0.0012578596633689132 0.03569855052470912 0.0036502594152666504 0.01800465792665307
9568.634999999998 13698.97734883619 0.00035075535852292414 0.07029215765885102 0.0005682628713499888 0.004589954575548133 0.0012578596633689132 0.03569855052470912 0.0036502594152666504 0.01800465792665307
9568.634999999998 22030.82522399994 0.00035075535852292414 0.07029215765885102 0.0005682628713499888 0.004589954575548133 0.0012578596633689132 0.03569855052470912 0.0036502594152666504 0.01800465792665307
9568.634999999998 17774.696375999745 0.00035075535852292414 0.07029215765885102 0.0005682628713499888 0.004589954575548133 0.0012578596633689132 0.03569855052470912 0.0036502594152666504 0.01800465792665307
9568.634999999998 11641.57473614275 0.00035075535852292414 0.07029215765885102 0.0005682628713499888 0.004589954575548133 0.0012578596633689132 0.03569855052470912 0.0036502594152666504 0.01800465792665307
9568.634999999998 16123.787884000065 0.00035075535852292414 0.07029215765885102 0.0005682628713499888 0.004589954575548133 0.0012578596633689132 0.03569855052470912 0.0036502594152666504 0.01800465792665307
9568.634999999998 23952.154757943903 0.00035075535852292414 0.07029215765885102 0.0005682628713499888 0.004589954575548133 0.0012578596633689132 0.03569855052470912 0.0036502594152666504 0.01800465792665307
9568.634999999998 5560.014844000007 0.00035075535852292414 0.07029215765885102 0.0005682628713499888 0.004589954575548133 0.0012578596633689132 0.03569855052470912 0.0036502594152666504 0.01800465792665307
9568.634999999998 3534.0158600000127 0.00035075535852292414 0.07029215765885102 0.0005682628713499888 0.004589954575548133 0.0012578596633689132 0.03569855052470912 0.0036502594152666504 0.01800465792665307
9568.634999999998 14534.952844692438 0.00035075535852292414 0.07029215765885102 0.0005682628713499888 0.004589954575548133 0.0012578596633689132 0.03569855052470912 0.0036502594152666504 0.01800465792665307
9568.634999999998 9904.50389088406 0.00035075535852292414 0.07029215765885102 0.0005682628713499888 0.004589954575548133 0.0012578596633689132 0.03569855052470912 0.0036502594152666504 0.01800465792665307
9568.634999999998 18578.461715999936 0.00035075535852292414 0.07029215765885102 0.0005682628713499888 0.004589954575548133 0.0012578596633689132 0.03569855052470912 0.0036502594152666504 0.01800465792665307
9568.634999999998 17039.825208000002 0.00035075535852292414 0.07029215765885102 0.0005682628713499888 0.004589954575548133 0.0012578596633689132 0.03569855052470912 0.0036502594152666504 0.01800465792665307
9568.634999999998 1132.9263839998978 0.00035075535852292414 0.07029215765885102 0.0005682628713499888 0.004589954575548133 0.0012578596633689132 0.03569855052470912 0.0036502594152666504 0.01800465792665307
9568.634999999998 2299.024035999809 0.00035075535852292414 0.07029215765885102 0.0005682628713499888 0.004589954575548133 0.0012578596633689132 0.03569855052470912 0.0036502594152666504 0.01800465792665307
9568.634999999998 1441.6743399999937 0.00035075535852292414 0.07029215765885102 0.0005682628713499888 0.004589954575548133 0.0012578596633689132 0.03569855052470912 0.0036502594152666504 0.01800465792665307
9568.634999999998 10543.359951999744 0.00035075535852292414 0.07029215765885102 0.0005682628713499888 0.004589954575548133 0.0012578596633689132 0.03569855052470912 0.0036502594152666504 0.01800465792665307
9568.634999999998 19518.266474133256 0.00035075535852292414 0.07029215765885102 0.0005682628713499888 0.004589954575548133 0.0012578596633689132 0.03569855052470912 0.0036502594152666504 0.01800465792665307
9568.634999999998 22130.339028000006 0.00035075535852292414 0.07029215765885102 0.0005682628713499888 0.004589954575548133 0.0012578596633689132 0.03569855052470912 0.0036502594152666504 0.01800465792665307
9568.634999999998 7984.069044000002 0.00035075535852292414 0.07029215765885102 0.0005682628713499888 0.004589954575548133 0.0012578596633689132 0.03569855052470912 0.0036502594152666504 0.01800465792665307
9568.634999999998 2722.5956120000897 0.00035075535852292414 0.07029215765885102 0.0005682628713499888 0.004589954575548133 0.0012578596633689132 0.03569855052470912 0.0036502594152666504 0.01800465792665307
9568.634999999998 4049.446331999898 0.00035075535852292414 0.07029215765885102 0.0005682628713499888 0.004589954575548133 0.0012578596633689132 0.03569855052470912 0.0036502594152666504 0.01800465792665307
9568.634999999998 3608.013304000115 0.00035075535852292414 0.07029215765885102 0.0005682628713499888 0.004589954575548133 0.0012578596633689132 0.03569855052470912 0.0036502594152666504 0.01800465792665307
9568.634999999998 3608.013304000115 0.00035075535852292414 0.07029215765885102 0.0005682628713499888 0.004589954575548133 0.0012578596633689132 0.03569855052470912 0.0036502594152666504 0.01800465792665307
9568.634999999998 3664.60305830996 0.00035075535852292414 0.07029215765885102 0.0005682628713499888 0.004589954575548133 0.0012578596633689132 0.03569855052470912 0.0036502594152666504 0.01800465792665307
9568.634999999998 5215.260468888688 0.00035075535852292414 0.07029215765885102 0.0005682628713499888 0.004589954575548133 0.0012578596633689132 0.03569855052470912 0.0036502594152666504 0.01800465792665307
9568.634999999998 5208.02802647516 0.00035075535852292414 0.07029215765885102 0.0005682628713499888 0.004589954575548133 0.0012578596633689132 0.03569855052470912 0.0036502594152666504 0.01800465792665307
9568.634999999998 4832.313940663491 0.00035075535852292414 0.07029215765885102 0.0005682628713499888 0.004589954575548133 0.0012578596633689132 0.03569855052470912 0.0036502594152666504 0.01800465792665307
9568.634999999998 6140.113190971897 0.00035075535852292414 0.07029215765885102 0.0005682628713499888 0.004589954575548133 0.0012578596633689132 0.03569855052470912 0.0036502594152666504 0.01800465792665307
9568.634999999998 6772.041944 0.00035075535852292414 0.07029215765885102 0.0005682628713499888 0.004589954575548133 0.0012578596633689132 0.03569855052470912 0.0036502594152666504 0.01800465792665307
9568.634999999998 6685.28632 0.00035075535852292414 0.07029215765885102 0.0005682628713499888 0.004589954575548133 0.0012578596633689132 0.03569855052470912 0.0036502594152666504 0.01800465792665307
9568.634999999998 8744.456571999808 0.00035075535852292414 0.07029215765885102 0.0005682628713499888 0.004589954575548133 0.0012578596633689132 0.03569855052470912 0.0036502594152666504 0.01800465792665307
9568.634999999998 6062.687136000013 0.00035075535852292414 0.07029215765885102 0.0005682628713499888 0.004589954575548133 0.0012578596633689132 0.03569855052470912 0.0036502594152666504 0.01800465792665307
9568.634999999998 21905.79505999981 0.00035075535852292414 0.07029215765885102 0.0005682628713499888 0.004589954575548133 0.0012578596633689132 0.03569855052470912 0.0036502594152666504 0.01800465792665307
9568.634999999998 15112.129346102023 0.00035075535852292414 0.07029215765885102 0.0005682628713499888 0.004589954575548133 0.0012578596633689132 0.03569855052470912 0.0036502594152666504 0.01800465792665307
9568.634999999998 1910.325645815418 0.00035075535852292414 0.07029215765885102 0.0005682628713499888 0.004589954575548133 0.0012578596633689132 0.03569855052470912 0.0036502594152666504 0.01800465792665307
9568.634999999998 2684.3210720000893 0.00035075535852292414 0.07029215765885102 0.0005682628713499888 0.004589954575548133 0.0012578596633689132 0.03569855052470912 0.0036502594152666504 0.01800465792665307
9568.634999999998 2380.676387999981 0.00035075535852292414 0.07029215765885102 0.0005682628713499888 0.004589954575548133 0.0012578596633689132 0.03569855052470912 0.0036502594152666504 0.01800465792665307
9568.634999999998 7027.205543999745 0.00035075535852292414 0.07029215765885102 0.0005682628713499888 0.004589954575548133 0.0012578596633689132 0.03569855052470912 0.0036502594152666504 0.01800465792665307
9568.634999999998 326.6094079999642 0.00035075535852292414 0.07029215765885102 0.0005682628713499888 0.004589954575548133 0.0012578596633689132 0.03569855052470912 0.0036502594152666504 0.01800465792665307
9568.634999999998 4126.675848266752 0.00035075535852292414 0.07029215765885102 0.0005682628713499888 0.004589954575548133 0.0012578596633689132 0.03569855052470912 0.0036502594152666504 0.01800465792665307
9568.634999999998 931.2871202966522 0.00035075535852292414 0.07029215765885102 0.0005682628713499888 0.004589954575548133 0.0012578596633689132 0.03569855052470912 0.0036502594152666504 0.01800465792665307
9568.634999999998 4302.590694627666 0.00035075535852292414 0.07029215765885102 0.0005682628713499888 0.004589954575548133 0.0012578596633689132 0.03569855052470912 0.0036502594152666504 0.01800465792665307
9568.634999999998 324.0577720002418 0.00035075535852292414 0.07029215765885102 0.0005682628713499888 0.004589954575548133 0.0012578596633689132 0.03569855052470912 0.0036502594152666504 0.01800465792665307
9568.634999999998 11477.657567185941 0.00035075535852292414 0.07029215765885102 0.0005682628713499888 0.004589954575548133 0.0012578596633689132 0.03569855052470912 0.0036502594152666504 0.01800465792665307
9568.634999999998 12333.463228909826 0.00035075535852292414 0.07029215765885102 0.0005682628713499888 0.004589954575548133 0.0012578596633689132 0.03569855052470912 0.0036502594152666504 0.01800465792665307
9568.634999999998 2865.0767203013284 0.00035075535852292414 0.07029215765885102 0.0005682628713499888 0.004589954575548133 0.0012578596633689132 0.03569855052470912 0.0036502594152666504 0.01800465792665307
9568.634999999998 3222.7162680000124 0.00035075535852292414 0.07029215765885102 0.0005682628713499888 0.004589954575548133 0.0012578596633689132 0.03569855052470912 0.0036502594152666504 0.01800465792665307
9568.634999999998 16256.472955999936 0.00035075535852292414 0.07029215765885102 0.0005682628713499888 0.004589954575548133 0.0012578596633689132 0.03569855052470912 0.0036502594152666504 0.01800465792665307
9568.634999999998 5881.258437761802 0.00035075535852292414 0.07029215765885102 0.0005682628713499888 0.004589954575548133 0.0012578596633689132 0.03569855052470912 0.0036502594152666504 0.01800465792665307
9568.634999999998 832.0088006131089 0.00035075535852292414 0.07029215765885102 0.0005682628713499888 0.004589954575548133 0.0012578596633689132 0.03569855052470912 0.0036502594152666504 0.01800465792665307
9568.634999999998 2309.2305799999685 0.00035075535852292414 0.07029215765885102 0.0005682628713499888 0.004589954575548133 0.0012578596633689132 0.03569855052470912 0.0036502594152666504 0.01800465792665307
9568.634999999998 8271.886314327987 0.00035075535852292414 0.07029215765885102 0.0005682628713499888 0.004589954575548133 0.0012578596633689132 0.03569855052470912 0.0036502594152666504 0.01800465792665307
9568.634999999998 17759.386559999937 0.00035075535852292414 0.07029215765885102 0.0005682628713499888 0.004589954575548133 0.0012578596633689132 0.03569855052470912 0.0036502594152666504 0.01800465792665307
9568.634999999998 3838.7812765986255 0.00035075535852292414 0.07029215765885102 0.0005682628713499888 0.004589954575548133 0.0012578596633689132 0.03569855052470912 0.0036502594152666504 0.01800465792665307
9568.634999999998 3836.968590087487 0.00035075535852292414 0.07029215765885102 0.0005682628713499888 0.004589954575548133 0.0012578596633689132 0.03569855052470912 0.0036502594152666504 0.01800465792665307
9568.634999999998 7111.300608407932 0.00035075535852292414 0.07029215765885102 0.0005682628713499888 0.004589954575548133 0.0012578596633689132 0.03569855052470912 0.0036502594152666504 0.01800465792665307
9568.634999999998 2763.6526875764293 0.00035075535852292414 0.07029215765885102 0.0005682628713499888 0.004589954575548133 0.0012578596633689132 0.03569855052470912 0.0036502594152666504 0.01800465792665307
9568.634999999998 1613.1668430555478 0.00035075535852292414 0.07029215765885102 0.0005682628713499888 0.004589954575548133 0.0012578596633689132 0.03569855052470912 0.0036502594152666504 0.01800465792665307
9568.634999999998 16176.258542519268 0.00035075535852292414 0.07029215765885102 0.0005682628713499888 0.004589954575548133 0.0012578596633689132 0.03569855052470912 0.0036502594152666504 0.01800465792665307
9568.634999999998 12441.777136 0.00035075535852292414 0.07029215765885102 0.0005682628713499888 0.004589954575548133 0.0012578596633689132 0.03569855052470912 0.0036502594152666504 0.01800465792665307
9568.634999999998 13327.511755636966 0.00035075535852292414 0.07029215765885102 0.0005682628713499888 0.004589954575548133 0.0012578596633689132 0.03569855052470912 0.0036502594152666504 0.01800465792665307
9568.634999999998 11490.797527076731 0.00035075535852292414 0.07029215765885102 0.0005682628713499888 0.004589954575548133 0.0012578596633689132 0.03569855052470912 0.0036502594152666504 0.01800465792665307
9568.634999999998 15161.821111999998 0.00035075535852292414 0.07029215765885102 0.0005682628713499888 0.004589954575548133 0.0012578596633689132 0.03569855052470912 0.0036502594152666504 0.01800465792665307
9568.634999999998 0.0 0.00035075535852292414 0.07029215765885102 0.0005682628713499888 0.004589954575548133 0.0012578596633689132 0.03569855052470912 0.0036502594152666504 0.01800465792665307
9568.634999999998 16514.188191999936 0.00035075535852292414 0.07029215765885102 0.0005682628713499888 0.004589954575548133 0.0012578596633689132 0.03569855052470912 0.0036502594152666504 0.01800465792665307
9568.634999999998 1717.2510279997132 0.00035075535852292414 0.07029215765885102 0.0005682628713499888 0.004589954575548133 0.0012578596633689132 0.03569855052470912 0.0036502594152666504 0.01800465792665307
9568.634999999998 14679.02586777559 0.00035075535852292414 0.07029215765885102 0.0005682628713499888 0.004589954575548133 0.0012578596633689132 0.03569855052470912 0.0036502594152666504 0.01800465792665307
9568.634999999998 3418.4998790633986 0.00035075535852292414 0.07029215765885102 0.0005682628713499888 0.004589954575548133 0.0012578596633689132 0.03569855052470912 0.0036502594152666504 0.01800465792665307
9568.634999999998 10140.201463999745 0.00035075535852292414 0.07029215765885102 0.0005682628713499888 0.004589954575548133 0.0012578596633689132 0.03569855052470912 0.0036502594152666504 0.01800465792665307
9568.634999999998 377.8087605599351 0.00035075535852292414 0.07029215765885102 0.0005682628713499888 0.004589954575548133 0.0012578596633689132 0.03569855052470912 0.0036502594152666504 0.01800465792665307
9568.634999999998 816.5235200002744 0.00035075535852292414 0.07029215765885102 0.0005682628713499888 0.004589954575548133 0.0012578596633689132 0.03569855052470912 0.0036502594152666504 0.01800465792665307
9568.634999999998 13796.695851999999 0.00035075535852292414 0.07029215765885102 0.0005682628713499888 0.004589954575548133 0.0012578596633689132 0.03569855052470912 0.0036502594152666504 0.01800465792665307
9568.634999999998 21880.906061259524 0.00035075535852292414 0.07029215765885102 0.0005682628713499888 0.004589954575548133 0.0012578596633689132 0.03569855052470912 0.0036502594152666504 0.01800465792665307
9568.634999999998 26115.50504420229 0.00035075535852292414 0.07029215765885102 0.0005682628713499888 0.004589954575548133 0.0012578596633689132 0.03569855052470912 0.0036502594152666504 0.01800465792665307
9568.634999999998 5699.600931545338 0.00035075535852292414 0.07029215765885102 0.0005682628713499888 0.004589954575548133 0.0012578596633689132 0.03569855052470912 0.0036502594152666504 0.01800465792665307
9568.634999999998 4158.874969427413 0.00035075535852292414 0.07029215765885102 0.0005682628713499888 0.004589954575548133 0.0012578596633689132 0.03569855052470912 0.0036502594152666504 0.01800465792665307
9568.634999999998 844.5915159999362 0.00035075535852292414 0.07029215765885102 0.0005682628713499888 0.004589954575548133 0.0012578596633689132 0.03569855052470912 0.0036502594152666504 0.01800465792665307
9568.634999999998 5470.286396922389 0.00035075535852292414 0.07029215765885102 0.0005682628713499888 0.004589954575548133 0.0012578596633689132 0.03569855052470912 0.0036502594152666504 0.01800465792665307
9568.634999999998 6162.1732271391675 0.00035075535852292414 0.07029215765885102 0.0005682628713499888 0.004589954575548133 0.0012578596633689132 0.03569855052470912 0.0036502594152666504 0.01800465792665307
9568.634999999998 0.0 0.00035075535852292414 0.07029215765885102 0.0005682628713499888 0.004589954575548133 0.0012578596633689132 0.03569855052470912 0.0036502594152666504 0.01800465792665307
9568.634999999998 0.0 0.00035075535852292414 0.07029215765885102 0.0005682628713499888 0.004589954575548133 0.0012578596633689132 0.03569855052470912 0.0036502594152666504 0.01800465792665307
9568.634999999998 4143.856863999949 0.00035075535852292414 0.07029215765885102 0.0005682628713499888 0.004589954575548133 0.0012578596633689132 0.03569855052470912 0.0036502594152666504 0.01800465792665307
9568.634999999998 6065.238771999918 0.00035075535852292414 0.07029215765885102 0.0005682628713499888 0.004589954575548133 0.0012578596633689132 0.03569855052470912 0.0036502594152666504 0.01800465792665307
9568.634999999998 2181.2669658540435 0.00035075535852292414 0.07029215765885102 0.0005682628713499888 0.004589954575548133 0.0012578596633689132 0.03569855052470912 0.0036502594152666504 0.01800465792665307
9568.634999999998 13787.93205545795 0.00035075535852292414 0.07029215765885102 0.0005682628713499888 0.004589954575548133 0.0012578596633689132 0.03569855052470912 0.0036502594152666504 0.01800465792665307
9568.634999999998 22881.92966766837 0.00035075535852292414 0.07029215765885102 0.0005682628713499888 0.004589954575548133 0.0012578596633689132 0.03569855052470912 0.0036502594152666504 0.01800465792665307
9568.634999999998 5567.019718687553 0.00035075535852292414 0.07029215765885102 0.0005682628713499888 0.004589954575548133 0.0012578596633689132 0.03569855052470912 0.0036502594152666504 0.01800465792665307
9568.634999999998 3172.672665325847 0.00035075535852292414 0.07029215765885102 0.0005682628713499888 0.004589954575548133 0.0012578596633689132 0.03569855052470912 0.0036502594152666504 0.01800465792665307
9568.634999999998 14115.7413929546 0.00035075535852292414 0.07029215765885102 0.0005682628713499888 0.004589954575548133 0.0012578596633689132 0.03569855052470912 0.0036502594152666504 0.01800465792665307
9568.634999999998 425.2060288583222 0.00035075535852292414 0.07029215765885102 0.0005682628713499888 0.004589954575548133 0.0012578596633689132 0.03569855052470912 0.0036502594152666504 0.01800465792665307
9568.634999999998 15930.38890427531 0.00035075535852292414 0.07029215765885102 0.0005682628713499888 0.004589954575548133 0.0012578596633689132 0.03569855052470912 0.0036502594152666504 0.01800465792665307
9568.634999999998 16725.726664318154 0.00035075535852292414 0.07029215765885102 0.0005682628713499888 0.004589954575548133 0.0012578596633689132 0.03569855052470912 0.0036502594152666504 0.01800465792665307
9568.634999999998 6967.814739044548 0.00035075535852292414 0.07029215765885102 0.0005682628713499888 0.004589954575548133 0.0012578596633689132 0.03569855052470912 0.0036502594152666504 0.01800465792665307
9568.634999999998 10887.06770590657 0.00035075535852292414 0.07029215765885102 0.0005682628713499888 0.004589954575548133 0.0012578596633689132 0.03569855052470912 0.0036502594152666504 0.01800465792665307
9568.634999999998 25621.22253539148 0.00035075535852292414 0.07029215765885102 0.0005682628713499888 0.004589954575548133 0.0012578596633689132 0.03569855052470912 0.0036502594152666504 0.01800465792665307
9568.634999999998 47699.410975789506 0.00035075535852292414 0.07029215765885102 0.0005682628713499888 0.004589954575548133 0.0012578596633689132 0.03569855052470912 0.0036502594152666504 0.01800465792665307
9568.634999999998 3680.2212006186755 0.00035075535852292414 0.07029215765885102 0.0005682628713499888 0.004589954575548133 0.0012578596633689132 0.03569855052470912 0.0036502594152666504 0.01800465792665307
9568.634999999998 18966.13585910981 0.00035075535852292414 0.07029215765885102 0.0005682628713499888 0.004589954575548133 0.0012578596633689132 0.03569855052470912 0.0036502594152666504 0.01800465792665307
9568.634999999998 34760.93722799974 0.00035075535852292414 0.07029215765885102 0.0005682628713499888 0.004589954575548133 0.0012578596633689132 0.03569855052470912 0.0036502594152666504 0.01800465792665307
9568.634999999998 21862.417247999998 0.00035075535852292414 0.07029215765885102 0.0005682628713499888 0.004589954575548133 0.0012578596633689132 0.03569855052470912 0.0036502594152666504 0.01800465792665307
9568.634999999998 30057.7525852455 0.00035075535852292414 0.07029215765885102 0.0005682628713499888 0.004589954575548133 0.0012578596633689132 0.03569855052470912 0.0036502594152666504 0.01800465792665307
