1273216	0.000854
1273216	0.000854
1273216	0.000854
1273216	0.001708
1273216	0.001708
1273216	0.005978
1273216	0.005978
1273309	0.000854
1273309	0.002562
1273216	0.004270
1273309	0.000854
1273216	0.002562
1273309	0.000854
1273216	0.003416
1273309	0.001708
1273216	0.005978
1273309	0.002562
1273216	0.009394
1273309	0.001708
1273216	0.009394
1273309	0.003416
1273216	0.011102
1273309	0.002562
1273216	0.011956
1273309	0.002562
1273216	0.013664
1273309	0.004270
1273216	0.011102
1273309	0.006832
1273216	0.012810
1273309	0.009394
1273216	0.012810
1273309	0.008540
1273216	0.017933
1273309	0.007686
1273216	0.019641
1273309	0.006832
1273216	0.019641
1273309	0.011102
1273216	0.017933
1273309	0.017933
1273216	0.012810
1273309	0.022203
1273216	0.010248
1273542	0.000854
1273542	0.001708
1273309	0.023911
1273216	0.016225
1273542	0.003416
1273309	0.025619
1273216	0.010248
1273542	0.006832
1273309	0.021349
1273216	0.011102
1273542	0.011956
1273309	0.026473
1273216	0.012810
1273542	0.013664
1273309	0.025619
1273216	0.011956
1273542	0.012810
1273309	0.035867
1273216	0.006832
1273542	0.013664
1273309	0.034159
1273216	0.005978
1273542	0.014518
1273309	0.031597
1273216	0.009394
1273542	0.014518
1273309	0.026473
1273216	0.013664
1273542	0.011102
1273309	0.027327
1273216	0.016225
1273542	0.010248
1273309	0.023911
1273216	0.023057
1273542	0.014518
1273309	0.023911
1273216	0.023911
1273542	0.014518
1273309	0.012810
1273216	0.029035
1273542	0.013664
1273309	0.012810
1273216	0.027327
1273542	0.015371
1273309	0.018787
1273216	0.017079
1273542	0.017079
1273309	0.021349
1273216	0.017933
1273542	0.020495
1273309	0.018787
1273216	0.016225
1273542	0.014518
1273309	0.015371
1273216	0.012810
1273542	0.014518
1273309	0.015371
1273216	0.015371
1273542	0.017933
1273309	0.013664
1273216	0.012810
1273542	0.016225
1273309	0.012810
1273216	0.013664
1273542	0.008540
1273309	0.016225
1273216	0.012810
1273542	0.011102
1273309	0.015371
1273216	0.016225
1273542	0.013664
1273309	0.020495
1273216	0.014518
1273542	0.016225
1273309	0.017933
1273216	0.019641
1273542	0.019641
1273309	0.011102
1273216	0.022203
1273542	0.019641
1273309	0.006832
1273216	0.022203
1273542	0.020495
1273309	0.012810
1273216	0.017933
1273542	0.016225
1273309	0.016225
1273216	0.017079
1273542	0.015109
1273309	0.016447
1273216	0.018008
1273542	0.016169
1273309	0.016670
1273216	0.018455
1273542	0.015667
1273309	0.015667
1273216	0.017785
1273542	0.017674
1273309	0.016670
1273216	0.017562
1273542	0.019012
1273309	0.018455
1273216	0.014998
1273542	0.021019
1273309	0.018733
1273216	0.014329
1273542	0.020963
1273309	0.019904
1273216	0.013437
1273542	0.021298
1273309	0.021186
1273216	0.012489
1275301	0.000056
1275301	0.000112
1273542	0.019681
1273309	0.020239
1273216	0.012823
1275301	0.000112
1273542	0.018566
1273309	0.019235
1273216	0.012266
1275301	0.000223
1273542	0.017116
1273309	0.018956
1273216	0.010928
1275301	0.000112
1273542	0.015667
1273309	0.018733
1273216	0.011485
1275301	0.000223
1273542	0.015277
1273309	0.017562
1273216	0.011485
1275301	0.000112
1273542	0.014552
1273309	0.019012
1273216	0.009701
1275301	0.000167
1273542	0.014050
1273309	0.019291
1273216	0.008642
1275301	0.000056
1273542	0.014217
1273309	0.017395
1273216	0.008865
1275301	0.000112
1273542	0.014496
1273309	0.018455
1273216	0.008642
1275301	0.000167
1273542	0.014440
1273309	0.020071
1273216	0.008809
1275301	0.000167
1273542	0.014440
1273309	0.017897
1273216	0.007638
1275301	0.000279
1273542	0.016670
1273309	0.018901
1273216	0.008084
1275301	0.000335
1273542	0.016392
1273309	0.017339
1273216	0.008140
1277931	0.000056
1277931	0.000056
1275301	0.000223
1273542	0.016726
1273309	0.017172
1273216	0.008307
1277931	0.000112
1275301	0.000390
1273542	0.017953
1273309	0.017451
1273216	0.007750
1277931	0.000390
1275301	0.000613
1273542	0.018733
1273309	0.016893
1273216	0.007192
1277931	0.000279
1275301	0.000781
1273542	0.019625
1273309	0.015277
1273216	0.007360
1277931	0.000502
1275301	0.000725
1273542	0.020239
1273309	0.015723
1273216	0.008363
1277931	0.000502
1275301	0.000892
1273542	0.020071
1273309	0.016336
1273216	0.008530
1277931	0.000948
1275301	0.001227
1273542	0.022134
1273309	0.017005
1273216	0.008586
1277931	0.001115
1275301	0.001505
1273542	0.022971
1273309	0.017116
1273216	0.009590
1277931	0.001450
1275301	0.000892
1273542	0.023138
1273309	0.016280
1273216	0.010705
1277931	0.001561
1275301	0.001004
1273542	0.021744
1273309	0.016057
1273216	0.010872
1277931	0.001951
1275301	0.001004
1273542	0.022803
1273309	0.015778
1273216	0.010872
1277931	0.002397
1275301	0.001171
1273542	0.023249
1273309	0.015778
1273216	0.010928
1277931	0.002899
1275301	0.001450
1273542	0.021688
1273309	0.014831
1273216	0.010760
1280400	0.000056
1280400	0.000112
1277931	0.003624
1275301	0.001059
1273542	0.022023
1273309	0.014273
1273216	0.011039
1280400	0.000112
1277931	0.004126
1275301	0.001115
1273542	0.021131
1273309	0.013883
1273216	0.010537
1280400	0.000223
1277931	0.004516
1275301	0.000948
1273542	0.023026
1273309	0.013604
1273216	0.010426
1280400	0.000223
1277931	0.003847
1275301	0.000836
1273542	0.022915
1273309	0.013715
1273216	0.010259
1280400	0.000223
1277931	0.003568
1275301	0.000781
1273542	0.020183
1273309	0.013158
1273216	0.010036
1280400	0.000279
1277931	0.004349
1275301	0.000613
1273542	0.022023
1273309	0.014496
1273216	0.010370
1280400	0.000446
1277931	0.004906
1275301	0.000669
1273542	0.021632
1273309	0.013548
1273216	0.010816
1280400	0.000390
1277931	0.004460
1275301	0.000613
1273542	0.022469
1273309	0.012600
1273216	0.010872
1280400	0.000223
1277931	0.004683
1275301	0.000836
1273542	0.021632
1273309	0.014161
1273216	0.011262
1280400	0.000335
1277931	0.004628
1275301	0.000725
1273542	0.023194
1273309	0.013548
1273216	0.011931
1280400	0.000446
1277931	0.004126
1275301	0.001059
1273542	0.023417
1273309	0.014440
1273216	0.012377
1280400	0.000502
1277931	0.004572
1275301	0.001338
1273542	0.023417
1273309	0.014384
1273216	0.011764
1280400	0.000669
1277931	0.005297
1275301	0.001394
1273542	0.022525
1273309	0.014552
1273216	0.011764
1280400	0.000892
1277931	0.005297
1275301	0.001561
1273542	0.022971
1273309	0.015165
1273216	0.010091
1280400	0.000781
1277931	0.005631
1275301	0.002063
1273542	0.023194
1273309	0.013492
1273216	0.008976
1280400	0.001004
1277931	0.005408
1275301	0.002119
1273542	0.022580
1273309	0.014552
1273216	0.010203
1280400	0.000892
1277931	0.006523
1275301	0.002063
1273542	0.021354
1273309	0.014719
1273216	0.009868
1280400	0.001171
1277931	0.006467
1275301	0.002063
1273542	0.020239
1273309	0.014384
1273216	0.009980
1280400	0.001171
1277931	0.007415
1275301	0.002397
1273542	0.022079
1273309	0.014496
1273216	0.010426
1280400	0.001227
1277931	0.006858
1275301	0.002620
1273542	0.022079
1273309	0.013994
1273216	0.010370
1280400	0.001338
1277931	0.007192
1275301	0.003178
1273542	0.022971
1273309	0.013994
1273216	0.009980
1280400	0.001505
1277931	0.005631
1275301	0.004237
1273542	0.022413
1273309	0.012879
1273216	0.009032
1284833	0.000056
1284833	0.000056
1280400	0.002119
1277931	0.006077
1275301	0.003791
1273542	0.020629
1273309	0.013437
1273216	0.009199
1284833	0.000112
1280400	0.002119
1277931	0.005520
1275301	0.003959
1273542	0.019848
1273309	0.013492
1273216	0.009199
1284833	0.000112
1280400	0.001394
1277931	0.004572
1275301	0.004237
1273542	0.020127
1273309	0.014106
1273216	0.008419
1284833	0.000056
1280400	0.001673
1277931	0.004460
1275301	0.003457
1273542	0.019514
1273309	0.013214
1273216	0.009032
1284833	0.000056
1280400	0.002453
1277931	0.003680
1275301	0.003457
1273542	0.018176
1273309	0.013827
1273216	0.009367
1284833	0.000056
1280400	0.001951
1277931	0.003457
1275301	0.003791
1273542	0.019514
1273309	0.014161
1273216	0.008865
1284833	0.000112
1280400	0.002007
1277931	0.003791
1275301	0.004683
1273542	0.019458
1273309	0.014552
1273216	0.008140
1284833	0.000112
1280400	0.001840
1277931	0.003680
1275301	0.004683
1273542	0.020071
1273309	0.015500
1273216	0.008976
1284833	0.000279
1280400	0.001951
1277931	0.003289
1275301	0.004683
1273542	0.020239
1273309	0.017395
1273216	0.008976
1284833	0.000446
1280400	0.002342
1277931	0.003234
1275301	0.004851
1273542	0.020127
1273309	0.016838
1273216	0.008642
1284833	0.000502
1280400	0.002230
1277931	0.003680
1275301	0.004795
1273542	0.021019
1273309	0.016670
1273216	0.008586
1284833	0.000390
1280400	0.002174
1277931	0.003791
1275301	0.004851
1273542	0.020517
1273309	0.018399
1273216	0.008698
1284833	0.000446
1280400	0.002007
1277931	0.004516
1275301	0.004572
1273542	0.021744
1273309	0.019681
1273216	0.008363
1284833	0.000335
1280400	0.002007
1277931	0.004739
1275301	0.005129
1273542	0.021521
1273309	0.019514
1273216	0.009534
1284833	0.000390
1280400	0.001561
1277931	0.005074
1275301	0.005352
1273542	0.021242
1273309	0.020239
1273216	0.011151
1284833	0.000836
1280400	0.001450
1277931	0.005297
1275301	0.004906
1273542	0.020685
1273309	0.020071
1273216	0.011151
1284833	0.001004
1280400	0.001505
1277931	0.005687
1275301	0.004182
1273542	0.019793
1273309	0.018343
1273216	0.012377
1284833	0.000892
1280400	0.001561
1277931	0.005910
1275301	0.004070
1273542	0.019737
1273309	0.020573
1273216	0.011151
1284833	0.001004
1280400	0.001282
1277931	0.007248
1275301	0.003903
1273542	0.017451
1273309	0.018956
1273216	0.010760
1284833	0.001505
1280400	0.001227
1277931	0.008475
1275301	0.004349
1273542	0.016503
1273309	0.017897
1273216	0.010314
1284833	0.001394
1280400	0.001004
1277931	0.008921
1275301	0.004962
1273542	0.016670
1273309	0.018399
1273216	0.009422
1284833	0.001450
1280400	0.001059
1277931	0.008865
1275301	0.005966
1273542	0.015221
1273309	0.019291
1273216	0.009255
1284833	0.001951
1280400	0.001338
1277931	0.009645
1275301	0.006300
1273542	0.015611
1273309	0.020239
1273216	0.009757
1284833	0.001784
1280400	0.001338
1277931	0.010203
1275301	0.006635
1273542	0.015890
1273309	0.020629
1273216	0.008976
1284833	0.002342
1280400	0.000948
1277931	0.009534
1275301	0.006244
1273542	0.015277
1273309	0.019793
1273216	0.009367
1284833	0.002397
1280400	0.001059
1277931	0.009534
1275301	0.005798
1273542	0.014719
1273309	0.018566
1273216	0.008976
1284833	0.002453
1280400	0.001115
1277931	0.009032
1275301	0.005854
1273542	0.015054
1273309	0.019570
1273216	0.008252
1284833	0.002342
1280400	0.001338
1277931	0.008865
1275301	0.006133
1273542	0.014217
1273309	0.018678
1273216	0.007304
1284833	0.002453
1280400	0.000836
1277931	0.008809
1275301	0.005631
1273542	0.014719
1273309	0.018566
1273216	0.007806
1284833	0.002063
1280400	0.000781
1277931	0.008865
1275301	0.005966
1273542	0.013604
1273309	0.016336
1273216	0.007750
1284833	0.002509
1280400	0.000725
1277931	0.008921
1275301	0.006969
1273542	0.013492
1273309	0.015277
1273216	0.008698
1284833	0.002565
1280400	0.001115
1277931	0.008140
1275301	0.007861
1273542	0.013102
1273309	0.016893
1273216	0.009032
1284833	0.003066
1280400	0.001450
1277931	0.007192
1275301	0.008530
1273542	0.013660
1273309	0.017730
1273216	0.008642
1284833	0.003568
1280400	0.001617
1277931	0.008029
1275301	0.007861
1273542	0.013660
1273309	0.016001
1273216	0.009032
1284833	0.003847
1280400	0.001617
1277931	0.008084
1275301	0.007471
1273542	0.012489
1273309	0.016670
1273216	0.009032
1284833	0.003847
1280400	0.001951
1277931	0.008586
1275301	0.008530
1273542	0.012043
1273309	0.016838
1273216	0.008698
1284833	0.003736
1280400	0.001673
1277931	0.008865
1275301	0.007917
1273542	0.012099
1273309	0.018845
1273216	0.009590
1284833	0.003457
1280400	0.001673
1277931	0.009311
1275301	0.008029
1273542	0.011485
1273309	0.017618
1273216	0.011039
1284833	0.003066
1280400	0.001784
1277931	0.008976
1275301	0.007750
1273542	0.010091
1273309	0.017562
1273216	0.011374
1284833	0.003178
1280400	0.002119
1277931	0.010147
1275301	0.008252
1273542	0.011095
1273309	0.019347
1273216	0.010259
1284833	0.003345
1280400	0.002063
1277931	0.011820
1275301	0.008976
1273542	0.011095
1273309	0.019235
1273216	0.010537
1284833	0.003345
1280400	0.002119
1277931	0.012043
1275301	0.008586
1273542	0.011653
1273309	0.017562
1273216	0.009534
1284833	0.004349
1280400	0.002397
1277931	0.011485
1275301	0.009199
1273542	0.011207
1273309	0.017005
1273216	0.009645
1284833	0.004405
1280400	0.002955
1277931	0.010872
1275301	0.010928
1273542	0.010426
1273309	0.016336
1273216	0.008475
1284833	0.005074
1280400	0.003011
1277931	0.011262
1275301	0.009645
1273542	0.010314
1273309	0.016280
1273216	0.007694
1284833	0.004683
1280400	0.003568
1277931	0.011262
1275301	0.010036
1273542	0.011151
1273309	0.015500
1273216	0.007638
1284833	0.004014
1280400	0.003736
1277931	0.011039
1275301	0.010537
1273542	0.011262
1273309	0.015054
1273216	0.009088
1284833	0.003791
1280400	0.004014
1277931	0.010537
1275301	0.010482
1273542	0.011931
1273309	0.016280
1273216	0.008475
1284833	0.004293
1280400	0.003791
1277931	0.011207
1275301	0.010259
1273542	0.010816
1273309	0.016057
1273216	0.008642
1284833	0.004851
1280400	0.003624
1277931	0.010370
1275301	0.011039
1273542	0.011485
1273309	0.014775
1273216	0.008753
1284833	0.005520
1280400	0.003736
1277931	0.009590
1275301	0.009757
1273542	0.010203
1273309	0.014775
1273216	0.008642
1284833	0.005297
1280400	0.004739
1277931	0.010147
1275301	0.009367
1273542	0.010091
1273309	0.015834
1273216	0.009311
1284833	0.004293
1280400	0.004906
1277931	0.010091
1275301	0.010203
1273542	0.010705
1273309	0.016615
1273216	0.009478
1284833	0.004628
1280400	0.004739
1277931	0.010370
1275301	0.009199
1273542	0.009478
1273309	0.015500
1273216	0.008865
1284833	0.005129
1280400	0.005408
1277931	0.011095
1275301	0.009645
1273542	0.008586
1273309	0.015388
1273216	0.008753
1284833	0.005291
1280400	0.005322
1277931	0.011303
1275301	0.009770
1273542	0.008806
1273309	0.015445
1273216	0.008457
1284833	0.005487
1280400	0.005165
1277931	0.011357
1275301	0.009786
1273542	0.008751
1273309	0.015516
1273216	0.008383
1284833	0.005377
1280400	0.005212
1277931	0.011052
1275301	0.010162
1273542	0.008916
1273309	0.015331
1273216	0.008257
1284833	0.005385
1280400	0.005169
1277931	0.010746
1275301	0.010476
1273542	0.008857
1273309	0.015480
1273216	0.008065
1284833	0.005365
1280400	0.005208
1277931	0.010848
1275301	0.010280
1273542	0.008920
1273309	0.015809
1273216	0.008132
1284833	0.005212
1280400	0.005471
1277931	0.010958
1275301	0.010221
1273542	0.008649
1273309	0.016589
1273216	0.008214
1284833	0.005436
1280400	0.005683
1277931	0.011169
1275301	0.010440
1273542	0.008767
1273309	0.016887
1273216	0.008324
1284833	0.005275
1280400	0.005632
1277931	0.010958
1275301	0.010621
1273542	0.008739
1273309	0.017095
1273216	0.008109
1284833	0.005173
1280400	0.005514
1277931	0.010824
1275301	0.010425
1273542	0.008802
1273309	0.016926
1273216	0.008058
1284833	0.005122
1280400	0.005373
1277931	0.010570
1275301	0.010538
1273542	0.008881
1273309	0.016926
1273216	0.007964
1284833	0.005330
1280400	0.005232
1277931	0.010703
1275301	0.010550
1273542	0.009116
1273309	0.017150
1273216	0.008336
1284833	0.005181
1280400	0.005330
1277931	0.010766
1275301	0.010389
1273542	0.009186
1273309	0.017212
1273216	0.008273
1284833	0.005252
1280400	0.005306
1277931	0.010864
1275301	0.010480
1273542	0.009308
1273309	0.016848
1273216	0.008230
1284833	0.005471
1280400	0.005318
1277931	0.010903
1275301	0.010436
1273542	0.009206
1273309	0.016378
1273216	0.008453
1284833	0.005346
1280400	0.005208
1277931	0.010777
1275301	0.010170
1273542	0.008975
1273309	0.016393
1273216	0.008489
1284833	0.005236
1280400	0.005271
1277931	0.010672
1275301	0.010295
1273542	0.008834
1273309	0.016515
1273216	0.008465
1284833	0.005350
1280400	0.005107
1277931	0.010730
1275301	0.010248
1273542	0.008963
1273309	0.015998
1273216	0.008465
1284833	0.005255
1280400	0.004962
1277931	0.010197
1275301	0.010288
1273542	0.008759
1273309	0.015860
1273216	0.008477
1284833	0.005189
1280400	0.005157
1277931	0.010009
1275301	0.010699
1273542	0.008739
1273309	0.015978
1273216	0.008645
1284833	0.005310
1280400	0.005271
1277931	0.009790
1275301	0.010707
1273542	0.009069
1273309	0.015853
1273216	0.008673
1284833	0.005416
1280400	0.005330
1277931	0.010193
1275301	0.010570
1273542	0.009414
1273309	0.016049
1273216	0.008869
1284833	0.005436
1280400	0.005440
1277931	0.010291
1275301	0.010515
1273542	0.009159
1273309	0.015806
1273216	0.009080
1284833	0.005565
1280400	0.005334
1277931	0.010139
1275301	0.010295
1273542	0.009202
1273309	0.015641
1273216	0.009171
1284833	0.005643
1280400	0.005518
1277931	0.010421
1275301	0.010374
1273542	0.009625
1273309	0.015809
1273216	0.008943
1284833	0.005671
1280400	0.005847
1277931	0.010358
1275301	0.010319
1273542	0.009680
1273309	0.015418
1273216	0.008736
1284833	0.005800
1280400	0.005914
1277931	0.010558
1275301	0.010425
1273542	0.009704
1273309	0.015347
1273216	0.008939
1284833	0.005898
1280400	0.005785
1277931	0.010824
1275301	0.010166
1273542	0.009668
1273309	0.014712
1273216	0.009053
1284833	0.005718
1280400	0.005706
1277931	0.010934
1275301	0.010209
1273542	0.009849
1273309	0.014532
1273216	0.008814
1284833	0.006016
1280400	0.005796
1277931	0.010660
1275301	0.010370
1273542	0.009825
1273309	0.014387
1273216	0.009143
1284833	0.005918
1280400	0.005561
1277931	0.010460
1275301	0.010448
1273542	0.009613
1273309	0.014481
1273216	0.009100
1284833	0.005902
1280400	0.005502
1277931	0.010468
1275301	0.010523
1273542	0.009449
1273309	0.014367
1273216	0.008845
1284833	0.005855
1280400	0.005404
1277931	0.010679
1275301	0.010719
1273542	0.009461
1273309	0.014497
1273216	0.008998
1284833	0.006318
1280400	0.005150
1277931	0.010585
1275301	0.010958
1273542	0.009124
1273309	0.014728
1273216	0.009178
1284833	0.006380
1280400	0.005189
1277931	0.010750
1275301	0.010934
1273542	0.009159
1273309	0.015022
1273216	0.009182
1284833	0.006517
1280400	0.005009
1277931	0.010773
1275301	0.011016
1273542	0.009041
1273309	0.015269
1273216	0.009288
1284833	0.006368
1280400	0.005005
1277931	0.010578
1275301	0.010950
1273542	0.008998
1273309	0.015355
1273216	0.009339
1284833	0.006267
1280400	0.005028
1277931	0.010613
1275301	0.010993
1273542	0.008775
1273309	0.015226
1273216	0.009374
1284833	0.006223
1280400	0.004918
1277931	0.010346
1275301	0.010762
1273542	0.008845
1273309	0.015112
1273216	0.009508
1284833	0.006510
1280400	0.005028
1277931	0.010472
1275301	0.010554
1273542	0.009073
1273309	0.014814
1273216	0.009762
1284833	0.006513
1280400	0.005048
1277931	0.009994
1275301	0.010178
1273542	0.009143
1273309	0.014544
1273216	0.009629
1284833	0.006854
1280400	0.005185
1277931	0.010127
1275301	0.010288
1273542	0.009014
1273309	0.013826
1273216	0.009668
1284833	0.007188
1280400	0.005291
1277931	0.010421
1275301	0.010773
1273542	0.008739
1273309	0.013920
1273216	0.009613
1284833	0.007027
1280400	0.005287
1277931	0.010064
1275301	0.010809
1273542	0.008622
1273309	0.013689
1273216	0.009962
1284833	0.006741
1280400	0.005228
1277931	0.009637
1275301	0.010969
1273542	0.008669
1273309	0.013387
1273216	0.009841
1284833	0.006886
1280400	0.005252
1277931	0.009900
1275301	0.011001
1273542	0.008677
1273309	0.013352
1273216	0.009919
1284833	0.006960
1280400	0.004883
1277931	0.009692
1275301	0.010817
1273542	0.008547
1273309	0.013301
1273216	0.009602
1284833	0.007309
1280400	0.004950
1277931	0.009590
1275301	0.010766
1273542	0.008677
1273309	0.013340
1273216	0.009382
1284833	0.007254
1280400	0.005052
1277931	0.009496
1275301	0.010578
1273542	0.008751
1273309	0.013348
1273216	0.009382
1284833	0.007156
1280400	0.004903
1277931	0.009574
1275301	0.010487
1273542	0.008410
1273309	0.013333
1273216	0.009363
1284833	0.006976
1280400	0.004930
1277931	0.009641
1275301	0.010448
1273542	0.008591
1273309	0.013333
1273216	0.009151
1284833	0.006937
1280400	0.004836
1277931	0.009508
1275301	0.010856
1273542	0.008571
1273309	0.013525
1273216	0.009382
1284833	0.006980
1280400	0.004817
1277931	0.009453
1275301	0.010903
1273542	0.008743
1273309	0.013627
1273216	0.009457
1284833	0.006862
1280400	0.004664
1277931	0.009672
1275301	0.011228
1273542	0.008739
1273309	0.013337
1273216	0.009359
1284833	0.006803
1280400	0.004429
1277931	0.009414
1275301	0.011005
1273542	0.008814
1273309	0.013309
1273216	0.009390
1284833	0.007188
1280400	0.004409
1277931	0.009351
1275301	0.010766
1273542	0.008932
1273309	0.013376
1273216	0.009167
1284833	0.007258
1280400	0.004429
1277931	0.009249
1275301	0.010864
1273542	0.008767
1273309	0.013529
1273216	0.008818
1284833	0.007262
1280400	0.004476
1277931	0.009077
1275301	0.010644
1273542	0.008798
1273309	0.013442
1273216	0.008696
1284833	0.007086
1280400	0.004538
1277931	0.009002
1275301	0.010538
1273542	0.008720
1273309	0.013701
1273216	0.008571
1284833	0.007003
1280400	0.004358
1277931	0.008853
1275301	0.010495
1273542	0.008700
1273309	0.013627
1273216	0.008681
1284833	0.007031
1280400	0.004436
1277931	0.008642
1275301	0.010409
1273542	0.008642
1273309	0.013697
1273216	0.008747
1284833	0.007031
1280400	0.004558
1277931	0.008504
1275301	0.010628
1273542	0.008747
1273309	0.013971
1273216	0.008826
1284833	0.007019
1280400	0.004397
1277931	0.008544
1275301	0.010632
1273542	0.008387
1273309	0.013677
1273216	0.008567
1284833	0.007188
1280400	0.004319
1277931	0.008402
1275301	0.010452
1273542	0.008438
1273309	0.013752
1273216	0.008704
1284833	0.007317
1280400	0.004425
1277931	0.008316
1275301	0.010491
1273542	0.008399
1273309	0.014109
1273216	0.008775
1284833	0.007168
1280400	0.004338
1277931	0.008308
1275301	0.010664
1273542	0.008465
1273309	0.014450
1273216	0.009006
1284833	0.007329
1280400	0.004648
1277931	0.008410
1275301	0.010017
1273542	0.008120
1273309	0.014536
1273216	0.008822
1284833	0.007376
1280400	0.004483
1277931	0.008395
1275301	0.009739
1273542	0.008018
1273309	0.014544
1273216	0.008794
1284833	0.007223
1280400	0.004460
1277931	0.008402
1275301	0.009751
1273542	0.007975
1273309	0.014191
1273216	0.008908
1284833	0.007015
1280400	0.004652
1277931	0.008610
1275301	0.009465
1273542	0.008054
1273309	0.014257
1273216	0.008716
1284833	0.007043
1280400	0.004715
1277931	0.008504
1275301	0.009398
1273542	0.008112
1273309	0.014011
1273216	0.008645
1284833	0.006956
1280400	0.004640
1277931	0.008297
1275301	0.009316
1273542	0.008316
1273309	0.013870
1273216	0.008896
1284833	0.007101
1280400	0.004860
1277931	0.008320
1275301	0.009308
1273542	0.008344
1273309	0.013983
1273216	0.008834
1284833	0.007156
1280400	0.005063
1277931	0.008293
1275301	0.009245
1273542	0.008351
1273309	0.013732
1273216	0.008665
1284833	0.007501
1280400	0.004836
1277931	0.008320
1275301	0.009233
1273542	0.008489
1273309	0.013615
1273216	0.008399
1284833	0.007568
1280400	0.004640
1277931	0.008477
1275301	0.009057
1273542	0.008473
1273309	0.013454
1273216	0.008622
1284833	0.007791
1280400	0.004817
1277931	0.008571
1275301	0.009096
1273542	0.008489
1273309	0.013250
1273216	0.008516
1284833	0.007615
1280400	0.004742
1277931	0.009049
1275301	0.009026
1273542	0.008301
1273309	0.012874
1273216	0.008093
1284833	0.007670
1280400	0.004617
1277931	0.009006
1275301	0.008837
1273542	0.008379
1273309	0.012894
1273216	0.008242
1284833	0.007842
1280400	0.004589
1277931	0.008955
1275301	0.008818
1273542	0.008395
1273309	0.012631
1273216	0.008508
1284833	0.008065
1280400	0.004668
1277931	0.009253
1275301	0.008920
1273542	0.008277
1273309	0.012619
1273216	0.008685
1284833	0.008077
1280400	0.004856
1277931	0.009504
1275301	0.008787
1273542	0.008238
1273309	0.012447
1273216	0.008634
1284833	0.008242
1280400	0.004871
1277931	0.009343
1275301	0.008406
1273542	0.008230
1273309	0.012600
1273216	0.008265
1284833	0.008489
1280400	0.004973
1277931	0.009425
1275301	0.008234
1273542	0.008257
1273309	0.012439
1273216	0.008598
1284833	0.008763
1280400	0.004887
1277931	0.009743
1275301	0.008030
1273542	0.008442
1273309	0.012333
1273216	0.008924
1284833	0.008998
1280400	0.004946
1277931	0.009316
1275301	0.008042
1273542	0.008320
1273309	0.012419
1273216	0.008924
1284833	0.009245
1280400	0.004965
1277931	0.009441
1275301	0.008191
1273542	0.008277
1273309	0.012321
1273216	0.009065
1284833	0.009300
1280400	0.005353
1277931	0.009421
1275301	0.008128
1273542	0.008301
1273309	0.012482
1273216	0.008967
1284833	0.009468
1280400	0.005189
1277931	0.009245
1275301	0.008242
1273542	0.008371
1273309	0.012169
1273216	0.008884
1284833	0.009512
1280400	0.005216
1277931	0.009864
1275301	0.008418
1273542	0.008203
1273309	0.012251
1273216	0.008932
1284833	0.009508
1280400	0.005302
1277931	0.010115
1275301	0.008257
1273542	0.008457
1273309	0.012212
1273216	0.008720
1284833	0.009653
1280400	0.005377
1277931	0.010033
1275301	0.008316
1273542	0.008579
1273309	0.012321
1273216	0.008720
1284833	0.009610
1280400	0.005506
1277931	0.009821
1275301	0.008312
1273542	0.008446
1273309	0.012176
1273216	0.008547
1284833	0.009100
1280400	0.005471
1277931	0.009900
1275301	0.008363
1273542	0.008203
1273309	0.012392
1273216	0.008528
1284833	0.008806
1280400	0.005628
1277931	0.009954
1275301	0.008665
1273542	0.008500
1273309	0.012329
1273216	0.008481
1284833	0.008751
1280400	0.005694
1277931	0.010244
1275301	0.008493
1273542	0.008395
1273309	0.012267
1273216	0.008489
1284833	0.008830
1280400	0.005855
1277931	0.009978
1275301	0.008524
1273542	0.008159
1273309	0.012145
1273216	0.008399
1284833	0.008743
1280400	0.006067
1277931	0.010080
1275301	0.008371
1273542	0.008112
1273309	0.012353
1273216	0.008308
1284833	0.008685
1280400	0.006180
1277931	0.010260
1275301	0.008163
1273542	0.008199
1273309	0.012200
1273216	0.008226
1284833	0.008567
1280400	0.006333
1277931	0.010021
1275301	0.008406
1273542	0.008289
1273309	0.012639
1273216	0.007991
1284833	0.008747
1280400	0.006600
1277931	0.009927
1275301	0.008928
1273542	0.008520
1273309	0.012294
1273216	0.007987
1284833	0.009033
1280400	0.006862
1277931	0.009723
1275301	0.008904
1273542	0.008673
1273309	0.012517
1273216	0.007846
1284833	0.009355
1280400	0.006796
1277931	0.009653
1275301	0.009272
1273542	0.008681
1273309	0.012149
1273216	0.007854
1284833	0.009504
1280400	0.007023
1277931	0.009441
1275301	0.009276
1273542	0.008516
1273309	0.012024
1273216	0.007650
1284833	0.009590
1280400	0.006913
1277931	0.009441
1275301	0.009692
1273542	0.008598
1273309	0.011996
1273216	0.007536
1284833	0.009472
1280400	0.006992
1277931	0.009343
1275301	0.009743
1273542	0.008924
1273309	0.011855
1273216	0.007395
1284833	0.009559
1280400	0.006956
1277931	0.009229
1275301	0.009657
1273542	0.009127
1273309	0.011957
1273216	0.007650
1284833	0.009441
1280400	0.007180
1277931	0.009374
1275301	0.009625
1273542	0.009131
1273309	0.012137
1273216	0.007889
1284833	0.009355
1280400	0.007082
1277931	0.009374
1275301	0.009496
1273542	0.008982
1273309	0.011906
1273216	0.007858
1284833	0.009363
1280400	0.007203
1277931	0.009414
1275301	0.009574
1273542	0.008947
1273309	0.011777
1273216	0.007975
1284833	0.009461
1280400	0.007211
1277931	0.009606
1275301	0.009280
1273542	0.008830
1273309	0.011753
1273216	0.007964
1284833	0.009508
1280400	0.007462
1277931	0.009382
1275301	0.009257
1273542	0.009029
1273309	0.011906
1273216	0.008042
1284833	0.009367
1280400	0.007344
1277931	0.008884
1275301	0.009437
1273542	0.008869
1273309	0.011918
1273216	0.008136
1284833	0.009241
1280400	0.007019
1277931	0.008712
1275301	0.009645
1273542	0.008634
1273309	0.011949
1273216	0.008167
1284833	0.009414
1280400	0.007336
1277931	0.008951
1275301	0.009523
1273542	0.008622
1273309	0.011734
1273216	0.008281
1284833	0.009582
1280400	0.007348
1277931	0.008947
1275301	0.009272
1273542	0.008257
1273309	0.011922
1273216	0.008591
1284833	0.009566
1280400	0.007368
1277931	0.009335
1275301	0.008998
1273542	0.008167
1273309	0.011969
1273216	0.008383
1284833	0.009958
1280400	0.007336
1277931	0.009343
1275301	0.009104
1273542	0.008167
1273309	0.011800
1273216	0.008493
1284833	0.009958
1280400	0.007039
1277931	0.009453
1275301	0.008802
1273542	0.007944
1273309	0.011855
1273216	0.008281
1284833	0.010295
1280400	0.007333
1277931	0.009786
1275301	0.009088
1273542	0.007854
1273309	0.011941
1273216	0.008293
1284833	0.010503
1280400	0.007360
1277931	0.009476
1275301	0.009014
1273542	0.007866
1273309	0.011753
1273216	0.008097
1284833	0.010597
1280400	0.007579
1277931	0.009653
1275301	0.008959
1273542	0.007724
1273309	0.011832
1273216	0.007979
1284833	0.010687
1280400	0.007670
1277931	0.009676
1275301	0.009245
1273542	0.007583
1273309	0.011632
1273216	0.007815
1284833	0.010554
1280400	0.007877
1277931	0.009492
1275301	0.009069
1273542	0.007391
1273309	0.011475
1273216	0.007869
1284833	0.010632
1280400	0.007846
1277931	0.009367
1275301	0.009355
1273542	0.007364
1273309	0.011683
1273216	0.007885
1284833	0.010801
1280400	0.007999
1277931	0.009398
1275301	0.009367
1273542	0.007615
1273309	0.011600
1273216	0.008257
1284833	0.011044
1280400	0.008042
1277931	0.009319
1275301	0.009261
1273542	0.007505
1273309	0.011734
1273216	0.008379
1284833	0.010954
1280400	0.008516
1277931	0.009535
1275301	0.009178
1273542	0.007760
1273309	0.011906
1273216	0.008622
1284833	0.010675
1280400	0.008743
1277931	0.009382
1275301	0.009002
1273542	0.008058
1273309	0.011855
1273216	0.008598
1284833	0.010389
1280400	0.008673
1277931	0.009163
1275301	0.009245
1273542	0.007795
1273309	0.011475
1273216	0.008587
1284833	0.010260
1280400	0.008320
1277931	0.009261
1275301	0.009073
1273542	0.007717
1273309	0.011381
1273216	0.008716
1284833	0.010660
1280400	0.007979
1277931	0.009241
1275301	0.009088
1273542	0.007850
1273309	0.011404
1273216	0.009022
1284833	0.010464
1280400	0.007873
1277931	0.009461
1275301	0.008810
1273542	0.007995
1273309	0.011263
1273216	0.009026
1284833	0.010542
1280400	0.007744
1277931	0.009805
1275301	0.008630
1273542	0.007932
1273309	0.011459
1273216	0.009155
1284833	0.010174
1280400	0.007952
1277931	0.009923
1275301	0.008724
1273542	0.007948
1273309	0.011506
1273216	0.009088
1284833	0.009813
1280400	0.007979
1277931	0.009802
1275301	0.008728
1273542	0.007834
1273309	0.011279
1273216	0.008979
1284833	0.009770
1280400	0.008203
1277931	0.009766
1275301	0.008630
1273542	0.007975
1273309	0.011353
1273216	0.008763
1284833	0.009935
1280400	0.008461
1277931	0.009954
1275301	0.008218
1273542	0.008007
1273309	0.011263
1273216	0.008677
1284833	0.010088
1280400	0.008446
1277931	0.010064
1275301	0.008308
1273542	0.007952
1273309	0.011640
1273216	0.008598
1284833	0.010632
1280400	0.008406
1277931	0.010013
1275301	0.008528
1273542	0.008136
1273309	0.011679
1273216	0.008622
1284833	0.010425
1280400	0.008336
1277931	0.010233
1275301	0.008696
1273542	0.008399
1273309	0.011514
1273216	0.008724
1284833	0.010221
1280400	0.008022
1277931	0.009817
1275301	0.008594
1273542	0.008610
1273309	0.011557
1273216	0.009033
1284833	0.010233
1280400	0.007811
1277931	0.010001
1275301	0.008622
1273542	0.008524
1273309	0.011389
1273216	0.009159
1284833	0.010276
1280400	0.007830
1277931	0.010072
1275301	0.008869
1273542	0.008093
1273309	0.011628
1273216	0.009284
1284833	0.010095
1280400	0.007564
1277931	0.009727
1275301	0.008790
1273542	0.008003
1273309	0.011538
1273216	0.009174
1284833	0.010009
1280400	0.007603
1277931	0.009704
1275301	0.009045
1273542	0.007924
1273309	0.011506
1273216	0.009280
1284833	0.009637
1280400	0.007854
1277931	0.009410
1275301	0.009120
1273542	0.008077
1273309	0.011655
1273216	0.009441
1284833	0.009700
1280400	0.008003
1277931	0.009515
1275301	0.009417
1273542	0.008128
1273309	0.012094
1273216	0.009551
1284833	0.009331
1280400	0.008312
1277931	0.009602
1275301	0.009676
1273542	0.008508
1273309	0.012361
1273216	0.009711
1284833	0.009512
1280400	0.008504
1277931	0.009625
1275301	0.009884
1273542	0.008689
1273309	0.012498
1273216	0.009766
1284833	0.009492
1280400	0.008422
1277931	0.009649
1275301	0.010084
1273542	0.008622
1273309	0.012713
1273216	0.009845
1284833	0.009543
1280400	0.008736
1277931	0.009594
1275301	0.010076
1273542	0.008536
1273309	0.012749
1273216	0.009704
1284833	0.009578
1280400	0.008939
1277931	0.009445
1275301	0.010115
1273542	0.008610
1273309	0.012972
1273216	0.009997
1284833	0.009707
1280400	0.008884
1277931	0.009370
1275301	0.010076
1273542	0.008622
1273309	0.013168
1273216	0.009958
1284833	0.009723
1280400	0.008657
1277931	0.009269
1275301	0.010041
1273542	0.008512
1273309	0.013203
1273216	0.010166
1284833	0.009770
1280400	0.008489
1277931	0.009386
1275301	0.009966
1273542	0.008402
1273309	0.013235
1273216	0.010009
1284833	0.009680
1280400	0.008594
1277931	0.009429
1275301	0.010025
1273542	0.008348
1273309	0.013337
1273216	0.009872
1284833	0.009637
1280400	0.008453
1277931	0.009939
1275301	0.010088
1273542	0.008203
1273309	0.013231
1273216	0.010193
1284833	0.010092
1280400	0.008391
1277931	0.009994
1275301	0.010205
1273542	0.007869
1273309	0.013274
1273216	0.010092
1284833	0.010225
1280400	0.008575
1277931	0.010041
1275301	0.010244
1273542	0.008105
1273309	0.013344
1273216	0.010338
1284833	0.009966
1280400	0.008144
1277931	0.010554
1275301	0.010146
1273542	0.007881
1273309	0.013227
1273216	0.010225
1284833	0.009943
1280400	0.008195
1277931	0.010613
1275301	0.010080
1273542	0.007364
1273309	0.013133
1273216	0.010307
1284833	0.009719
1280400	0.008340
1277931	0.010715
1275301	0.009915
1273542	0.007642
1273309	0.013137
1273216	0.009727
1284833	0.009758
1280400	0.008124
1277931	0.010585
1275301	0.009900
1273542	0.007673
1273309	0.012921
1273216	0.009660
1284833	0.009523
1280400	0.008465
1277931	0.010519
1275301	0.010338
1273542	0.007728
1273309	0.012937
1273216	0.009465
1284833	0.009461
1280400	0.008528
1277931	0.010644
1275301	0.010052
1273542	0.007854
1273309	0.013125
1273216	0.009664
1284833	0.009398
1280400	0.008743
1277931	0.010578
1275301	0.009817
1273542	0.007779
1273309	0.013258
1273216	0.009578
1284833	0.009637
1280400	0.008986
1277931	0.010578
1275301	0.010315
1273542	0.008097
1273309	0.013387
1273216	0.009692
1284833	0.009837
1280400	0.008602
1277931	0.010719
1275301	0.010190
1273542	0.008159
1273309	0.013262
1273216	0.009864
1284833	0.009907
1280400	0.008348
1277931	0.010523
1275301	0.010319
1273542	0.008218
1273309	0.012984
1273216	0.010084
1284833	0.010284
1280400	0.008469
1277931	0.010515
1275301	0.010389
1273542	0.008257
1273309	0.012807
1273216	0.010009
1284833	0.010460
1280400	0.008391
1277931	0.010625
1275301	0.010268
1273542	0.008089
1273309	0.012623
1273216	0.009841
1284833	0.010527
1280400	0.008359
1277931	0.010483
1275301	0.010362
1273542	0.008406
1273309	0.012717
1273216	0.009727
1284833	0.010378
1280400	0.008767
1277931	0.010511
1275301	0.010382
1273542	0.008489
1273309	0.012541
1273216	0.009755
1284833	0.010530
1280400	0.009049
1277931	0.010636
1275301	0.010142
1273542	0.008594
1273309	0.012063
1273216	0.009774
1284833	0.010519
1280400	0.008896
1277931	0.010762
1275301	0.010182
1273542	0.008947
1273309	0.011851
1273216	0.009723
1284833	0.010495
1280400	0.009218
1277931	0.010801
1275301	0.010193
1273542	0.008881
1273309	0.011859
1273216	0.009562
1284833	0.010593
1280400	0.009355
1277931	0.011177
1275301	0.010256
1273542	0.009104
1273309	0.011761
1273216	0.009410
1284833	0.010072
1280400	0.009382
1277931	0.011071
1275301	0.010248
1273542	0.008900
1273309	0.011534
1273216	0.009237
1284833	0.009994
1280400	0.009233
1277931	0.011212
1275301	0.009872
1273542	0.008904
1273309	0.011381
1273216	0.009284
