29065	1228	320	0.0106068376068361	0.282448717948718	0.202581196581197	0.133209401709402	0.0841495726495727	0.0686025641025641	0.229008547008547	0	0	0	0	0	0	0	0	0	0	0	0	0	0	0	0	0	0	0	0	0	
81656	7744	72	0.0112991452991433	0.283388888888889	0.197696581196581	0.132175213675214	0.0924102564102564	0.0680512820512821	0.226277777777778	0	0	0	0	0	0	0	0	0	0	0	0	0	0	0	0	0	0	0	0	0	
77968	6567	86	0.0140598290598287	0.284094017094017	0.194944444444444	0.131773504273504	0.0855641025641026	0.0718418803418803	0.231782051282051	0	0	0	0	0	0	0	0	0	0	0	0	0	0	0	0	0	0	0	0	0	
77411	4035	105	0.0168632478632464	0.28157264957265	0.199478632478632	0.130162393162393	0.0950299145299145	0.0681111111111111	0.225645299145299	0	0	0	0	0	0	0	0	0	0	0	0	0	0	0	0	0	0	0	0	0	
79616	6227	84	0.0192136752136754	0.280115384615385	0.200662393162393	0.13	0.0938162393162393	0.0706452991452991	0.224760683760684	0	0	0	0	0	0	0	0	0	0	0	0	0	0	0	0	0	0	0	0	0	
39934	5081	113	0.0218547008546989	0.278397435897436	0.209666666666667	0.133602564102564	0.086042735042735	0.0665683760683761	0.225722222222222	0	0	0	0	0	0	0	0	0	0	0	0	0	0	0	0	0	0	0	0	0	
28726	1784	176	0.0229658119658105	0.281440170940171	0.196525641025641	0.139307692307692	0.0911153846153846	0.0636111111111111	0.228	0	0	0	0	0	0	0	0	0	0	0	0	0	0	0	0	0	0	0	0	0	
25699	1100	340	0.0245299145299147	0.280119658119658	0.201132478632479	0.127688034188034	0.089465811965812	0.0666965811965812	0.234897435897436	0	0	0	0	0	0	0	0	0	0	0	0	0	0	0	0	0	0	0	0	0	
51394	3763	116	0.0250854700854716	0.272615384615385	0.202008547008547	0.13217094017094	0.0895213675213675	0.0705769230769231	0.233106837606838	0	0	0	0	0	0	0	0	0	0	0	0	0	0	0	0	0	0	0	0	0	
53412	4055	112	0.0251196581196588	0.278307692307692	0.192752136752137	0.136111111111111	0.0933846153846154	0.0718675213675214	0.227576923076923	0	0	0	0	0	0	0	0	0	0	0	0	0	0	0	0	0	0	0	0	0	
31675	1722	182	0.0258119658119674	0.288628205128205	0.199632478632479	0.139521367521368	0.0885299145299145	0.0606452991452991	0.223042735042735	0	0	0	0	0	0	0	0	0	0	0	0	0	0	0	0	0	0	0	0	0	
84160	7511	72	0.0273247863247884	0.288299145299145	0.185653846153846	0.137277777777778	0.0877948717948718	0.0705384615384615	0.230435897435897	0	0	0	0	0	0	0	0	0	0	0	0	0	0	0	0	0	0	0	0	0	
31129	5183	116	0.0276324786324764	0.283123931623932	0.195064102564103	0.127294871794872	0.0953162393162393	0.0667863247863248	0.23241452991453	0	0	0	0	0	0	0	0	0	0	0	0	0	0	0	0	0	0	0	0	0	
61170	4751	99	0.027632478632481	0.291303418803419	0.199222222222222	0.125132478632479	0.0931282051282051	0.0698888888888889	0.221324786324786	0	0	0	0	0	0	0	0	0	0	0	0	0	0	0	0	0	0	0	0	0	
48271	6150	88	0.0276581196581197	0.286559829059829	0.190649572649573	0.130880341880342	0.0914786324786325	0.0664230769230769	0.234008547008547	0	0	0	0	0	0	0	0	0	0	0	0	0	0	0	0	0	0	0	0	0	
51149	7554	74	0.0276837606837611	0.294217948717949	0.19457264957265	0.129145299145299	0.0867649572649573	0.0642222222222222	0.231076923076923	0	0	0	0	0	0	0	0	0	0	0	0	0	0	0	0	0	0	0	0	0	
38954	4353	125	0.027837606837609	0.288666666666667	0.190910256410256	0.127512820512821	0.0940384615384615	0.0715384615384615	0.227333333333333	0	0	0	0	0	0	0	0	0	0	0	0	0	0	0	0	0	0	0	0	0	
25959	2188	192	0.0293418803418809	0.278965811965812	0.199021367521368	0.124264957264957	0.0981880341880342	0.0726837606837607	0.226876068376068	0	0	0	0	0	0	0	0	0	0	0	0	0	0	0	0	0	0	0	0	0	
33362	5038	123	0.0301367521367532	0.288777777777778	0.200897435897436	0.120064102564103	0.0884615384615385	0.0673333333333333	0.234465811965812	0	0	0	0	0	0	0	0	0	0	0	0	0	0	0	0	0	0	0	0	0	
50199	2862	126	0.0301709401709398	0.274119658119658	0.198846153846154	0.129547008547009	0.0989316239316239	0.0723547008547009	0.226200854700855	0	0	0	0	0	0	0	0	0	0	0	0	0	0	0	0	0	0	0	0	0	
34498	4649	119	0.0306837606837612	0.287055555555556	0.194576923076923	0.134299145299145	0.0980769230769231	0.068017094017094	0.217974358974359	0	0	0	0	0	0	0	0	0	0	0	0	0	0	0	0	0	0	0	0	0	
37454	4917	124	0.0309487179487177	0.295320512820513	0.199017094017094	0.130811965811966	0.0912179487179487	0.0615854700854701	0.222047008547009	0	0	0	0	0	0	0	0	0	0	0	0	0	0	0	0	0	0	0	0	0	
28133	5019	123	0.0312051282051272	0.28925641025641	0.196705128205128	0.131957264957265	0.0836495726495727	0.0606282051282051	0.237803418803419	0	0	0	0	0	0	0	0	0	0	0	0	0	0	0	0	0	0	0	0	0	
85588	3028	116	0.0312051282051283	0.277773504273504	0.20757264957265	0.136965811965812	0.0901666666666667	0.0694273504273504	0.218094017094017	0	0	0	0	0	0	0	0	0	0	0	0	0	0	0	0	0	0	0	0	0	
87506	2494	119	0.0313846153846166	0.276440170940171	0.203034188034188	0.137076923076923	0.0907435897435897	0.0733803418803419	0.219324786324786	0	0	0	0	0	0	0	0	0	0	0	0	0	0	0	0	0	0	0	0	0	
48502	6227	94	0.0318888888888889	0.28108547008547	0.204354700854701	0.130316239316239	0.0976666666666667	0.0622435897435897	0.224333333333333	0	0	0	0	0	0	0	0	0	0	0	0	0	0	0	0	0	0	0	0	0	
25019	1119	394	0.032188034188034	0.293952991452991	0.196645299145299	0.127286324786325	0.0868076923076923	0.0617564102564103	0.233551282051282	0	0	0	0	0	0	0	0	0	0	0	0	0	0	0	0	0	0	0	0	0	
25336	1160	366	0.0322735042735041	0.288059829059829	0.195192307692308	0.131145299145299	0.0913076923076923	0.0593076923076923	0.234987179487179	0	0	0	0	0	0	0	0	0	0	0	0	0	0	0	0	0	0	0	0	0	
43927	3893	109	0.0325384615384602	0.279794871794872	0.193995726495726	0.137978632478632	0.0980769230769231	0.0673717948717949	0.222782051282051	0	0	0	0	0	0	0	0	0	0	0	0	0	0	0	0	0	0	0	0	0	
85768	6227	73	0.0325641025641007	0.294816239316239	0.187820512820513	0.131106837606838	0.0862179487179487	0.0671153846153846	0.232923076923077	0	0	0	0	0	0	0	0	0	0	0	0	0	0	0	0	0	0	0	0	0	
85829	5230	87	0.0328461538461547	0.289619658119658	0.20657264957265	0.134508547008547	0.0891282051282051	0.0554957264957265	0.224675213675214	0	0	0	0	0	0	0	0	0	0	0	0	0	0	0	0	0	0	0	0	0	
28371	3470	206	0.0331709401709372	0.280508547008547	0.205867521367521	0.143059829059829	0.0856495726495727	0.0690854700854701	0.21582905982906	0	0	0	0	0	0	0	0	0	0	0	0	0	0	0	0	0	0	0	0	0	
42439	4174	121	0.0334102564102569	0.291021367521368	0.209222222222222	0.126811965811966	0.0868418803418803	0.0684017094017094	0.217700854700855	0	0	0	0	0	0	0	0	0	0	0	0	0	0	0	0	0	0	0	0	0	
43164	3322	128	0.0336153846153846	0.275123931623932	0.19834188034188	0.138961538461538	0.0961581196581197	0.0709145299145299	0.2205	0	0	0	0	0	0	0	0	0	0	0	0	0	0	0	0	0	0	0	0	0	
34059	5272	96	0.033863247863246	0.278217948717949	0.192440170940171	0.133923076923077	0.0869615384615385	0.0654700854700855	0.242987179487179	0	0	0	0	0	0	0	0	0	0	0	0	0	0	0	0	0	0	0	0	0	
96083	4010	99	0.0338717948717931	0.276628205128205	0.193269230769231	0.138367521367521	0.0983547008547009	0.0677948717948718	0.22558547008547	0	0	0	0	0	0	0	0	0	0	0	0	0	0	0	0	0	0	0	0	0	
77695	4473	94	0.0340085470085488	0.289405982905983	0.199726495726496	0.126162393162393	0.0895683760683761	0.0592991452991453	0.235837606837607	0	0	0	0	0	0	0	0	0	0	0	0	0	0	0	0	0	0	0	0	0	
59862	5290	97	0.0341111111111119	0.287444444444444	0.199555555555556	0.131213675213675	0.100435897435897	0.0656196581196581	0.215730769230769	0	0	0	0	0	0	0	0	0	0	0	0	0	0	0	0	0	0	0	0	0	
25000	1387	447	0.0341452991453005	0.294547008547009	0.200047008547009	0.128457264957265	0.0928589743589744	0.0603547008547009	0.223735042735043	0	0	0	0	0	0	0	0	0	0	0	0	0	0	0	0	0	0	0	0	0	
79323	4477	100	0.0342051282051267	0.281901709401709	0.192794871794872	0.136991452991453	0.0998974358974359	0.0662136752136752	0.222200854700855	0	0	0	0	0	0	0	0	0	0	0	0	0	0	0	0	0	0	0	0	0	
34736	5008	116	0.0343333333333317	0.274623931623932	0.192277777777778	0.138136752136752	0.0921837606837607	0.068991452991453	0.233786324786325	0	0	0	0	0	0	0	0	0	0	0	0	0	0	0	0	0	0	0	0	0	
29599	6393	123	0.0344273504273492	0.297910256410256	0.193008547008547	0.133055555555556	0.081474358974359	0.0638205128205128	0.230730769230769	0	0	0	0	0	0	0	0	0	0	0	0	0	0	0	0	0	0	0	0	0	
27122	1744	214	0.0348290598290592	0.277978632478632	0.20507264957265	0.139876068376068	0.0915683760683761	0.0678717948717949	0.217632478632479	0	0	0	0	0	0	0	0	0	0	0	0	0	0	0	0	0	0	0	0	0	
34008	4675	122	0.0351025641025632	0.28534188034188	0.185517094017094	0.144089743589744	0.0858418803418803	0.0666068376068376	0.232602564102564	0	0	0	0	0	0	0	0	0	0	0	0	0	0	0	0	0	0	0	0	0	
48355	4057	108	0.0356837606837595	0.278568376068376	0.20591452991453	0.135239316239316	0.0957905982905983	0.0663034188034188	0.218183760683761	0	0	0	0	0	0	0	0	0	0	0	0	0	0	0	0	0	0	0	0	0	
51592	6092	83	0.0356923076923093	0.291820512820513	0.194102564102564	0.125910256410256	0.0885769230769231	0.0639230769230769	0.235666666666667	0	0	0	0	0	0	0	0	0	0	0	0	0	0	0	0	0	0	0	0	0	
87406	7128	69	0.0357606837606834	0.295752136752137	0.192418803418803	0.130025641025641	0.0834273504273504	0.0647905982905983	0.23358547008547	0	0	0	0	0	0	0	0	0	0	0	0	0	0	0	0	0	0	0	0	0	
26068	1764	250	0.0358290598290573	0.279850427350427	0.20341452991453	0.14684188034188	0.0849145299145299	0.0642777777777778	0.220700854700855	0	0	0	0	0	0	0	0	0	0	0	0	0	0	0	0	0	0	0	0	0	
36127	3936	118	0.0359829059829093	0.287089743589744	0.195893162393162	0.118457264957265	0.0948376068376068	0.0710042735042735	0.232717948717949	0	0	0	0	0	0	0	0	0	0	0	0	0	0	0	0	0	0	0	0	0	
25185	1797	398	0.0360683760683771	0.28825641025641	0.211568376068376	0.133320512820513	0.0882948717948718	0.0583034188034188	0.22025641025641	0	0	0	0	0	0	0	0	0	0	0	0	0	0	0	0	0	0	0	0	0	
46573	3953	116	0.0362820512820524	0.297965811965812	0.189393162393162	0.135076923076923	0.0831025641025641	0.0718675213675214	0.222594017094017	0	0	0	0	0	0	0	0	0	0	0	0	0	0	0	0	0	0	0	0	0	
33507	2374	145	0.0363333333333342	0.268367521367521	0.201683760683761	0.143683760683761	0.0904316239316239	0.0672094017094017	0.228623931623932	0	0	0	0	0	0	0	0	0	0	0	0	0	0	0	0	0	0	0	0	0	
46002	4254	108	0.036367521367523	0.274247863247863	0.191188034188034	0.133940170940171	0.095534188034188	0.070465811965812	0.234623931623932	0	0	0	0	0	0	0	0	0	0	0	0	0	0	0	0	0	0	0	0	0	
85012	6777	82	0.0365042735042724	0.282602564102564	0.216367521367521	0.120264957264957	0.0876196581196581	0.0656495726495726	0.227495726495726	0	0	0	0	0	0	0	0	0	0	0	0	0	0	0	0	0	0	0	0	0	
36300	5039	105	0.0365213675213692	0.274405982905983	0.201752136752137	0.124662393162393	0.0925470085470085	0.0728205128205128	0.233811965811966	0	0	0	0	0	0	0	0	0	0	0	0	0	0	0	0	0	0	0	0	0	
62426	8684	64	0.0365299145299129	0.282602564102564	0.188145299145299	0.132547008547009	0.0878461538461539	0.064525641025641	0.244333333333333	0	0	0	0	0	0	0	0	0	0	0	0	0	0	0	0	0	0	0	0	0	
53193	6895	85	0.036769230769231	0.292461538461538	0.208047008547009	0.131021367521368	0.0882564102564103	0.0597820512820513	0.220431623931624	0	0	0	0	0	0	0	0	0	0	0	0	0	0	0	0	0	0	0	0	0	
87498	4949	81	0.0368034188034182	0.284286324786325	0.203611111111111	0.116435897435897	0.0918247863247863	0.0676452991452991	0.236196581196581	0	0	0	0	0	0	0	0	0	0	0	0	0	0	0	0	0	0	0	0	0	
43891	6130	100	0.0370683760683787	0.295115384615385	0.202512820512821	0.115923076923077	0.0853290598290598	0.0699957264957265	0.231123931623932	0	0	0	0	0	0	0	0	0	0	0	0	0	0	0	0	0	0	0	0	0	
56442	6119	99	0.0376153846153863	0.295495726495726	0.191474358974359	0.131452991452991	0.089991452991453	0.0738247863247863	0.217760683760684	0	0	0	0	0	0	0	0	0	0	0	0	0	0	0	0	0	0	0	0	0	
26509	1627	316	0.037683760683761	0.289141025641026	0.209735042735043	0.136611111111111	0.0827264957264957	0.0578162393162393	0.223970085470085	0	0	0	0	0	0	0	0	0	0	0	0	0	0	0	0	0	0	0	0	0	
25736	2165	208	0.0380512820512803	0.281837606837607	0.210790598290598	0.129448717948718	0.0943119658119658	0.0659786324786325	0.217632478632479	0	0	0	0	0	0	0	0	0	0	0	0	0	0	0	0	0	0	0	0	0	
26909	1737	346	0.0380598290598305	0.286995726495727	0.213534188034188	0.134965811965812	0.0869401709401709	0.0515213675213675	0.226042735042735	0	0	0	0	0	0	0	0	0	0	0	0	0	0	0	0	0	0	0	0	0	
71868	7436	63	0.0384444444444434	0.29098717948718	0.198012820512821	0.130226495726496	0.0793675213675214	0.0617136752136752	0.239692307692308	0	0	0	0	0	0	0	0	0	0	0	0	0	0	0	0	0	0	0	0	0	
28114	3055	154	0.0385042735042736	0.288145299145299	0.185252136752137	0.141649572649573	0.0887905982905983	0.0642521367521368	0.231910256410256	0	0	0	0	0	0	0	0	0	0	0	0	0	0	0	0	0	0	0	0	0	
76762	7851	60	0.0385299145299151	0.29148717948718	0.189525641025641	0.12758547008547	0.088525641025641	0.0654059829059829	0.237470085470085	0	0	0	0	0	0	0	0	0	0	0	0	0	0	0	0	0	0	0	0	0	
29274	6817	99	0.0387094017094012	0.290884615384615	0.187200854700855	0.128111111111111	0.0923119658119658	0.0671153846153846	0.234376068376068	0	0	0	0	0	0	0	0	0	0	0	0	0	0	0	0	0	0	0	0	0	
27534	7597	122	0.0387692307692297	0.289111111111111	0.200290598290598	0.145371794871795	0.0858290598290598	0.0509871794871795	0.228410256410256	0	0	0	0	0	0	0	0	0	0	0	0	0	0	0	0	0	0	0	0	0	
27411	1418	235	0.0387948717948716	0.267867521367521	0.205576923076923	0.144051282051282	0.0886282051282051	0.0664786324786325	0.227397435897436	0	0	0	0	0	0	0	0	0	0	0	0	0	0	0	0	0	0	0	0	0	
31446	6472	116	0.0389658119658129	0.297700854700855	0.197435897435897	0.124717948717949	0.0928461538461538	0.0673803418803419	0.219918803418803	0	0	0	0	0	0	0	0	0	0	0	0	0	0	0	0	0	0	0	0	0	
24458	2751	180	0.0391282051282052	0.279833333333333	0.208226495726496	0.125051282051282	0.094974358974359	0.0623205128205128	0.229594017094017	0	0	0	0	0	0	0	0	0	0	0	0	0	0	0	0	0	0	0	0	0	
28438	6614	115	0.0391880341880348	0.295568376068376	0.206495726495727	0.118444444444444	0.085534188034188	0.0656538461538462	0.228303418803419	0	0	0	0	0	0	0	0	0	0	0	0	0	0	0	0	0	0	0	0	0	
59037	4295	108	0.0395555555555567	0.286739316239316	0.189487179487179	0.146615384615385	0.0905128205128205	0.0659145299145299	0.220730769230769	0	0	0	0	0	0	0	0	0	0	0	0	0	0	0	0	0	0	0	0	0	
24751	1557	259	0.0396324786324767	0.281974358974359	0.202713675213675	0.137166666666667	0.0776495726495726	0.0610641025641026	0.239431623931624	0	0	0	0	0	0	0	0	0	0	0	0	0	0	0	0	0	0	0	0	0	
27391	8133	87	0.0399999999999988	0.292764957264957	0.190606837606838	0.132264957264957	0.0857692307692308	0.0599017094017094	0.238692307692308	0	0	0	0	0	0	0	0	0	0	0	0	0	0	0	0	0	0	0	0	0	
61053	3943	97	0.0402478632478646	0.275388888888889	0.199440170940171	0.121816239316239	0.0957350427350427	0.072542735042735	0.235076923076923	0	0	0	0	0	0	0	0	0	0	0	0	0	0	0	0	0	0	0	0	0	
24850	2242	163	0.0407692307692301	0.275666666666667	0.198893162393162	0.127350427350427	0.0869188034188034	0.0637905982905983	0.247380341880342	0	0	0	0	0	0	0	0	0	0	0	0	0	0	0	0	0	0	0	0	0	
66059	3325	122	0.0409401709401715	0.292803418803419	0.202653846153846	0.128897435897436	0.0953931623931624	0.0683888888888889	0.211863247863248	0	0	0	0	0	0	0	0	0	0	0	0	0	0	0	0	0	0	0	0	0	
75662	7175	78	0.0410085470085471	0.298042735042735	0.195495726495726	0.123735042735043	0.093525641025641	0.0633632478632479	0.225837606837607	0	0	0	0	0	0	0	0	0	0	0	0	0	0	0	0	0	0	0	0	0	
69759	6433	87	0.0410256410256422	0.300055555555556	0.197264957264957	0.123764957264957	0.0915213675213675	0.0669017094017094	0.220491452991453	0	0	0	0	0	0	0	0	0	0	0	0	0	0	0	0	0	0	0	0	0	
76777	8633	67	0.0411282051282053	0.292726495726496	0.182726495726496	0.131974358974359	0.0933333333333333	0.066517094017094	0.232722222222222	0	0	0	0	0	0	0	0	0	0	0	0	0	0	0	0	0	0	0	0	0	
94548	6499	72	0.0415213675213682	0.290786324786325	0.194645299145299	0.124491452991453	0.0931324786324786	0.0618846153846154	0.235059829059829	0	0	0	0	0	0	0	0	0	0	0	0	0	0	0	0	0	0	0	0	0	
75190	3815	103	0.041632478632481	0.263487179487179	0.19991452991453	0.148897435897436	0.0877692307692308	0.0697136752136752	0.230217948717949	0	0	0	0	0	0	0	0	0	0	0	0	0	0	0	0	0	0	0	0	0	
24364	4894	148	0.0416923076923072	0.303551282051282	0.197662393162393	0.129239316239316	0.0841153846153846	0.0566794871794872	0.228752136752137	0	0	0	0	0	0	0	0	0	0	0	0	0	0	0	0	0	0	0	0	0	
43352	6144	97	0.0417606837606829	0.275320512820513	0.195799145299145	0.131290598290598	0.0946923076923077	0.0627948717948718	0.240102564102564	0	0	0	0	0	0	0	0	0	0	0	0	0	0	0	0	0	0	0	0	0	
56957	6651	76	0.0418547008547008	0.293811965811966	0.196632478632479	0.12874358974359	0.0958162393162393	0.0554786324786325	0.229517094017094	0	0	0	0	0	0	0	0	0	0	0	0	0	0	0	0	0	0	0	0	0	
21593	1844	325	0.0421196581196569	0.28424358974359	0.200307692307692	0.129358974358974	0.0870213675213675	0.0521068376068376	0.246961538461538	0	0	0	0	0	0	0	0	0	0	0	0	0	0	0	0	0	0	0	0	0	
48592	2775	131	0.0423333333333323	0.278418803418803	0.192491452991453	0.137145299145299	0.103807692307692	0.0692264957264957	0.218910256410256	0	0	0	0	0	0	0	0	0	0	0	0	0	0	0	0	0	0	0	0	0	
64055	5845	105	0.0424273504273514	0.294042735042735	0.201094017094017	0.136166666666667	0.0933162393162393	0.0604230769230769	0.214957264957265	0	0	0	0	0	0	0	0	0	0	0	0	0	0	0	0	0	0	0	0	0	
27465	4612	121	0.0428461538461545	0.290094017094017	0.192905982905983	0.125448717948718	0.095965811965812	0.0620042735042735	0.233581196581197	0	0	0	0	0	0	0	0	0	0	0	0	0	0	0	0	0	0	0	0	0	
71605	4236	113	0.0431709401709415	0.290982905982906	0.202790598290598	0.129478632478632	0.0981923076923077	0.0691794871794872	0.209376068376068	0	0	0	0	0	0	0	0	0	0	0	0	0	0	0	0	0	0	0	0	0	
28355	6903	95	0.0433504273504266	0.277162393162393	0.192410256410256	0.128192307692308	0.0902264957264957	0.0666452991452991	0.245363247863248	0	0	0	0	0	0	0	0	0	0	0	0	0	0	0	0	0	0	0	0	0	
28222	1746	215	0.0433504273504281	0.283504273504273	0.211555555555556	0.128119658119658	0.0961965811965812	0.0621452991452991	0.218478632478632	0	0	0	0	0	0	0	0	0	0	0	0	0	0	0	0	0	0	0	0	0	
26740	5095	126	0.0433760683760678	0.284850427350427	0.188786324786325	0.137384615384615	0.0906282051282051	0.0582820512820513	0.240068376068376	0	0	0	0	0	0	0	0	0	0	0	0	0	0	0	0	0	0	0	0	0	
25405	5211	157	0.043427350427348	0.281273504273504	0.209876068376068	0.136482905982906	0.0785940170940171	0.0589230769230769	0.234850427350427	0	0	0	0	0	0	0	0	0	0	0	0	0	0	0	0	0	0	0	0	0	
46165	6810	87	0.0434871794871796	0.292534188034188	0.200504273504273	0.114547008547009	0.0952820512820513	0.0661752136752137	0.230957264957265	0	0	0	0	0	0	0	0	0	0	0	0	0	0	0	0	0	0	0	0	0	
99269	3386	113	0.0437435897435897	0.26624358974359	0.200717948717949	0.144726495726496	0.0933119658119658	0.0656282051282051	0.229371794871795	0	0	0	0	0	0	0	0	0	0	0	0	0	0	0	0	0	0	0	0	0	
62630	4487	108	0.0438034188034198	0.286777777777778	0.190876068376068	0.140089743589744	0.0991239316239316	0.0688717948717949	0.214260683760684	0	0	0	0	0	0	0	0	0	0	0	0	0	0	0	0	0	0	0	0	0	
33884	6271	102	0.0441623931623928	0.290226495726496	0.188316239316239	0.124457264957265	0.0862991452991453	0.0673888888888889	0.243311965811966	0	0	0	0	0	0	0	0	0	0	0	0	0	0	0	0	0	0	0	0	0	
48868	5693	89	0.0442051282051286	0.291790598290598	0.18692735042735	0.135863247863248	0.0878333333333333	0.0597264957264957	0.237858974358974	0	0	0	0	0	0	0	0	0	0	0	0	0	0	0	0	0	0	0	0	0	
