94548	6499	72	0.0087264957264972	0.290786324786325	0.194645299145299	0.124491452991453	0.0931324786324786	0.0618846153846154	0.235059829059829	0	0	0	0	0	0	0	0	0	0	0	0	0	0	0	0	0	0	0	0	0	
25336	1160	366	0.00940598290598442	0.288059829059829	0.195192307692308	0.131145299145299	0.0913076923076923	0.0593076923076923	0.234987179487179	0	0	0	0	0	0	0	0	0	0	0	0	0	0	0	0	0	0	0	0	0	
27465	4612	121	0.0108760683760656	0.290094017094017	0.192905982905983	0.125448717948718	0.095965811965812	0.0620042735042735	0.233581196581197	0	0	0	0	0	0	0	0	0	0	0	0	0	0	0	0	0	0	0	0	0	
48271	6150	88	0.0131282051282034	0.286559829059829	0.190649572649573	0.130880341880342	0.0914786324786325	0.0664230769230769	0.234008547008547	0	0	0	0	0	0	0	0	0	0	0	0	0	0	0	0	0	0	0	0	0	
31129	5183	116	0.0147136752136751	0.283123931623932	0.195064102564103	0.127294871794872	0.0953162393162393	0.0667863247863248	0.23241452991453	0	0	0	0	0	0	0	0	0	0	0	0	0	0	0	0	0	0	0	0	0	
51592	6092	83	0.0148760683760699	0.291820512820513	0.194102564102564	0.125910256410256	0.0885769230769231	0.0639230769230769	0.235666666666667	0	0	0	0	0	0	0	0	0	0	0	0	0	0	0	0	0	0	0	0	0	
29274	6817	99	0.0168076923076918	0.290884615384615	0.187200854700855	0.128111111111111	0.0923119658119658	0.0671153846153846	0.234376068376068	0	0	0	0	0	0	0	0	0	0	0	0	0	0	0	0	0	0	0	0	0	
25019	1119	394	0.0170854700854684	0.293952991452991	0.196645299145299	0.127286324786325	0.0868076923076923	0.0617564102564103	0.233551282051282	0	0	0	0	0	0	0	0	0	0	0	0	0	0	0	0	0	0	0	0	0	
77695	4473	94	0.0175341880341896	0.289405982905983	0.199726495726496	0.126162393162393	0.0895683760683761	0.0592991452991453	0.235837606837607	0	0	0	0	0	0	0	0	0	0	0	0	0	0	0	0	0	0	0	0	0	
51149	7554	74	0.0187264957264979	0.294217948717949	0.19457264957265	0.129145299145299	0.0867649572649573	0.0642222222222222	0.231076923076923	0	0	0	0	0	0	0	0	0	0	0	0	0	0	0	0	0	0	0	0	0	
76762	7851	60	0.0207820512820519	0.29148717948718	0.189525641025641	0.12758547008547	0.088525641025641	0.0654059829059829	0.237470085470085	0	0	0	0	0	0	0	0	0	0	0	0	0	0	0	0	0	0	0	0	0	
28133	5019	123	0.0220811965811982	0.28925641025641	0.196705128205128	0.131957264957265	0.0836495726495727	0.0606282051282051	0.237803418803419	0	0	0	0	0	0	0	0	0	0	0	0	0	0	0	0	0	0	0	0	0	
25853	7698	112	0.0222735042735053	0.280764957264957	0.194247863247863	0.124384615384615	0.0937094017094017	0.0630897435897436	0.243803418803419	0	0	0	0	0	0	0	0	0	0	0	0	0	0	0	0	0	0	0	0	0	
38954	4353	125	0.0227222222222221	0.288666666666667	0.190910256410256	0.127512820512821	0.0940384615384615	0.0715384615384615	0.227333333333333	0	0	0	0	0	0	0	0	0	0	0	0	0	0	0	0	0	0	0	0	0	
56957	6651	76	0.0228247863247878	0.293811965811966	0.196632478632479	0.12874358974359	0.0958162393162393	0.0554786324786325	0.229517094017094	0	0	0	0	0	0	0	0	0	0	0	0	0	0	0	0	0	0	0	0	0	
56756	7804	65	0.0228290598290596	0.287363247863248	0.184461538461538	0.133538461538462	0.0942094017094017	0.0610769230769231	0.239350427350427	0	0	0	0	0	0	0	0	0	0	0	0	0	0	0	0	0	0	0	0	0	
25699	1100	340	0.0236538461538481	0.280119658119658	0.201132478632479	0.127688034188034	0.089465811965812	0.0666965811965812	0.234897435897436	0	0	0	0	0	0	0	0	0	0	0	0	0	0	0	0	0	0	0	0	0	
36127	3936	118	0.0238504273504263	0.287089743589744	0.195893162393162	0.118457264957265	0.0948376068376068	0.0710042735042735	0.232717948717949	0	0	0	0	0	0	0	0	0	0	0	0	0	0	0	0	0	0	0	0	0	
43352	6144	97	0.0244871794871814	0.275320512820513	0.195799145299145	0.131290598290598	0.0946923076923077	0.0627948717948718	0.240102564102564	0	0	0	0	0	0	0	0	0	0	0	0	0	0	0	0	0	0	0	0	0	
87406	7128	69	0.0245299145299149	0.295752136752137	0.192418803418803	0.130025641025641	0.0834273504273504	0.0647905982905983	0.23358547008547	0	0	0	0	0	0	0	0	0	0	0	0	0	0	0	0	0	0	0	0	0	
25000	1387	447	0.0250769230769227	0.294547008547009	0.200047008547009	0.128457264957265	0.0928589743589744	0.0603547008547009	0.223735042735043	0	0	0	0	0	0	0	0	0	0	0	0	0	0	0	0	0	0	0	0	0	
81656	7744	72	0.0253846153846157	0.283388888888889	0.197696581196581	0.132175213675214	0.0924102564102564	0.0680512820512821	0.226277777777778	0	0	0	0	0	0	0	0	0	0	0	0	0	0	0	0	0	0	0	0	0	
33362	5038	123	0.0260213675213698	0.288777777777778	0.200897435897436	0.120064102564103	0.0884615384615385	0.0673333333333333	0.234465811965812	0	0	0	0	0	0	0	0	0	0	0	0	0	0	0	0	0	0	0	0	0	
75662	7175	78	0.0261068376068379	0.298042735042735	0.195495726495726	0.123735042735043	0.093525641025641	0.0633632478632479	0.225837606837607	0	0	0	0	0	0	0	0	0	0	0	0	0	0	0	0	0	0	0	0	0	
76777	8633	67	0.0263803418803424	0.292726495726496	0.182726495726496	0.131974358974359	0.0933333333333333	0.066517094017094	0.232722222222222	0	0	0	0	0	0	0	0	0	0	0	0	0	0	0	0	0	0	0	0	0	
77968	6567	86	0.0266581196581197	0.284094017094017	0.194944444444444	0.131773504273504	0.0855641025641026	0.0718418803418803	0.231782051282051	0	0	0	0	0	0	0	0	0	0	0	0	0	0	0	0	0	0	0	0	0	
23499	1141	453	0.0267478632478615	0.285901709401709	0.193615384615385	0.127465811965812	0.0920940170940171	0.0534017094017094	0.247521367521368	0	0	0	0	0	0	0	0	0	0	0	0	0	0	0	0	0	0	0	0	0	
27391	8133	87	0.0270641025641018	0.292764957264957	0.190606837606838	0.132264957264957	0.0857692307692308	0.0599017094017094	0.238692307692308	0	0	0	0	0	0	0	0	0	0	0	0	0	0	0	0	0	0	0	0	0	
47742	9578	63	0.0278162393162416	0.298431623931624	0.196089743589744	0.126487179487179	0.0818547008547009	0.0615470085470085	0.235589743589744	0	0	0	0	0	0	0	0	0	0	0	0	0	0	0	0	0	0	0	0	0	
70183	7643	71	0.0283675213675202	0.280260683760684	0.189717948717949	0.129371794871795	0.0934102564102564	0.0601538461538462	0.24708547008547	0	0	0	0	0	0	0	0	0	0	0	0	0	0	0	0	0	0	0	0	0	
28726	1784	176	0.0284273504273505	0.281440170940171	0.196525641025641	0.139307692307692	0.0911153846153846	0.0636111111111111	0.228	0	0	0	0	0	0	0	0	0	0	0	0	0	0	0	0	0	0	0	0	0	
71868	7436	63	0.0284743589743624	0.29098717948718	0.198012820512821	0.130226495726496	0.0793675213675214	0.0617136752136752	0.239692307692308	0	0	0	0	0	0	0	0	0	0	0	0	0	0	0	0	0	0	0	0	0	
77411	4035	105	0.0289871794871796	0.28157264957265	0.199478632478632	0.130162393162393	0.0950299145299145	0.0681111111111111	0.225645299145299	0	0	0	0	0	0	0	0	0	0	0	0	0	0	0	0	0	0	0	0	0	
37454	4917	124	0.0292307692307692	0.295320512820513	0.199017094017094	0.130811965811966	0.0912179487179487	0.0615854700854701	0.222047008547009	0	0	0	0	0	0	0	0	0	0	0	0	0	0	0	0	0	0	0	0	0	
85768	6227	73	0.0294700854700849	0.294816239316239	0.187820512820513	0.131106837606838	0.0862179487179487	0.0671153846153846	0.232923076923077	0	0	0	0	0	0	0	0	0	0	0	0	0	0	0	0	0	0	0	0	0	
26740	5095	126	0.0296538461538446	0.284850427350427	0.188786324786325	0.137384615384615	0.0906282051282051	0.0582820512820513	0.240068376068376	0	0	0	0	0	0	0	0	0	0	0	0	0	0	0	0	0	0	0	0	0	
23000	1806	276	0.0298034188034188	0.272995726495727	0.19415811965812	0.129307692307692	0.093482905982906	0.0652948717948718	0.244760683760684	0	0	0	0	0	0	0	0	0	0	0	0	0	0	0	0	0	0	0	0	0	
77204	6276	78	0.0300299145299157	0.294542735042735	0.182799145299145	0.132564102564103	0.0952179487179487	0.064051282051282	0.230824786324786	0	0	0	0	0	0	0	0	0	0	0	0	0	0	0	0	0	0	0	0	0	
96601	6457	72	0.0305854700854698	0.297957264957265	0.182222222222222	0.126397435897436	0.0935598290598291	0.0666581196581197	0.233205128205128	0	0	0	0	0	0	0	0	0	0	0	0	0	0	0	0	0	0	0	0	0	
48868	5693	89	0.030645299145299	0.291790598290598	0.18692735042735	0.135863247863248	0.0878333333333333	0.0597264957264957	0.237858974358974	0	0	0	0	0	0	0	0	0	0	0	0	0	0	0	0	0	0	0	0	0	
28355	6903	95	0.0312008547008544	0.277162393162393	0.192410256410256	0.128192307692308	0.0902264957264957	0.0666452991452991	0.245363247863248	0	0	0	0	0	0	0	0	0	0	0	0	0	0	0	0	0	0	0	0	0	
24458	2751	180	0.0314230769230778	0.279833333333333	0.208226495726496	0.125051282051282	0.094974358974359	0.0623205128205128	0.229594017094017	0	0	0	0	0	0	0	0	0	0	0	0	0	0	0	0	0	0	0	0	0	
28114	3055	154	0.0314871794871796	0.288145299145299	0.185252136752137	0.141649572649573	0.0887905982905983	0.0642521367521368	0.231910256410256	0	0	0	0	0	0	0	0	0	0	0	0	0	0	0	0	0	0	0	0	0	
24492	1767	471	0.0315512820512826	0.292196581196581	0.196423076923077	0.124602564102564	0.090491452991453	0.0529273504273504	0.243358974358974	0	0	0	0	0	0	0	0	0	0	0	0	0	0	0	0	0	0	0	0	0	
53814	6165	81	0.0316153846153853	0.291799145299145	0.185534188034188	0.121628205128205	0.0954102564102564	0.0652521367521368	0.240376068376068	0	0	0	0	0	0	0	0	0	0	0	0	0	0	0	0	0	0	0	0	0	
20870	5914	127	0.0319358974358961	0.290594017094017	0.187542735042735	0.127811965811966	0.090525641025641	0.0564401709401709	0.24708547008547	0	0	0	0	0	0	0	0	0	0	0	0	0	0	0	0	0	0	0	0	0	
87958	5371	84	0.0322051282051276	0.279628205128205	0.188200854700855	0.126602564102564	0.0933760683760684	0.0681794871794872	0.24401282051282	0	0	0	0	0	0	0	0	0	0	0	0	0	0	0	0	0	0	0	0	0	
61170	4751	99	0.032337606837608	0.291303418803419	0.199222222222222	0.125132478632479	0.0931282051282051	0.0698888888888889	0.221324786324786	0	0	0	0	0	0	0	0	0	0	0	0	0	0	0	0	0	0	0	0	0	
65282	5451	85	0.0323589743589768	0.287594017094017	0.178311965811966	0.128589743589744	0.0946794871794872	0.0726324786324786	0.238192307692308	0	0	0	0	0	0	0	0	0	0	0	0	0	0	0	0	0	0	0	0	0	
48502	6227	94	0.032619658119658	0.28108547008547	0.204354700854701	0.130316239316239	0.0976666666666667	0.0622435897435897	0.224333333333333	0	0	0	0	0	0	0	0	0	0	0	0	0	0	0	0	0	0	0	0	0	
34736	5008	116	0.0327777777777753	0.274623931623932	0.192277777777778	0.138136752136752	0.0921837606837607	0.068991452991453	0.233786324786325	0	0	0	0	0	0	0	0	0	0	0	0	0	0	0	0	0	0	0	0	0	
29599	6393	123	0.0329658119658118	0.297910256410256	0.193008547008547	0.133055555555556	0.081474358974359	0.0638205128205128	0.230730769230769	0	0	0	0	0	0	0	0	0	0	0	0	0	0	0	0	0	0	0	0	0	
24962	1674	449	0.0329700854700835	0.303961538461538	0.194021367521368	0.127786324786325	0.087482905982906	0.0525128205128205	0.234235042735043	0	0	0	0	0	0	0	0	0	0	0	0	0	0	0	0	0	0	0	0	0	
25093	1203	461	0.033025641025641	0.29548717948718	0.203081196581197	0.1205	0.0907820512820513	0.0592008547008547	0.230948717948718	0	0	0	0	0	0	0	0	0	0	0	0	0	0	0	0	0	0	0	0	0	
62426	8684	64	0.0330384615384621	0.282602564102564	0.188145299145299	0.132547008547009	0.0878461538461539	0.064525641025641	0.244333333333333	0	0	0	0	0	0	0	0	0	0	0	0	0	0	0	0	0	0	0	0	0	
87498	4949	81	0.0331068376068388	0.284286324786325	0.203611111111111	0.116435897435897	0.0918247863247863	0.0676452991452991	0.236196581196581	0	0	0	0	0	0	0	0	0	0	0	0	0	0	0	0	0	0	0	0	0	
46002	4254	108	0.033239316239318	0.274247863247863	0.191188034188034	0.133940170940171	0.095534188034188	0.070465811965812	0.234623931623932	0	0	0	0	0	0	0	0	0	0	0	0	0	0	0	0	0	0	0	0	0	
75394	4864	86	0.0332905982905992	0.27767094017094	0.187739316239316	0.133247863247863	0.0970470085470086	0.0631324786324786	0.241162393162393	0	0	0	0	0	0	0	0	0	0	0	0	0	0	0	0	0	0	0	0	0	
29386	5851	126	0.033363247863247	0.30207264957265	0.191551282051282	0.123055555555556	0.0860512820512821	0.060948717948718	0.236320512820513	0	0	0	0	0	0	0	0	0	0	0	0	0	0	0	0	0	0	0	0	0	
34498	4649	119	0.0333632478632481	0.287055555555556	0.194576923076923	0.134299145299145	0.0980769230769231	0.068017094017094	0.217974358974359	0	0	0	0	0	0	0	0	0	0	0	0	0	0	0	0	0	0	0	0	0	
38407	5182	108	0.03361965811966	0.298705128205128	0.198008547008547	0.126525641025641	0.0782008547008547	0.0636923076923077	0.234867521367521	0	0	0	0	0	0	0	0	0	0	0	0	0	0	0	0	0	0	0	0	0	
81998	4483	97	0.0336367521367511	0.279884615384615	0.186542735042735	0.130358974358974	0.104162393162393	0.0660940170940171	0.232957264957265	0	0	0	0	0	0	0	0	0	0	0	0	0	0	0	0	0	0	0	0	0	
79616	6227	84	0.0336709401709404	0.280115384615385	0.200662393162393	0.13	0.0938162393162393	0.0706452991452991	0.224760683760684	0	0	0	0	0	0	0	0	0	0	0	0	0	0	0	0	0	0	0	0	0	
33884	6271	102	0.0339102564102576	0.290226495726496	0.188316239316239	0.124457264957265	0.0862991452991453	0.0673888888888889	0.243311965811966	0	0	0	0	0	0	0	0	0	0	0	0	0	0	0	0	0	0	0	0	0	
63303	5043	94	0.034123931623931	0.301555555555556	0.182175213675214	0.126397435897436	0.093965811965812	0.0644230769230769	0.231482905982906	0	0	0	0	0	0	0	0	0	0	0	0	0	0	0	0	0	0	0	0	0	
46165	6810	87	0.03424358974359	0.292534188034188	0.200504273504273	0.114547008547009	0.0952820512820513	0.0661752136752137	0.230957264957265	0	0	0	0	0	0	0	0	0	0	0	0	0	0	0	0	0	0	0	0	0	
76014	6340	85	0.0343846153846168	0.295209401709402	0.203589743589744	0.117017094017094	0.0883461538461539	0.0627094017094017	0.233128205128205	0	0	0	0	0	0	0	0	0	0	0	0	0	0	0	0	0	0	0	0	0	
31675	1722	182	0.0344957264957274	0.288628205128205	0.199632478632479	0.139521367521368	0.0885299145299145	0.0606452991452991	0.223042735042735	0	0	0	0	0	0	0	0	0	0	0	0	0	0	0	0	0	0	0	0	0	
34059	5272	96	0.0349871794871789	0.278217948717949	0.192440170940171	0.133923076923077	0.0869615384615385	0.0654700854700855	0.242987179487179	0	0	0	0	0	0	0	0	0	0	0	0	0	0	0	0	0	0	0	0	0	
53412	4055	112	0.0351324786324778	0.278307692307692	0.192752136752137	0.136111111111111	0.0933846153846154	0.0718675213675214	0.227576923076923	0	0	0	0	0	0	0	0	0	0	0	0	0	0	0	0	0	0	0	0	0	
84160	7511	72	0.0356239316239317	0.288299145299145	0.185653846153846	0.137277777777778	0.0877948717948718	0.0705384615384615	0.230435897435897	0	0	0	0	0	0	0	0	0	0	0	0	0	0	0	0	0	0	0	0	0	
36300	5039	105	0.0356410256410253	0.274405982905983	0.201752136752137	0.124662393162393	0.0925470085470085	0.0728205128205128	0.233811965811966	0	0	0	0	0	0	0	0	0	0	0	0	0	0	0	0	0	0	0	0	0	
27211	5943	123	0.0356452991452992	0.292551282051282	0.183709401709402	0.134589743589744	0.0878974358974359	0.0603803418803419	0.240871794871795	0	0	0	0	0	0	0	0	0	0	0	0	0	0	0	0	0	0	0	0	0	
28578	5993	100	0.0356794871794884	0.291820512820513	0.190867521367521	0.1255	0.0818205128205128	0.0656282051282051	0.244363247863248	0	0	0	0	0	0	0	0	0	0	0	0	0	0	0	0	0	0	0	0	0	
21383	3788	245	0.035841880341882	0.291098290598291	0.200794871794872	0.12584188034188	0.0848076923076923	0.0552264957264957	0.242230769230769	0	0	0	0	0	0	0	0	0	0	0	0	0	0	0	0	0	0	0	0	0	
26062	1958	228	0.0358589743589735	0.287457264957265	0.181491452991453	0.139559829059829	0.0886068376068376	0.0618888888888889	0.240995726495727	0	0	0	0	0	0	0	0	0	0	0	0	0	0	0	0	0	0	0	0	0	
98753	6480	65	0.036269230769231	0.282410256410256	0.192897435897436	0.128696581196581	0.0816709401709402	0.0642905982905983	0.250034188034188	0	0	0	0	0	0	0	0	0	0	0	0	0	0	0	0	0	0	0	0	0	
31446	6472	116	0.0364017094017101	0.297700854700855	0.197435897435897	0.124717948717949	0.0928461538461538	0.0673803418803419	0.219918803418803	0	0	0	0	0	0	0	0	0	0	0	0	0	0	0	0	0	0	0	0	0	
21808	2841	217	0.036487179487178	0.27924358974359	0.194188034188034	0.122611111111111	0.096957264957265	0.058508547008547	0.248491452991453	0	0	0	0	0	0	0	0	0	0	0	0	0	0	0	0	0	0	0	0	0	
25339	6253	130	0.0365811965811949	0.292136752136752	0.185064102564103	0.12265811965812	0.0945384615384615	0.0592179487179487	0.246384615384615	0	0	0	0	0	0	0	0	0	0	0	0	0	0	0	0	0	0	0	0	0	
24952	5451	148	0.0367478632478627	0.305692307692308	0.188273504273504	0.128307692307692	0.084508547008547	0.0588247863247863	0.234393162393162	0	0	0	0	0	0	0	0	0	0	0	0	0	0	0	0	0	0	0	0	0	
27397	7899	94	0.0368162393162401	0.2985	0.20158547008547	0.123	0.0827905982905983	0.0595982905982906	0.234525641025641	0	0	0	0	0	0	0	0	0	0	0	0	0	0	0	0	0	0	0	0	0	
53402	6617	92	0.0368675213675215	0.305307692307692	0.19091452991453	0.128568376068376	0.0935299145299145	0.0623888888888889	0.219290598290598	0	0	0	0	0	0	0	0	0	0	0	0	0	0	0	0	0	0	0	0	0	
41291	6588	91	0.0369487179487194	0.275816239316239	0.20182905982906	0.127136752136752	0.0947777777777778	0.0568760683760684	0.243564102564103	0	0	0	0	0	0	0	0	0	0	0	0	0	0	0	0	0	0	0	0	0	
51208	5545	84	0.0369743589743599	0.272192307692308	0.191376068376068	0.132311965811966	0.0937649572649573	0.0660641025641026	0.244290598290598	0	0	0	0	0	0	0	0	0	0	0	0	0	0	0	0	0	0	0	0	0	
56851	4080	96	0.0370000000000018	0.271876068376068	0.195264957264957	0.125666666666667	0.0973760683760684	0.0688931623931624	0.240923076923077	0	0	0	0	0	0	0	0	0	0	0	0	0	0	0	0	0	0	0	0	0	
59862	5290	97	0.0370726495726511	0.287444444444444	0.199555555555556	0.131213675213675	0.100435897435897	0.0656196581196581	0.215730769230769	0	0	0	0	0	0	0	0	0	0	0	0	0	0	0	0	0	0	0	0	0	
24248	3886	171	0.0371239316239302	0.291316239316239	0.188790598290598	0.126683760683761	0.0835940170940171	0.0606581196581197	0.248957264957265	0	0	0	0	0	0	0	0	0	0	0	0	0	0	0	0	0	0	0	0	0	
36770	5594	90	0.0373504273504268	0.301008547008547	0.17807264957265	0.127269230769231	0.0934059829059829	0.0612136752136752	0.239029914529915	0	0	0	0	0	0	0	0	0	0	0	0	0	0	0	0	0	0	0	0	0	
45734	3731	118	0.0375940170940158	0.270153846153846	0.194128205128205	0.138799145299145	0.0979957264957265	0.0657991452991453	0.233123931623932	0	0	0	0	0	0	0	0	0	0	0	0	0	0	0	0	0	0	0	0	0	
27414	6602	113	0.0376623931623945	0.300636752136752	0.195764957264957	0.131769230769231	0.0820299145299145	0.054457264957265	0.23534188034188	0	0	0	0	0	0	0	0	0	0	0	0	0	0	0	0	0	0	0	0	0	
61053	3943	97	0.0376752136752156	0.275388888888889	0.199440170940171	0.121816239316239	0.0957350427350427	0.072542735042735	0.235076923076923	0	0	0	0	0	0	0	0	0	0	0	0	0	0	0	0	0	0	0	0	0	
38524	5543	103	0.0378290598290602	0.283897435897436	0.18708547008547	0.120636752136752	0.0973803418803419	0.0653333333333333	0.245666666666667	0	0	0	0	0	0	0	0	0	0	0	0	0	0	0	0	0	0	0	0	0	
31929	3002	165	0.0379358974358957	0.289111111111111	0.189269230769231	0.143452991452991	0.0955042735042735	0.0607521367521368	0.221910256410256	0	0	0	0	0	0	0	0	0	0	0	0	0	0	0	0	0	0	0	0	0	
23958	4517	142	0.0381666666666697	0.291226495726496	0.201217948717949	0.119683760683761	0.0827692307692308	0.0624529914529915	0.242649572649573	0	0	0	0	0	0	0	0	0	0	0	0	0	0	0	0	0	0	0	0	0	
29065	1228	320	0.0383247863247873	0.282448717948718	0.202581196581197	0.133209401709402	0.0841495726495727	0.0686025641025641	0.229008547008547	0	0	0	0	0	0	0	0	0	0	0	0	0	0	0	0	0	0	0	0	0	
24850	2242	163	0.0383290598290608	0.275666666666667	0.198893162393162	0.127350427350427	0.0869188034188034	0.0637905982905983	0.247380341880342	0	0	0	0	0	0	0	0	0	0	0	0	0	0	0	0	0	0	0	0	0	
48311	6314	79	0.0383717948717964	0.292649572649573	0.18025641025641	0.125119658119658	0.091465811965812	0.0658589743589744	0.244649572649573	0	0	0	0	0	0	0	0	0	0	0	0	0	0	0	0	0	0	0	0	0	
29034	5374	102	0.0384743589743584	0.291410256410256	0.184388888888889	0.131688034188034	0.0853418803418803	0.0608418803418803	0.24632905982906	0	0	0	0	0	0	0	0	0	0	0	0	0	0	0	0	0	0	0	0	0	
20894	7489	117	0.0385085470085441	0.28665811965812	0.190008547008547	0.126491452991453	0.0831452991452991	0.0602948717948718	0.253401709401709	0	0	0	0	0	0	0	0	0	0	0	0	0	0	0	0	0	0	0	0	0	
