9534	0.00992307692307665	0.252418803418803	0.155277777777778	0.107038461538462	0.0672008547008547	0.0602735042735043	0.357790598290598	0	0	0	0	0	0	0	0	0	0	0	0	0	0	0	0	0	0	0	0	0	
9644	0.0143076923076918	0.256602564102564	0.148991452991453	0.105324786324786	0.0684487179487179	0.0596752136752137	0.360957264957265	0	0	0	0	0	0	0	0	0	0	0	0	0	0	0	0	0	0	0	0	0	
9692	0.0155982905982923	0.251940170940171	0.155025641025641	0.106547008547009	0.0702649572649573	0.062948717948718	0.353273504273504	0	0	0	0	0	0	0	0	0	0	0	0	0	0	0	0	0	0	0	0	0	
10489	0.0156581196581192	0.252333333333333	0.153871794871795	0.0997777777777778	0.0764273504273504	0.0574017094017094	0.360188034188034	0	0	0	0	0	0	0	0	0	0	0	0	0	0	0	0	0	0	0	0	0	
10537	0.0166324786324771	0.249709401709402	0.152564102564103	0.110119658119658	0.0717521367521367	0.0545555555555556	0.361299145299145	0	0	0	0	0	0	0	0	0	0	0	0	0	0	0	0	0	0	0	0	0	
9318	0.0176068376068375	0.250846153846154	0.150179487179487	0.102517094017094	0.0699615384615385	0.059542735042735	0.366952991452991	0	0	0	0	0	0	0	0	0	0	0	0	0	0	0	0	0	0	0	0	0	
8662	0.0188376068376071	0.243435897435897	0.155636752136752	0.104683760683761	0.0684786324786325	0.0630555555555556	0.364709401709402	0	0	0	0	0	0	0	0	0	0	0	0	0	0	0	0	0	0	0	0	0	
10726	0.0188717948717944	0.258594017094017	0.154478632478632	0.0977435897435897	0.0689487179487179	0.060525641025641	0.359709401709402	0	0	0	0	0	0	0	0	0	0	0	0	0	0	0	0	0	0	0	0	0	
10514	0.0191709401709388	0.255987179487179	0.153196581196581	0.106175213675214	0.0682649572649573	0.0514316239316239	0.364944444444444	0	0	0	0	0	0	0	0	0	0	0	0	0	0	0	0	0	0	0	0	0	
10328	0.0194615384615384	0.260183760683761	0.151717948717949	0.100833333333333	0.0673974358974359	0.0583162393162393	0.361551282051282	0	0	0	0	0	0	0	0	0	0	0	0	0	0	0	0	0	0	0	0	0	
10333	0.0194871794871802	0.248790598290598	0.155517094017094	0.101700854700855	0.0735982905982906	0.0631068376068376	0.357286324786325	0	0	0	0	0	0	0	0	0	0	0	0	0	0	0	0	0	0	0	0	0	
8651	0.0199230769230764	0.248935897435897	0.155166666666667	0.103559829059829	0.076	0.0526068376068376	0.363730769230769	0	0	0	0	0	0	0	0	0	0	0	0	0	0	0	0	0	0	0	0	0	
10462	0.0199914529914529	0.250935897435897	0.153867521367521	0.101346153846154	0.077965811965812	0.0540854700854701	0.361799145299145	0	0	0	0	0	0	0	0	0	0	0	0	0	0	0	0	0	0	0	0	0	
9461	0.0200598290598279	0.258380341880342	0.158910256410256	0.104606837606838	0.0652991452991453	0.0533205128205128	0.359482905982906	0	0	0	0	0	0	0	0	0	0	0	0	0	0	0	0	0	0	0	0	0	
9759	0.0204957264957274	0.256641025641026	0.156470085470085	0.106363247863248	0.0722521367521368	0.0489017094017094	0.359371794871795	0	0	0	0	0	0	0	0	0	0	0	0	0	0	0	0	0	0	0	0	0	
10095	0.0206837606837626	0.253709401709402	0.160542735042735	0.106183760683761	0.0713846153846154	0.0577264957264957	0.350452991452991	0	0	0	0	0	0	0	0	0	0	0	0	0	0	0	0	0	0	0	0	0	
9996	0.0211282051282041	0.24708547008547	0.15065811965812	0.105517094017094	0.0680854700854701	0.0622051282051282	0.366448717948718	0	0	0	0	0	0	0	0	0	0	0	0	0	0	0	0	0	0	0	0	0	
9991	0.0212136752136752	0.252346153846154	0.149021367521368	0.104290598290598	0.0741495726495727	0.0545128205128205	0.365679487179487	0	0	0	0	0	0	0	0	0	0	0	0	0	0	0	0	0	0	0	0	0	
9922	0.0213247863247866	0.260200854700855	0.154867521367521	0.0985641025641026	0.066957264957265	0.0601452991452991	0.359264957264957	0	0	0	0	0	0	0	0	0	0	0	0	0	0	0	0	0	0	0	0	0	
9929	0.0214786324786318	0.249495726495726	0.155145299145299	0.104508547008547	0.0615897435897436	0.0594102564102564	0.369850427350427	0	0	0	0	0	0	0	0	0	0	0	0	0	0	0	0	0	0	0	0	0	
10408	0.0217521367521368	0.250115384615385	0.146269230769231	0.110038461538462	0.0719017094017094	0.0609615384615385	0.360713675213675	0	0	0	0	0	0	0	0	0	0	0	0	0	0	0	0	0	0	0	0	0	
9921	0.0218632478632493	0.248782051282051	0.149461538461538	0.10317094017094	0.071525641025641	0.0592905982905983	0.367769230769231	0	0	0	0	0	0	0	0	0	0	0	0	0	0	0	0	0	0	0	0	0	
10658	0.0221282051282044	0.249119658119658	0.156064102564103	0.105435897435897	0.0628247863247863	0.0558076923076923	0.370747863247863	0	0	0	0	0	0	0	0	0	0	0	0	0	0	0	0	0	0	0	0	0	
10011	0.0222307692307702	0.250222222222222	0.145923076923077	0.105568376068376	0.0711025641025641	0.0596111111111111	0.36757264957265	0	0	0	0	0	0	0	0	0	0	0	0	0	0	0	0	0	0	0	0	0	
8855	0.0228803418803428	0.242884615384615	0.15708547008547	0.102636752136752	0.0765854700854701	0.0578076923076923	0.363	0	0	0	0	0	0	0	0	0	0	0	0	0	0	0	0	0	0	0	0	0	
9838	0.0231367521367526	0.245333333333333	0.152247863247863	0.103482905982906	0.0696709401709402	0.0575982905982906	0.371666666666667	0	0	0	0	0	0	0	0	0	0	0	0	0	0	0	0	0	0	0	0	0	
9691	0.0232051282051284	0.253384615384615	0.153611111111111	0.107081196581197	0.0771538461538462	0.0517948717948718	0.356974358974359	0	0	0	0	0	0	0	0	0	0	0	0	0	0	0	0	0	0	0	0	0	
10114	0.0233333333333342	0.257106837606838	0.155431623931624	0.107376068376068	0.0713717948717949	0.0597136752136752	0.349	0	0	0	0	0	0	0	0	0	0	0	0	0	0	0	0	0	0	0	0	0	
9181	0.0233589743589743	0.251119658119658	0.1445	0.106512820512821	0.0690940170940171	0.0623076923076923	0.366465811965812	0	0	0	0	0	0	0	0	0	0	0	0	0	0	0	0	0	0	0	0	0	
10350	0.0235470085470094	0.257854700854701	0.157239316239316	0.097017094017094	0.0730726495726496	0.0571709401709402	0.357645299145299	0	0	0	0	0	0	0	0	0	0	0	0	0	0	0	0	0	0	0	0	0	
9644	0.023709401709401	0.246957264957265	0.158619658119658	0.111837606837607	0.0641752136752137	0.0598290598290598	0.358581196581197	0	0	0	0	0	0	0	0	0	0	0	0	0	0	0	0	0	0	0	0	0	
9395	0.0238888888888898	0.253606837606838	0.149376068376068	0.104730769230769	0.0691923076923077	0.0523803418803419	0.370713675213675	0	0	0	0	0	0	0	0	0	0	0	0	0	0	0	0	0	0	0	0	0	
10396	0.0239230769230747	0.25867094017094	0.146692307692308	0.106350427350427	0.0691196581196581	0.0547051282051282	0.364461538461538	0	0	0	0	0	0	0	0	0	0	0	0	0	0	0	0	0	0	0	0	0	
9770	0.0239572649572659	0.254854700854701	0.148991452991453	0.111739316239316	0.0704358974358974	0.0588504273504274	0.355128205128205	0	0	0	0	0	0	0	0	0	0	0	0	0	0	0	0	0	0	0	0	0	
10160	0.0241452991452997	0.253457264957265	0.157628205128205	0.101183760683761	0.0708547008547009	0.0497136752136752	0.367162393162393	0	0	0	0	0	0	0	0	0	0	0	0	0	0	0	0	0	0	0	0	0	
9405	0.0242222222222234	0.25708547008547	0.15684188034188	0.095457264957265	0.0737393162393162	0.0587222222222222	0.358153846153846	0	0	0	0	0	0	0	0	0	0	0	0	0	0	0	0	0	0	0	0	0	
10325	0.0243076923076921	0.260333333333333	0.157448717948718	0.106717948717949	0.0609059829059829	0.056482905982906	0.358111111111111	0	0	0	0	0	0	0	0	0	0	0	0	0	0	0	0	0	0	0	0	0	
10312	0.0246495726495717	0.259141025641026	0.152811965811966	0.0991324786324786	0.0667521367521367	0.056542735042735	0.365619658119658	0	0	0	0	0	0	0	0	0	0	0	0	0	0	0	0	0	0	0	0	0	
9657	0.0248205128205121	0.248632478632479	0.148628205128205	0.102811965811966	0.0763162393162393	0.0577478632478632	0.365863247863248	0	0	0	0	0	0	0	0	0	0	0	0	0	0	0	0	0	0	0	0	0	
9950	0.0249230769230766	0.261508547008547	0.158213675213675	0.10234188034188	0.0660769230769231	0.0552735042735043	0.35658547008547	0	0	0	0	0	0	0	0	0	0	0	0	0	0	0	0	0	0	0	0	0	
9629	0.024948717948717	0.260440170940171	0.154568376068376	0.1005	0.0676923076923077	0.0617179487179487	0.355081196581197	0	0	0	0	0	0	0	0	0	0	0	0	0	0	0	0	0	0	0	0	0	
10298	0.0249829059829083	0.243696581196581	0.158538461538462	0.100696581196581	0.0745982905982906	0.0583461538461538	0.364123931623932	0	0	0	0	0	0	0	0	0	0	0	0	0	0	0	0	0	0	0	0	0	
9840	0.0250341880341892	0.246628205128205	0.153858974358974	0.0993418803418803	0.0702606837606838	0.0636581196581197	0.366252136752137	0	0	0	0	0	0	0	0	0	0	0	0	0	0	0	0	0	0	0	0	0	
10804	0.0250427350427352	0.259059829059829	0.151538461538462	0.0966495726495726	0.0723931623931624	0.0598846153846154	0.360474358974359	0	0	0	0	0	0	0	0	0	0	0	0	0	0	0	0	0	0	0	0	0	
11686	0.0251794871794866	0.253179487179487	0.165350427350427	0.105474358974359	0.0662777777777778	0.0481495726495726	0.361568376068376	0	0	0	0	0	0	0	0	0	0	0	0	0	0	0	0	0	0	0	0	0	
10453	0.0252393162393155	0.260320512820513	0.150982905982906	0.100474358974359	0.0661837606837607	0.0573034188034188	0.364735042735043	0	0	0	0	0	0	0	0	0	0	0	0	0	0	0	0	0	0	0	0	0	
10709	0.0252564102564103	0.255401709401709	0.153538461538462	0.0943803418803419	0.0702606837606838	0.0594444444444444	0.366974358974359	0	0	0	0	0	0	0	0	0	0	0	0	0	0	0	0	0	0	0	0	0	
10164	0.0255897435897434	0.253487179487179	0.148273504273504	0.100068376068376	0.068542735042735	0.0604102564102564	0.369217948717949	0	0	0	0	0	0	0	0	0	0	0	0	0	0	0	0	0	0	0	0	0	
10397	0.0257521367521364	0.259568376068376	0.149901709401709	0.108222222222222	0.0711025641025641	0.0506923076923077	0.360512820512821	0	0	0	0	0	0	0	0	0	0	0	0	0	0	0	0	0	0	0	0	0	
9252	0.0258290598290588	0.260282051282051	0.15808547008547	0.0963504273504274	0.0652307692307692	0.0576068376068376	0.362444444444444	0	0	0	0	0	0	0	0	0	0	0	0	0	0	0	0	0	0	0	0	0	
10764	0.0258717948717949	0.251495726495726	0.156876068376068	0.11142735042735	0.0743119658119658	0.0544316239316239	0.351457264957265	0	0	0	0	0	0	0	0	0	0	0	0	0	0	0	0	0	0	0	0	0	
10182	0.0260598290598284	0.258282051282051	0.153863247863248	0.10282905982906	0.0756794871794872	0.0519316239316239	0.35741452991453	0	0	0	0	0	0	0	0	0	0	0	0	0	0	0	0	0	0	0	0	0	
9981	0.026128205128205	0.253910256410256	0.152136752136752	0.109991452991453	0.0716111111111111	0.0481452991452991	0.364205128205128	0	0	0	0	0	0	0	0	0	0	0	0	0	0	0	0	0	0	0	0	0	
10551	0.0261538461538463	0.260726495726496	0.158935897435897	0.0994273504273504	0.0698076923076923	0.0536153846153846	0.35748717948718	0	0	0	0	0	0	0	0	0	0	0	0	0	0	0	0	0	0	0	0	0	
10355	0.0262820512820512	0.251153846153846	0.155363247863248	0.0944401709401709	0.0762350427350427	0.0561324786324786	0.366675213675214	0	0	0	0	0	0	0	0	0	0	0	0	0	0	0	0	0	0	0	0	0	
9478	0.026427350427352	0.25865811965812	0.156683760683761	0.0948632478632479	0.0718504273504273	0.0548931623931624	0.363051282051282	0	0	0	0	0	0	0	0	0	0	0	0	0	0	0	0	0	0	0	0	0	
9572	0.026435897435897	0.243115384615385	0.151004273504274	0.105008547008547	0.0739145299145299	0.0586367521367521	0.368320512820513	0	0	0	0	0	0	0	0	0	0	0	0	0	0	0	0	0	0	0	0	0	
9540	0.0265384615384617	0.245350427350427	0.154213675213675	0.100615384615385	0.079482905982906	0.0567820512820513	0.363555555555556	0	0	0	0	0	0	0	0	0	0	0	0	0	0	0	0	0	0	0	0	0	
9935	0.0270341880341879	0.255517094017094	0.152136752136752	0.0974957264957265	0.0716666666666667	0.0552820512820513	0.367901709401709	0	0	0	0	0	0	0	0	0	0	0	0	0	0	0	0	0	0	0	0	0	
10579	0.0270683760683754	0.249495726495726	0.146581196581197	0.109205128205128	0.0785470085470086	0.0556794871794872	0.360491452991453	0	0	0	0	0	0	0	0	0	0	0	0	0	0	0	0	0	0	0	0	0	
10296	0.0270854700854706	0.251987179487179	0.164145299145299	0.102132478632479	0.0728846153846154	0.0472948717948718	0.361555555555556	0	0	0	0	0	0	0	0	0	0	0	0	0	0	0	0	0	0	0	0	0	
10051	0.0272478632478624	0.251551282051282	0.142504273504273	0.108	0.0690811965811966	0.057517094017094	0.371346153846154	0	0	0	0	0	0	0	0	0	0	0	0	0	0	0	0	0	0	0	0	0	
10897	0.0275555555555535	0.265576923076923	0.153235042735043	0.10191452991453	0.0686752136752137	0.0578290598290598	0.352769230769231	0	0	0	0	0	0	0	0	0	0	0	0	0	0	0	0	0	0	0	0	0	
10457	0.027581196581196	0.259594017094017	0.151897435897436	0.111081196581197	0.0646880341880342	0.0548376068376068	0.357901709401709	0	0	0	0	0	0	0	0	0	0	0	0	0	0	0	0	0	0	0	0	0	
10225	0.0277094017094029	0.258290598290598	0.158457264957265	0.0958589743589744	0.0731153846153846	0.0532564102564103	0.361021367521368	0	0	0	0	0	0	0	0	0	0	0	0	0	0	0	0	0	0	0	0	0	
9776	0.0279230769230767	0.242777777777778	0.164209401709402	0.108517094017094	0.0709145299145299	0.0570683760683761	0.356512820512821	0	0	0	0	0	0	0	0	0	0	0	0	0	0	0	0	0	0	0	0	0	
9729	0.027940170940172	0.253679487179487	0.151568376068376	0.095008547008547	0.0731025641025641	0.0584487179487179	0.368192307692308	0	0	0	0	0	0	0	0	0	0	0	0	0	0	0	0	0	0	0	0	0	
10165	0.0280000000000012	0.256089743589744	0.158405982905983	0.0990940170940171	0.0648931623931624	0.0646495726495726	0.356867521367521	0	0	0	0	0	0	0	0	0	0	0	0	0	0	0	0	0	0	0	0	0	
9871	0.0281623931623941	0.245487179487179	0.16417094017094	0.100799145299145	0.0709615384615385	0.0544017094017094	0.364179487179487	0	0	0	0	0	0	0	0	0	0	0	0	0	0	0	0	0	0	0	0	0	
10518	0.0281794871794864	0.254196581196581	0.149581196581197	0.100619658119658	0.0677435897435897	0.0695769230769231	0.358282051282051	0	0	0	0	0	0	0	0	0	0	0	0	0	0	0	0	0	0	0	0	0	
9913	0.0283418803418778	0.241217948717949	0.155175213675214	0.114102564102564	0.065965811965812	0.0577478632478632	0.365790598290598	0	0	0	0	0	0	0	0	0	0	0	0	0	0	0	0	0	0	0	0	0	
10969	0.0284358974358962	0.260487179487179	0.152017094017094	0.0992478632478632	0.0689230769230769	0.0531581196581197	0.366166666666667	0	0	0	0	0	0	0	0	0	0	0	0	0	0	0	0	0	0	0	0	0	
10919	0.0285384615384618	0.25032905982906	0.157995726495726	0.103205128205128	0.0743547008547009	0.046965811965812	0.367149572649573	0	0	0	0	0	0	0	0	0	0	0	0	0	0	0	0	0	0	0	0	0	
9201	0.0286752136752123	0.256188034188034	0.149974358974359	0.10508547008547	0.0666965811965812	0.0514700854700855	0.37058547008547	0	0	0	0	0	0	0	0	0	0	0	0	0	0	0	0	0	0	0	0	0	
9395	0.0288888888888873	0.251645299145299	0.153029914529915	0.102179487179487	0.0601794871794872	0.0639700854700855	0.368995726495726	0	0	0	0	0	0	0	0	0	0	0	0	0	0	0	0	0	0	0	0	0	
10270	0.0288888888888884	0.247632478632479	0.156188034188034	0.104641025641026	0.0729102564102564	0.048051282051282	0.370576923076923	0	0	0	0	0	0	0	0	0	0	0	0	0	0	0	0	0	0	0	0	0	
9932	0.0288888888888888	0.253495726495726	0.149435897435897	0.0982478632478632	0.0778461538461538	0.0563034188034188	0.36467094017094	0	0	0	0	0	0	0	0	0	0	0	0	0	0	0	0	0	0	0	0	0	
10068	0.0291538461538459	0.24691452991453	0.153824786324786	0.111508547008547	0.0761666666666667	0.0498290598290598	0.36175641025641	0	0	0	0	0	0	0	0	0	0	0	0	0	0	0	0	0	0	0	0	0	
9395	0.0292478632478629	0.243555555555556	0.151525641025641	0.105175213675214	0.0697692307692308	0.0554401709401709	0.374534188034188	0	0	0	0	0	0	0	0	0	0	0	0	0	0	0	0	0	0	0	0	0	
9704	0.0292905982905984	0.249910256410256	0.143589743589744	0.104200854700855	0.0717777777777778	0.0606410256410256	0.369880341880342	0	0	0	0	0	0	0	0	0	0	0	0	0	0	0	0	0	0	0	0	0	
8366	0.0293247863247874	0.257470085470085	0.158931623931624	0.0986025641025641	0.0732008547008547	0.0497051282051282	0.362089743589744	0	0	0	0	0	0	0	0	0	0	0	0	0	0	0	0	0	0	0	0	0	
10206	0.0293333333333343	0.244551282051282	0.162299145299145	0.0976666666666667	0.0708589743589744	0.0630897435897436	0.361534188034188	0	0	0	0	0	0	0	0	0	0	0	0	0	0	0	0	0	0	0	0	0	
9826	0.0293589743589734	0.258397435897436	0.146059829059829	0.104209401709402	0.0663247863247863	0.0562905982905983	0.368717948717949	0	0	0	0	0	0	0	0	0	0	0	0	0	0	0	0	0	0	0	0	0	
9892	0.0294102564102556	0.25134188034188	0.15324358974359	0.0944316239316239	0.0677564102564103	0.0632948717948718	0.369931623931624	0	0	0	0	0	0	0	0	0	0	0	0	0	0	0	0	0	0	0	0	0	
10344	0.0294786324786335	0.249358974358974	0.14725641025641	0.109021367521368	0.0777692307692308	0.0537905982905983	0.362803418803419	0	0	0	0	0	0	0	0	0	0	0	0	0	0	0	0	0	0	0	0	0	
10389	0.0294957264957245	0.249957264957265	0.152320512820513	0.101824786324786	0.0636282051282051	0.0568846153846154	0.375384615384615	0	0	0	0	0	0	0	0	0	0	0	0	0	0	0	0	0	0	0	0	0	
10221	0.0295982905982901	0.265705128205128	0.156038461538462	0.0994700854700855	0.0659059829059829	0.0519273504273504	0.360952991452991	0	0	0	0	0	0	0	0	0	0	0	0	0	0	0	0	0	0	0	0	0	
8849	0.0296837606837594	0.247209401709402	0.151230769230769	0.104525641025641	0.0684615384615385	0.0530940170940171	0.375478632478633	0	0	0	0	0	0	0	0	0	0	0	0	0	0	0	0	0	0	0	0	0	
9275	0.0297606837606836	0.246153846153846	0.154589743589744	0.0967222222222222	0.077051282051282	0.0612692307692308	0.364213675213675	0	0	0	0	0	0	0	0	0	0	0	0	0	0	0	0	0	0	0	0	0	
9518	0.0297777777777772	0.257094017094017	0.143115384615385	0.110482905982906	0.0700470085470085	0.0553418803418803	0.363918803418803	0	0	0	0	0	0	0	0	0	0	0	0	0	0	0	0	0	0	0	0	0	
9627	0.0299572649572649	0.242098290598291	0.154867521367521	0.102884615384615	0.0788418803418803	0.0554017094017094	0.365905982905983	0	0	0	0	0	0	0	0	0	0	0	0	0	0	0	0	0	0	0	0	0	
9766	0.0302393162393158	0.251534188034188	0.168213675213675	0.0981709401709402	0.0669401709401709	0.0521367521367521	0.363004273504274	0	0	0	0	0	0	0	0	0	0	0	0	0	0	0	0	0	0	0	0	0	
9869	0.0303504273504282	0.250183760683761	0.160525641025641	0.100794871794872	0.0767777777777778	0.0603504273504274	0.351367521367521	0	0	0	0	0	0	0	0	0	0	0	0	0	0	0	0	0	0	0	0	0	
9653	0.0304615384615385	0.250478632478633	0.155145299145299	0.091491452991453	0.070474358974359	0.0594700854700855	0.372940170940171	0	0	0	0	0	0	0	0	0	0	0	0	0	0	0	0	0	0	0	0	0	
10337	0.0305128205128201	0.251042735042735	0.154504273504274	0.0924529914529914	0.0759700854700855	0.056974358974359	0.369055555555556	0	0	0	0	0	0	0	0	0	0	0	0	0	0	0	0	0	0	0	0	0	
10769	0.0305213675213668	0.244700854700855	0.159705128205128	0.106051282051282	0.0689615384615385	0.0679358974358974	0.352645299145299	0	0	0	0	0	0	0	0	0	0	0	0	0	0	0	0	0	0	0	0	0	
9565	0.0305982905982901	0.265106837606838	0.150081196581197	0.102286324786325	0.0711239316239316	0.0516239316239316	0.359777777777778	0	0	0	0	0	0	0	0	0	0	0	0	0	0	0	0	0	0	0	0	0	
10152	0.0306752136752127	0.260897435897436	0.153008547008547	0.102876068376068	0.0674529914529915	0.0488888888888889	0.366876068376068	0	0	0	0	0	0	0	0	0	0	0	0	0	0	0	0	0	0	0	0	0	
9403	0.0307948717948721	0.264559829059829	0.143897435897436	0.101252136752137	0.0694316239316239	0.0592222222222222	0.361636752136752	0	0	0	0	0	0	0	0	0	0	0	0	0	0	0	0	0	0	0	0	0	
11261	0.0308119658119664	0.263837606837607	0.152115384615385	0.104350427350427	0.0705897435897436	0.0597948717948718	0.349311965811966	0	0	0	0	0	0	0	0	0	0	0	0	0	0	0	0	0	0	0	0	0	
