9653	0.00882478632478447	0.250478632478633	0.155145299145299	0.091491452991453	0.070474358974359	0.0594700854700855	0.372940170940171	0	0	0	0	0	0	0	0	0	0	0	0	0	0	0	0	0	0	0	0	0	
9384	0.00970085470085603	0.250901709401709	0.16041452991453	0.090982905982906	0.069957264957265	0.0538803418803419	0.373863247863248	0	0	0	0	0	0	0	0	0	0	0	0	0	0	0	0	0	0	0	0	0	
9451	0.00994871794871849	0.251957264957265	0.156222222222222	0.0931495726495726	0.0746752136752137	0.0523717948717949	0.371623931623932	0	0	0	0	0	0	0	0	0	0	0	0	0	0	0	0	0	0	0	0	0	
10000	0.0117435897435905	0.250303418803419	0.156897435897436	0.0858632478632479	0.0744358974358974	0.0575	0.375	0	0	0	0	0	0	0	0	0	0	0	0	0	0	0	0	0	0	0	0	0	
10337	0.0117692307692289	0.251042735042735	0.154504273504274	0.0924529914529914	0.0759700854700855	0.056974358974359	0.369055555555556	0	0	0	0	0	0	0	0	0	0	0	0	0	0	0	0	0	0	0	0	0	
10379	0.0127350427350423	0.250555555555556	0.161863247863248	0.0915128205128205	0.0728974358974359	0.0508162393162393	0.372354700854701	0	0	0	0	0	0	0	0	0	0	0	0	0	0	0	0	0	0	0	0	0	
9976	0.0135213675213692	0.254337606837607	0.156589743589744	0.088491452991453	0.0728760683760684	0.0513846153846154	0.376320512820513	0	0	0	0	0	0	0	0	0	0	0	0	0	0	0	0	0	0	0	0	0	
10355	0.0147820512820502	0.251153846153846	0.155363247863248	0.0944401709401709	0.0762350427350427	0.0561324786324786	0.366675213675214	0	0	0	0	0	0	0	0	0	0	0	0	0	0	0	0	0	0	0	0	0	
9402	0.0165213675213669	0.25441452991453	0.153303418803419	0.0949017094017094	0.0698119658119658	0.0531837606837607	0.374384615384615	0	0	0	0	0	0	0	0	0	0	0	0	0	0	0	0	0	0	0	0	0	
10212	0.0165341880341877	0.251017094017094	0.154474358974359	0.096525641025641	0.0672435897435897	0.0546153846153846	0.376123931623932	0	0	0	0	0	0	0	0	0	0	0	0	0	0	0	0	0	0	0	0	0	
9805	0.0170512820512824	0.256055555555556	0.154957264957265	0.0930641025641026	0.07	0.0510769230769231	0.374846153846154	0	0	0	0	0	0	0	0	0	0	0	0	0	0	0	0	0	0	0	0	0	
9439	0.0172307692307686	0.254628205128205	0.154628205128205	0.0918376068376068	0.0671153846153846	0.0597564102564103	0.372034188034188	0	0	0	0	0	0	0	0	0	0	0	0	0	0	0	0	0	0	0	0	0	
9943	0.0176196581196584	0.249089743589744	0.16074358974359	0.0925982905982906	0.0754401709401709	0.0505940170940171	0.371534188034188	0	0	0	0	0	0	0	0	0	0	0	0	0	0	0	0	0	0	0	0	0	
9644	0.0180256410256412	0.249495726495726	0.154628205128205	0.0931752136752137	0.0755811965811966	0.049517094017094	0.377602564102564	0	0	0	0	0	0	0	0	0	0	0	0	0	0	0	0	0	0	0	0	0	
9650	0.0181495726495742	0.251166666666667	0.15632905982906	0.0865811965811966	0.0752222222222222	0.0508931623931624	0.379807692307692	0	0	0	0	0	0	0	0	0	0	0	0	0	0	0	0	0	0	0	0	0	
9524	0.0191923076923076	0.251260683760684	0.152004273504274	0.0942948717948718	0.0747991452991453	0.0499957264957265	0.377645299145299	0	0	0	0	0	0	0	0	0	0	0	0	0	0	0	0	0	0	0	0	0	
9729	0.0193376068376061	0.253679487179487	0.151568376068376	0.095008547008547	0.0731025641025641	0.0584487179487179	0.368192307692308	0	0	0	0	0	0	0	0	0	0	0	0	0	0	0	0	0	0	0	0	0	
10243	0.0193931623931614	0.254641025641026	0.149752136752137	0.0901153846153846	0.0790769230769231	0.0550940170940171	0.371320512820513	0	0	0	0	0	0	0	0	0	0	0	0	0	0	0	0	0	0	0	0	0	
8848	0.0200170940170951	0.252863247863248	0.149978632478632	0.0910470085470085	0.0690042735042735	0.0575854700854701	0.379521367521368	0	0	0	0	0	0	0	0	0	0	0	0	0	0	0	0	0	0	0	0	0	
10335	0.0210213675213672	0.252952991452991	0.149205128205128	0.0915598290598291	0.0783034188034188	0.0582649572649573	0.369713675213675	0	0	0	0	0	0	0	0	0	0	0	0	0	0	0	0	0	0	0	0	0	
10092	0.0211452991452996	0.242222222222222	0.154444444444444	0.100504273504274	0.0732094017094017	0.0563717948717949	0.373247863247863	0	0	0	0	0	0	0	0	0	0	0	0	0	0	0	0	0	0	0	0	0	
8932	0.0214273504273496	0.2515	0.151299145299145	0.0941239316239316	0.0671709401709402	0.0626965811965812	0.373209401709402	0	0	0	0	0	0	0	0	0	0	0	0	0	0	0	0	0	0	0	0	0	
9502	0.0215128205128215	0.249435897435897	0.158803418803419	0.0934273504273504	0.0716153846153846	0.0477820512820513	0.378935897435897	0	0	0	0	0	0	0	0	0	0	0	0	0	0	0	0	0	0	0	0	0	
9935	0.0219487179487175	0.255517094017094	0.152136752136752	0.0974957264957265	0.0716666666666667	0.0552820512820513	0.367901709401709	0	0	0	0	0	0	0	0	0	0	0	0	0	0	0	0	0	0	0	0	0	
9423	0.0220384615384624	0.243418803418803	0.16134188034188	0.0898205128205128	0.0707435897435897	0.056008547008547	0.378666666666667	0	0	0	0	0	0	0	0	0	0	0	0	0	0	0	0	0	0	0	0	0	
9877	0.0220811965811976	0.251098290598291	0.144987179487179	0.0923974358974359	0.0768205128205128	0.059025641025641	0.37567094017094	0	0	0	0	0	0	0	0	0	0	0	0	0	0	0	0	0	0	0	0	0	
10105	0.0221068376068371	0.248675213675214	0.15442735042735	0.0948119658119658	0.0658931623931624	0.0578119658119658	0.378380341880342	0	0	0	0	0	0	0	0	0	0	0	0	0	0	0	0	0	0	0	0	0	
9900	0.0224658119658113	0.248	0.152649572649573	0.1	0.0718333333333333	0.0519017094017094	0.375615384615385	0	0	0	0	0	0	0	0	0	0	0	0	0	0	0	0	0	0	0	0	0	
9785	0.0225555555555542	0.253995726495726	0.150324786324786	0.0886068376068376	0.0738205128205128	0.063051282051282	0.370200854700855	0	0	0	0	0	0	0	0	0	0	0	0	0	0	0	0	0	0	0	0	0	
9269	0.0225811965811965	0.26025641025641	0.149273504273504	0.0867307692307692	0.075025641025641	0.0552820512820513	0.373431623931624	0	0	0	0	0	0	0	0	0	0	0	0	0	0	0	0	0	0	0	0	0	
9892	0.0229230769230754	0.25134188034188	0.15324358974359	0.0944316239316239	0.0677564102564103	0.0632948717948718	0.369931623931624	0	0	0	0	0	0	0	0	0	0	0	0	0	0	0	0	0	0	0	0	0	
8924	0.0229786324786335	0.248145299145299	0.158752136752137	0.0859358974358974	0.0694316239316239	0.0573974358974359	0.380337606837607	0	0	0	0	0	0	0	0	0	0	0	0	0	0	0	0	0	0	0	0	0	
10166	0.0232307692307695	0.249358974358974	0.164346153846154	0.0942777777777778	0.0709957264957265	0.0543461538461538	0.366675213675214	0	0	0	0	0	0	0	0	0	0	0	0	0	0	0	0	0	0	0	0	0	
10709	0.0232393162393145	0.255401709401709	0.153538461538462	0.0943803418803419	0.0702606837606838	0.0594444444444444	0.366974358974359	0	0	0	0	0	0	0	0	0	0	0	0	0	0	0	0	0	0	0	0	0	
9316	0.0235341880341872	0.256884615384615	0.154405982905983	0.0957478632478632	0.0741367521367521	0.0475683760683761	0.37125641025641	0	0	0	0	0	0	0	0	0	0	0	0	0	0	0	0	0	0	0	0	0	
8333	0.0242735042735039	0.257512820512821	0.144948717948718	0.0902564102564103	0.0751367521367521	0.0590769230769231	0.373068376068376	0	0	0	0	0	0	0	0	0	0	0	0	0	0	0	0	0	0	0	0	0	
9478	0.0242777777777793	0.25865811965812	0.156683760683761	0.0948632478632479	0.0718504273504273	0.0548931623931624	0.363051282051282	0	0	0	0	0	0	0	0	0	0	0	0	0	0	0	0	0	0	0	0	0	
9306	0.0244316239316247	0.251371794871795	0.143811965811966	0.0943290598290598	0.0757435897435897	0.0556538461538462	0.379089743589744	0	0	0	0	0	0	0	0	0	0	0	0	0	0	0	0	0	0	0	0	0	
8979	0.0246709401709397	0.257598290598291	0.147880341880342	0.0873034188034188	0.0725897435897436	0.0554316239316239	0.379196581196581	0	0	0	0	0	0	0	0	0	0	0	0	0	0	0	0	0	0	0	0	0	
8832	0.0246794871794867	0.255794871794872	0.144247863247863	0.0911196581196581	0.0804273504273504	0.0552948717948718	0.373115384615385	0	0	0	0	0	0	0	0	0	0	0	0	0	0	0	0	0	0	0	0	0	
10138	0.0248717948717961	0.242905982905983	0.157521367521368	0.0953418803418803	0.0686794871794872	0.0575598290598291	0.377991452991453	0	0	0	0	0	0	0	0	0	0	0	0	0	0	0	0	0	0	0	0	0	
10454	0.024944444444445	0.245491452991453	0.16241452991453	0.0935683760683761	0.0764615384615385	0.0550982905982906	0.366965811965812	0	0	0	0	0	0	0	0	0	0	0	0	0	0	0	0	0	0	0	0	0	
8899	0.0250128205128207	0.253679487179487	0.144217948717949	0.0944017094017094	0.0771538461538462	0.0548717948717949	0.375675213675214	0	0	0	0	0	0	0	0	0	0	0	0	0	0	0	0	0	0	0	0	0	
10029	0.0251068376068393	0.255876068376068	0.15674358974359	0.0839102564102564	0.0768205128205128	0.0500854700854701	0.376564102564103	0	0	0	0	0	0	0	0	0	0	0	0	0	0	0	0	0	0	0	0	0	
9699	0.0252777777777775	0.248059829059829	0.16574358974359	0.0898418803418803	0.0652136752136752	0.058491452991453	0.372649572649573	0	0	0	0	0	0	0	0	0	0	0	0	0	0	0	0	0	0	0	0	0	
9890	0.025410256410255	0.263337606837607	0.149700854700855	0.0887307692307692	0.0733888888888889	0.0552521367521367	0.369589743589744	0	0	0	0	0	0	0	0	0	0	0	0	0	0	0	0	0	0	0	0	0	
9103	0.0255000000000006	0.253923076923077	0.143277777777778	0.093982905982906	0.0730299145299145	0.0611025641025641	0.374683760683761	0	0	0	0	0	0	0	0	0	0	0	0	0	0	0	0	0	0	0	0	0	
9037	0.0255128205128197	0.256264957264957	0.144294871794872	0.0973461538461538	0.0719401709401709	0.0562692307692308	0.373884615384615	0	0	0	0	0	0	0	0	0	0	0	0	0	0	0	0	0	0	0	0	0	
9777	0.025589743589744	0.241230769230769	0.159333333333333	0.0921153846153846	0.0699957264957265	0.0624059829059829	0.374918803418803	0	0	0	0	0	0	0	0	0	0	0	0	0	0	0	0	0	0	0	0	0	
9172	0.0258247863247857	0.247504273504274	0.148452991452991	0.0981196581196581	0.0711794871794872	0.0583888888888889	0.376354700854701	0	0	0	0	0	0	0	0	0	0	0	0	0	0	0	0	0	0	0	0	0	
10290	0.0260683760683753	0.246029914529915	0.148021367521368	0.0921923076923077	0.0825683760683761	0.0574615384615385	0.373726495726496	0	0	0	0	0	0	0	0	0	0	0	0	0	0	0	0	0	0	0	0	0	
8874	0.0260726495726493	0.247709401709402	0.153410256410256	0.0957692307692308	0.0697820512820513	0.0516794871794872	0.381649572649573	0	0	0	0	0	0	0	0	0	0	0	0	0	0	0	0	0	0	0	0	0	
9977	0.0263931623931619	0.258294871794872	0.150777777777778	0.0846111111111111	0.0745683760683761	0.0599230769230769	0.371824786324786	0	0	0	0	0	0	0	0	0	0	0	0	0	0	0	0	0	0	0	0	0	
10559	0.0264401709401724	0.242461538461538	0.158405982905983	0.101649572649573	0.0731367521367521	0.0517179487179487	0.372628205128205	0	0	0	0	0	0	0	0	0	0	0	0	0	0	0	0	0	0	0	0	0	
9586	0.0267564102564096	0.251474358974359	0.143850427350427	0.102461538461538	0.0744444444444444	0.0552692307692308	0.3725	0	0	0	0	0	0	0	0	0	0	0	0	0	0	0	0	0	0	0	0	0	
9617	0.0268376068376062	0.262790598290598	0.152918803418803	0.0926666666666667	0.070008547008547	0.0540213675213675	0.367594017094017	0	0	0	0	0	0	0	0	0	0	0	0	0	0	0	0	0	0	0	0	0	
10226	0.0269102564102555	0.253324786324786	0.146559829059829	0.0990128205128205	0.0761196581196581	0.0545683760683761	0.37041452991453	0	0	0	0	0	0	0	0	0	0	0	0	0	0	0	0	0	0	0	0	0	
9330	0.0269743589743583	0.257213675213675	0.149196581196581	0.0943803418803419	0.0725726495726496	0.0595	0.367136752136752	0	0	0	0	0	0	0	0	0	0	0	0	0	0	0	0	0	0	0	0	0	
10172	0.0274316239316247	0.253876068376068	0.166055555555556	0.0878376068376068	0.0734145299145299	0.0559871794871795	0.36282905982906	0	0	0	0	0	0	0	0	0	0	0	0	0	0	0	0	0	0	0	0	0	
8933	0.0274871794871816	0.253021367521368	0.158294871794872	0.083508547008547	0.0666923076923077	0.0592820512820513	0.379200854700855	0	0	0	0	0	0	0	0	0	0	0	0	0	0	0	0	0	0	0	0	0	
10270	0.0276410256410256	0.247632478632479	0.156188034188034	0.104641025641026	0.0729102564102564	0.048051282051282	0.370576923076923	0	0	0	0	0	0	0	0	0	0	0	0	0	0	0	0	0	0	0	0	0	
10389	0.0282863247863232	0.249957264957265	0.152320512820513	0.101824786324786	0.0636282051282051	0.0568846153846154	0.375384615384615	0	0	0	0	0	0	0	0	0	0	0	0	0	0	0	0	0	0	0	0	0	
10160	0.0284059829059839	0.253457264957265	0.157628205128205	0.101183760683761	0.0708547008547009	0.0497136752136752	0.367162393162393	0	0	0	0	0	0	0	0	0	0	0	0	0	0	0	0	0	0	0	0	0	
9362	0.0285000000000012	0.247213675213675	0.15707264957265	0.0892863247863248	0.0642521367521368	0.0567606837606838	0.38541452991453	0	0	0	0	0	0	0	0	0	0	0	0	0	0	0	0	0	0	0	0	0	
9910	0.0286324786324788	0.253688034188034	0.166482905982906	0.0902991452991453	0.0672222222222222	0.0567991452991453	0.365508547008547	0	0	0	0	0	0	0	0	0	0	0	0	0	0	0	0	0	0	0	0	0	
9520	0.028641025641024	0.261307692307692	0.149183760683761	0.095051282051282	0.0681239316239316	0.0540299145299145	0.372303418803419	0	0	0	0	0	0	0	0	0	0	0	0	0	0	0	0	0	0	0	0	0	
9417	0.0287264957264962	0.260188034188034	0.155952991452991	0.092042735042735	0.059982905982906	0.0542606837606838	0.37757264957265	0	0	0	0	0	0	0	0	0	0	0	0	0	0	0	0	0	0	0	0	0	
8639	0.0287649572649564	0.250952991452991	0.149905982905983	0.0923547008547008	0.0688418803418803	0.051534188034188	0.386410256410256	0	0	0	0	0	0	0	0	0	0	0	0	0	0	0	0	0	0	0	0	0	
10024	0.0287863247863246	0.244482905982906	0.148209401709402	0.0997179487179487	0.0738931623931624	0.0596068376068376	0.374089743589744	0	0	0	0	0	0	0	0	0	0	0	0	0	0	0	0	0	0	0	0	0	
9539	0.0288974358974364	0.238115384615385	0.159636752136752	0.0931111111111111	0.071457264957265	0.0574017094017094	0.380277777777778	0	0	0	0	0	0	0	0	0	0	0	0	0	0	0	0	0	0	0	0	0	
9838	0.0290641025641014	0.245333333333333	0.152247863247863	0.103482905982906	0.0696709401709402	0.0575982905982906	0.371666666666667	0	0	0	0	0	0	0	0	0	0	0	0	0	0	0	0	0	0	0	0	0	
9487	0.0291495726495734	0.240538461538462	0.166055555555556	0.0922136752136752	0.0762777777777778	0.0545897435897436	0.370324786324786	0	0	0	0	0	0	0	0	0	0	0	0	0	0	0	0	0	0	0	0	0	
9183	0.0292136752136752	0.248401709401709	0.144076923076923	0.0937222222222222	0.080008547008547	0.0581025641025641	0.375688034188034	0	0	0	0	0	0	0	0	0	0	0	0	0	0	0	0	0	0	0	0	0	
10225	0.0293846153846157	0.258290598290598	0.158457264957265	0.0958589743589744	0.0731153846153846	0.0532564102564103	0.361021367521368	0	0	0	0	0	0	0	0	0	0	0	0	0	0	0	0	0	0	0	0	0	
9959	0.0294145299145291	0.248431623931624	0.154555555555556	0.102474358974359	0.0655128205128205	0.0524102564102564	0.376615384615385	0	0	0	0	0	0	0	0	0	0	0	0	0	0	0	0	0	0	0	0	0	
10658	0.029461538461539	0.249119658119658	0.156064102564103	0.105435897435897	0.0628247863247863	0.0558076923076923	0.370747863247863	0	0	0	0	0	0	0	0	0	0	0	0	0	0	0	0	0	0	0	0	0	
9749	0.0296196581196581	0.253739316239316	0.145478632478632	0.101897435897436	0.0741752136752137	0.0515726495726496	0.373136752136752	0	0	0	0	0	0	0	0	0	0	0	0	0	0	0	0	0	0	0	0	0	
9712	0.0296666666666657	0.258089743589744	0.143581196581197	0.0987820512820513	0.0729444444444445	0.0536367521367521	0.372965811965812	0	0	0	0	0	0	0	0	0	0	0	0	0	0	0	0	0	0	0	0	0	
8517	0.0296837606837601	0.248217948717949	0.155324786324786	0.0806666666666667	0.0719786324786325	0.0593076923076923	0.384504273504274	0	0	0	0	0	0	0	0	0	0	0	0	0	0	0	0	0	0	0	0	0	
10414	0.0297735042735032	0.258675213675214	0.142012820512821	0.095025641025641	0.0742136752136752	0.057542735042735	0.372529914529915	0	0	0	0	0	0	0	0	0	0	0	0	0	0	0	0	0	0	0	0	0	
8303	0.029803418803419	0.255850427350427	0.145576923076923	0.0968076923076923	0.0685128205128205	0.0557478632478632	0.377504273504274	0	0	0	0	0	0	0	0	0	0	0	0	0	0	0	0	0	0	0	0	0	
9505	0.0298290598290606	0.257735042735043	0.143807692307692	0.0903760683760684	0.0790213675213675	0.0534786324786325	0.375581196581197	0	0	0	0	0	0	0	0	0	0	0	0	0	0	0	0	0	0	0	0	0	
9628	0.0302179487179474	0.237995726495727	0.155252136752137	0.095491452991453	0.0716923076923077	0.0576965811965812	0.381871794871795	0	0	0	0	0	0	0	0	0	0	0	0	0	0	0	0	0	0	0	0	0	
9443	0.0304572649572656	0.25865811965812	0.14284188034188	0.0942863247863248	0.0761452991452991	0.0567094017094017	0.371358974358974	0	0	0	0	0	0	0	0	0	0	0	0	0	0	0	0	0	0	0	0	0	
9405	0.0304957264957275	0.25708547008547	0.15684188034188	0.095457264957265	0.0737393162393162	0.0587222222222222	0.358153846153846	0	0	0	0	0	0	0	0	0	0	0	0	0	0	0	0	0	0	0	0	0	
9932	0.0306452991452988	0.253495726495726	0.149435897435897	0.0982478632478632	0.0778461538461538	0.0563034188034188	0.36467094017094	0	0	0	0	0	0	0	0	0	0	0	0	0	0	0	0	0	0	0	0	0	
9395	0.0306538461538452	0.243555555555556	0.151525641025641	0.105175213675214	0.0697692307692308	0.0554401709401709	0.374534188034188	0	0	0	0	0	0	0	0	0	0	0	0	0	0	0	0	0	0	0	0	0	
9492	0.0306623931623948	0.237688034188034	0.15684188034188	0.0939871794871795	0.0733717948717949	0.0536068376068376	0.384504273504274	0	0	0	0	0	0	0	0	0	0	0	0	0	0	0	0	0	0	0	0	0	
10462	0.0307350427350429	0.250935897435897	0.153867521367521	0.101346153846154	0.077965811965812	0.0540854700854701	0.361799145299145	0	0	0	0	0	0	0	0	0	0	0	0	0	0	0	0	0	0	0	0	0	
10489	0.0307393162393156	0.252333333333333	0.153871794871795	0.0997777777777778	0.0764273504273504	0.0574017094017094	0.360188034188034	0	0	0	0	0	0	0	0	0	0	0	0	0	0	0	0	0	0	0	0	0	
9358	0.0309145299145289	0.261457264957265	0.149991452991453	0.0960384615384615	0.0695512820512821	0.0536410256410256	0.369320512820513	0	0	0	0	0	0	0	0	0	0	0	0	0	0	0	0	0	0	0	0	0	
9318	0.0310213675213665	0.250846153846154	0.150179487179487	0.102517094017094	0.0699615384615385	0.059542735042735	0.366952991452991	0	0	0	0	0	0	0	0	0	0	0	0	0	0	0	0	0	0	0	0	0	
9275	0.031059829059828	0.246153846153846	0.154589743589744	0.0967222222222222	0.077051282051282	0.0612692307692308	0.364213675213675	0	0	0	0	0	0	0	0	0	0	0	0	0	0	0	0	0	0	0	0	0	
8810	0.0311538461538463	0.252290598290598	0.148816239316239	0.091982905982906	0.0672606837606838	0.0529059829059829	0.38674358974359	0	0	0	0	0	0	0	0	0	0	0	0	0	0	0	0	0	0	0	0	0	
10919	0.0311666666666659	0.25032905982906	0.157995726495726	0.103205128205128	0.0743547008547009	0.046965811965812	0.367149572649573	0	0	0	0	0	0	0	0	0	0	0	0	0	0	0	0	0	0	0	0	0	
8651	0.0312307692307684	0.248935897435897	0.155166666666667	0.103559829059829	0.076	0.0526068376068376	0.363730769230769	0	0	0	0	0	0	0	0	0	0	0	0	0	0	0	0	0	0	0	0	0	
8849	0.0312435897435893	0.247209401709402	0.151230769230769	0.104525641025641	0.0684615384615385	0.0530940170940171	0.375478632478633	0	0	0	0	0	0	0	0	0	0	0	0	0	0	0	0	0	0	0	0	0	
9640	0.031440170940171	0.236521367521368	0.15732905982906	0.0937606837606838	0.0787094017094017	0.0614615384615385	0.372217948717949	0	0	0	0	0	0	0	0	0	0	0	0	0	0	0	0	0	0	0	0	0	
10350	0.0315128205128219	0.257854700854701	0.157239316239316	0.097017094017094	0.0730726495726496	0.0571709401709402	0.357645299145299	0	0	0	0	0	0	0	0	0	0	0	0	0	0	0	0	0	0	0	0	0	
9991	0.0315683760683752	0.252346153846154	0.149021367521368	0.104290598290598	0.0741495726495727	0.0545128205128205	0.365679487179487	0	0	0	0	0	0	0	0	0	0	0	0	0	0	0	0	0	0	0	0	0	
