45734	3731	118	0.00657264957265086	0.304641025641026	0.197179487179487	0.132897435897436	0.0893803418803419	0.0591495726495727	0.216752136752137	0	0	0	0	0	0	0	0	0	0	0	0	0	0	0	0	0	0	0	0	0	
90831	4729	87	0.0111794871794885	0.30332905982906	0.194880341880342	0.131136752136752	0.0926452991452991	0.0598675213675214	0.218141025641026	0	0	0	0	0	0	0	0	0	0	0	0	0	0	0	0	0	0	0	0	0	
61445	3244	108	0.0113418803418801	0.304961538461538	0.196846153846154	0.128961538461538	0.0962008547008547	0.0566752136752137	0.216354700854701	0	0	0	0	0	0	0	0	0	0	0	0	0	0	0	0	0	0	0	0	0	
59367	4259	109	0.0155042735042738	0.30542735042735	0.196692307692308	0.12917094017094	0.0928589743589744	0.0618675213675214	0.213982905982906	0	0	0	0	0	0	0	0	0	0	0	0	0	0	0	0	0	0	0	0	0	
30693	4419	139	0.0157777777777791	0.303739316239316	0.197653846153846	0.125764957264957	0.0951196581196581	0.059542735042735	0.218179487179487	0	0	0	0	0	0	0	0	0	0	0	0	0	0	0	0	0	0	0	0	0	
64562	5648	85	0.0173675213675223	0.30334188034188	0.197803418803419	0.127995726495726	0.0890213675213675	0.0637863247863248	0.218051282051282	0	0	0	0	0	0	0	0	0	0	0	0	0	0	0	0	0	0	0	0	0	
64057	3241	109	0.0222222222222222	0.305076923076923	0.198487179487179	0.129760683760684	0.0843290598290598	0.061974358974359	0.220371794871795	0	0	0	0	0	0	0	0	0	0	0	0	0	0	0	0	0	0	0	0	0	
38954	4353	125	0.0230085470085456	0.30274358974359	0.206226495726496	0.128735042735043	0.0901410256410256	0.0597307692307692	0.212423076923077	0	0	0	0	0	0	0	0	0	0	0	0	0	0	0	0	0	0	0	0	0	
48604	6063	95	0.0234358974358976	0.308888888888889	0.189747863247863	0.131294871794872	0.0913290598290598	0.0555641025641026	0.223175213675214	0	0	0	0	0	0	0	0	0	0	0	0	0	0	0	0	0	0	0	0	0	
29155	1399	280	0.0235384615384601	0.302777777777778	0.205474358974359	0.136628205128205	0.0811196581196581	0.0576709401709402	0.21632905982906	0	0	0	0	0	0	0	0	0	0	0	0	0	0	0	0	0	0	0	0	0	
61224	4131	114	0.0235641025641001	0.302555555555556	0.197029914529915	0.136051282051282	0.0845811965811966	0.0661923076923077	0.213589743589744	0	0	0	0	0	0	0	0	0	0	0	0	0	0	0	0	0	0	0	0	0	
60679	2993	130	0.0266239316239324	0.304948717948718	0.198474358974359	0.131752136752137	0.0939786324786325	0.0658547008547009	0.204991452991453	0	0	0	0	0	0	0	0	0	0	0	0	0	0	0	0	0	0	0	0	0	
41291	6588	91	0.026743589743589	0.314632478632479	0.200123931623932	0.12382905982906	0.0894700854700855	0.0565299145299145	0.21541452991453	0	0	0	0	0	0	0	0	0	0	0	0	0	0	0	0	0	0	0	0	0	
88346	4639	91	0.0271196581196595	0.30782905982906	0.189371794871795	0.130495726495726	0.0893162393162393	0.0648034188034188	0.218183760683761	0	0	0	0	0	0	0	0	0	0	0	0	0	0	0	0	0	0	0	0	0	
43164	3322	128	0.0272564102564111	0.293747863247863	0.199512820512821	0.139730769230769	0.0881153846153846	0.0617948717948718	0.217098290598291	0	0	0	0	0	0	0	0	0	0	0	0	0	0	0	0	0	0	0	0	0	
51383	4034	106	0.0274700854700869	0.308316239316239	0.199153846153846	0.119816239316239	0.0938461538461538	0.0620854700854701	0.216782051282051	0	0	0	0	0	0	0	0	0	0	0	0	0	0	0	0	0	0	0	0	0	
34736	5008	116	0.0278376068376079	0.305423076923077	0.188952991452991	0.129183760683761	0.0906880341880342	0.060034188034188	0.225717948717949	0	0	0	0	0	0	0	0	0	0	0	0	0	0	0	0	0	0	0	0	0	
61852	3541	114	0.0282393162393146	0.306188034188034	0.200713675213675	0.142153846153846	0.0855598290598291	0.0533247863247863	0.212059829059829	0	0	0	0	0	0	0	0	0	0	0	0	0	0	0	0	0	0	0	0	0	
52714	3428	123	0.0284102564102571	0.296059829059829	0.197747863247863	0.127128205128205	0.0936666666666667	0.0620042735042735	0.223393162393162	0	0	0	0	0	0	0	0	0	0	0	0	0	0	0	0	0	0	0	0	0	
85829	5230	87	0.0284957264957261	0.308149572649573	0.199735042735043	0.140705128205128	0.0849102564102564	0.0575042735042735	0.208995726495727	0	0	0	0	0	0	0	0	0	0	0	0	0	0	0	0	0	0	0	0	0	
24562	1213	427	0.0285384615384635	0.289628205128205	0.197487179487179	0.139747863247863	0.0963247863247863	0.0597136752136752	0.217098290598291	0	0	0	0	0	0	0	0	0	0	0	0	0	0	0	0	0	0	0	0	0	
97201	4086	101	0.0286495726495725	0.294235042735043	0.20107264957265	0.13434188034188	0.0965299145299145	0.062034188034188	0.211786324786325	0	0	0	0	0	0	0	0	0	0	0	0	0	0	0	0	0	0	0	0	0	
61593	3197	128	0.0287521367521377	0.306867521367521	0.20132905982906	0.131747863247863	0.0923504273504274	0.0637735042735043	0.203931623931624	0	0	0	0	0	0	0	0	0	0	0	0	0	0	0	0	0	0	0	0	0	
85768	6227	73	0.0288034188034183	0.30625641025641	0.201418803418803	0.128589743589744	0.0822094017094017	0.063465811965812	0.218059829059829	0	0	0	0	0	0	0	0	0	0	0	0	0	0	0	0	0	0	0	0	0	
29065	1228	320	0.0289059829059831	0.312675213675214	0.200128205128205	0.132752136752137	0.0847649572649573	0.0501410256410256	0.219538461538462	0	0	0	0	0	0	0	0	0	0	0	0	0	0	0	0	0	0	0	0	0	
82305	4404	95	0.0298888888888893	0.30334188034188	0.190367521367521	0.128568376068376	0.0893632478632479	0.0657478632478632	0.222611111111111	0	0	0	0	0	0	0	0	0	0	0	0	0	0	0	0	0	0	0	0	0	
89563	7960	67	0.0298888888888901	0.312538461538462	0.195346153846154	0.126944444444444	0.085508547008547	0.0571367521367521	0.222525641025641	0	0	0	0	0	0	0	0	0	0	0	0	0	0	0	0	0	0	0	0	0	
98708	5889	72	0.0300427350427361	0.298739316239316	0.198188034188034	0.123632478632479	0.0928589743589744	0.0613376068376068	0.22524358974359	0	0	0	0	0	0	0	0	0	0	0	0	0	0	0	0	0	0	0	0	0	
42439	4174	121	0.0301452991452999	0.307162393162393	0.196811965811966	0.127277777777778	0.0946495726495726	0.0656623931623932	0.208435897435897	0	0	0	0	0	0	0	0	0	0	0	0	0	0	0	0	0	0	0	0	0	
31385	2088	167	0.0304700854700858	0.314982905982906	0.199371794871795	0.128487179487179	0.0898803418803419	0.0591752136752137	0.208102564102564	0	0	0	0	0	0	0	0	0	0	0	0	0	0	0	0	0	0	0	0	0	
45603	4314	89	0.0310598290598299	0.295820512820513	0.204709401709402	0.12684188034188	0.0922264957264957	0.0646965811965812	0.215705128205128	0	0	0	0	0	0	0	0	0	0	0	0	0	0	0	0	0	0	0	0	0	
88529	6820	78	0.0312905982905966	0.303820512820513	0.20284188034188	0.137247863247863	0.0875470085470085	0.0635598290598291	0.204982905982906	0	0	0	0	0	0	0	0	0	0	0	0	0	0	0	0	0	0	0	0	0	
59037	4295	108	0.0322905982905982	0.311149572649573	0.199876068376068	0.135320512820513	0.0829487179487179	0.0616452991452991	0.209059829059829	0	0	0	0	0	0	0	0	0	0	0	0	0	0	0	0	0	0	0	0	0	
24248	3886	171	0.0323589743589755	0.288542735042735	0.197517094017094	0.146106837606838	0.0920854700854701	0.0560555555555556	0.219692307692308	0	0	0	0	0	0	0	0	0	0	0	0	0	0	0	0	0	0	0	0	0	
87958	5371	84	0.0335213675213683	0.287893162393162	0.201482905982906	0.137696581196581	0.0908376068376068	0.0570683760683761	0.225021367521368	0	0	0	0	0	0	0	0	0	0	0	0	0	0	0	0	0	0	0	0	0	
25959	2188	192	0.033555555555555	0.294816239316239	0.214320512820513	0.132435897435897	0.085982905982906	0.055974358974359	0.216470085470085	0	0	0	0	0	0	0	0	0	0	0	0	0	0	0	0	0	0	0	0	0	
33884	6271	102	0.033555555555556	0.304636752136752	0.192076923076923	0.128038461538462	0.0858504273504273	0.0602905982905983	0.229106837606838	0	0	0	0	0	0	0	0	0	0	0	0	0	0	0	0	0	0	0	0	0	
29948	4611	113	0.0340940170940162	0.304517094017094	0.194666666666667	0.125059829059829	0.0868376068376068	0.056042735042735	0.232876068376068	0	0	0	0	0	0	0	0	0	0	0	0	0	0	0	0	0	0	0	0	0	
58740	3264	120	0.0342820512820501	0.29784188034188	0.199478632478632	0.131423076923077	0.0894615384615385	0.0721153846153846	0.209679487179487	0	0	0	0	0	0	0	0	0	0	0	0	0	0	0	0	0	0	0	0	0	
31129	5183	116	0.034307692307691	0.317051282051282	0.200876068376068	0.131346153846154	0.0786410256410256	0.0575213675213675	0.214564102564103	0	0	0	0	0	0	0	0	0	0	0	0	0	0	0	0	0	0	0	0	0	
33507	2374	145	0.0343162393162399	0.304239316239316	0.196226495726496	0.117709401709402	0.102188034188034	0.0574401709401709	0.222196581196581	0	0	0	0	0	0	0	0	0	0	0	0	0	0	0	0	0	0	0	0	0	
50385	3525	115	0.0344017094017108	0.287247863247863	0.20492735042735	0.132944444444444	0.0934444444444444	0.0629700854700855	0.218465811965812	0	0	0	0	0	0	0	0	0	0	0	0	0	0	0	0	0	0	0	0	0	
61170	4751	99	0.0344786324786327	0.30242735042735	0.191611111111111	0.13041452991453	0.0848931623931624	0.0670769230769231	0.223576923076923	0	0	0	0	0	0	0	0	0	0	0	0	0	0	0	0	0	0	0	0	0	
77650	6583	71	0.0345384615384638	0.3015	0.19234188034188	0.123824786324786	0.0947435897435897	0.0631025641025641	0.22448717948718	0	0	0	0	0	0	0	0	0	0	0	0	0	0	0	0	0	0	0	0	0	
23497	3052	248	0.035042735042735	0.306982905982906	0.210538461538462	0.131047008547009	0.0824059829059829	0.0511367521367521	0.217888888888889	0	0	0	0	0	0	0	0	0	0	0	0	0	0	0	0	0	0	0	0	0	
23958	4517	142	0.0350940170940182	0.30857264957265	0.18167094017094	0.132905982905983	0.0906196581196581	0.0572051282051282	0.229025641025641	0	0	0	0	0	0	0	0	0	0	0	0	0	0	0	0	0	0	0	0	0	
33979	3204	131	0.0354102564102565	0.287632478632479	0.202380341880342	0.136111111111111	0.0939102564102564	0.0554145299145299	0.224551282051282	0	0	0	0	0	0	0	0	0	0	0	0	0	0	0	0	0	0	0	0	0	
28114	3055	154	0.0355470085470089	0.305551282051282	0.211876068376068	0.119777777777778	0.0876495726495727	0.0575811965811966	0.217564102564103	0	0	0	0	0	0	0	0	0	0	0	0	0	0	0	0	0	0	0	0	0	
48868	5693	89	0.0355811965811967	0.310034188034188	0.186931623931624	0.139440170940171	0.0844700854700855	0.0591965811965812	0.21992735042735	0	0	0	0	0	0	0	0	0	0	0	0	0	0	0	0	0	0	0	0	0	
48355	4057	108	0.0357948717948716	0.301803418803419	0.205401709401709	0.125205128205128	0.0939358974358974	0.0646623931623932	0.208991452991453	0	0	0	0	0	0	0	0	0	0	0	0	0	0	0	0	0	0	0	0	0	
81998	4483	97	0.0361880341880326	0.313542735042735	0.196055555555556	0.133918803418803	0.0878034188034188	0.0649358974358974	0.20374358974359	0	0	0	0	0	0	0	0	0	0	0	0	0	0	0	0	0	0	0	0	0	
48297	3241	121	0.0364871794871801	0.288405982905983	0.204252136752137	0.1355	0.0931282051282051	0.065017094017094	0.213696581196581	0	0	0	0	0	0	0	0	0	0	0	0	0	0	0	0	0	0	0	0	0	
42484	6724	90	0.0366666666666674	0.315021367521368	0.192576923076923	0.126598290598291	0.0852350427350427	0.0635683760683761	0.217	0	0	0	0	0	0	0	0	0	0	0	0	0	0	0	0	0	0	0	0	0	
51059	3337	132	0.0367094017094013	0.309645299145299	0.198982905982906	0.138799145299145	0.087525641025641	0.0627735042735043	0.202273504273504	0	0	0	0	0	0	0	0	0	0	0	0	0	0	0	0	0	0	0	0	0	
27411	1418	235	0.0368632478632464	0.312440170940171	0.207376068376068	0.130217948717949	0.0856752136752137	0.055465811965812	0.208824786324786	0	0	0	0	0	0	0	0	0	0	0	0	0	0	0	0	0	0	0	0	0	
30677	1129	348	0.0369230769230762	0.292286324786325	0.209337606837607	0.134504273504273	0.0847435897435897	0.0619316239316239	0.217196581196581	0	0	0	0	0	0	0	0	0	0	0	0	0	0	0	0	0	0	0	0	0	
24543	1856	184	0.0370427350427355	0.30915811965812	0.194982905982906	0.133153846153846	0.0813931623931624	0.0516025641025641	0.229709401709402	0	0	0	0	0	0	0	0	0	0	0	0	0	0	0	0	0	0	0	0	0	
71605	4236	113	0.0372136752136753	0.307282051282051	0.204555555555556	0.136051282051282	0.0858076923076923	0.0625641025641026	0.203739316239316	0	0	0	0	0	0	0	0	0	0	0	0	0	0	0	0	0	0	0	0	0	
53011	4092	120	0.0374188034188024	0.300354700854701	0.203119658119658	0.13782905982906	0.0864401709401709	0.0657649572649573	0.206491452991453	0	0	0	0	0	0	0	0	0	0	0	0	0	0	0	0	0	0	0	0	0	
62338	6683	70	0.0374957264957266	0.316230769230769	0.184183760683761	0.13342735042735	0.0863846153846154	0.060465811965812	0.219307692307692	0	0	0	0	0	0	0	0	0	0	0	0	0	0	0	0	0	0	0	0	0	
60296	3067	109	0.0376581196581199	0.304316239316239	0.191401709401709	0.121491452991453	0.0910213675213675	0.0738076923076923	0.217961538461538	0	0	0	0	0	0	0	0	0	0	0	0	0	0	0	0	0	0	0	0	0	
26068	1764	250	0.0378034188034183	0.303008547008547	0.210260683760684	0.131901709401709	0.0767521367521368	0.0553888888888889	0.222688034188034	0	0	0	0	0	0	0	0	0	0	0	0	0	0	0	0	0	0	0	0	0	
63303	5043	94	0.0379914529914532	0.30708547008547	0.20182905982906	0.141059829059829	0.0777136752136752	0.0608675213675214	0.211444444444444	0	0	0	0	0	0	0	0	0	0	0	0	0	0	0	0	0	0	0	0	0	
21322	4499	165	0.0379999999999995	0.311722222222222	0.198363247863248	0.120632478632479	0.0859957264957265	0.056482905982906	0.226803418803419	0	0	0	0	0	0	0	0	0	0	0	0	0	0	0	0	0	0	0	0	0	
61930	7234	73	0.0381538461538459	0.315465811965812	0.200282051282051	0.133358974358974	0.0788290598290598	0.0616239316239316	0.210440170940171	0	0	0	0	0	0	0	0	0	0	0	0	0	0	0	0	0	0	0	0	0	
95814	6232	72	0.0382905982905987	0.31191452991453	0.186478632478632	0.128029914529915	0.0890897435897436	0.0612649572649573	0.223222222222222	0	0	0	0	0	0	0	0	0	0	0	0	0	0	0	0	0	0	0	0	0	
83381	4118	91	0.0384358974358967	0.29607264957265	0.196517094017094	0.124726495726496	0.090051282051282	0.0652435897435897	0.227388888888889	0	0	0	0	0	0	0	0	0	0	0	0	0	0	0	0	0	0	0	0	0	
23262	1565	365	0.0385726495726483	0.295196581196581	0.196213675213675	0.130632478632479	0.0860512820512821	0.0561153846153846	0.235790598290598	0	0	0	0	0	0	0	0	0	0	0	0	0	0	0	0	0	0	0	0	0	
32400	3674	123	0.0386324786324782	0.30057264957265	0.192290598290598	0.123145299145299	0.0912606837606838	0.061034188034188	0.231696581196581	0	0	0	0	0	0	0	0	0	0	0	0	0	0	0	0	0	0	0	0	0	
30087	1065	314	0.0386837606837617	0.309200854700855	0.204132478632479	0.127957264957265	0.0779017094017094	0.0636367521367521	0.21717094017094	0	0	0	0	0	0	0	0	0	0	0	0	0	0	0	0	0	0	0	0	0	
59695	6068	90	0.039273504273504	0.321294871794872	0.198111111111111	0.122931623931624	0.0932649572649573	0.0562991452991453	0.208098290598291	0	0	0	0	0	0	0	0	0	0	0	0	0	0	0	0	0	0	0	0	0	
34008	4675	122	0.039299145299146	0.302217948717949	0.205200854700855	0.115576923076923	0.0984145299145299	0.0621367521367521	0.216452991452991	0	0	0	0	0	0	0	0	0	0	0	0	0	0	0	0	0	0	0	0	0	
66366	5068	99	0.0394102564102564	0.311782051282051	0.188948717948718	0.129854700854701	0.0971709401709402	0.0631538461538462	0.209089743589744	0	0	0	0	0	0	0	0	0	0	0	0	0	0	0	0	0	0	0	0	0	
56955	4352	100	0.0399829059829068	0.30615811965812	0.207363247863248	0.12382905982906	0.0813803418803419	0.0612350427350427	0.220034188034188	0	0	0	0	0	0	0	0	0	0	0	0	0	0	0	0	0	0	0	0	0	
99269	3386	113	0.040188034188034	0.287230769230769	0.197132478632479	0.138179487179487	0.0958461538461538	0.0681794871794872	0.213431623931624	0	0	0	0	0	0	0	0	0	0	0	0	0	0	0	0	0	0	0	0	0	
27649	1071	412	0.0402051282051277	0.288354700854701	0.198602564102564	0.132363247863248	0.0882222222222222	0.0623888888888889	0.230068376068376	0	0	0	0	0	0	0	0	0	0	0	0	0	0	0	0	0	0	0	0	0	
50406	3116	117	0.0402905982905994	0.285025641025641	0.196213675213675	0.137594017094017	0.0952777777777778	0.0620470085470086	0.22384188034188	0	0	0	0	0	0	0	0	0	0	0	0	0	0	0	0	0	0	0	0	0	
44288	6997	69	0.0407179487179488	0.301918803418803	0.184290598290598	0.12991452991453	0.0901025641025641	0.0578547008547009	0.235918803418803	0	0	0	0	0	0	0	0	0	0	0	0	0	0	0	0	0	0	0	0	0	
36770	5594	90	0.040726495726496	0.305196581196581	0.205102564102564	0.126564102564103	0.0782735042735043	0.0597820512820513	0.225081196581197	0	0	0	0	0	0	0	0	0	0	0	0	0	0	0	0	0	0	0	0	0	
38524	5543	103	0.040735042735044	0.294418803418803	0.212217948717949	0.122606837606838	0.0920726495726496	0.0580128205128205	0.22067094017094	0	0	0	0	0	0	0	0	0	0	0	0	0	0	0	0	0	0	0	0	0	
79700	6262	80	0.0408803418803423	0.312735042735043	0.183837606837607	0.13032905982906	0.0881367521367521	0.0589017094017094	0.226059829059829	0	0	0	0	0	0	0	0	0	0	0	0	0	0	0	0	0	0	0	0	0	
83256	2983	116	0.0409316239316221	0.298029914529915	0.216991452991453	0.126115384615385	0.0926666666666667	0.0566410256410256	0.209555555555556	0	0	0	0	0	0	0	0	0	0	0	0	0	0	0	0	0	0	0	0	0	
65647	2583	134	0.0414017094017112	0.311709401709402	0.206222222222222	0.125384615384615	0.0930726495726496	0.0596410256410256	0.203970085470085	0	0	0	0	0	0	0	0	0	0	0	0	0	0	0	0	0	0	0	0	0	
77411	4035	105	0.0414615384615371	0.292666666666667	0.201102564102564	0.138649572649573	0.0904059829059829	0.068982905982906	0.208192307692308	0	0	0	0	0	0	0	0	0	0	0	0	0	0	0	0	0	0	0	0	0	
54215	4037	112	0.0415470085470088	0.307905982905983	0.197320512820513	0.117820512820513	0.095474358974359	0.0697948717948718	0.211683760683761	0	0	0	0	0	0	0	0	0	0	0	0	0	0	0	0	0	0	0	0	0	
87506	2494	119	0.0420769230769241	0.285542735042735	0.203897435897436	0.144700854700855	0.0947948717948718	0.0572991452991453	0.213764957264957	0	0	0	0	0	0	0	0	0	0	0	0	0	0	0	0	0	0	0	0	0	
93749	4197	102	0.0421965811965807	0.308521367521367	0.209354700854701	0.133316239316239	0.0852564102564103	0.061517094017094	0.202034188034188	0	0	0	0	0	0	0	0	0	0	0	0	0	0	0	0	0	0	0	0	0	
36831	5205	104	0.0422564102564108	0.293132478632479	0.199482905982906	0.123132478632479	0.0993931623931624	0.0588504273504274	0.226008547008547	0	0	0	0	0	0	0	0	0	0	0	0	0	0	0	0	0	0	0	0	0	
27211	5943	123	0.0424358974358969	0.302465811965812	0.200132478632479	0.123260683760684	0.0872863247863248	0.0517222222222222	0.235132478632479	0	0	0	0	0	0	0	0	0	0	0	0	0	0	0	0	0	0	0	0	0	
62630	4487	108	0.0424615384615364	0.301747863247863	0.208901709401709	0.129217948717949	0.0838461538461538	0.0667820512820513	0.209504273504274	0	0	0	0	0	0	0	0	0	0	0	0	0	0	0	0	0	0	0	0	0	
46851	7781	70	0.0425299145299143	0.300106837606838	0.189816239316239	0.130230769230769	0.0851666666666667	0.064042735042735	0.230636752136752	0	0	0	0	0	0	0	0	0	0	0	0	0	0	0	0	0	0	0	0	0	
27322	2257	210	0.0425641025641023	0.313380341880342	0.208589743589744	0.130034188034188	0.0847905982905983	0.0576068376068376	0.205598290598291	0	0	0	0	0	0	0	0	0	0	0	0	0	0	0	0	0	0	0	0	0	
79636	5313	98	0.0427606837606833	0.313470085470085	0.204106837606838	0.13867094017094	0.0891965811965812	0.0569786324786325	0.197576923076923	0	0	0	0	0	0	0	0	0	0	0	0	0	0	0	0	0	0	0	0	0	
96083	4010	99	0.0427948717948707	0.307350427350427	0.209782051282051	0.133162393162393	0.0853760683760684	0.0625598290598291	0.201769230769231	0	0	0	0	0	0	0	0	0	0	0	0	0	0	0	0	0	0	0	0	0	
42222	2166	149	0.0432393162393173	0.304025641025641	0.203662393162393	0.140602564102564	0.0930897435897436	0.0637350427350427	0.194884615384615	0	0	0	0	0	0	0	0	0	0	0	0	0	0	0	0	0	0	0	0	0	
76777	8633	67	0.0432991452991432	0.322303418803419	0.200730769230769	0.128064102564103	0.0842735042735043	0.0564529914529915	0.208175213675214	0	0	0	0	0	0	0	0	0	0	0	0	0	0	0	0	0	0	0	0	0	
76469	3408	107	0.0433846153846163	0.287982905982906	0.191709401709402	0.140397435897436	0.0932905982905983	0.062525641025641	0.224094017094017	0	0	0	0	0	0	0	0	0	0	0	0	0	0	0	0	0	0	0	0	0	
24828	2978	219	0.0434017094017083	0.324739316239316	0.198346153846154	0.133431623931624	0.0789957264957265	0.0567307692307692	0.20775641025641	0	0	0	0	0	0	0	0	0	0	0	0	0	0	0	0	0	0	0	0	0	
93676	5704	83	0.0435470085470082	0.318410256410256	0.190589743589744	0.1205	0.0898803418803419	0.0621025641025641	0.218517094017094	0	0	0	0	0	0	0	0	0	0	0	0	0	0	0	0	0	0	0	0	0	
31477	1324	244	0.0436153846153816	0.295538461538462	0.210594017094017	0.142307692307692	0.0880042735042735	0.0499145299145299	0.213641025641026	0	0	0	0	0	0	0	0	0	0	0	0	0	0	0	0	0	0	0	0	0	
