9191	0.0206153846153834	0.275940170940171	0.143901709401709	0.0906752136752137	0.0727393162393162	0.0429145299145299	0.37382905982906	0	0	0	0	0	0	0	0	0	0	0	0	0	0	0	0	0	0	0	0	0	
9812	0.0227692307692303	0.274581196581197	0.142119658119658	0.0903333333333333	0.067957264957265	0.0505555555555556	0.374452991452991	0	0	0	0	0	0	0	0	0	0	0	0	0	0	0	0	0	0	0	0	0	
9120	0.0236752136752128	0.269786324786325	0.143311965811966	0.0900128205128205	0.0656581196581197	0.0521153846153846	0.379115384615385	0	0	0	0	0	0	0	0	0	0	0	0	0	0	0	0	0	0	0	0	0	
9173	0.0246239316239316	0.264551282051282	0.14265811965812	0.0933119658119658	0.0683461538461538	0.048	0.383132478632479	0	0	0	0	0	0	0	0	0	0	0	0	0	0	0	0	0	0	0	0	0	
9220	0.0248547008546984	0.275692307692308	0.136008547008547	0.0914871794871795	0.0646752136752137	0.0540982905982906	0.378038461538462	0	0	0	0	0	0	0	0	0	0	0	0	0	0	0	0	0	0	0	0	0	
8376	0.0275042735042735	0.264132478632479	0.141747863247863	0.0892948717948718	0.0692820512820513	0.048974358974359	0.386568376068376	0	0	0	0	0	0	0	0	0	0	0	0	0	0	0	0	0	0	0	0	0	
9461	0.0301282051282045	0.267910256410256	0.137495726495727	0.097517094017094	0.0627991452991453	0.0494401709401709	0.384837606837607	0	0	0	0	0	0	0	0	0	0	0	0	0	0	0	0	0	0	0	0	0	
10116	0.0301709401709415	0.278042735042735	0.148559829059829	0.0877264957264957	0.0654188034188034	0.0487350427350427	0.371517094017094	0	0	0	0	0	0	0	0	0	0	0	0	0	0	0	0	0	0	0	0	0	
8711	0.0304700854700846	0.264491452991453	0.139688034188034	0.0937094017094017	0.0638547008547009	0.0513119658119658	0.386944444444444	0	0	0	0	0	0	0	0	0	0	0	0	0	0	0	0	0	0	0	0	0	
9031	0.031581196581195	0.275696581196581	0.142393162393162	0.0960854700854701	0.0646068376068376	0.0520213675213675	0.369196581196581	0	0	0	0	0	0	0	0	0	0	0	0	0	0	0	0	0	0	0	0	0	
8853	0.0317863247863249	0.272764957264957	0.144726495726496	0.0807222222222222	0.0630940170940171	0.0496880341880342	0.389004273504274	0	0	0	0	0	0	0	0	0	0	0	0	0	0	0	0	0	0	0	0	0	
9326	0.0320940170940172	0.272538461538462	0.131884615384615	0.0928760683760684	0.0709700854700855	0.0506538461538462	0.381076923076923	0	0	0	0	0	0	0	0	0	0	0	0	0	0	0	0	0	0	0	0	0	
8700	0.0346581196581196	0.261653846153846	0.140145299145299	0.0934230769230769	0.0641410256410256	0.0547991452991453	0.385837606837607	0	0	0	0	0	0	0	0	0	0	0	0	0	0	0	0	0	0	0	0	0	
9965	0.0357863247863265	0.278867521367521	0.136239316239316	0.0911794871794872	0.0699786324786325	0.0527435897435897	0.370991452991453	0	0	0	0	0	0	0	0	0	0	0	0	0	0	0	0	0	0	0	0	0	
10479	0.0358632478632484	0.275273504273504	0.137991452991453	0.0961239316239316	0.0758076923076923	0.0444529914529915	0.370350427350427	0	0	0	0	0	0	0	0	0	0	0	0	0	0	0	0	0	0	0	0	0	
8517	0.0364273504273501	0.26358547008547	0.142269230769231	0.086957264957265	0.0637179487179487	0.0567948717948718	0.386675213675214	0	0	0	0	0	0	0	0	0	0	0	0	0	0	0	0	0	0	0	0	0	
11061	0.0364700854700851	0.27915811965812	0.147051282051282	0.0895299145299145	0.0633376068376068	0.0524017094017094	0.368521367521368	0	0	0	0	0	0	0	0	0	0	0	0	0	0	0	0	0	0	0	0	0	
9641	0.0367692307692309	0.270337606837607	0.133145299145299	0.0993632478632479	0.0670811965811966	0.0503931623931624	0.379679487179487	0	0	0	0	0	0	0	0	0	0	0	0	0	0	0	0	0	0	0	0	0	
10430	0.0367863247863258	0.258029914529915	0.141615384615385	0.0915384615384615	0.0662094017094017	0.0577008547008547	0.384905982905983	0	0	0	0	0	0	0	0	0	0	0	0	0	0	0	0	0	0	0	0	0	
8813	0.0376239316239312	0.275495726495727	0.130957264957265	0.0997350427350427	0.0722863247863248	0.0452435897435897	0.376282051282051	0	0	0	0	0	0	0	0	0	0	0	0	0	0	0	0	0	0	0	0	0	
9184	0.0376752136752143	0.262196581196581	0.136940170940171	0.0926495726495726	0.0658247863247863	0.0530128205128205	0.389376068376068	0	0	0	0	0	0	0	0	0	0	0	0	0	0	0	0	0	0	0	0	0	
10227	0.0377692307692293	0.276141025641026	0.142559829059829	0.100252136752137	0.064465811965812	0.0507820512820513	0.365799145299145	0	0	0	0	0	0	0	0	0	0	0	0	0	0	0	0	0	0	0	0	0	
9562	0.0378119658119636	0.266200854700855	0.141491452991453	0.0951623931623932	0.064448717948718	0.0569017094017094	0.375794871794872	0	0	0	0	0	0	0	0	0	0	0	0	0	0	0	0	0	0	0	0	0	
9255	0.0383076923076933	0.25784188034188	0.143230769230769	0.0901837606837607	0.0721282051282051	0.049974358974359	0.386641025641026	0	0	0	0	0	0	0	0	0	0	0	0	0	0	0	0	0	0	0	0	0	
9080	0.0386410256410247	0.268688034188034	0.141119658119658	0.0970128205128205	0.0647777777777778	0.055465811965812	0.372935897435897	0	0	0	0	0	0	0	0	0	0	0	0	0	0	0	0	0	0	0	0	0	
9573	0.0391623931623949	0.260816239316239	0.137576923076923	0.0997222222222222	0.0653034188034188	0.0519059829059829	0.384675213675214	0	0	0	0	0	0	0	0	0	0	0	0	0	0	0	0	0	0	0	0	0	
9404	0.039350427350426	0.263957264957265	0.139376068376068	0.103094017094017	0.0647393162393162	0.0497393162393162	0.379094017094017	0	0	0	0	0	0	0	0	0	0	0	0	0	0	0	0	0	0	0	0	0	
11179	0.039487179487181	0.283423076923077	0.141384615384615	0.0903974358974359	0.0677521367521367	0.0526880341880342	0.364354700854701	0	0	0	0	0	0	0	0	0	0	0	0	0	0	0	0	0	0	0	0	0	
10052	0.0394957264957251	0.266747863247863	0.144833333333333	0.100448717948718	0.0636923076923077	0.0491752136752137	0.375102564102564	0	0	0	0	0	0	0	0	0	0	0	0	0	0	0	0	0	0	0	0	0	
10291	0.0396239316239312	0.272615384615385	0.147260683760684	0.0881111111111111	0.069	0.0527991452991453	0.370213675213675	0	0	0	0	0	0	0	0	0	0	0	0	0	0	0	0	0	0	0	0	0	
8121	0.0398717948717949	0.262726495726496	0.138542735042735	0.092542735042735	0.0663803418803419	0.059465811965812	0.38034188034188	0	0	0	0	0	0	0	0	0	0	0	0	0	0	0	0	0	0	0	0	0	
8977	0.0401025641025641	0.256799145299145	0.145978632478632	0.0984786324786325	0.0693162393162393	0.0462820512820513	0.383145299145299	0	0	0	0	0	0	0	0	0	0	0	0	0	0	0	0	0	0	0	0	0	
8691	0.0406923076923073	0.26792735042735	0.132615384615385	0.102799145299145	0.0623803418803419	0.0477393162393162	0.386538461538462	0	0	0	0	0	0	0	0	0	0	0	0	0	0	0	0	0	0	0	0	0	
9374	0.0413931623931631	0.259004273504274	0.138273504273504	0.0971410256410256	0.0677393162393162	0.0503931623931624	0.387448717948718	0	0	0	0	0	0	0	0	0	0	0	0	0	0	0	0	0	0	0	0	0	
10118	0.041444444444447	0.276735042735043	0.146888888888889	0.0929401709401709	0.0667777777777778	0.0538076923076923	0.362850427350427	0	0	0	0	0	0	0	0	0	0	0	0	0	0	0	0	0	0	0	0	0	
10270	0.0414615384615367	0.265153846153846	0.147222222222222	0.0893846153846154	0.0644102564102564	0.0574615384615385	0.376367521367521	0	0	0	0	0	0	0	0	0	0	0	0	0	0	0	0	0	0	0	0	0	
10254	0.041965811965812	0.259128205128205	0.141918803418803	0.0962307692307692	0.0721196581196581	0.0507179487179487	0.379884615384615	0	0	0	0	0	0	0	0	0	0	0	0	0	0	0	0	0	0	0	0	0	
10222	0.0420341880341883	0.261384615384615	0.146239316239316	0.0928119658119658	0.0674529914529915	0.054517094017094	0.377594017094017	0	0	0	0	0	0	0	0	0	0	0	0	0	0	0	0	0	0	0	0	0	
9267	0.0421111111111109	0.26317094017094	0.148	0.0995982905982906	0.0710598290598291	0.0402692307692308	0.377901709401709	0	0	0	0	0	0	0	0	0	0	0	0	0	0	0	0	0	0	0	0	0	
9802	0.0432991452991456	0.26207264957265	0.144641025641026	0.094448717948718	0.067957264957265	0.0546068376068376	0.376273504273504	0	0	0	0	0	0	0	0	0	0	0	0	0	0	0	0	0	0	0	0	0	
9850	0.0433675213675216	0.264722222222222	0.144632478632479	0.0987735042735043	0.0691666666666667	0.0491153846153846	0.373589743589744	0	0	0	0	0	0	0	0	0	0	0	0	0	0	0	0	0	0	0	0	0	
9853	0.0439829059829049	0.257957264957265	0.145213675213675	0.0982991452991453	0.0617692307692308	0.0523931623931624	0.384367521367521	0	0	0	0	0	0	0	0	0	0	0	0	0	0	0	0	0	0	0	0	0	
9971	0.0440170940170944	0.25441452991453	0.148376068376068	0.0953119658119658	0.067517094017094	0.0481153846153846	0.386264957264957	0	0	0	0	0	0	0	0	0	0	0	0	0	0	0	0	0	0	0	0	0	
9192	0.0444358974358979	0.276790598290598	0.134444444444444	0.108354700854701	0.0608333333333333	0.0466538461538462	0.372923076923077	0	0	0	0	0	0	0	0	0	0	0	0	0	0	0	0	0	0	0	0	0	
9379	0.0452649572649568	0.266730769230769	0.142264957264957	0.101	0.0669401709401709	0.0524316239316239	0.370632478632479	0	0	0	0	0	0	0	0	0	0	0	0	0	0	0	0	0	0	0	0	0	
9213	0.0455641025641033	0.262935897435897	0.144038461538462	0.0958760683760684	0.0752649572649573	0.0476068376068376	0.374277777777778	0	0	0	0	0	0	0	0	0	0	0	0	0	0	0	0	0	0	0	0	0	
9710	0.0455897435897433	0.26801282051282	0.140521367521368	0.0902350427350427	0.0772649572649573	0.0532264957264957	0.370739316239316	0	0	0	0	0	0	0	0	0	0	0	0	0	0	0	0	0	0	0	0	0	
9510	0.0457264957264963	0.262952991452991	0.133880341880342	0.0944957264957265	0.0746837606837607	0.0521367521367521	0.381850427350427	0	0	0	0	0	0	0	0	0	0	0	0	0	0	0	0	0	0	0	0	0	
9819	0.0457863247863266	0.287384615384615	0.147837606837607	0.0908461538461538	0.066965811965812	0.0462863247863248	0.360679487179487	0	0	0	0	0	0	0	0	0	0	0	0	0	0	0	0	0	0	0	0	0	
9042	0.0457948717948709	0.266517094017094	0.142594017094017	0.0876196581196581	0.0554401709401709	0.059034188034188	0.388794871794872	0	0	0	0	0	0	0	0	0	0	0	0	0	0	0	0	0	0	0	0	0	
8391	0.0460683760683735	0.261871794871795	0.140025641025641	0.0862008547008547	0.0636880341880342	0.0654358974358974	0.382777777777778	0	0	0	0	0	0	0	0	0	0	0	0	0	0	0	0	0	0	0	0	0	
9851	0.0461623931623952	0.277735042735043	0.13808547008547	0.100025641025641	0.067534188034188	0.0526623931623932	0.363957264957265	0	0	0	0	0	0	0	0	0	0	0	0	0	0	0	0	0	0	0	0	0	
9919	0.0461880341880364	0.280568376068376	0.133730769230769	0.100431623931624	0.0655384615384615	0.0514316239316239	0.368299145299145	0	0	0	0	0	0	0	0	0	0	0	0	0	0	0	0	0	0	0	0	0	
10118	0.0465213675213678	0.276606837606838	0.14115811965812	0.101179487179487	0.0624145299145299	0.0550555555555556	0.36358547008547	0	0	0	0	0	0	0	0	0	0	0	0	0	0	0	0	0	0	0	0	0	
10197	0.0465726495726497	0.270551282051282	0.145098290598291	0.0918461538461538	0.0756538461538462	0.0506923076923077	0.36615811965812	0	0	0	0	0	0	0	0	0	0	0	0	0	0	0	0	0	0	0	0	0	
10620	0.046598290598293	0.277282051282051	0.148200854700855	0.101769230769231	0.0663504273504274	0.0461239316239316	0.360273504273504	0	0	0	0	0	0	0	0	0	0	0	0	0	0	0	0	0	0	0	0	0	
10451	0.0466410256410253	0.272769230769231	0.137410256410256	0.0987777777777778	0.0676837606837607	0.0553119658119658	0.368047008547009	0	0	0	0	0	0	0	0	0	0	0	0	0	0	0	0	0	0	0	0	0	
10460	0.0467350427350429	0.26658547008547	0.146905982905983	0.094042735042735	0.0717222222222222	0.0507008547008547	0.370042735042735	0	0	0	0	0	0	0	0	0	0	0	0	0	0	0	0	0	0	0	0	0	
9100	0.0471880341880331	0.260594017094017	0.144311965811966	0.100132478632479	0.0592991452991453	0.0538589743589744	0.381803418803419	0	0	0	0	0	0	0	0	0	0	0	0	0	0	0	0	0	0	0	0	0	
9523	0.0472393162393161	0.27608547008547	0.146200854700855	0.0894957264957265	0.0689188034188034	0.0577478632478632	0.361551282051282	0	0	0	0	0	0	0	0	0	0	0	0	0	0	0	0	0	0	0	0	0	
9705	0.0473076923076913	0.270517094017094	0.149722222222222	0.0869145299145299	0.0689615384615385	0.0542179487179487	0.369666666666667	0	0	0	0	0	0	0	0	0	0	0	0	0	0	0	0	0	0	0	0	0	
9625	0.047358974358973	0.269811965811966	0.15242735042735	0.086982905982906	0.0700683760683761	0.0504316239316239	0.370277777777778	0	0	0	0	0	0	0	0	0	0	0	0	0	0	0	0	0	0	0	0	0	
10479	0.0481880341880346	0.275111111111111	0.139696581196581	0.100905982905983	0.0670940170940171	0.0545470085470085	0.362645299145299	0	0	0	0	0	0	0	0	0	0	0	0	0	0	0	0	0	0	0	0	0	
8810	0.0482649572649586	0.252290598290598	0.148816239316239	0.091982905982906	0.0672606837606838	0.0529059829059829	0.38674358974359	0	0	0	0	0	0	0	0	0	0	0	0	0	0	0	0	0	0	0	0	0	
10309	0.048367521367523	0.278662393162393	0.144888888888889	0.0993205128205128	0.0655042735042735	0.0522350427350427	0.359388888888889	0	0	0	0	0	0	0	0	0	0	0	0	0	0	0	0	0	0	0	0	0	
8201	0.048401709401709	0.254448717948718	0.139452991452991	0.0959188034188034	0.0651666666666667	0.0597991452991453	0.385213675213675	0	0	0	0	0	0	0	0	0	0	0	0	0	0	0	0	0	0	0	0	0	
9520	0.048700854700854	0.270401709401709	0.133282051282051	0.102679487179487	0.0589059829059829	0.0548290598290598	0.379901709401709	0	0	0	0	0	0	0	0	0	0	0	0	0	0	0	0	0	0	0	0	0	
9981	0.049076923076923	0.273068376068376	0.138435897435897	0.0922905982905983	0.0767393162393162	0.0539615384615385	0.365504273504274	0	0	0	0	0	0	0	0	0	0	0	0	0	0	0	0	0	0	0	0	0	
11106	0.0491367521367547	0.281786324786325	0.139299145299145	0.0984700854700855	0.0676623931623932	0.051525641025641	0.36125641025641	0	0	0	0	0	0	0	0	0	0	0	0	0	0	0	0	0	0	0	0	0	
9530	0.0493076923076932	0.261	0.145495726495727	0.0979316239316239	0.0687777777777778	0.0524529914529915	0.37434188034188	0	0	0	0	0	0	0	0	0	0	0	0	0	0	0	0	0	0	0	0	0	
10325	0.0494188034188054	0.282068376068376	0.137209401709402	0.102606837606838	0.0707820512820513	0.0441282051282051	0.363205128205128	0	0	0	0	0	0	0	0	0	0	0	0	0	0	0	0	0	0	0	0	0	
10041	0.0494444444444438	0.258482905982906	0.138508547008547	0.0886068376068376	0.0779316239316239	0.0544871794871795	0.381982905982906	0	0	0	0	0	0	0	0	0	0	0	0	0	0	0	0	0	0	0	0	0	
10032	0.0495641025640994	0.262786324786325	0.145987179487179	0.103978632478632	0.0651239316239316	0.049525641025641	0.372598290598291	0	0	0	0	0	0	0	0	0	0	0	0	0	0	0	0	0	0	0	0	0	
9467	0.0495641025641026	0.285470085470085	0.137641025641026	0.0878760683760684	0.0694230769230769	0.054008547008547	0.365581196581197	0	0	0	0	0	0	0	0	0	0	0	0	0	0	0	0	0	0	0	0	0	
9356	0.0495726495726482	0.269978632478632	0.14442735042735	0.108623931623932	0.0606794871794872	0.0464444444444444	0.369846153846154	0	0	0	0	0	0	0	0	0	0	0	0	0	0	0	0	0	0	0	0	0	
8711	0.0496239316239295	0.264175213675214	0.140722222222222	0.0956239316239316	0.0618547008547009	0.0623461538461538	0.375277777777778	0	0	0	0	0	0	0	0	0	0	0	0	0	0	0	0	0	0	0	0	0	
9327	0.049666666666666	0.252021367521368	0.147149572649573	0.0952094017094017	0.0648632478632479	0.0542393162393162	0.386517094017094	0	0	0	0	0	0	0	0	0	0	0	0	0	0	0	0	0	0	0	0	0	
9400	0.0496666666666668	0.260786324786325	0.137299145299145	0.094017094017094	0.0770042735042735	0.0522649572649573	0.378628205128205	0	0	0	0	0	0	0	0	0	0	0	0	0	0	0	0	0	0	0	0	0	
9353	0.0499487179487186	0.270961538461538	0.136876068376068	0.0889700854700855	0.0747393162393162	0.0579316239316239	0.370521367521367	0	0	0	0	0	0	0	0	0	0	0	0	0	0	0	0	0	0	0	0	0	
9968	0.0502649572649569	0.252405982905983	0.144730769230769	0.0978675213675214	0.0703290598290598	0.0522094017094017	0.382457264957265	0	0	0	0	0	0	0	0	0	0	0	0	0	0	0	0	0	0	0	0	0	
10476	0.0505470085470114	0.277709401709402	0.141393162393162	0.10107264957265	0.0679358974358974	0.0534316239316239	0.358457264957265	0	0	0	0	0	0	0	0	0	0	0	0	0	0	0	0	0	0	0	0	0	
9692	0.0506410256410253	0.261816239316239	0.140735042735043	0.0945940170940171	0.0681581196581197	0.0610213675213675	0.373675213675214	0	0	0	0	0	0	0	0	0	0	0	0	0	0	0	0	0	0	0	0	0	
10372	0.0506752136752144	0.262444444444444	0.144423076923077	0.0963974358974359	0.0741794871794872	0.0503418803418803	0.372213675213675	0	0	0	0	0	0	0	0	0	0	0	0	0	0	0	0	0	0	0	0	0	
9623	0.0507008547008547	0.275504273504273	0.14058547008547	0.088042735042735	0.0756709401709402	0.0573760683760684	0.362820512820513	0	0	0	0	0	0	0	0	0	0	0	0	0	0	0	0	0	0	0	0	0	
9803	0.0507350427350432	0.258423076923077	0.137470085470085	0.102547008547009	0.0734358974358974	0.0478376068376068	0.380286324786325	0	0	0	0	0	0	0	0	0	0	0	0	0	0	0	0	0	0	0	0	0	
10809	0.0508376068376094	0.282512820512821	0.134470085470085	0.0872094017094017	0.0696196581196581	0.0574059829059829	0.368782051282051	0	0	0	0	0	0	0	0	0	0	0	0	0	0	0	0	0	0	0	0	0	
8639	0.0509401709401721	0.250952991452991	0.149905982905983	0.0923547008547008	0.0688418803418803	0.051534188034188	0.386410256410256	0	0	0	0	0	0	0	0	0	0	0	0	0	0	0	0	0	0	0	0	0	
9078	0.0510341880341888	0.250905982905983	0.148679487179487	0.0934145299145299	0.0749102564102564	0.0424615384615385	0.389628205128205	0	0	0	0	0	0	0	0	0	0	0	0	0	0	0	0	0	0	0	0	0	
10418	0.0510512820512812	0.271145299145299	0.141217948717949	0.104273504273504	0.0709273504273504	0.0487777777777778	0.36365811965812	0	0	0	0	0	0	0	0	0	0	0	0	0	0	0	0	0	0	0	0	0	
8749	0.0512478632478633	0.252358974358974	0.146948717948718	0.103482905982906	0.067482905982906	0.0477136752136752	0.382012820512821	0	0	0	0	0	0	0	0	0	0	0	0	0	0	0	0	0	0	0	0	0	
9764	0.051316239316241	0.277465811965812	0.135025641025641	0.0984444444444444	0.0680811965811966	0.056542735042735	0.364440170940171	0	0	0	0	0	0	0	0	0	0	0	0	0	0	0	0	0	0	0	0	0	
9676	0.0514529914529912	0.267448717948718	0.136034188034188	0.0943333333333333	0.0751752136752137	0.0546709401709402	0.372337606837607	0	0	0	0	0	0	0	0	0	0	0	0	0	0	0	0	0	0	0	0	0	
9131	0.0515213675213672	0.259850427350427	0.139717948717949	0.0929188034188034	0.0778418803418803	0.0534529914529915	0.376217948717949	0	0	0	0	0	0	0	0	0	0	0	0	0	0	0	0	0	0	0	0	0	
9666	0.0515641025641033	0.253448717948718	0.143794871794872	0.100183760683761	0.0718675213675214	0.0499401709401709	0.380764957264957	0	0	0	0	0	0	0	0	0	0	0	0	0	0	0	0	0	0	0	0	0	
10127	0.0515811965811969	0.275431623931624	0.143628205128205	0.103752136752137	0.0685854700854701	0.0498290598290598	0.358773504273504	0	0	0	0	0	0	0	0	0	0	0	0	0	0	0	0	0	0	0	0	0	
10619	0.0517350427350434	0.269405982905983	0.155504273504274	0.0937735042735043	0.0692564102564103	0.0473376068376068	0.364722222222222	0	0	0	0	0	0	0	0	0	0	0	0	0	0	0	0	0	0	0	0	0	
8514	0.0518461538461535	0.254538461538462	0.137512820512821	0.092542735042735	0.0662350427350427	0.0568034188034188	0.392367521367521	0	0	0	0	0	0	0	0	0	0	0	0	0	0	0	0	0	0	0	0	0	
10147	0.0522820512820522	0.273384615384615	0.143940170940171	0.109102564102564	0.0692478632478633	0.0438547008547009	0.360470085470085	0	0	0	0	0	0	0	0	0	0	0	0	0	0	0	0	0	0	0	0	0	
10830	0.0522905982905992	0.285782051282051	0.139871794871795	0.0936495726495726	0.0766282051282051	0.0449615384615385	0.359106837606838	0	0	0	0	0	0	0	0	0	0	0	0	0	0	0	0	0	0	0	0	0	
10866	0.0522991452991448	0.275709401709402	0.146884615384615	0.0937692307692308	0.0707948717948718	0.0547051282051282	0.358136752136752	0	0	0	0	0	0	0	0	0	0	0	0	0	0	0	0	0	0	0	0	0	
