56756	7804	65	0.0114529914529916	0.287363247863248	0.184461538461538	0.133538461538462	0.0942094017094017	0.0610769230769231	0.239350427350427	0	0	0	0	0	0	0	0	0	0	0	0	0	0	0	0	0	0	0	0	0	
53814	6165	81	0.0172222222222232	0.291799145299145	0.185534188034188	0.121628205128205	0.0954102564102564	0.0652521367521368	0.240376068376068	0	0	0	0	0	0	0	0	0	0	0	0	0	0	0	0	0	0	0	0	0	
29274	6817	99	0.0190256410256418	0.290884615384615	0.187200854700855	0.128111111111111	0.0923119658119658	0.0671153846153846	0.234376068376068	0	0	0	0	0	0	0	0	0	0	0	0	0	0	0	0	0	0	0	0	0	
48311	6314	79	0.0192820512820523	0.292649572649573	0.18025641025641	0.125119658119658	0.091465811965812	0.0658589743589744	0.244649572649573	0	0	0	0	0	0	0	0	0	0	0	0	0	0	0	0	0	0	0	0	0	
87958	5371	84	0.0199401709401708	0.279628205128205	0.188200854700855	0.126602564102564	0.0933760683760684	0.0681794871794872	0.24401282051282	0	0	0	0	0	0	0	0	0	0	0	0	0	0	0	0	0	0	0	0	0	
65282	5451	85	0.0200854700854707	0.287594017094017	0.178311965811966	0.128589743589744	0.0946794871794872	0.0726324786324786	0.238192307692308	0	0	0	0	0	0	0	0	0	0	0	0	0	0	0	0	0	0	0	0	0	
25339	6253	130	0.0208547008547008	0.292136752136752	0.185064102564103	0.12265811965812	0.0945384615384615	0.0592179487179487	0.246384615384615	0	0	0	0	0	0	0	0	0	0	0	0	0	0	0	0	0	0	0	0	0	
70542	6708	69	0.021059829059829	0.289628205128205	0.176482905982906	0.127871794871795	0.0915982905982906	0.0661837606837607	0.248235042735043	0	0	0	0	0	0	0	0	0	0	0	0	0	0	0	0	0	0	0	0	0	
62426	8684	64	0.0214017094017101	0.282602564102564	0.188145299145299	0.132547008547009	0.0878461538461539	0.064525641025641	0.244333333333333	0	0	0	0	0	0	0	0	0	0	0	0	0	0	0	0	0	0	0	0	0	
76762	7851	60	0.0214615384615399	0.29148717948718	0.189525641025641	0.12758547008547	0.088525641025641	0.0654059829059829	0.237470085470085	0	0	0	0	0	0	0	0	0	0	0	0	0	0	0	0	0	0	0	0	0	
26062	1958	228	0.0222735042735034	0.287457264957265	0.181491452991453	0.139559829059829	0.0886068376068376	0.0618888888888889	0.240995726495727	0	0	0	0	0	0	0	0	0	0	0	0	0	0	0	0	0	0	0	0	0	
70183	7643	71	0.0224017094017094	0.280260683760684	0.189717948717949	0.129371794871795	0.0934102564102564	0.0601538461538462	0.24708547008547	0	0	0	0	0	0	0	0	0	0	0	0	0	0	0	0	0	0	0	0	0	
20870	5914	127	0.0224444444444441	0.290594017094017	0.187542735042735	0.127811965811966	0.090525641025641	0.0564401709401709	0.24708547008547	0	0	0	0	0	0	0	0	0	0	0	0	0	0	0	0	0	0	0	0	0	
27211	5943	123	0.0225213675213672	0.292551282051282	0.183709401709402	0.134589743589744	0.0878974358974359	0.0603803418803419	0.240871794871795	0	0	0	0	0	0	0	0	0	0	0	0	0	0	0	0	0	0	0	0	0	
48271	6150	88	0.0225811965811974	0.286559829059829	0.190649572649573	0.130880341880342	0.0914786324786325	0.0664230769230769	0.234008547008547	0	0	0	0	0	0	0	0	0	0	0	0	0	0	0	0	0	0	0	0	0	
38524	5543	103	0.0226923076923082	0.283897435897436	0.18708547008547	0.120636752136752	0.0973803418803419	0.0653333333333333	0.245666666666667	0	0	0	0	0	0	0	0	0	0	0	0	0	0	0	0	0	0	0	0	0	
33884	6271	102	0.0227350427350436	0.290226495726496	0.188316239316239	0.124457264957265	0.0862991452991453	0.0673888888888889	0.243311965811966	0	0	0	0	0	0	0	0	0	0	0	0	0	0	0	0	0	0	0	0	0	
96370	6427	76	0.0227521367521384	0.288132478632479	0.178773504273504	0.133739316239316	0.0879059829059829	0.0663333333333333	0.245115384615385	0	0	0	0	0	0	0	0	0	0	0	0	0	0	0	0	0	0	0	0	0	
29034	5374	102	0.0227777777777783	0.291410256410256	0.184388888888889	0.131688034188034	0.0853418803418803	0.0608418803418803	0.24632905982906	0	0	0	0	0	0	0	0	0	0	0	0	0	0	0	0	0	0	0	0	0	
76777	8633	67	0.0229230769230777	0.292726495726496	0.182726495726496	0.131974358974359	0.0933333333333333	0.066517094017094	0.232722222222222	0	0	0	0	0	0	0	0	0	0	0	0	0	0	0	0	0	0	0	0	0	
25853	7698	112	0.0230341880341881	0.280764957264957	0.194247863247863	0.124384615384615	0.0937094017094017	0.0630897435897436	0.243803418803419	0	0	0	0	0	0	0	0	0	0	0	0	0	0	0	0	0	0	0	0	0	
75394	4864	86	0.023102564102564	0.27767094017094	0.187739316239316	0.133247863247863	0.0970470085470086	0.0631324786324786	0.241162393162393	0	0	0	0	0	0	0	0	0	0	0	0	0	0	0	0	0	0	0	0	0	
85011	6113	68	0.0241367521367529	0.288354700854701	0.18541452991453	0.121602564102564	0.0884529914529915	0.0684017094017094	0.247773504273504	0	0	0	0	0	0	0	0	0	0	0	0	0	0	0	0	0	0	0	0	0	
24520	4461	132	0.0251880341880342	0.294581196581197	0.17532905982906	0.133893162393162	0.093017094017094	0.0613205128205128	0.241858974358974	0	0	0	0	0	0	0	0	0	0	0	0	0	0	0	0	0	0	0	0	0	
77204	6276	78	0.0258461538461556	0.294542735042735	0.182799145299145	0.132564102564103	0.0952179487179487	0.064051282051282	0.230824786324786	0	0	0	0	0	0	0	0	0	0	0	0	0	0	0	0	0	0	0	0	0	
30527	6175	103	0.0265299145299143	0.290730769230769	0.182594017094017	0.124653846153846	0.0859700854700855	0.0643034188034188	0.251747863247863	0	0	0	0	0	0	0	0	0	0	0	0	0	0	0	0	0	0	0	0	0	
96601	6457	72	0.0265726495726496	0.297957264957265	0.182222222222222	0.126397435897436	0.0935598290598291	0.0666581196581197	0.233205128205128	0	0	0	0	0	0	0	0	0	0	0	0	0	0	0	0	0	0	0	0	0	
26740	5095	126	0.0267692307692306	0.284850427350427	0.188786324786325	0.137384615384615	0.0906282051282051	0.0582820512820513	0.240068376068376	0	0	0	0	0	0	0	0	0	0	0	0	0	0	0	0	0	0	0	0	0	
27465	4612	121	0.0269145299145295	0.290094017094017	0.192905982905983	0.125448717948718	0.095965811965812	0.0620042735042735	0.233581196581197	0	0	0	0	0	0	0	0	0	0	0	0	0	0	0	0	0	0	0	0	0	
64562	5648	85	0.0269658119658144	0.273970085470085	0.184897435897436	0.130649572649573	0.0938888888888889	0.0699786324786325	0.246615384615385	0	0	0	0	0	0	0	0	0	0	0	0	0	0	0	0	0	0	0	0	0	
36770	5594	90	0.0271111111111089	0.301008547008547	0.17807264957265	0.127269230769231	0.0934059829059829	0.0612136752136752	0.239029914529915	0	0	0	0	0	0	0	0	0	0	0	0	0	0	0	0	0	0	0	0	0	
94548	6499	72	0.027239316239316	0.290786324786325	0.194645299145299	0.124491452991453	0.0931324786324786	0.0618846153846154	0.235059829059829	0	0	0	0	0	0	0	0	0	0	0	0	0	0	0	0	0	0	0	0	0	
44288	6997	69	0.0273504273504281	0.289991452991453	0.177239316239316	0.123525641025641	0.092042735042735	0.0680598290598291	0.249141025641026	0	0	0	0	0	0	0	0	0	0	0	0	0	0	0	0	0	0	0	0	0	
29664	7568	75	0.027572649572649	0.281008547008547	0.183504273504274	0.128987179487179	0.0872094017094017	0.0677435897435897	0.251547008547009	0	0	0	0	0	0	0	0	0	0	0	0	0	0	0	0	0	0	0	0	0	
28355	6903	95	0.0279914529914524	0.277162393162393	0.192410256410256	0.128192307692308	0.0902264957264957	0.0666452991452991	0.245363247863248	0	0	0	0	0	0	0	0	0	0	0	0	0	0	0	0	0	0	0	0	0	
51592	6092	83	0.0283162393162398	0.291820512820513	0.194102564102564	0.125910256410256	0.0885769230769231	0.0639230769230769	0.235666666666667	0	0	0	0	0	0	0	0	0	0	0	0	0	0	0	0	0	0	0	0	0	
25336	1160	366	0.0283162393162404	0.288059829059829	0.195192307692308	0.131145299145299	0.0913076923076923	0.0593076923076923	0.234987179487179	0	0	0	0	0	0	0	0	0	0	0	0	0	0	0	0	0	0	0	0	0	
37276	4717	106	0.0286239316239323	0.273615384615385	0.188534188034188	0.130269230769231	0.0932222222222222	0.0645128205128205	0.249846153846154	0	0	0	0	0	0	0	0	0	0	0	0	0	0	0	0	0	0	0	0	0	
48868	5693	89	0.028683760683761	0.291790598290598	0.18692735042735	0.135863247863248	0.0878333333333333	0.0597264957264957	0.237858974358974	0	0	0	0	0	0	0	0	0	0	0	0	0	0	0	0	0	0	0	0	0	
91950	7476	57	0.0290598290598293	0.293606837606838	0.177025641025641	0.127820512820513	0.0871068376068376	0.0679487179487179	0.246491452991453	0	0	0	0	0	0	0	0	0	0	0	0	0	0	0	0	0	0	0	0	0	
23499	1141	453	0.0291794871794875	0.285901709401709	0.193615384615385	0.127465811965812	0.0920940170940171	0.0534017094017094	0.247521367521368	0	0	0	0	0	0	0	0	0	0	0	0	0	0	0	0	0	0	0	0	0	
23000	1806	276	0.0293418803418808	0.272995726495727	0.19415811965812	0.129307692307692	0.093482905982906	0.0652948717948718	0.244760683760684	0	0	0	0	0	0	0	0	0	0	0	0	0	0	0	0	0	0	0	0	0	
45367	8983	66	0.0295897435897452	0.298311965811966	0.185119658119658	0.115324786324786	0.0920042735042735	0.0642094017094017	0.245029914529915	0	0	0	0	0	0	0	0	0	0	0	0	0	0	0	0	0	0	0	0	0	
28578	5993	100	0.0296068376068383	0.291820512820513	0.190867521367521	0.1255	0.0818205128205128	0.0656282051282051	0.244363247863248	0	0	0	0	0	0	0	0	0	0	0	0	0	0	0	0	0	0	0	0	0	
63303	5043	94	0.0298376068376069	0.301555555555556	0.182175213675214	0.126397435897436	0.093965811965812	0.0644230769230769	0.231482905982906	0	0	0	0	0	0	0	0	0	0	0	0	0	0	0	0	0	0	0	0	0	
24248	3886	171	0.0301282051282042	0.291316239316239	0.188790598290598	0.126683760683761	0.0835940170940171	0.0606581196581197	0.248957264957265	0	0	0	0	0	0	0	0	0	0	0	0	0	0	0	0	0	0	0	0	0	
39511	4617	100	0.0302564102564106	0.28774358974359	0.174491452991453	0.127555555555556	0.0893076923076923	0.0728547008547009	0.248047008547009	0	0	0	0	0	0	0	0	0	0	0	0	0	0	0	0	0	0	0	0	0	
28114	3055	154	0.0303675213675235	0.288145299145299	0.185252136752137	0.141649572649573	0.0887905982905983	0.0642521367521368	0.231910256410256	0	0	0	0	0	0	0	0	0	0	0	0	0	0	0	0	0	0	0	0	0	
31129	5183	116	0.0304700854700851	0.283123931623932	0.195064102564103	0.127294871794872	0.0953162393162393	0.0667863247863248	0.23241452991453	0	0	0	0	0	0	0	0	0	0	0	0	0	0	0	0	0	0	0	0	0	
51208	5545	84	0.0305213675213679	0.272192307692308	0.191376068376068	0.132311965811966	0.0937649572649573	0.0660641025641026	0.244290598290598	0	0	0	0	0	0	0	0	0	0	0	0	0	0	0	0	0	0	0	0	0	
43352	6144	97	0.0305982905982899	0.275320512820513	0.195799145299145	0.131290598290598	0.0946923076923077	0.0627948717948718	0.240102564102564	0	0	0	0	0	0	0	0	0	0	0	0	0	0	0	0	0	0	0	0	0	
27391	8133	87	0.0307948717948717	0.292764957264957	0.190606837606838	0.132264957264957	0.0857692307692308	0.0599017094017094	0.238692307692308	0	0	0	0	0	0	0	0	0	0	0	0	0	0	0	0	0	0	0	0	0	
32477	7206	62	0.0311709401709403	0.278662393162393	0.182055555555556	0.123935897435897	0.0936965811965812	0.0661367521367521	0.255512820512821	0	0	0	0	0	0	0	0	0	0	0	0	0	0	0	0	0	0	0	0	0	
67003	6267	73	0.0313675213675211	0.276991452991453	0.189316239316239	0.126388888888889	0.0905128205128205	0.0696239316239316	0.247166666666667	0	0	0	0	0	0	0	0	0	0	0	0	0	0	0	0	0	0	0	0	0	
38954	4353	125	0.031538461538462	0.288666666666667	0.190910256410256	0.127512820512821	0.0940384615384615	0.0715384615384615	0.227333333333333	0	0	0	0	0	0	0	0	0	0	0	0	0	0	0	0	0	0	0	0	0	
34059	5272	96	0.031940170940171	0.278217948717949	0.192440170940171	0.133923076923077	0.0869615384615385	0.0654700854700855	0.242987179487179	0	0	0	0	0	0	0	0	0	0	0	0	0	0	0	0	0	0	0	0	0	
95709	8405	45	0.032461538461539	0.295252136752137	0.18375641025641	0.120923076923077	0.0855726495726496	0.0641324786324786	0.250363247863248	0	0	0	0	0	0	0	0	0	0	0	0	0	0	0	0	0	0	0	0	0	
97946	8489	49	0.03265811965812	0.2915	0.17642735042735	0.127200854700855	0.086525641025641	0.064482905982906	0.253863247863248	0	0	0	0	0	0	0	0	0	0	0	0	0	0	0	0	0	0	0	0	0	
93428	8873	55	0.0328803418803415	0.300474358974359	0.183025641025641	0.121974358974359	0.0911623931623932	0.0577564102564103	0.245606837606838	0	0	0	0	0	0	0	0	0	0	0	0	0	0	0	0	0	0	0	0	0	
26250	8487	98	0.0331367521367511	0.301354700854701	0.178923076923077	0.122123931623932	0.0940555555555556	0.0590470085470085	0.244495726495726	0	0	0	0	0	0	0	0	0	0	0	0	0	0	0	0	0	0	0	0	0	
98891	3077	105	0.0333589743589762	0.270773504273504	0.188615384615385	0.130311965811966	0.0975470085470085	0.0702179487179487	0.242534188034188	0	0	0	0	0	0	0	0	0	0	0	0	0	0	0	0	0	0	0	0	0	
80382	6940	58	0.0333931623931633	0.276162393162393	0.185235042735043	0.132555555555556	0.0885897435897436	0.0635769230769231	0.253880341880342	0	0	0	0	0	0	0	0	0	0	0	0	0	0	0	0	0	0	0	0	0	
85768	6227	73	0.0334871794871809	0.294816239316239	0.187820512820513	0.131106837606838	0.0862179487179487	0.0671153846153846	0.232923076923077	0	0	0	0	0	0	0	0	0	0	0	0	0	0	0	0	0	0	0	0	0	
98056	8275	55	0.0335384615384626	0.29608547008547	0.176769230769231	0.128717948717949	0.084517094017094	0.0647264957264957	0.249183760683761	0	0	0	0	0	0	0	0	0	0	0	0	0	0	0	0	0	0	0	0	0	
81998	4483	97	0.0335982905982911	0.279884615384615	0.186542735042735	0.130358974358974	0.104162393162393	0.0660940170940171	0.232957264957265	0	0	0	0	0	0	0	0	0	0	0	0	0	0	0	0	0	0	0	0	0	
52293	6857	60	0.0336666666666666	0.283333333333333	0.184666666666667	0.12967094017094	0.0826495726495727	0.0622094017094017	0.257470085470085	0	0	0	0	0	0	0	0	0	0	0	0	0	0	0	0	0	0	0	0	0	
20894	7489	117	0.0337264957264941	0.28665811965812	0.190008547008547	0.126491452991453	0.0831452991452991	0.0602948717948718	0.253401709401709	0	0	0	0	0	0	0	0	0	0	0	0	0	0	0	0	0	0	0	0	0	
98753	6480	65	0.0341367521367531	0.282410256410256	0.192897435897436	0.128696581196581	0.0816709401709402	0.0642905982905983	0.250034188034188	0	0	0	0	0	0	0	0	0	0	0	0	0	0	0	0	0	0	0	0	0	
85933	8532	52	0.0341880341880336	0.302235042735043	0.18667094017094	0.126700854700855	0.0841709401709402	0.0611965811965812	0.239025641025641	0	0	0	0	0	0	0	0	0	0	0	0	0	0	0	0	0	0	0	0	0	
77695	4473	94	0.0346410256410256	0.289405982905983	0.199726495726496	0.126162393162393	0.0895683760683761	0.0592991452991453	0.235837606837607	0	0	0	0	0	0	0	0	0	0	0	0	0	0	0	0	0	0	0	0	0	
25585	6201	96	0.0346752136752148	0.273282051282051	0.181952991452991	0.131602564102564	0.0929358974358974	0.0652478632478632	0.254978632478633	0	0	0	0	0	0	0	0	0	0	0	0	0	0	0	0	0	0	0	0	0	
62338	6683	70	0.034863247863249	0.28925641025641	0.177290598290598	0.129217948717949	0.0833333333333333	0.0688333333333333	0.252068376068376	0	0	0	0	0	0	0	0	0	0	0	0	0	0	0	0	0	0	0	0	0	
51383	4034	106	0.0350512820512826	0.275884615384615	0.178401709401709	0.140876068376068	0.0948632478632479	0.0671581196581197	0.242816239316239	0	0	0	0	0	0	0	0	0	0	0	0	0	0	0	0	0	0	0	0	0	
84160	7511	72	0.0353076923076937	0.288299145299145	0.185653846153846	0.137277777777778	0.0877948717948718	0.0705384615384615	0.230435897435897	0	0	0	0	0	0	0	0	0	0	0	0	0	0	0	0	0	0	0	0	0	
28133	5019	123	0.0353589743589742	0.28925641025641	0.196705128205128	0.131957264957265	0.0836495726495727	0.0606282051282051	0.237803418803419	0	0	0	0	0	0	0	0	0	0	0	0	0	0	0	0	0	0	0	0	0	
24492	1767	471	0.0359572649572646	0.292196581196581	0.196423076923077	0.124602564102564	0.090491452991453	0.0529273504273504	0.243358974358974	0	0	0	0	0	0	0	0	0	0	0	0	0	0	0	0	0	0	0	0	0	
51149	7554	74	0.0360854700854718	0.294217948717949	0.19457264957265	0.129145299145299	0.0867649572649573	0.0642222222222222	0.231076923076923	0	0	0	0	0	0	0	0	0	0	0	0	0	0	0	0	0	0	0	0	0	
68419	9083	43	0.0364273504273498	0.293282051282051	0.181538461538462	0.125350427350427	0.0856324786324786	0.0596239316239316	0.25457264957265	0	0	0	0	0	0	0	0	0	0	0	0	0	0	0	0	0	0	0	0	0	
19098	2968	220	0.0367692307692294	0.286337606837607	0.188051282051282	0.128132478632479	0.0840555555555556	0.056542735042735	0.256880341880342	0	0	0	0	0	0	0	0	0	0	0	0	0	0	0	0	0	0	0	0	0	
17440	5513	362	0.0370085470085468	0.292961538461538	0.180730769230769	0.128474358974359	0.0893803418803419	0.0533162393162393	0.255136752136752	0	0	0	0	0	0	0	0	0	0	0	0	0	0	0	0	0	0	0	0	0	
95814	6232	72	0.0373418803418806	0.300576923076923	0.188175213675214	0.117294871794872	0.088542735042735	0.0656068376068376	0.239803418803419	0	0	0	0	0	0	0	0	0	0	0	0	0	0	0	0	0	0	0	0	0	
29399	4320	120	0.0374615384615385	0.272188034188034	0.183102564102564	0.140726495726496	0.0941709401709402	0.0616666666666667	0.248145299145299	0	0	0	0	0	0	0	0	0	0	0	0	0	0	0	0	0	0	0	0	0	
25019	1119	394	0.0375726495726484	0.293952991452991	0.196645299145299	0.127286324786325	0.0868076923076923	0.0617564102564103	0.233551282051282	0	0	0	0	0	0	0	0	0	0	0	0	0	0	0	0	0	0	0	0	0	
19094	8194	135	0.0377264957264955	0.296175213675214	0.180081196581197	0.11942735042735	0.0881111111111111	0.0647350427350427	0.251470085470085	0	0	0	0	0	0	0	0	0	0	0	0	0	0	0	0	0	0	0	0	0	
87406	7128	69	0.0377435897435908	0.295752136752137	0.192418803418803	0.130025641025641	0.0834273504273504	0.0647905982905983	0.23358547008547	0	0	0	0	0	0	0	0	0	0	0	0	0	0	0	0	0	0	0	0	0	
71868	7436	63	0.0379743589743604	0.29098717948718	0.198012820512821	0.130226495726496	0.0793675213675214	0.0617136752136752	0.239692307692308	0	0	0	0	0	0	0	0	0	0	0	0	0	0	0	0	0	0	0	0	0	
53109	8580	62	0.0383589743589744	0.302880341880342	0.175	0.121282051282051	0.0945854700854701	0.0612008547008547	0.245051282051282	0	0	0	0	0	0	0	0	0	0	0	0	0	0	0	0	0	0	0	0	0	
99892	7319	60	0.0385555555555565	0.276948717948718	0.187141025641026	0.136935897435897	0.0849230769230769	0.0644358974358974	0.249615384615385	0	0	0	0	0	0	0	0	0	0	0	0	0	0	0	0	0	0	0	0	0	
21808	2841	217	0.0387863247863241	0.27924358974359	0.194188034188034	0.122611111111111	0.096957264957265	0.058508547008547	0.248491452991453	0	0	0	0	0	0	0	0	0	0	0	0	0	0	0	0	0	0	0	0	0	
88817	6520	56	0.0388119658119647	0.275294871794872	0.181136752136752	0.126089743589744	0.092008547008547	0.0662008547008547	0.259269230769231	0	0	0	0	0	0	0	0	0	0	0	0	0	0	0	0	0	0	0	0	0	
34008	4675	122	0.0391025641025653	0.28534188034188	0.185517094017094	0.144089743589744	0.0858418803418803	0.0666068376068376	0.232602564102564	0	0	0	0	0	0	0	0	0	0	0	0	0	0	0	0	0	0	0	0	0	
25699	1100	340	0.0391880341880342	0.280119658119658	0.201132478632479	0.127688034188034	0.089465811965812	0.0666965811965812	0.234897435897436	0	0	0	0	0	0	0	0	0	0	0	0	0	0	0	0	0	0	0	0	0	
42066	8423	60	0.0391965811965802	0.282897435897436	0.19015811965812	0.12767094017094	0.0796752136752137	0.0636111111111111	0.255987179487179	0	0	0	0	0	0	0	0	0	0	0	0	0	0	0	0	0	0	0	0	0	
56851	4080	96	0.0392051282051278	0.271876068376068	0.195264957264957	0.125666666666667	0.0973760683760684	0.0688931623931624	0.240923076923077	0	0	0	0	0	0	0	0	0	0	0	0	0	0	0	0	0	0	0	0	0	
87706	6281	65	0.0393076923076917	0.271474358974359	0.186568376068376	0.125679487179487	0.0986666666666667	0.062948717948718	0.254662393162393	0	0	0	0	0	0	0	0	0	0	0	0	0	0	0	0	0	0	0	0	0	
25261	4201	127	0.0393846153846165	0.275128205128205	0.190619658119658	0.129017094017094	0.0863290598290598	0.0678333333333333	0.25107264957265	0	0	0	0	0	0	0	0	0	0	0	0	0	0	0	0	0	0	0	0	0	
24850	2242	163	0.0394529914529903	0.275666666666667	0.198893162393162	0.127350427350427	0.0869188034188034	0.0637905982905983	0.247380341880342	0	0	0	0	0	0	0	0	0	0	0	0	0	0	0	0	0	0	0	0	0	
21501	1617	481	0.0394700854700861	0.293363247863248	0.181799145299145	0.12924358974359	0.0834059829059829	0.056991452991453	0.255196581196581	0	0	0	0	0	0	0	0	0	0	0	0	0	0	0	0	0	0	0	0	0	
36127	3936	118	0.0396068376068364	0.287089743589744	0.195893162393162	0.118457264957265	0.0948376068376068	0.0710042735042735	0.232717948717949	0	0	0	0	0	0	0	0	0	0	0	0	0	0	0	0	0	0	0	0	0	
20916	2014	409	0.0396581196581198	0.291726495726496	0.180008547008547	0.127790598290598	0.0864017094017094	0.0563290598290598	0.25774358974359	0	0	0	0	0	0	0	0	0	0	0	0	0	0	0	0	0	0	0	0	0	
