41291	6588	91	0.01791452991453	0.314632478632479	0.200123931623932	0.12382905982906	0.0894700854700855	0.0565299145299145	0.21541452991453	0	0	0	0	0	0	0	0	0	0	0	0	0	0	0	0	0	0	0	0	0	
31229	6281	112	0.0192478632478638	0.317589743589744	0.20758547008547	0.117346153846154	0.085957264957265	0.0528290598290598	0.218692307692308	0	0	0	0	0	0	0	0	0	0	0	0	0	0	0	0	0	0	0	0	0	
25574	2200	207	0.0226153846153862	0.319367521367521	0.205	0.121076923076923	0.0787649572649573	0.0564871794871795	0.219303418803419	0	0	0	0	0	0	0	0	0	0	0	0	0	0	0	0	0	0	0	0	0	
51953	6244	91	0.0228290598290612	0.327273504273504	0.204940170940171	0.115619658119658	0.0837435897435897	0.0518974358974359	0.216525641025641	0	0	0	0	0	0	0	0	0	0	0	0	0	0	0	0	0	0	0	0	0	
26075	5527	129	0.0241196581196561	0.316628205128205	0.202029914529915	0.121235042735043	0.0825384615384615	0.0556495726495726	0.221918803418803	0	0	0	0	0	0	0	0	0	0	0	0	0	0	0	0	0	0	0	0	0	
30747	4922	135	0.0244017094017072	0.323952991452991	0.199538461538462	0.122542735042735	0.0809059829059829	0.0591367521367521	0.213923076923077	0	0	0	0	0	0	0	0	0	0	0	0	0	0	0	0	0	0	0	0	0	
76777	8633	67	0.0249743589743592	0.322303418803419	0.200730769230769	0.128064102564103	0.0842735042735043	0.0564529914529915	0.208175213675214	0	0	0	0	0	0	0	0	0	0	0	0	0	0	0	0	0	0	0	0	0	
59695	6068	90	0.0252735042735036	0.321294871794872	0.198111111111111	0.122931623931624	0.0932649572649573	0.0562991452991453	0.208098290598291	0	0	0	0	0	0	0	0	0	0	0	0	0	0	0	0	0	0	0	0	0	
21808	2841	217	0.0258632478632488	0.326799145299145	0.204102564102564	0.119965811965812	0.0778803418803419	0.0517179487179487	0.219534188034188	0	0	0	0	0	0	0	0	0	0	0	0	0	0	0	0	0	0	0	0	0	
28664	5512	144	0.0261025641025648	0.326846153846154	0.206961538461538	0.121696581196581	0.0847606837606838	0.0541068376068376	0.205628205128205	0	0	0	0	0	0	0	0	0	0	0	0	0	0	0	0	0	0	0	0	0	
21264	5507	180	0.0271880341880312	0.317200854700855	0.200457264957265	0.117162393162393	0.0872649572649573	0.0499615384615385	0.227952991452991	0	0	0	0	0	0	0	0	0	0	0	0	0	0	0	0	0	0	0	0	0	
23941	7164	147	0.0273675213675213	0.325568376068376	0.206525641025641	0.117115384615385	0.0876367521367521	0.0437948717948718	0.219358974358974	0	0	0	0	0	0	0	0	0	0	0	0	0	0	0	0	0	0	0	0	0	
38997	5352	103	0.0274273504273505	0.318542735042735	0.20034188034188	0.124205128205128	0.0877478632478633	0.0636880341880342	0.205474358974359	0	0	0	0	0	0	0	0	0	0	0	0	0	0	0	0	0	0	0	0	0	
35358	5993	113	0.0277435897435899	0.322102564102564	0.211444444444444	0.114200854700855	0.0832991452991453	0.0551880341880342	0.213764957264957	0	0	0	0	0	0	0	0	0	0	0	0	0	0	0	0	0	0	0	0	0	
27320	3322	196	0.0284786324786308	0.331004273504274	0.2	0.126418803418803	0.0849871794871795	0.0506752136752137	0.20691452991453	0	0	0	0	0	0	0	0	0	0	0	0	0	0	0	0	0	0	0	0	0	
43891	6130	100	0.0288888888888888	0.328017094017094	0.194299145299145	0.118675213675214	0.0895470085470085	0.0548418803418803	0.214619658119658	0	0	0	0	0	0	0	0	0	0	0	0	0	0	0	0	0	0	0	0	0	
40543	6056	102	0.0289401709401704	0.326132478632479	0.19957264957265	0.122935897435897	0.0838076923076923	0.0592264957264957	0.208324786324786	0	0	0	0	0	0	0	0	0	0	0	0	0	0	0	0	0	0	0	0	0	
22022	3550	223	0.0289487179487207	0.318423076923077	0.20424358974359	0.123700854700855	0.0741752136752137	0.0543504273504274	0.225106837606838	0	0	0	0	0	0	0	0	0	0	0	0	0	0	0	0	0	0	0	0	0	
31129	5183	116	0.0289572649572659	0.317051282051282	0.200876068376068	0.131346153846154	0.0786410256410256	0.0575213675213675	0.214564102564103	0	0	0	0	0	0	0	0	0	0	0	0	0	0	0	0	0	0	0	0	0	
29065	1228	320	0.0289743589743581	0.312675213675214	0.200128205128205	0.132752136752137	0.0847649572649573	0.0501410256410256	0.219538461538462	0	0	0	0	0	0	0	0	0	0	0	0	0	0	0	0	0	0	0	0	0	
27411	1418	235	0.0289829059829073	0.312440170940171	0.207376068376068	0.130217948717949	0.0856752136752137	0.055465811965812	0.208824786324786	0	0	0	0	0	0	0	0	0	0	0	0	0	0	0	0	0	0	0	0	0	
38407	5182	108	0.0293076923076933	0.317559829059829	0.209863247863248	0.120564102564103	0.0874786324786325	0.0597692307692308	0.204764957264957	0	0	0	0	0	0	0	0	0	0	0	0	0	0	0	0	0	0	0	0	0	
23186	3660	173	0.0293333333333355	0.309410256410256	0.207923076923077	0.124136752136752	0.0829957264957265	0.052008547008547	0.223525641025641	0	0	0	0	0	0	0	0	0	0	0	0	0	0	0	0	0	0	0	0	0	
45917	4539	124	0.0293504273504265	0.321833333333333	0.203205128205128	0.122764957264957	0.091542735042735	0.0595213675213675	0.201132478632479	0	0	0	0	0	0	0	0	0	0	0	0	0	0	0	0	0	0	0	0	0	
26851	2295	312	0.0297863247863249	0.318196581196581	0.214777777777778	0.118897435897436	0.0914230769230769	0.045991452991453	0.210713675213675	0	0	0	0	0	0	0	0	0	0	0	0	0	0	0	0	0	0	0	0	0	
32239	9280	77	0.030555555555555	0.330149572649573	0.197286324786325	0.118230769230769	0.083957264957265	0.052991452991453	0.217384615384615	0	0	0	0	0	0	0	0	0	0	0	0	0	0	0	0	0	0	0	0	0	
57601	7248	95	0.0307435897435906	0.330183760683761	0.20617094017094	0.11534188034188	0.0833504273504273	0.0538803418803419	0.21107264957265	0	0	0	0	0	0	0	0	0	0	0	0	0	0	0	0	0	0	0	0	0	
26413	2351	299	0.0307863247863256	0.32234188034188	0.210970085470085	0.118299145299145	0.0770854700854701	0.0532435897435897	0.218059829059829	0	0	0	0	0	0	0	0	0	0	0	0	0	0	0	0	0	0	0	0	0	
26879	4064	162	0.0307948717948738	0.316047008547009	0.215149572649573	0.123547008547009	0.076974358974359	0.0552692307692308	0.21301282051282	0	0	0	0	0	0	0	0	0	0	0	0	0	0	0	0	0	0	0	0	0	
26509	1627	316	0.0308034188034176	0.325850427350427	0.20625641025641	0.130452991452991	0.077482905982906	0.0483760683760684	0.211581196581197	0	0	0	0	0	0	0	0	0	0	0	0	0	0	0	0	0	0	0	0	0	
31385	2088	167	0.0312307692307686	0.314982905982906	0.199371794871795	0.128487179487179	0.0898803418803419	0.0591752136752137	0.208102564102564	0	0	0	0	0	0	0	0	0	0	0	0	0	0	0	0	0	0	0	0	0	
27534	7597	122	0.0319658119658103	0.328863247863248	0.203081196581197	0.11541452991453	0.0832435897435897	0.058008547008547	0.211388888888889	0	0	0	0	0	0	0	0	0	0	0	0	0	0	0	0	0	0	0	0	0	
92886	6800	65	0.0325555555555543	0.318145299145299	0.202790598290598	0.110811965811966	0.086465811965812	0.0593162393162393	0.222470085470085	0	0	0	0	0	0	0	0	0	0	0	0	0	0	0	0	0	0	0	0	0	
67060	6964	76	0.0326837606837595	0.321153846153846	0.196517094017094	0.119303418803419	0.0825897435897436	0.0581111111111111	0.222324786324786	0	0	0	0	0	0	0	0	0	0	0	0	0	0	0	0	0	0	0	0	0	
25227	1773	363	0.0327948717948715	0.319692307692308	0.200935897435897	0.124397435897436	0.0740213675213675	0.054491452991453	0.226461538461538	0	0	0	0	0	0	0	0	0	0	0	0	0	0	0	0	0	0	0	0	0	
24124	7601	90	0.0328632478632474	0.319867521367521	0.200051282051282	0.12141452991453	0.0768547008547008	0.0567393162393162	0.22507264957265	0	0	0	0	0	0	0	0	0	0	0	0	0	0	0	0	0	0	0	0	0	
24363	2284	325	0.032940170940171	0.331880341880342	0.208303418803419	0.122303418803419	0.0732222222222222	0.0503461538461538	0.213944444444444	0	0	0	0	0	0	0	0	0	0	0	0	0	0	0	0	0	0	0	0	0	
49882	4788	117	0.0329914529914547	0.31641452991453	0.205021367521368	0.127196581196581	0.0861367521367521	0.0628461538461538	0.202384615384615	0	0	0	0	0	0	0	0	0	0	0	0	0	0	0	0	0	0	0	0	0	
24589	4017	318	0.0331025641025657	0.324623931623932	0.206649572649573	0.123081196581197	0.0711452991452991	0.0528290598290598	0.22167094017094	0	0	0	0	0	0	0	0	0	0	0	0	0	0	0	0	0	0	0	0	0	
21037	3474	163	0.0334700854700862	0.326405982905983	0.206581196581197	0.117397435897436	0.0767222222222222	0.0510726495726496	0.221820512820513	0	0	0	0	0	0	0	0	0	0	0	0	0	0	0	0	0	0	0	0	0	
25321	1799	482	0.0337179487179506	0.321807692307692	0.209320512820513	0.124076923076923	0.070474358974359	0.0526239316239316	0.221696581196581	0	0	0	0	0	0	0	0	0	0	0	0	0	0	0	0	0	0	0	0	0	
72075	8587	63	0.0338205128205126	0.330692307692308	0.199974358974359	0.126482905982906	0.0765128205128205	0.0540683760683761	0.212269230769231	0	0	0	0	0	0	0	0	0	0	0	0	0	0	0	0	0	0	0	0	0	
26211	3340	248	0.033905982905981	0.336119658119658	0.200448717948718	0.118923076923077	0.0856623931623932	0.0517222222222222	0.207123931623932	0	0	0	0	0	0	0	0	0	0	0	0	0	0	0	0	0	0	0	0	0	
78976	7543	71	0.0349059829059813	0.327487179487179	0.190739316239316	0.120388888888889	0.0866153846153846	0.0608547008547009	0.21391452991453	0	0	0	0	0	0	0	0	0	0	0	0	0	0	0	0	0	0	0	0	0	
89563	7960	67	0.0353076923076911	0.312538461538462	0.195346153846154	0.126944444444444	0.085508547008547	0.0571367521367521	0.222525641025641	0	0	0	0	0	0	0	0	0	0	0	0	0	0	0	0	0	0	0	0	0	
93676	5704	83	0.035316239316239	0.318410256410256	0.190589743589744	0.1205	0.0898803418803419	0.0621025641025641	0.218517094017094	0	0	0	0	0	0	0	0	0	0	0	0	0	0	0	0	0	0	0	0	0	
27322	2257	210	0.0353247863247873	0.313380341880342	0.208589743589744	0.130034188034188	0.0847905982905983	0.0576068376068376	0.205598290598291	0	0	0	0	0	0	0	0	0	0	0	0	0	0	0	0	0	0	0	0	0	
23497	3052	248	0.035393162393164	0.306982905982906	0.210538461538462	0.131047008547009	0.0824059829059829	0.0511367521367521	0.217888888888889	0	0	0	0	0	0	0	0	0	0	0	0	0	0	0	0	0	0	0	0	0	
21322	4499	165	0.0355555555555545	0.311722222222222	0.198363247863248	0.120632478632479	0.0859957264957265	0.056482905982906	0.226803418803419	0	0	0	0	0	0	0	0	0	0	0	0	0	0	0	0	0	0	0	0	0	
80546	6021	79	0.0355555555555547	0.317132478632479	0.18967094017094	0.123059829059829	0.0868504273504273	0.058534188034188	0.224752136752137	0	0	0	0	0	0	0	0	0	0	0	0	0	0	0	0	0	0	0	0	0	
28114	3055	154	0.0357094017094033	0.305551282051282	0.211876068376068	0.119777777777778	0.0876495726495727	0.0575811965811966	0.217564102564103	0	0	0	0	0	0	0	0	0	0	0	0	0	0	0	0	0	0	0	0	0	
26557	4849	166	0.0357948717948694	0.315059829059829	0.202162393162393	0.14134188034188	0.0796282051282051	0.0509871794871795	0.210820512820513	0	0	0	0	0	0	0	0	0	0	0	0	0	0	0	0	0	0	0	0	0	
35009	6843	97	0.0358034188034197	0.320290598290598	0.205358974358974	0.128910256410256	0.0694316239316239	0.0550897435897436	0.220918803418803	0	0	0	0	0	0	0	0	0	0	0	0	0	0	0	0	0	0	0	0	0	
24288	1680	314	0.0358290598290598	0.314213675213675	0.211376068376068	0.117910256410256	0.0843717948717949	0.0472564102564103	0.224871794871795	0	0	0	0	0	0	0	0	0	0	0	0	0	0	0	0	0	0	0	0	0	
23929	1941	250	0.0359487179487176	0.317337606837607	0.213410256410256	0.116995726495726	0.0813547008547009	0.0480042735042735	0.222897435897436	0	0	0	0	0	0	0	0	0	0	0	0	0	0	0	0	0	0	0	0	0	
79732	7566	63	0.0361965811965804	0.329358974358974	0.202982905982906	0.107474358974359	0.0861965811965812	0.0515811965811966	0.222405982905983	0	0	0	0	0	0	0	0	0	0	0	0	0	0	0	0	0	0	0	0	0	
42484	6724	90	0.0364273504273504	0.315021367521368	0.192576923076923	0.126598290598291	0.0852350427350427	0.0635683760683761	0.217	0	0	0	0	0	0	0	0	0	0	0	0	0	0	0	0	0	0	0	0	0	
69349	5181	108	0.0364615384615386	0.327688034188034	0.209008547008547	0.121880341880342	0.0768418803418803	0.0563974358974359	0.208183760683761	0	0	0	0	0	0	0	0	0	0	0	0	0	0	0	0	0	0	0	0	0	
75662	7175	78	0.0366153846153845	0.320508547008547	0.202705128205128	0.119401709401709	0.0907179487179487	0.0653034188034188	0.201363247863248	0	0	0	0	0	0	0	0	0	0	0	0	0	0	0	0	0	0	0	0	0	
22876	5139	192	0.0368119658119672	0.331235042735043	0.208752136752137	0.11734188034188	0.0786196581196581	0.0532820512820513	0.210769230769231	0	0	0	0	0	0	0	0	0	0	0	0	0	0	0	0	0	0	0	0	0	
65647	2583	134	0.0368376068376082	0.311709401709402	0.206222222222222	0.125384615384615	0.0930726495726496	0.0596410256410256	0.203970085470085	0	0	0	0	0	0	0	0	0	0	0	0	0	0	0	0	0	0	0	0	0	
82936	7564	81	0.0372478632478626	0.31992735042735	0.199017094017094	0.129230769230769	0.088525641025641	0.0626068376068376	0.200692307692308	0	0	0	0	0	0	0	0	0	0	0	0	0	0	0	0	0	0	0	0	0	
41556	2770	152	0.0375641025641008	0.318641025641026	0.201081196581197	0.137799145299145	0.0857991452991453	0.0555769230769231	0.201102564102564	0	0	0	0	0	0	0	0	0	0	0	0	0	0	0	0	0	0	0	0	0	
38954	4353	125	0.0378632478632498	0.30274358974359	0.206226495726496	0.128735042735043	0.0901410256410256	0.0597307692307692	0.212423076923077	0	0	0	0	0	0	0	0	0	0	0	0	0	0	0	0	0	0	0	0	0	
32890	8024	90	0.0378717948717954	0.330354700854701	0.195952991452991	0.115961538461538	0.0839017094017094	0.0563461538461538	0.217482905982906	0	0	0	0	0	0	0	0	0	0	0	0	0	0	0	0	0	0	0	0	0	
20247	3979	173	0.0379401709401707	0.317598290598291	0.196213675213675	0.114376068376068	0.0890042735042735	0.0541025641025641	0.228705128205128	0	0	0	0	0	0	0	0	0	0	0	0	0	0	0	0	0	0	0	0	0	
24492	1767	471	0.0383247863247865	0.322188034188034	0.20441452991453	0.112081196581197	0.0908632478632479	0.0433504273504274	0.227102564102564	0	0	0	0	0	0	0	0	0	0	0	0	0	0	0	0	0	0	0	0	0	
25185	1797	398	0.0385811965811959	0.325166666666667	0.202692307692308	0.112777777777778	0.079991452991453	0.0518547008547009	0.227517094017094	0	0	0	0	0	0	0	0	0	0	0	0	0	0	0	0	0	0	0	0	0	
27525	1633	327	0.03859829059829	0.326051282051282	0.214410256410256	0.119555555555556	0.0726410256410256	0.0537008547008547	0.213641025641026	0	0	0	0	0	0	0	0	0	0	0	0	0	0	0	0	0	0	0	0	0	
30745	5291	151	0.0386410256410267	0.313982905982906	0.215226495726496	0.120679487179487	0.084457264957265	0.0592179487179487	0.206435897435897	0	0	0	0	0	0	0	0	0	0	0	0	0	0	0	0	0	0	0	0	0	
25840	2339	272	0.0389914529914544	0.334038461538462	0.208021367521368	0.112141025641026	0.0829401709401709	0.0522991452991453	0.210559829059829	0	0	0	0	0	0	0	0	0	0	0	0	0	0	0	0	0	0	0	0	0	
56955	4352	100	0.0390683760683778	0.30615811965812	0.207363247863248	0.12382905982906	0.0813803418803419	0.0612350427350427	0.220034188034188	0	0	0	0	0	0	0	0	0	0	0	0	0	0	0	0	0	0	0	0	0	
26355	4845	157	0.039205128205126	0.331944444444444	0.196371794871795	0.13084188034188	0.086534188034188	0.050008547008547	0.204299145299145	0	0	0	0	0	0	0	0	0	0	0	0	0	0	0	0	0	0	0	0	0	
37454	4917	124	0.0394529914529915	0.32874358974359	0.190282051282051	0.119106837606838	0.0856367521367521	0.0535641025641026	0.222666666666667	0	0	0	0	0	0	0	0	0	0	0	0	0	0	0	0	0	0	0	0	0	
51383	4034	106	0.0397435897435899	0.308316239316239	0.199153846153846	0.119816239316239	0.0938461538461538	0.0620854700854701	0.216782051282051	0	0	0	0	0	0	0	0	0	0	0	0	0	0	0	0	0	0	0	0	0	
30087	1065	314	0.0399401709401727	0.309200854700855	0.204132478632479	0.127957264957265	0.0779017094017094	0.0636367521367521	0.21717094017094	0	0	0	0	0	0	0	0	0	0	0	0	0	0	0	0	0	0	0	0	0	
65420	4301	111	0.0400940170940186	0.315294871794872	0.206850427350427	0.129542735042735	0.0890811965811966	0.060474358974359	0.19875641025641	0	0	0	0	0	0	0	0	0	0	0	0	0	0	0	0	0	0	0	0	0	
25377	2250	309	0.0401196581196612	0.323025641025641	0.208854700854701	0.127141025641026	0.0672735042735043	0.0515299145299145	0.222175213675214	0	0	0	0	0	0	0	0	0	0	0	0	0	0	0	0	0	0	0	0	0	
26194	3502	209	0.040205128205128	0.334337606837607	0.196722222222222	0.126752136752137	0.0822863247863248	0.0533461538461538	0.206555555555556	0	0	0	0	0	0	0	0	0	0	0	0	0	0	0	0	0	0	0	0	0	
27041	6175	147	0.0406410256410258	0.334448717948718	0.191688034188034	0.124653846153846	0.0792991452991453	0.0550683760683761	0.21484188034188	0	0	0	0	0	0	0	0	0	0	0	0	0	0	0	0	0	0	0	0	0	
59862	5290	97	0.0406923076923088	0.333209401709402	0.204576923076923	0.122713675213675	0.0855769230769231	0.0574230769230769	0.1965	0	0	0	0	0	0	0	0	0	0	0	0	0	0	0	0	0	0	0	0	0	
26909	1737	346	0.0406923076923091	0.32665811965812	0.208871794871795	0.117397435897436	0.073034188034188	0.0546111111111111	0.21942735042735	0	0	0	0	0	0	0	0	0	0	0	0	0	0	0	0	0	0	0	0	0	
61930	7234	73	0.0407777777777768	0.315465811965812	0.200282051282051	0.133358974358974	0.0788290598290598	0.0616239316239316	0.210440170940171	0	0	0	0	0	0	0	0	0	0	0	0	0	0	0	0	0	0	0	0	0	
33362	5038	123	0.0407777777777774	0.332405982905983	0.196149572649573	0.121952991452991	0.0762606837606838	0.0556709401709402	0.217559829059829	0	0	0	0	0	0	0	0	0	0	0	0	0	0	0	0	0	0	0	0	0	
24828	2978	219	0.0411367521367517	0.324739316239316	0.198346153846154	0.133431623931624	0.0789957264957265	0.0567307692307692	0.20775641025641	0	0	0	0	0	0	0	0	0	0	0	0	0	0	0	0	0	0	0	0	0	
24315	3088	257	0.0411709401709389	0.335440170940171	0.208858974358974	0.110589743589744	0.0831752136752137	0.0478846153846154	0.214051282051282	0	0	0	0	0	0	0	0	0	0	0	0	0	0	0	0	0	0	0	0	0	
20516	3753	382	0.0412307692307688	0.325222222222222	0.198987179487179	0.11975641025641	0.0753931623931624	0.0512136752136752	0.22942735042735	0	0	0	0	0	0	0	0	0	0	0	0	0	0	0	0	0	0	0	0	0	
25093	1203	461	0.0413760683760691	0.312675213675214	0.216935897435897	0.129273504273504	0.0737094017094017	0.0517948717948718	0.215611111111111	0	0	0	0	0	0	0	0	0	0	0	0	0	0	0	0	0	0	0	0	0	
62426	8684	64	0.0414358974358967	0.332217948717949	0.194376068376068	0.121504273504274	0.0822478632478632	0.0593888888888889	0.210264957264957	0	0	0	0	0	0	0	0	0	0	0	0	0	0	0	0	0	0	0	0	0	
98394	6941	80	0.0414529914529895	0.331051282051282	0.202769230769231	0.115948717948718	0.0841452991452991	0.0605641025641026	0.205521367521368	0	0	0	0	0	0	0	0	0	0	0	0	0	0	0	0	0	0	0	0	0	
81682	9245	55	0.0415726495726497	0.337888888888889	0.19174358974359	0.114888888888889	0.0878717948717949	0.0523205128205128	0.215286324786325	0	0	0	0	0	0	0	0	0	0	0	0	0	0	0	0	0	0	0	0	0	
37016	8574	71	0.0415897435897434	0.333811965811966	0.192115384615385	0.123918803418803	0.0783974358974359	0.0562905982905983	0.215465811965812	0	0	0	0	0	0	0	0	0	0	0	0	0	0	0	0	0	0	0	0	0	
61852	3541	114	0.0417692307692302	0.306188034188034	0.200713675213675	0.142153846153846	0.0855598290598291	0.0533247863247863	0.212059829059829	0	0	0	0	0	0	0	0	0	0	0	0	0	0	0	0	0	0	0	0	0	
24435	3055	228	0.0420085470085465	0.333094017094017	0.192974358974359	0.117675213675214	0.0830982905982906	0.0521111111111111	0.221047008547009	0	0	0	0	0	0	0	0	0	0	0	0	0	0	0	0	0	0	0	0	0	
51149	7554	74	0.0420256410256406	0.319623931623932	0.186038461538462	0.139209401709402	0.0843717948717949	0.0525213675213675	0.218235042735043	0	0	0	0	0	0	0	0	0	0	0	0	0	0	0	0	0	0	0	0	0	
41001	8670	66	0.0421025641025637	0.320089743589744	0.195200854700855	0.119538461538462	0.0789615384615385	0.0546794871794872	0.231529914529915	0	0	0	0	0	0	0	0	0	0	0	0	0	0	0	0	0	0	0	0	0	
41944	6360	107	0.0421452991452993	0.330837606837607	0.206918803418803	0.121089743589744	0.0838974358974359	0.0581794871794872	0.199076923076923	0	0	0	0	0	0	0	0	0	0	0	0	0	0	0	0	0	0	0	0	0	
59619	6096	70	0.0422820512820524	0.313068376068376	0.191367521367521	0.123623931623932	0.0854700854700855	0.0579230769230769	0.228547008547009	0	0	0	0	0	0	0	0	0	0	0	0	0	0	0	0	0	0	0	0	0	
76014	6340	85	0.0422905982905958	0.333401709401709	0.194047008547009	0.121183760683761	0.0803205128205128	0.0586324786324786	0.21241452991453	0	0	0	0	0	0	0	0	0	0	0	0	0	0	0	0	0	0	0	0	0	
85768	6227	73	0.0423247863247874	0.30625641025641	0.201418803418803	0.128589743589744	0.0822094017094017	0.063465811965812	0.218059829059829	0	0	0	0	0	0	0	0	0	0	0	0	0	0	0	0	0	0	0	0	0	
