9921	0.00709829059829178	0.266119658119658	0.153209401709402	0.0977948717948718	0.0732820512820513	0.0476837606837607	0.361910256410256	0	0	0	0	0	0	0	0	0	0	0	0	0	0	0	0	0	0	0	0	0	
10089	0.00735470085470132	0.265952991452991	0.154363247863248	0.0968547008547009	0.0737991452991453	0.0501837606837607	0.358846153846154	0	0	0	0	0	0	0	0	0	0	0	0	0	0	0	0	0	0	0	0	0	
10125	0.00897863247863227	0.26717094017094	0.154769230769231	0.0955384615384615	0.0708589743589744	0.0498205128205128	0.36184188034188	0	0	0	0	0	0	0	0	0	0	0	0	0	0	0	0	0	0	0	0	0	
10349	0.00997008547008656	0.264769230769231	0.147709401709402	0.0988247863247863	0.0747393162393162	0.050991452991453	0.362965811965812	0	0	0	0	0	0	0	0	0	0	0	0	0	0	0	0	0	0	0	0	0	
9787	0.0150000000000016	0.265205128205128	0.150615384615385	0.098991452991453	0.0690470085470085	0.0521282051282051	0.364012820512821	0	0	0	0	0	0	0	0	0	0	0	0	0	0	0	0	0	0	0	0	0	
10161	0.0152991452991453	0.261025641025641	0.149602564102564	0.0990769230769231	0.0736794871794872	0.0534017094017094	0.363213675213675	0	0	0	0	0	0	0	0	0	0	0	0	0	0	0	0	0	0	0	0	0	
9565	0.016017094017094	0.265106837606838	0.150081196581197	0.102286324786325	0.0711239316239316	0.0516239316239316	0.359777777777778	0	0	0	0	0	0	0	0	0	0	0	0	0	0	0	0	0	0	0	0	0	
9571	0.0166068376068383	0.264901709401709	0.155474358974359	0.0906410256410256	0.0756923076923077	0.0542136752136752	0.359076923076923	0	0	0	0	0	0	0	0	0	0	0	0	0	0	0	0	0	0	0	0	0	
9102	0.0168333333333315	0.271200854700855	0.154679487179487	0.0927905982905983	0.0713803418803419	0.0482649572649573	0.361683760683761	0	0	0	0	0	0	0	0	0	0	0	0	0	0	0	0	0	0	0	0	0	
10810	0.0172307692307709	0.266777777777778	0.153064102564103	0.0913376068376068	0.0757051282051282	0.0550470085470085	0.358068376068376	0	0	0	0	0	0	0	0	0	0	0	0	0	0	0	0	0	0	0	0	0	
9650	0.0173675213675219	0.261470085470085	0.14941452991453	0.0982948717948718	0.0723888888888889	0.052542735042735	0.365888888888889	0	0	0	0	0	0	0	0	0	0	0	0	0	0	0	0	0	0	0	0	0	
9703	0.0176752136752135	0.262363247863248	0.157098290598291	0.0948931623931624	0.0780769230769231	0.0508461538461538	0.356722222222222	0	0	0	0	0	0	0	0	0	0	0	0	0	0	0	0	0	0	0	0	0	
8366	0.0178675213675222	0.257470085470085	0.158931623931624	0.0986025641025641	0.0732008547008547	0.0497051282051282	0.362089743589744	0	0	0	0	0	0	0	0	0	0	0	0	0	0	0	0	0	0	0	0	0	
9815	0.0179102564102557	0.271222222222222	0.152764957264957	0.0915213675213675	0.0727820512820513	0.0524529914529915	0.35925641025641	0	0	0	0	0	0	0	0	0	0	0	0	0	0	0	0	0	0	0	0	0	
10225	0.0180470085470063	0.258290598290598	0.158457264957265	0.0958589743589744	0.0731153846153846	0.0532564102564103	0.361021367521368	0	0	0	0	0	0	0	0	0	0	0	0	0	0	0	0	0	0	0	0	0	
10221	0.018927350427352	0.265705128205128	0.156038461538462	0.0994700854700855	0.0659059829059829	0.0519273504273504	0.360952991452991	0	0	0	0	0	0	0	0	0	0	0	0	0	0	0	0	0	0	0	0	0	
11156	0.0192435897435913	0.267884615384615	0.147145299145299	0.0965213675213675	0.0765598290598291	0.0541581196581197	0.357730769230769	0	0	0	0	0	0	0	0	0	0	0	0	0	0	0	0	0	0	0	0	0	
9828	0.0195982905982926	0.265303418803419	0.143816239316239	0.100876068376068	0.0735470085470085	0.0545854700854701	0.361871794871795	0	0	0	0	0	0	0	0	0	0	0	0	0	0	0	0	0	0	0	0	0	
9923	0.0196495726495726	0.269470085470085	0.151423076923077	0.0939316239316239	0.0681752136752137	0.0541880341880342	0.362811965811966	0	0	0	0	0	0	0	0	0	0	0	0	0	0	0	0	0	0	0	0	0	
9617	0.0200299145299138	0.262790598290598	0.152918803418803	0.0926666666666667	0.070008547008547	0.0540213675213675	0.367594017094017	0	0	0	0	0	0	0	0	0	0	0	0	0	0	0	0	0	0	0	0	0	
9478	0.0202179487179481	0.25865811965812	0.156683760683761	0.0948632478632479	0.0718504273504273	0.0548931623931624	0.363051282051282	0	0	0	0	0	0	0	0	0	0	0	0	0	0	0	0	0	0	0	0	0	
10276	0.020525641025642	0.266598290598291	0.151461538461538	0.101619658119658	0.077525641025641	0.049457264957265	0.353337606837607	0	0	0	0	0	0	0	0	0	0	0	0	0	0	0	0	0	0	0	0	0	
10804	0.0206410256410236	0.259059829059829	0.151538461538462	0.0966495726495726	0.0723931623931624	0.0598846153846154	0.360474358974359	0	0	0	0	0	0	0	0	0	0	0	0	0	0	0	0	0	0	0	0	0	
10619	0.0206794871794876	0.269405982905983	0.155504273504274	0.0937735042735043	0.0692564102564103	0.0473376068376068	0.364722222222222	0	0	0	0	0	0	0	0	0	0	0	0	0	0	0	0	0	0	0	0	0	
10969	0.02105982905983	0.260487179487179	0.152017094017094	0.0992478632478632	0.0689230769230769	0.0531581196581197	0.366166666666667	0	0	0	0	0	0	0	0	0	0	0	0	0	0	0	0	0	0	0	0	0	
10460	0.0213675213675215	0.26658547008547	0.146905982905983	0.094042735042735	0.0717222222222222	0.0507008547008547	0.370042735042735	0	0	0	0	0	0	0	0	0	0	0	0	0	0	0	0	0	0	0	0	0	
11089	0.0214999999999982	0.26042735042735	0.161568376068376	0.0953119658119658	0.0694059829059829	0.0518717948717949	0.36141452991453	0	0	0	0	0	0	0	0	0	0	0	0	0	0	0	0	0	0	0	0	0	
10372	0.021820512820513	0.262444444444444	0.144423076923077	0.0963974358974359	0.0741794871794872	0.0503418803418803	0.372213675213675	0	0	0	0	0	0	0	0	0	0	0	0	0	0	0	0	0	0	0	0	0	
10182	0.0218547008547021	0.258282051282051	0.153863247863248	0.10282905982906	0.0756794871794872	0.0519316239316239	0.35741452991453	0	0	0	0	0	0	0	0	0	0	0	0	0	0	0	0	0	0	0	0	0	
9358	0.022222222222221	0.261457264957265	0.149991452991453	0.0960384615384615	0.0695512820512821	0.0536410256410256	0.369320512820513	0	0	0	0	0	0	0	0	0	0	0	0	0	0	0	0	0	0	0	0	0	
10091	0.0222521367521356	0.261299145299145	0.159555555555556	0.100431623931624	0.0738076923076923	0.0491025641025641	0.355803418803419	0	0	0	0	0	0	0	0	0	0	0	0	0	0	0	0	0	0	0	0	0	
9316	0.0223290598290586	0.256884615384615	0.154405982905983	0.0957478632478632	0.0741367521367521	0.0475683760683761	0.37125641025641	0	0	0	0	0	0	0	0	0	0	0	0	0	0	0	0	0	0	0	0	0	
9616	0.022735042735043	0.262393162393162	0.152897435897436	0.105884615384615	0.0759401709401709	0.0488803418803419	0.354004273504273	0	0	0	0	0	0	0	0	0	0	0	0	0	0	0	0	0	0	0	0	0	
9226	0.0230512820512829	0.266653846153846	0.144944444444444	0.102397435897436	0.071	0.0497136752136752	0.365290598290598	0	0	0	0	0	0	0	0	0	0	0	0	0	0	0	0	0	0	0	0	0	
10961	0.0232136752136742	0.26907264957265	0.152465811965812	0.0902564102564103	0.0698376068376068	0.0573504273504273	0.361017094017094	0	0	0	0	0	0	0	0	0	0	0	0	0	0	0	0	0	0	0	0	0	
10183	0.0235726495726495	0.270568376068376	0.155153846153846	0.0903461538461538	0.0780213675213675	0.0461623931623932	0.359747863247863	0	0	0	0	0	0	0	0	0	0	0	0	0	0	0	0	0	0	0	0	0	
9791	0.02358547008547	0.260196581196581	0.151628205128205	0.0973247863247863	0.0758504273504274	0.0593247863247863	0.355675213675214	0	0	0	0	0	0	0	0	0	0	0	0	0	0	0	0	0	0	0	0	0	
10197	0.0238333333333351	0.270551282051282	0.145098290598291	0.0918461538461538	0.0756538461538462	0.0506923076923077	0.36615811965812	0	0	0	0	0	0	0	0	0	0	0	0	0	0	0	0	0	0	0	0	0	
10260	0.023982905982905	0.259799145299145	0.149038461538462	0.0952948717948718	0.072025641025641	0.0592692307692308	0.36457264957265	0	0	0	0	0	0	0	0	0	0	0	0	0	0	0	0	0	0	0	0	0	
10152	0.0241410256410246	0.260897435897436	0.153008547008547	0.102876068376068	0.0674529914529915	0.0488888888888889	0.366876068376068	0	0	0	0	0	0	0	0	0	0	0	0	0	0	0	0	0	0	0	0	0	
10165	0.0243076923076946	0.267188034188034	0.146764957264957	0.0983119658119658	0.0682435897435897	0.0544529914529915	0.365038461538462	0	0	0	0	0	0	0	0	0	0	0	0	0	0	0	0	0	0	0	0	0	
10463	0.0243888888888883	0.274653846153846	0.15424358974359	0.0955128205128205	0.0705470085470085	0.0507820512820513	0.354260683760684	0	0	0	0	0	0	0	0	0	0	0	0	0	0	0	0	0	0	0	0	0	
8937	0.0244188034188025	0.260358974358974	0.151854700854701	0.0962264957264957	0.0724017094017094	0.0621965811965812	0.356961538461538	0	0	0	0	0	0	0	0	0	0	0	0	0	0	0	0	0	0	0	0	0	
9278	0.0244957264957254	0.259905982905983	0.147777777777778	0.100115384615385	0.0724615384615385	0.0495854700854701	0.370153846153846	0	0	0	0	0	0	0	0	0	0	0	0	0	0	0	0	0	0	0	0	0	
10095	0.0246324786324796	0.261350427350427	0.148196581196581	0.0969017094017094	0.0700940170940171	0.0533076923076923	0.370149572649573	0	0	0	0	0	0	0	0	0	0	0	0	0	0	0	0	0	0	0	0	0	
10350	0.0250897435897425	0.257854700854701	0.157239316239316	0.097017094017094	0.0730726495726496	0.0571709401709402	0.357645299145299	0	0	0	0	0	0	0	0	0	0	0	0	0	0	0	0	0	0	0	0	0	
9935	0.0252735042735041	0.255517094017094	0.152136752136752	0.0974957264957265	0.0716666666666667	0.0552820512820513	0.367901709401709	0	0	0	0	0	0	0	0	0	0	0	0	0	0	0	0	0	0	0	0	0	
10205	0.0252991452991446	0.269807692307692	0.145581196581197	0.101833333333333	0.0725470085470085	0.052017094017094	0.358213675213675	0	0	0	0	0	0	0	0	0	0	0	0	0	0	0	0	0	0	0	0	0	
10397	0.0254017094017076	0.259568376068376	0.149901709401709	0.108222222222222	0.0711025641025641	0.0506923076923077	0.360512820512821	0	0	0	0	0	0	0	0	0	0	0	0	0	0	0	0	0	0	0	0	0	
9129	0.0255213675213676	0.26907264957265	0.151192307692308	0.0911282051282051	0.0682735042735043	0.057025641025641	0.363307692307692	0	0	0	0	0	0	0	0	0	0	0	0	0	0	0	0	0	0	0	0	0	
10080	0.0256111111111109	0.26384188034188	0.154786324786325	0.095551282051282	0.0632820512820513	0.0576709401709402	0.364867521367521	0	0	0	0	0	0	0	0	0	0	0	0	0	0	0	0	0	0	0	0	0	
10590	0.0256666666666658	0.269388888888889	0.142974358974359	0.0954273504273504	0.0740897435897436	0.0582606837606838	0.359858974358974	0	0	0	0	0	0	0	0	0	0	0	0	0	0	0	0	0	0	0	0	0	
10420	0.0256965811965828	0.26857264957265	0.151094017094017	0.0992606837606838	0.0793376068376068	0.0511794871794872	0.350555555555556	0	0	0	0	0	0	0	0	0	0	0	0	0	0	0	0	0	0	0	0	0	
10431	0.0257136752136763	0.266645299145299	0.15565811965812	0.0996495726495727	0.070042735042735	0.0545811965811966	0.353423076923077	0	0	0	0	0	0	0	0	0	0	0	0	0	0	0	0	0	0	0	0	0	
9405	0.025747863247861	0.25708547008547	0.15684188034188	0.095457264957265	0.0737393162393162	0.0587222222222222	0.358153846153846	0	0	0	0	0	0	0	0	0	0	0	0	0	0	0	0	0	0	0	0	0	
10441	0.0257564102564114	0.264799145299145	0.160029914529915	0.10025641025641	0.0701538461538461	0.0514700854700855	0.353290598290598	0	0	0	0	0	0	0	0	0	0	0	0	0	0	0	0	0	0	0	0	0	
10328	0.0258717948717924	0.260183760683761	0.151717948717949	0.100833333333333	0.0673974358974359	0.0583162393162393	0.361551282051282	0	0	0	0	0	0	0	0	0	0	0	0	0	0	0	0	0	0	0	0	0	
9890	0.0259829059829046	0.263337606837607	0.149700854700855	0.0887307692307692	0.0733888888888889	0.0552521367521367	0.369589743589744	0	0	0	0	0	0	0	0	0	0	0	0	0	0	0	0	0	0	0	0	0	
10698	0.0260299145299153	0.271076923076923	0.153623931623932	0.0995598290598291	0.0647435897435897	0.0524316239316239	0.358564102564103	0	0	0	0	0	0	0	0	0	0	0	0	0	0	0	0	0	0	0	0	0	
9236	0.026136752136751	0.261239316239316	0.164123931623932	0.0953717948717949	0.0761068376068376	0.0451752136752137	0.357982905982906	0	0	0	0	0	0	0	0	0	0	0	0	0	0	0	0	0	0	0	0	0	
11098	0.0261666666666678	0.270239316239316	0.151636752136752	0.0977393162393162	0.0776837606837607	0.0529230769230769	0.349777777777778	0	0	0	0	0	0	0	0	0	0	0	0	0	0	0	0	0	0	0	0	0	
10551	0.0261923076923057	0.260726495726496	0.158935897435897	0.0994273504273504	0.0698076923076923	0.0536153846153846	0.35748717948718	0	0	0	0	0	0	0	0	0	0	0	0	0	0	0	0	0	0	0	0	0	
9498	0.0263333333333346	0.26258547008547	0.143773504273504	0.105632478632479	0.0724316239316239	0.0509957264957265	0.364581196581197	0	0	0	0	0	0	0	0	0	0	0	0	0	0	0	0	0	0	0	0	0	
9213	0.0264401709401703	0.262935897435897	0.144038461538462	0.0958760683760684	0.0752649572649573	0.0476068376068376	0.374277777777778	0	0	0	0	0	0	0	0	0	0	0	0	0	0	0	0	0	0	0	0	0	
10784	0.0266623931623927	0.267944444444444	0.159487179487179	0.0917307692307692	0.0718076923076923	0.0438376068376068	0.365192307692308	0	0	0	0	0	0	0	0	0	0	0	0	0	0	0	0	0	0	0	0	0	
10312	0.0267905982905989	0.259141025641026	0.152811965811966	0.0991324786324786	0.0667521367521367	0.056542735042735	0.365619658119658	0	0	0	0	0	0	0	0	0	0	0	0	0	0	0	0	0	0	0	0	0	
9622	0.026829059829059	0.263141025641026	0.144333333333333	0.103952991452991	0.0710683760683761	0.0535598290598291	0.363944444444444	0	0	0	0	0	0	0	0	0	0	0	0	0	0	0	0	0	0	0	0	0	
10332	0.0275512820512813	0.273529914529915	0.15408547008547	0.0943547008547009	0.0738547008547009	0.0536452991452991	0.350529914529915	0	0	0	0	0	0	0	0	0	0	0	0	0	0	0	0	0	0	0	0	0	
9252	0.0275512820512828	0.260282051282051	0.15808547008547	0.0963504273504274	0.0652307692307692	0.0576068376068376	0.362444444444444	0	0	0	0	0	0	0	0	0	0	0	0	0	0	0	0	0	0	0	0	0	
11157	0.027713675213677	0.270055555555556	0.152141025641026	0.100371794871795	0.0763205128205128	0.0526111111111111	0.3485	0	0	0	0	0	0	0	0	0	0	0	0	0	0	0	0	0	0	0	0	0	
10726	0.0277307692307677	0.258594017094017	0.154478632478632	0.0977435897435897	0.0689487179487179	0.060525641025641	0.359709401709402	0	0	0	0	0	0	0	0	0	0	0	0	0	0	0	0	0	0	0	0	0	
9625	0.0277521367521378	0.269811965811966	0.15242735042735	0.086982905982906	0.0700683760683761	0.0504316239316239	0.370277777777778	0	0	0	0	0	0	0	0	0	0	0	0	0	0	0	0	0	0	0	0	0	
10462	0.0277777777777791	0.250935897435897	0.153867521367521	0.101346153846154	0.077965811965812	0.0540854700854701	0.361799145299145	0	0	0	0	0	0	0	0	0	0	0	0	0	0	0	0	0	0	0	0	0	
9731	0.0277820512820517	0.268222222222222	0.154649572649573	0.104470085470085	0.0643974358974359	0.0502264957264957	0.358034188034188	0	0	0	0	0	0	0	0	0	0	0	0	0	0	0	0	0	0	0	0	0	
10719	0.0278076923076935	0.272901709401709	0.152760683760684	0.0835384615384615	0.0732435897435897	0.0516581196581197	0.365897435897436	0	0	0	0	0	0	0	0	0	0	0	0	0	0	0	0	0	0	0	0	0	
9189	0.0278247863247857	0.27301282051282	0.155884615384615	0.0986709401709402	0.0744017094017094	0.0441025641025641	0.35392735042735	0	0	0	0	0	0	0	0	0	0	0	0	0	0	0	0	0	0	0	0	0	
9759	0.0279444444444418	0.256641025641026	0.156470085470085	0.106363247863248	0.0722521367521368	0.0489017094017094	0.359371794871795	0	0	0	0	0	0	0	0	0	0	0	0	0	0	0	0	0	0	0	0	0	
9014	0.028089743589744	0.259602564102564	0.145277777777778	0.101303418803419	0.0772735042735043	0.0561752136752137	0.360367521367521	0	0	0	0	0	0	0	0	0	0	0	0	0	0	0	0	0	0	0	0	0	
10489	0.0282051282051295	0.252333333333333	0.153871794871795	0.0997777777777778	0.0764273504273504	0.0574017094017094	0.360188034188034	0	0	0	0	0	0	0	0	0	0	0	0	0	0	0	0	0	0	0	0	0	
10094	0.0282692307692306	0.261358974358974	0.160935897435897	0.100200854700855	0.0656538461538462	0.0481623931623932	0.363688034188034	0	0	0	0	0	0	0	0	0	0	0	0	0	0	0	0	0	0	0	0	0	
10599	0.0283247863247877	0.26775641025641	0.155393162393162	0.0988931623931624	0.0761923076923077	0.0540982905982906	0.347666666666667	0	0	0	0	0	0	0	0	0	0	0	0	0	0	0	0	0	0	0	0	0	
10615	0.02832905982906	0.271820512820513	0.152188034188034	0.0960598290598291	0.0769401709401709	0.0547136752136752	0.348277777777778	0	0	0	0	0	0	0	0	0	0	0	0	0	0	0	0	0	0	0	0	0	
9888	0.0284615384615378	0.275029914529915	0.151910256410256	0.0868034188034188	0.0704273504273504	0.054017094017094	0.361811965811966	0	0	0	0	0	0	0	0	0	0	0	0	0	0	0	0	0	0	0	0	0	
9403	0.0285213675213663	0.264559829059829	0.143897435897436	0.101252136752137	0.0694316239316239	0.0592222222222222	0.361636752136752	0	0	0	0	0	0	0	0	0	0	0	0	0	0	0	0	0	0	0	0	0	
9817	0.0286068376068379	0.269564102564103	0.145880341880342	0.102465811965812	0.0695299145299145	0.0532820512820513	0.359277777777778	0	0	0	0	0	0	0	0	0	0	0	0	0	0	0	0	0	0	0	0	0	
9850	0.02868376068376	0.264722222222222	0.144632478632479	0.0987735042735043	0.0691666666666667	0.0491153846153846	0.373589743589744	0	0	0	0	0	0	0	0	0	0	0	0	0	0	0	0	0	0	0	0	0	
10453	0.0289401709401711	0.260320512820513	0.150982905982906	0.100474358974359	0.0661837606837607	0.0573034188034188	0.364735042735043	0	0	0	0	0	0	0	0	0	0	0	0	0	0	0	0	0	0	0	0	0	
9520	0.0289658119658109	0.261307692307692	0.149183760683761	0.095051282051282	0.0681239316239316	0.0540299145299145	0.372303418803419	0	0	0	0	0	0	0	0	0	0	0	0	0	0	0	0	0	0	0	0	0	
9932	0.0290641025641048	0.253495726495726	0.149435897435897	0.0982478632478632	0.0778461538461538	0.0563034188034188	0.36467094017094	0	0	0	0	0	0	0	0	0	0	0	0	0	0	0	0	0	0	0	0	0	
9977	0.029196581196582	0.268004273504274	0.14975641025641	0.0971880341880342	0.0660598290598291	0.0604145299145299	0.358576923076923	0	0	0	0	0	0	0	0	0	0	0	0	0	0	0	0	0	0	0	0	0	
9922	0.0293888888888876	0.260200854700855	0.154867521367521	0.0985641025641026	0.066957264957265	0.0601452991452991	0.359264957264957	0	0	0	0	0	0	0	0	0	0	0	0	0	0	0	0	0	0	0	0	0	
9112	0.0294059829059856	0.264850427350427	0.137965811965812	0.0987991452991453	0.0806623931623932	0.0510769230769231	0.366645299145299	0	0	0	0	0	0	0	0	0	0	0	0	0	0	0	0	0	0	0	0	0	
9791	0.0295042735042743	0.268871794871795	0.158739316239316	0.0923376068376068	0.0749957264957265	0.0541239316239316	0.350931623931624	0	0	0	0	0	0	0	0	0	0	0	0	0	0	0	0	0	0	0	0	0	
10590	0.0295384615384614	0.260790598290598	0.160055555555556	0.101384615384615	0.0766837606837607	0.0462478632478633	0.354837606837607	0	0	0	0	0	0	0	0	0	0	0	0	0	0	0	0	0	0	0	0	0	
10698	0.0295427350427364	0.273611111111111	0.155692307692308	0.0963376068376068	0.0727094017094017	0.0528076923076923	0.34884188034188	0	0	0	0	0	0	0	0	0	0	0	0	0	0	0	0	0	0	0	0	0	
9330	0.0295726495726485	0.257213675213675	0.149196581196581	0.0943803418803419	0.0725726495726496	0.0595	0.367136752136752	0	0	0	0	0	0	0	0	0	0	0	0	0	0	0	0	0	0	0	0	0	
9729	0.0295811965811958	0.253679487179487	0.151568376068376	0.095008547008547	0.0731025641025641	0.0584487179487179	0.368192307692308	0	0	0	0	0	0	0	0	0	0	0	0	0	0	0	0	0	0	0	0	0	
11170	0.0296282051282048	0.263444444444444	0.161918803418803	0.101175213675214	0.0712564102564103	0.0506025641025641	0.351602564102564	0	0	0	0	0	0	0	0	0	0	0	0	0	0	0	0	0	0	0	0	0	
10897	0.0297564102564111	0.265576923076923	0.153235042735043	0.10191452991453	0.0686752136752137	0.0578290598290598	0.352769230769231	0	0	0	0	0	0	0	0	0	0	0	0	0	0	0	0	0	0	0	0	0	
10493	0.029876068376068	0.272858974358974	0.146089743589744	0.0922692307692308	0.0751367521367521	0.0562521367521367	0.357393162393162	0	0	0	0	0	0	0	0	0	0	0	0	0	0	0	0	0	0	0	0	0	
