68694	2669	114	0.0176923076923081	0.28234188034188	0.202106837606838	0.138213675213675	0.0879487179487179	0.065	0.224388888888889	0	0	0	0	0	0	0	0	0	0	0	0	0	0	0	0	0	0	0	0	0	
43164	3322	128	0.0186837606837588	0.293747863247863	0.199512820512821	0.139730769230769	0.0881153846153846	0.0617948717948718	0.217098290598291	0	0	0	0	0	0	0	0	0	0	0	0	0	0	0	0	0	0	0	0	0	
87506	2494	119	0.0189572649572655	0.285542735042735	0.203897435897436	0.144700854700855	0.0947948717948718	0.0572991452991453	0.213764957264957	0	0	0	0	0	0	0	0	0	0	0	0	0	0	0	0	0	0	0	0	0	
83014	3521	99	0.0198974358974374	0.282247863247863	0.205282051282051	0.135495726495726	0.0895854700854701	0.0653333333333333	0.222055555555556	0	0	0	0	0	0	0	0	0	0	0	0	0	0	0	0	0	0	0	0	0	
50385	3525	115	0.0208205128205129	0.287247863247863	0.20492735042735	0.132944444444444	0.0934444444444444	0.0629700854700855	0.218465811965812	0	0	0	0	0	0	0	0	0	0	0	0	0	0	0	0	0	0	0	0	0	
38287	1653	162	0.0234102564102561	0.280846153846154	0.212320512820513	0.137876068376068	0.0885	0.0646196581196581	0.215837606837607	0	0	0	0	0	0	0	0	0	0	0	0	0	0	0	0	0	0	0	0	0	
87278	2388	118	0.0234188034188028	0.280935897435897	0.201529914529915	0.148166666666667	0.0907136752136752	0.0661239316239316	0.212529914529915	0	0	0	0	0	0	0	0	0	0	0	0	0	0	0	0	0	0	0	0	0	
99275	2538	108	0.0234786324786324	0.276286324786325	0.203034188034188	0.140320512820513	0.0941794871794872	0.0667478632478632	0.219431623931624	0	0	0	0	0	0	0	0	0	0	0	0	0	0	0	0	0	0	0	0	0	
37362	3268	133	0.0238205128205115	0.277529914529915	0.204982905982906	0.140217948717949	0.092465811965812	0.0600042735042735	0.224799145299145	0	0	0	0	0	0	0	0	0	0	0	0	0	0	0	0	0	0	0	0	0	
24248	3886	171	0.0241709401709415	0.288542735042735	0.197517094017094	0.146106837606838	0.0920854700854701	0.0560555555555556	0.219692307692308	0	0	0	0	0	0	0	0	0	0	0	0	0	0	0	0	0	0	0	0	0	
33497	1574	170	0.0246837606837627	0.288106837606838	0.211354700854701	0.132811965811966	0.0861709401709402	0.0629316239316239	0.218623931623932	0	0	0	0	0	0	0	0	0	0	0	0	0	0	0	0	0	0	0	0	0	
48592	2775	131	0.0251880341880337	0.276824786324786	0.210529914529915	0.143948717948718	0.0931282051282051	0.0609017094017094	0.214666666666667	0	0	0	0	0	0	0	0	0	0	0	0	0	0	0	0	0	0	0	0	0	
48297	3241	121	0.0252478632478641	0.288405982905983	0.204252136752137	0.1355	0.0931282051282051	0.065017094017094	0.213696581196581	0	0	0	0	0	0	0	0	0	0	0	0	0	0	0	0	0	0	0	0	0	
87958	5371	84	0.0253162393162397	0.287893162393162	0.201482905982906	0.137696581196581	0.0908376068376068	0.0570683760683761	0.225021367521368	0	0	0	0	0	0	0	0	0	0	0	0	0	0	0	0	0	0	0	0	0	
41890	1576	174	0.0254786324786325	0.288974358974359	0.20607264957265	0.140692307692308	0.0858333333333333	0.0677948717948718	0.210632478632479	0	0	0	0	0	0	0	0	0	0	0	0	0	0	0	0	0	0	0	0	0	
43571	1570	147	0.0254957264957249	0.282089743589744	0.216435897435897	0.138910256410256	0.0864871794871795	0.0616324786324786	0.214444444444444	0	0	0	0	0	0	0	0	0	0	0	0	0	0	0	0	0	0	0	0	0	
60240	2722	129	0.0261196581196582	0.293897435897436	0.203038461538462	0.144247863247863	0.088957264957265	0.0636965811965812	0.206162393162393	0	0	0	0	0	0	0	0	0	0	0	0	0	0	0	0	0	0	0	0	0	
50406	3116	117	0.0262564102564114	0.285025641025641	0.196213675213675	0.137594017094017	0.0952777777777778	0.0620470085470086	0.22384188034188	0	0	0	0	0	0	0	0	0	0	0	0	0	0	0	0	0	0	0	0	0	
24562	1213	427	0.0268632478632471	0.289628205128205	0.197487179487179	0.139747863247863	0.0963247863247863	0.0597136752136752	0.217098290598291	0	0	0	0	0	0	0	0	0	0	0	0	0	0	0	0	0	0	0	0	0	
30677	1129	348	0.0269829059829064	0.292286324786325	0.209337606837607	0.134504273504273	0.0847435897435897	0.0619316239316239	0.217196581196581	0	0	0	0	0	0	0	0	0	0	0	0	0	0	0	0	0	0	0	0	0	
88052	3237	99	0.02840170940171	0.280153846153846	0.201115384615385	0.135910256410256	0.0905042735042735	0.0689871794871795	0.22332905982906	0	0	0	0	0	0	0	0	0	0	0	0	0	0	0	0	0	0	0	0	0	
55566	2622	122	0.0287008547008538	0.282495726495727	0.20484188034188	0.133239316239316	0.096465811965812	0.0667777777777778	0.216179487179487	0	0	0	0	0	0	0	0	0	0	0	0	0	0	0	0	0	0	0	0	0	
51171	2949	126	0.0292136752136765	0.285132478632479	0.207042735042735	0.144820512820513	0.092542735042735	0.0664957264957265	0.203965811965812	0	0	0	0	0	0	0	0	0	0	0	0	0	0	0	0	0	0	0	0	0	
57786	4876	95	0.0292735042735051	0.277739316239316	0.200739316239316	0.138264957264957	0.0902222222222222	0.0658717948717949	0.227162393162393	0	0	0	0	0	0	0	0	0	0	0	0	0	0	0	0	0	0	0	0	0	
32654	1842	165	0.0292905982905975	0.280564102564103	0.209517094017094	0.133	0.096	0.0614529914529915	0.219465811965812	0	0	0	0	0	0	0	0	0	0	0	0	0	0	0	0	0	0	0	0	0	
48632	2846	125	0.0294273504273495	0.278790598290598	0.205893162393162	0.134974358974359	0.0941282051282051	0.0684273504273504	0.217786324786325	0	0	0	0	0	0	0	0	0	0	0	0	0	0	0	0	0	0	0	0	0	
76469	3408	107	0.0296581196581203	0.287982905982906	0.191709401709402	0.140397435897436	0.0932905982905983	0.062525641025641	0.224094017094017	0	0	0	0	0	0	0	0	0	0	0	0	0	0	0	0	0	0	0	0	0	
33979	3204	131	0.0300000000000005	0.287632478632479	0.202380341880342	0.136111111111111	0.0939102564102564	0.0554145299145299	0.224551282051282	0	0	0	0	0	0	0	0	0	0	0	0	0	0	0	0	0	0	0	0	0	
63416	2330	117	0.0301282051282058	0.274346153846154	0.200299145299145	0.14167094017094	0.0924273504273504	0.0673760683760684	0.223880341880342	0	0	0	0	0	0	0	0	0	0	0	0	0	0	0	0	0	0	0	0	0	
90128	2752	106	0.0304871794871798	0.282803418803419	0.192470085470085	0.140863247863248	0.0939401709401709	0.0683547008547009	0.221568376068376	0	0	0	0	0	0	0	0	0	0	0	0	0	0	0	0	0	0	0	0	0	
28863	1694	189	0.0310256410256405	0.285316239316239	0.215666666666667	0.145910256410256	0.0786666666666667	0.0593205128205128	0.215119658119658	0	0	0	0	0	0	0	0	0	0	0	0	0	0	0	0	0	0	0	0	0	
31248	1909	171	0.0314273504273489	0.280333333333333	0.215299145299145	0.147350427350427	0.0852179487179487	0.0578675213675214	0.213931623931624	0	0	0	0	0	0	0	0	0	0	0	0	0	0	0	0	0	0	0	0	0	
27649	1071	412	0.0319401709401721	0.288354700854701	0.198602564102564	0.132363247863248	0.0882222222222222	0.0623888888888889	0.230068376068376	0	0	0	0	0	0	0	0	0	0	0	0	0	0	0	0	0	0	0	0	0	
94457	2636	116	0.0328632478632485	0.269944444444444	0.202192307692308	0.142811965811966	0.0906794871794872	0.0708076923076923	0.223564102564103	0	0	0	0	0	0	0	0	0	0	0	0	0	0	0	0	0	0	0	0	0	
98385	2174	117	0.0333333333333346	0.273470085470085	0.207047008547009	0.137555555555556	0.0970213675213675	0.065042735042735	0.219863247863248	0	0	0	0	0	0	0	0	0	0	0	0	0	0	0	0	0	0	0	0	0	
75190	3815	103	0.0334273504273504	0.271094017094017	0.201	0.143632478632479	0.0998119658119658	0.0665641025641026	0.217897435897436	0	0	0	0	0	0	0	0	0	0	0	0	0	0	0	0	0	0	0	0	0	
99269	3386	113	0.033529914529914	0.287230769230769	0.197132478632479	0.138179487179487	0.0958461538461538	0.0681794871794872	0.213431623931624	0	0	0	0	0	0	0	0	0	0	0	0	0	0	0	0	0	0	0	0	0	
31766	2465	162	0.0339743589743588	0.281034188034188	0.211042735042735	0.139004273504273	0.0837307692307692	0.056982905982906	0.228205128205128	0	0	0	0	0	0	0	0	0	0	0	0	0	0	0	0	0	0	0	0	0	
28616	1104	291	0.0346068376068356	0.28274358974359	0.204273504273504	0.131752136752137	0.104794871794872	0.0609017094017094	0.215534188034188	0	0	0	0	0	0	0	0	0	0	0	0	0	0	0	0	0	0	0	0	0	
77411	4035	105	0.0351282051282049	0.292666666666667	0.201102564102564	0.138649572649573	0.0904059829059829	0.068982905982906	0.208192307692308	0	0	0	0	0	0	0	0	0	0	0	0	0	0	0	0	0	0	0	0	0	
89318	2708	116	0.0357435897435903	0.26657264957265	0.213333333333333	0.144111111111111	0.0908247863247863	0.063474358974359	0.221683760683761	0	0	0	0	0	0	0	0	0	0	0	0	0	0	0	0	0	0	0	0	0	
43520	1525	151	0.035871794871794	0.277230769230769	0.196192307692308	0.143025641025641	0.0971965811965812	0.0707863247863248	0.215568376068376	0	0	0	0	0	0	0	0	0	0	0	0	0	0	0	0	0	0	0	0	0	
31477	1324	244	0.0359999999999996	0.295538461538462	0.210594017094017	0.142307692307692	0.0880042735042735	0.0499145299145299	0.213641025641026	0	0	0	0	0	0	0	0	0	0	0	0	0	0	0	0	0	0	0	0	0	
93762	3497	113	0.0362991452991443	0.288247863247863	0.214495726495726	0.142850427350427	0.0916153846153846	0.0592564102564103	0.203534188034188	0	0	0	0	0	0	0	0	0	0	0	0	0	0	0	0	0	0	0	0	0	
97201	4086	101	0.0366153846153845	0.294235042735043	0.20107264957265	0.13434188034188	0.0965299145299145	0.062034188034188	0.211786324786325	0	0	0	0	0	0	0	0	0	0	0	0	0	0	0	0	0	0	0	0	0	
59209	2631	136	0.0371025641025652	0.288008547008547	0.201230769230769	0.149551282051282	0.0952179487179487	0.0635128205128205	0.202478632478632	0	0	0	0	0	0	0	0	0	0	0	0	0	0	0	0	0	0	0	0	0	
56229	2167	121	0.0383076923076918	0.284440170940171	0.193581196581197	0.134205128205128	0.0906282051282051	0.0726923076923077	0.224452991452991	0	0	0	0	0	0	0	0	0	0	0	0	0	0	0	0	0	0	0	0	0	
45603	4314	89	0.03854700854701	0.295820512820513	0.204709401709402	0.12684188034188	0.0922264957264957	0.0646965811965812	0.215705128205128	0	0	0	0	0	0	0	0	0	0	0	0	0	0	0	0	0	0	0	0	0	
98466	3995	89	0.0388376068376079	0.281688034188034	0.205700854700855	0.12658547008547	0.0923418803418803	0.0666495726495726	0.227034188034188	0	0	0	0	0	0	0	0	0	0	0	0	0	0	0	0	0	0	0	0	0	
76097	2403	127	0.0389487179487166	0.282012820512821	0.21967094017094	0.133837606837607	0.0897606837606838	0.0637777777777778	0.210940170940171	0	0	0	0	0	0	0	0	0	0	0	0	0	0	0	0	0	0	0	0	0	
38262	1079	185	0.0392564102564094	0.273760683760684	0.206470085470085	0.141316239316239	0.0980726495726496	0.0688205128205128	0.211559829059829	0	0	0	0	0	0	0	0	0	0	0	0	0	0	0	0	0	0	0	0	0	
71735	2546	127	0.0394017094017086	0.282598290598291	0.21332905982906	0.130021367521368	0.0921068376068376	0.068	0.213944444444444	0	0	0	0	0	0	0	0	0	0	0	0	0	0	0	0	0	0	0	0	0	
53011	4092	120	0.0394102564102564	0.300354700854701	0.203119658119658	0.13782905982906	0.0864401709401709	0.0657649572649573	0.206491452991453	0	0	0	0	0	0	0	0	0	0	0	0	0	0	0	0	0	0	0	0	0	
67819	2327	117	0.0395213675213663	0.272811965811966	0.203606837606838	0.13975641025641	0.100517094017094	0.0692905982905983	0.214017094017094	0	0	0	0	0	0	0	0	0	0	0	0	0	0	0	0	0	0	0	0	0	
29155	1399	280	0.0402393162393157	0.302777777777778	0.205474358974359	0.136628205128205	0.0811196581196581	0.0576709401709402	0.21632905982906	0	0	0	0	0	0	0	0	0	0	0	0	0	0	0	0	0	0	0	0	0	
24962	1674	449	0.0404871794871785	0.281376068376068	0.210350427350427	0.133564102564103	0.0872179487179487	0.0553376068376068	0.232153846153846	0	0	0	0	0	0	0	0	0	0	0	0	0	0	0	0	0	0	0	0	0	
95074	3101	96	0.0405213675213675	0.278965811965812	0.200153846153846	0.132	0.0979700854700855	0.065017094017094	0.225893162393162	0	0	0	0	0	0	0	0	0	0	0	0	0	0	0	0	0	0	0	0	0	
76112	3168	98	0.0405299145299146	0.272277777777778	0.20515811965812	0.135149572649573	0.0886367521367521	0.0639700854700855	0.234807692307692	0	0	0	0	0	0	0	0	0	0	0	0	0	0	0	0	0	0	0	0	0	
70941	5752	90	0.0409230769230773	0.299649572649573	0.205277777777778	0.13991452991453	0.0818205128205128	0.0656367521367521	0.207700854700855	0	0	0	0	0	0	0	0	0	0	0	0	0	0	0	0	0	0	0	0	0	
98551	6329	68	0.0412564102564127	0.290547008547009	0.20457264957265	0.122619658119658	0.0903461538461538	0.0623717948717949	0.229542735042735	0	0	0	0	0	0	0	0	0	0	0	0	0	0	0	0	0	0	0	0	0	
49476	4418	99	0.0414188034188032	0.275311965811966	0.207363247863248	0.134380341880342	0.0862991452991453	0.0610384615384615	0.235606837606838	0	0	0	0	0	0	0	0	0	0	0	0	0	0	0	0	0	0	0	0	0	
77695	4473	94	0.0415470085470092	0.289273504273504	0.199884615384615	0.126277777777778	0.0922606837606838	0.0674188034188034	0.224884615384615	0	0	0	0	0	0	0	0	0	0	0	0	0	0	0	0	0	0	0	0	0	
96881	2983	106	0.0416752136752147	0.289111111111111	0.207739316239316	0.124226495726496	0.0862606837606838	0.0650213675213675	0.227641025641026	0	0	0	0	0	0	0	0	0	0	0	0	0	0	0	0	0	0	0	0	0	
38989	1207	160	0.0417094017094009	0.271645299145299	0.205504273504273	0.135192307692308	0.101995726495726	0.0653717948717949	0.220290598290598	0	0	0	0	0	0	0	0	0	0	0	0	0	0	0	0	0	0	0	0	0	
50199	2862	126	0.0418376068376063	0.292534188034188	0.194294871794872	0.155179487179487	0.0860683760683761	0.0628675213675214	0.209055555555556	0	0	0	0	0	0	0	0	0	0	0	0	0	0	0	0	0	0	0	0	0	
88529	6820	78	0.0419316239316246	0.303820512820513	0.20284188034188	0.137247863247863	0.0875470085470085	0.0635598290598291	0.204982905982906	0	0	0	0	0	0	0	0	0	0	0	0	0	0	0	0	0	0	0	0	0	
81645	1721	131	0.0419401709401699	0.282457264957265	0.195871794871795	0.141769230769231	0.102653846153846	0.0683632478632479	0.208884615384615	0	0	0	0	0	0	0	0	0	0	0	0	0	0	0	0	0	0	0	0	0	
40433	2713	144	0.0419401709401707	0.28675641025641	0.213666666666667	0.137803418803419	0.0947863247863248	0.0639401709401709	0.203047008547009	0	0	0	0	0	0	0	0	0	0	0	0	0	0	0	0	0	0	0	0	0	
25959	2188	192	0.042008547008547	0.294816239316239	0.214320512820513	0.132435897435897	0.085982905982906	0.055974358974359	0.216470085470085	0	0	0	0	0	0	0	0	0	0	0	0	0	0	0	0	0	0	0	0	0	
25736	2165	208	0.0421452991452985	0.28275641025641	0.221965811965812	0.132888888888889	0.0835384615384615	0.057482905982906	0.221367521367521	0	0	0	0	0	0	0	0	0	0	0	0	0	0	0	0	0	0	0	0	0	
54635	1842	134	0.042752136752137	0.263068376068376	0.204478632478632	0.147568376068376	0.0927478632478632	0.0732692307692308	0.218867521367521	0	0	0	0	0	0	0	0	0	0	0	0	0	0	0	0	0	0	0	0	0	
30081	1198	209	0.0427606837606844	0.281568376068376	0.213	0.126970085470085	0.0941282051282051	0.0597435897435897	0.224589743589744	0	0	0	0	0	0	0	0	0	0	0	0	0	0	0	0	0	0	0	0	0	
45734	3731	118	0.0429999999999992	0.304641025641026	0.197179487179487	0.132897435897436	0.0893803418803419	0.0591495726495727	0.216752136752137	0	0	0	0	0	0	0	0	0	0	0	0	0	0	0	0	0	0	0	0	0	
67338	2368	131	0.0430256410256414	0.285940170940171	0.218918803418803	0.137324786324786	0.0920726495726496	0.0627606837606838	0.202982905982906	0	0	0	0	0	0	0	0	0	0	0	0	0	0	0	0	0	0	0	0	0	
91498	2080	130	0.043290598290598	0.29267094017094	0.200166666666667	0.14041452991453	0.0966837606837607	0.0667820512820513	0.203282051282051	0	0	0	0	0	0	0	0	0	0	0	0	0	0	0	0	0	0	0	0	0	
61053	3943	97	0.0433076923076928	0.274717948717949	0.203205128205128	0.133944444444444	0.0859358974358974	0.0636794871794872	0.238517094017094	0	0	0	0	0	0	0	0	0	0	0	0	0	0	0	0	0	0	0	0	0	
64562	5648	85	0.0433162393162393	0.30334188034188	0.197803418803419	0.127995726495726	0.0890213675213675	0.0637863247863248	0.218051282051282	0	0	0	0	0	0	0	0	0	0	0	0	0	0	0	0	0	0	0	0	0	
40111	4445	125	0.0434188034188041	0.292260683760684	0.216307692307692	0.125470085470085	0.0866153846153846	0.0632435897435897	0.216102564102564	0	0	0	0	0	0	0	0	0	0	0	0	0	0	0	0	0	0	0	0	0	
61852	3541	114	0.0434871794871786	0.306188034188034	0.200713675213675	0.142153846153846	0.0855598290598291	0.0533247863247863	0.212059829059829	0	0	0	0	0	0	0	0	0	0	0	0	0	0	0	0	0	0	0	0	0	
28781	2172	154	0.0440854700854698	0.27191452991453	0.208034188034188	0.134782051282051	0.0887008547008547	0.0609230769230769	0.235645299145299	0	0	0	0	0	0	0	0	0	0	0	0	0	0	0	0	0	0	0	0	0	
52714	3428	123	0.0441196581196593	0.296059829059829	0.197747863247863	0.127128205128205	0.0936666666666667	0.0620042735042735	0.223393162393162	0	0	0	0	0	0	0	0	0	0	0	0	0	0	0	0	0	0	0	0	0	
52592	2818	129	0.0443675213675217	0.281324786324786	0.208700854700855	0.133	0.0982905982905983	0.0689273504273504	0.20975641025641	0	0	0	0	0	0	0	0	0	0	0	0	0	0	0	0	0	0	0	0	0	
53412	4055	112	0.0445726495726495	0.280517094017094	0.193641025641026	0.142145299145299	0.0808675213675214	0.0753974358974359	0.227431623931624	0	0	0	0	0	0	0	0	0	0	0	0	0	0	0	0	0	0	0	0	0	
58363	3508	98	0.044581196581196	0.280252136752137	0.194952991452991	0.135149572649573	0.0916880341880342	0.0607051282051282	0.237252136752137	0	0	0	0	0	0	0	0	0	0	0	0	0	0	0	0	0	0	0	0	0	
70823	2347	141	0.0446153846153849	0.296051282051282	0.211850427350427	0.14341452991453	0.0859273504273504	0.0643418803418803	0.19841452991453	0	0	0	0	0	0	0	0	0	0	0	0	0	0	0	0	0	0	0	0	0	
61224	4131	114	0.0446666666666661	0.302555555555556	0.197029914529915	0.136051282051282	0.0845811965811966	0.0661923076923077	0.213589743589744	0	0	0	0	0	0	0	0	0	0	0	0	0	0	0	0	0	0	0	0	0	
74528	1756	138	0.0446923076923079	0.284576923076923	0.21965811965812	0.139495726495727	0.0873504273504273	0.0682136752136752	0.200705128205128	0	0	0	0	0	0	0	0	0	0	0	0	0	0	0	0	0	0	0	0	0	
67014	1814	136	0.0448717948717925	0.283564102564103	0.203739316239316	0.139089743589744	0.105393162393162	0.0670384615384615	0.201175213675214	0	0	0	0	0	0	0	0	0	0	0	0	0	0	0	0	0	0	0	0	0	
64057	3241	109	0.0448717948717962	0.305076923076923	0.198487179487179	0.129760683760684	0.0843290598290598	0.061974358974359	0.220371794871795	0	0	0	0	0	0	0	0	0	0	0	0	0	0	0	0	0	0	0	0	0	
63303	5043	94	0.0452820512820504	0.30708547008547	0.20182905982906	0.141059829059829	0.0777136752136752	0.0608675213675214	0.211444444444444	0	0	0	0	0	0	0	0	0	0	0	0	0	0	0	0	0	0	0	0	0	
34784	4768	108	0.0453846153846159	0.279559829059829	0.187435897435897	0.141692307692308	0.0933162393162393	0.0620726495726496	0.235923076923077	0	0	0	0	0	0	0	0	0	0	0	0	0	0	0	0	0	0	0	0	0	
71022	1943	136	0.0456239316239314	0.290358974358974	0.211679487179487	0.135410256410256	0.0951324786324786	0.0638205128205128	0.203598290598291	0	0	0	0	0	0	0	0	0	0	0	0	0	0	0	0	0	0	0	0	0	
38954	4353	125	0.0458034188034184	0.30274358974359	0.206226495726496	0.128735042735043	0.0901410256410256	0.0597307692307692	0.212423076923077	0	0	0	0	0	0	0	0	0	0	0	0	0	0	0	0	0	0	0	0	0	
85588	3028	116	0.0460683760683772	0.296401709401709	0.205269230769231	0.126393162393162	0.0818974358974359	0.0706196581196581	0.219418803418803	0	0	0	0	0	0	0	0	0	0	0	0	0	0	0	0	0	0	0	0	0	
24231	1418	266	0.0461794871794875	0.300457264957265	0.202700854700855	0.145247863247863	0.0731623931623932	0.0547820512820513	0.223649572649573	0	0	0	0	0	0	0	0	0	0	0	0	0	0	0	0	0	0	0	0	0	
35193	1536	161	0.0464188034188042	0.264363247863248	0.214294871794872	0.140119658119658	0.0941923076923077	0.0670042735042735	0.220025641025641	0	0	0	0	0	0	0	0	0	0	0	0	0	0	0	0	0	0	0	0	0	
85768	6227	73	0.0466153846153842	0.30625641025641	0.201418803418803	0.128589743589744	0.0822094017094017	0.063465811965812	0.218059829059829	0	0	0	0	0	0	0	0	0	0	0	0	0	0	0	0	0	0	0	0	0	
90831	4729	87	0.0469059829059817	0.30332905982906	0.194880341880342	0.131136752136752	0.0926452991452991	0.0598675213675214	0.218141025641026	0	0	0	0	0	0	0	0	0	0	0	0	0	0	0	0	0	0	0	0	0	
45394	3470	135	0.0472136752136753	0.294568376068376	0.215495726495726	0.138679487179487	0.0854145299145299	0.0636452991452992	0.202196581196581	0	0	0	0	0	0	0	0	0	0	0	0	0	0	0	0	0	0	0	0	0	
25565	4044	112	0.047333333333333	0.275602564102564	0.199034188034188	0.133905982905983	0.0886068376068376	0.0611410256410256	0.241709401709402	0	0	0	0	0	0	0	0	0	0	0	0	0	0	0	0	0	0	0	0	0	
