76469	3408	107	0.0203760683760693	0.287982905982906	0.191709401709402	0.140397435897436	0.0932905982905983	0.062525641025641	0.224094017094017	0	0	0	0	0	0	0	0	0	0	0	0	0	0	0	0	0	0	0	0	0	
43164	3322	128	0.0234700854700858	0.293747863247863	0.199512820512821	0.139730769230769	0.0881153846153846	0.0617948717948718	0.217098290598291	0	0	0	0	0	0	0	0	0	0	0	0	0	0	0	0	0	0	0	0	0	
82305	4404	95	0.0247521367521381	0.30334188034188	0.190367521367521	0.128568376068376	0.0893632478632479	0.0657478632478632	0.222611111111111	0	0	0	0	0	0	0	0	0	0	0	0	0	0	0	0	0	0	0	0	0	
93622	3928	95	0.0256752136752133	0.293602564102564	0.185559829059829	0.133055555555556	0.0901752136752137	0.0672435897435897	0.230363247863248	0	0	0	0	0	0	0	0	0	0	0	0	0	0	0	0	0	0	0	0	0	
46851	7781	70	0.0260683760683773	0.300106837606838	0.189816239316239	0.130230769230769	0.0851666666666667	0.064042735042735	0.230636752136752	0	0	0	0	0	0	0	0	0	0	0	0	0	0	0	0	0	0	0	0	0	
61170	4751	99	0.0261111111111117	0.30242735042735	0.191611111111111	0.13041452991453	0.0848931623931624	0.0670769230769231	0.223576923076923	0	0	0	0	0	0	0	0	0	0	0	0	0	0	0	0	0	0	0	0	0	
48868	5693	89	0.0271880341880333	0.310034188034188	0.186931623931624	0.139440170940171	0.0844700854700855	0.0591965811965812	0.21992735042735	0	0	0	0	0	0	0	0	0	0	0	0	0	0	0	0	0	0	0	0	0	
39511	4617	100	0.0288632478632469	0.295226495726496	0.188320512820513	0.1285	0.0866452991452991	0.0645	0.236807692307692	0	0	0	0	0	0	0	0	0	0	0	0	0	0	0	0	0	0	0	0	0	
88346	4639	91	0.0297521367521392	0.30782905982906	0.189371794871795	0.130495726495726	0.0893162393162393	0.0648034188034188	0.218183760683761	0	0	0	0	0	0	0	0	0	0	0	0	0	0	0	0	0	0	0	0	0	
90128	2752	106	0.0301623931623928	0.282803418803419	0.192470085470085	0.140863247863248	0.0939401709401709	0.0683547008547009	0.221568376068376	0	0	0	0	0	0	0	0	0	0	0	0	0	0	0	0	0	0	0	0	0	
76243	7264	55	0.0303333333333328	0.301692307692308	0.18417094017094	0.139047008547009	0.0788717948717949	0.0632905982905983	0.23292735042735	0	0	0	0	0	0	0	0	0	0	0	0	0	0	0	0	0	0	0	0	0	
34736	5008	116	0.0308717948717972	0.305423076923077	0.188952991452991	0.129183760683761	0.0906880341880342	0.060034188034188	0.225717948717949	0	0	0	0	0	0	0	0	0	0	0	0	0	0	0	0	0	0	0	0	0	
52714	3428	123	0.0318034188034192	0.296059829059829	0.197747863247863	0.127128205128205	0.0936666666666667	0.0620042735042735	0.223393162393162	0	0	0	0	0	0	0	0	0	0	0	0	0	0	0	0	0	0	0	0	0	
83381	4118	91	0.0323675213675217	0.29607264957265	0.196517094017094	0.124726495726496	0.090051282051282	0.0652435897435897	0.227388888888889	0	0	0	0	0	0	0	0	0	0	0	0	0	0	0	0	0	0	0	0	0	
68443	5524	79	0.0324871794871776	0.294880341880342	0.185752136752137	0.130461538461538	0.0855384615384615	0.0661367521367521	0.237230769230769	0	0	0	0	0	0	0	0	0	0	0	0	0	0	0	0	0	0	0	0	0	
50406	3116	117	0.0328547008547012	0.285025641025641	0.196213675213675	0.137594017094017	0.0952777777777778	0.0620470085470086	0.22384188034188	0	0	0	0	0	0	0	0	0	0	0	0	0	0	0	0	0	0	0	0	0	
68694	2669	114	0.0328547008547029	0.28234188034188	0.202106837606838	0.138213675213675	0.0879487179487179	0.065	0.224388888888889	0	0	0	0	0	0	0	0	0	0	0	0	0	0	0	0	0	0	0	0	0	
95814	6232	72	0.0339059829059843	0.31191452991453	0.186478632478632	0.128029914529915	0.0890897435897436	0.0612649572649573	0.223222222222222	0	0	0	0	0	0	0	0	0	0	0	0	0	0	0	0	0	0	0	0	0	
61224	4131	114	0.0343076923076931	0.302555555555556	0.197029914529915	0.136051282051282	0.0845811965811966	0.0661923076923077	0.213589743589744	0	0	0	0	0	0	0	0	0	0	0	0	0	0	0	0	0	0	0	0	0	
56851	4080	96	0.0345470085470101	0.299094017094017	0.189401709401709	0.125089743589744	0.0903931623931624	0.0622905982905983	0.233730769230769	0	0	0	0	0	0	0	0	0	0	0	0	0	0	0	0	0	0	0	0	0	
77650	6583	71	0.0354529914529946	0.3015	0.19234188034188	0.123824786324786	0.0947435897435897	0.0631025641025641	0.22448717948718	0	0	0	0	0	0	0	0	0	0	0	0	0	0	0	0	0	0	0	0	0	
48604	6063	95	0.0355897435897462	0.308888888888889	0.189747863247863	0.131294871794872	0.0913290598290598	0.0555641025641026	0.223175213675214	0	0	0	0	0	0	0	0	0	0	0	0	0	0	0	0	0	0	0	0	0	
64562	5648	85	0.0356666666666687	0.30334188034188	0.197803418803419	0.127995726495726	0.0890213675213675	0.0637863247863248	0.218051282051282	0	0	0	0	0	0	0	0	0	0	0	0	0	0	0	0	0	0	0	0	0	
24562	1213	427	0.0358376068376062	0.289628205128205	0.197487179487179	0.139747863247863	0.0963247863247863	0.0597136752136752	0.217098290598291	0	0	0	0	0	0	0	0	0	0	0	0	0	0	0	0	0	0	0	0	0	
27649	1071	412	0.0359743589743593	0.288354700854701	0.198602564102564	0.132363247863248	0.0882222222222222	0.0623888888888889	0.230068376068376	0	0	0	0	0	0	0	0	0	0	0	0	0	0	0	0	0	0	0	0	0	
33884	6271	102	0.0365897435897444	0.304636752136752	0.192076923076923	0.128038461538462	0.0858504273504273	0.0602905982905983	0.229106837606838	0	0	0	0	0	0	0	0	0	0	0	0	0	0	0	0	0	0	0	0	0	
56229	2167	121	0.0366752136752148	0.284440170940171	0.193581196581197	0.134205128205128	0.0906282051282051	0.0726923076923077	0.224452991452991	0	0	0	0	0	0	0	0	0	0	0	0	0	0	0	0	0	0	0	0	0	
87958	5371	84	0.0368717948717967	0.287893162393162	0.201482905982906	0.137696581196581	0.0908376068376068	0.0570683760683761	0.225021367521368	0	0	0	0	0	0	0	0	0	0	0	0	0	0	0	0	0	0	0	0	0	
90831	4729	87	0.0370427350427367	0.30332905982906	0.194880341880342	0.131136752136752	0.0926452991452991	0.0598675213675214	0.218141025641026	0	0	0	0	0	0	0	0	0	0	0	0	0	0	0	0	0	0	0	0	0	
65282	5451	85	0.0375213675213672	0.314854700854701	0.186944444444444	0.128910256410256	0.0848205128205128	0.064457264957265	0.220012820512821	0	0	0	0	0	0	0	0	0	0	0	0	0	0	0	0	0	0	0	0	0	
45507	4820	99	0.0375470085470093	0.296628205128205	0.19825641025641	0.128025641025641	0.0822307692307692	0.0634444444444444	0.23141452991453	0	0	0	0	0	0	0	0	0	0	0	0	0	0	0	0	0	0	0	0	0	
45734	3731	118	0.0377350427350442	0.304641025641026	0.197179487179487	0.132897435897436	0.0893803418803419	0.0591495726495727	0.216752136752137	0	0	0	0	0	0	0	0	0	0	0	0	0	0	0	0	0	0	0	0	0	
87498	4949	81	0.0380854700854707	0.302111111111111	0.192559829059829	0.121525641025641	0.0877948717948718	0.0700213675213675	0.225987179487179	0	0	0	0	0	0	0	0	0	0	0	0	0	0	0	0	0	0	0	0	0	
64057	3241	109	0.0381025641025632	0.305076923076923	0.198487179487179	0.129760683760684	0.0843290598290598	0.061974358974359	0.220371794871795	0	0	0	0	0	0	0	0	0	0	0	0	0	0	0	0	0	0	0	0	0	
24248	3886	171	0.0385470085470086	0.288542735042735	0.197517094017094	0.146106837606838	0.0920854700854701	0.0560555555555556	0.219692307692308	0	0	0	0	0	0	0	0	0	0	0	0	0	0	0	0	0	0	0	0	0	
24594	1444	328	0.0389401709401713	0.299269230769231	0.192739316239316	0.127346153846154	0.0827863247863248	0.0628717948717949	0.234987179487179	0	0	0	0	0	0	0	0	0	0	0	0	0	0	0	0	0	0	0	0	0	
34784	4768	108	0.0391111111111117	0.279559829059829	0.187435897435897	0.141692307692308	0.0933162393162393	0.0620726495726496	0.235923076923077	0	0	0	0	0	0	0	0	0	0	0	0	0	0	0	0	0	0	0	0	0	
79700	6262	80	0.0393162393162407	0.312735042735043	0.183837606837607	0.13032905982906	0.0881367521367521	0.0589017094017094	0.226059829059829	0	0	0	0	0	0	0	0	0	0	0	0	0	0	0	0	0	0	0	0	0	
98708	5889	72	0.0393675213675236	0.298739316239316	0.198188034188034	0.123632478632479	0.0928589743589744	0.0613376068376068	0.22524358974359	0	0	0	0	0	0	0	0	0	0	0	0	0	0	0	0	0	0	0	0	0	
62338	6683	70	0.0395811965811956	0.316230769230769	0.184183760683761	0.13342735042735	0.0863846153846154	0.060465811965812	0.219307692307692	0	0	0	0	0	0	0	0	0	0	0	0	0	0	0	0	0	0	0	0	0	
60240	2722	129	0.0396153846153848	0.293897435897436	0.203038461538462	0.144247863247863	0.088957264957265	0.0636965811965812	0.206162393162393	0	0	0	0	0	0	0	0	0	0	0	0	0	0	0	0	0	0	0	0	0	
51635	5359	76	0.0401452991453005	0.296452991452991	0.196021367521368	0.121487179487179	0.0868034188034188	0.0643333333333333	0.234901709401709	0	0	0	0	0	0	0	0	0	0	0	0	0	0	0	0	0	0	0	0	0	
83014	3521	99	0.0403931623931624	0.282247863247863	0.205282051282051	0.135495726495726	0.0895854700854701	0.0653333333333333	0.222055555555556	0	0	0	0	0	0	0	0	0	0	0	0	0	0	0	0	0	0	0	0	0	
27122	1744	214	0.040529914529914	0.306730769230769	0.18484188034188	0.150517094017094	0.083474358974359	0.0615	0.212935897435897	0	0	0	0	0	0	0	0	0	0	0	0	0	0	0	0	0	0	0	0	0	
88623	3073	100	0.0408547008547017	0.281299145299145	0.187628205128205	0.138970085470085	0.091542735042735	0.0608418803418803	0.239717948717949	0	0	0	0	0	0	0	0	0	0	0	0	0	0	0	0	0	0	0	0	0	
32400	3674	123	0.0409487179487208	0.30057264957265	0.192290598290598	0.123145299145299	0.0912606837606838	0.061034188034188	0.231696581196581	0	0	0	0	0	0	0	0	0	0	0	0	0	0	0	0	0	0	0	0	0	
77411	4035	105	0.0409743589743579	0.292666666666667	0.201102564102564	0.138649572649573	0.0904059829059829	0.068982905982906	0.208192307692308	0	0	0	0	0	0	0	0	0	0	0	0	0	0	0	0	0	0	0	0	0	
53011	4092	120	0.0412307692307694	0.300354700854701	0.203119658119658	0.13782905982906	0.0864401709401709	0.0657649572649573	0.206491452991453	0	0	0	0	0	0	0	0	0	0	0	0	0	0	0	0	0	0	0	0	0	
44288	6997	69	0.0413333333333342	0.301918803418803	0.184290598290598	0.12991452991453	0.0901025641025641	0.0578547008547009	0.235918803418803	0	0	0	0	0	0	0	0	0	0	0	0	0	0	0	0	0	0	0	0	0	
42246	4849	97	0.0416752136752148	0.297739316239316	0.189811965811966	0.128166666666667	0.0793589743589744	0.0647051282051282	0.240217948717949	0	0	0	0	0	0	0	0	0	0	0	0	0	0	0	0	0	0	0	0	0	
50199	2862	126	0.0417179487179465	0.292534188034188	0.194294871794872	0.155179487179487	0.0860683760683761	0.0628675213675214	0.209055555555556	0	0	0	0	0	0	0	0	0	0	0	0	0	0	0	0	0	0	0	0	0	
23262	1565	365	0.0418376068376053	0.295196581196581	0.196213675213675	0.130632478632479	0.0860512820512821	0.0561153846153846	0.235790598290598	0	0	0	0	0	0	0	0	0	0	0	0	0	0	0	0	0	0	0	0	0	
88052	3237	99	0.0418376068376091	0.280153846153846	0.201115384615385	0.135910256410256	0.0905042735042735	0.0689871794871795	0.22332905982906	0	0	0	0	0	0	0	0	0	0	0	0	0	0	0	0	0	0	0	0	0	
23958	4517	142	0.0418888888888909	0.30857264957265	0.18167094017094	0.132905982905983	0.0906196581196581	0.0572051282051282	0.229025641025641	0	0	0	0	0	0	0	0	0	0	0	0	0	0	0	0	0	0	0	0	0	
57786	4876	95	0.0419572649572661	0.277739316239316	0.200739316239316	0.138264957264957	0.0902222222222222	0.0658717948717949	0.227162393162393	0	0	0	0	0	0	0	0	0	0	0	0	0	0	0	0	0	0	0	0	0	
36300	5039	105	0.0419829059829057	0.308696581196581	0.186495726495726	0.123777777777778	0.0857564102564103	0.063525641025641	0.231747863247863	0	0	0	0	0	0	0	0	0	0	0	0	0	0	0	0	0	0	0	0	0	
43690	5318	87	0.0420512820512829	0.298004273504273	0.181837606837607	0.129132478632479	0.0970683760683761	0.0607307692307692	0.233226495726496	0	0	0	0	0	0	0	0	0	0	0	0	0	0	0	0	0	0	0	0	0	
52513	5457	81	0.0421965811965803	0.29782905982906	0.186200854700855	0.127089743589744	0.083982905982906	0.0621752136752137	0.242722222222222	0	0	0	0	0	0	0	0	0	0	0	0	0	0	0	0	0	0	0	0	0	
99269	3386	113	0.0423076923076931	0.287230769230769	0.197132478632479	0.138179487179487	0.0958461538461538	0.0681794871794872	0.213431623931624	0	0	0	0	0	0	0	0	0	0	0	0	0	0	0	0	0	0	0	0	0	
30677	1129	348	0.0425299145299134	0.292286324786325	0.209337606837607	0.134504273504273	0.0847435897435897	0.0619316239316239	0.217196581196581	0	0	0	0	0	0	0	0	0	0	0	0	0	0	0	0	0	0	0	0	0	
75394	4864	86	0.0426581196581195	0.30525641025641	0.1815	0.13125641025641	0.0863461538461539	0.0601153846153846	0.235525641025641	0	0	0	0	0	0	0	0	0	0	0	0	0	0	0	0	0	0	0	0	0	
98760	7903	51	0.0427606837606859	0.291397435897436	0.193012820512821	0.124205128205128	0.0895555555555556	0.0662564102564103	0.23557264957265	0	0	0	0	0	0	0	0	0	0	0	0	0	0	0	0	0	0	0	0	0	
77695	4473	94	0.0428632478632482	0.289273504273504	0.199884615384615	0.126277777777778	0.0922606837606838	0.0674188034188034	0.224884615384615	0	0	0	0	0	0	0	0	0	0	0	0	0	0	0	0	0	0	0	0	0	
61206	5163	67	0.043239316239316	0.286012820512821	0.186128205128205	0.131294871794872	0.0900598290598291	0.0703547008547009	0.236149572649573	0	0	0	0	0	0	0	0	0	0	0	0	0	0	0	0	0	0	0	0	0	
45603	4314	89	0.0432564102564109	0.295820512820513	0.204709401709402	0.12684188034188	0.0922264957264957	0.0646965811965812	0.215705128205128	0	0	0	0	0	0	0	0	0	0	0	0	0	0	0	0	0	0	0	0	0	
97201	4086	101	0.0434188034188036	0.294235042735043	0.20107264957265	0.13434188034188	0.0965299145299145	0.062034188034188	0.211786324786325	0	0	0	0	0	0	0	0	0	0	0	0	0	0	0	0	0	0	0	0	0	
41890	1576	174	0.0436666666666655	0.288974358974359	0.20607264957265	0.140692307692308	0.0858333333333333	0.0677948717948718	0.210632478632479	0	0	0	0	0	0	0	0	0	0	0	0	0	0	0	0	0	0	0	0	0	
33979	3204	131	0.0438717948717955	0.287632478632479	0.202380341880342	0.136111111111111	0.0939102564102564	0.0554145299145299	0.224551282051282	0	0	0	0	0	0	0	0	0	0	0	0	0	0	0	0	0	0	0	0	0	
70941	5752	90	0.0438803418803423	0.299649572649573	0.205277777777778	0.13991452991453	0.0818205128205128	0.0656367521367521	0.207700854700855	0	0	0	0	0	0	0	0	0	0	0	0	0	0	0	0	0	0	0	0	0	
63416	2330	117	0.0441880341880348	0.274346153846154	0.200299145299145	0.14167094017094	0.0924273504273504	0.0673760683760684	0.223880341880342	0	0	0	0	0	0	0	0	0	0	0	0	0	0	0	0	0	0	0	0	0	
88529	6820	78	0.0442991452991454	0.303820512820513	0.20284188034188	0.137247863247863	0.0875470085470085	0.0635598290598291	0.204982905982906	0	0	0	0	0	0	0	0	0	0	0	0	0	0	0	0	0	0	0	0	0	
48271	6150	88	0.0442991452991458	0.312679487179487	0.185773504273504	0.121952991452991	0.0865598290598291	0.0688974358974359	0.224136752136752	0	0	0	0	0	0	0	0	0	0	0	0	0	0	0	0	0	0	0	0	0	
42474	4673	91	0.0445299145299132	0.291722222222222	0.198358974358974	0.126555555555556	0.0870384615384615	0.0613333333333333	0.234991452991453	0	0	0	0	0	0	0	0	0	0	0	0	0	0	0	0	0	0	0	0	0	
96370	6427	76	0.0447777777777794	0.298897435897436	0.20265811965812	0.127200854700855	0.0787735042735043	0.0672008547008547	0.225269230769231	0	0	0	0	0	0	0	0	0	0	0	0	0	0	0	0	0	0	0	0	0	
48297	3241	121	0.0447863247863251	0.288405982905983	0.204252136752137	0.1355	0.0931282051282051	0.065017094017094	0.213696581196581	0	0	0	0	0	0	0	0	0	0	0	0	0	0	0	0	0	0	0	0	0	
58740	3264	120	0.0449059829059842	0.29784188034188	0.199478632478632	0.131423076923077	0.0894615384615385	0.0721153846153846	0.209679487179487	0	0	0	0	0	0	0	0	0	0	0	0	0	0	0	0	0	0	0	0	0	
50385	3525	115	0.0449572649572649	0.287247863247863	0.20492735042735	0.132944444444444	0.0934444444444444	0.0629700854700855	0.218465811965812	0	0	0	0	0	0	0	0	0	0	0	0	0	0	0	0	0	0	0	0	0	
37276	4717	106	0.0451538461538466	0.294833333333333	0.189641025641026	0.129094017094017	0.0815299145299145	0.0608803418803419	0.244021367521368	0	0	0	0	0	0	0	0	0	0	0	0	0	0	0	0	0	0	0	0	0	
59367	4259	109	0.0452905982906	0.30542735042735	0.196692307692308	0.12917094017094	0.0928589743589744	0.0618675213675214	0.213982905982906	0	0	0	0	0	0	0	0	0	0	0	0	0	0	0	0	0	0	0	0	0	
22220	2627	157	0.0454700854700858	0.292944444444444	0.182957264957265	0.134542735042735	0.0887478632478633	0.0559871794871795	0.244820512820513	0	0	0	0	0	0	0	0	0	0	0	0	0	0	0	0	0	0	0	0	0	
53412	4055	112	0.0457521367521365	0.280517094017094	0.193641025641026	0.142145299145299	0.0808675213675214	0.0753974358974359	0.227431623931624	0	0	0	0	0	0	0	0	0	0	0	0	0	0	0	0	0	0	0	0	0	
23919	1778	353	0.0457521367521377	0.301205128205128	0.191901709401709	0.120773504273504	0.0867008547008547	0.0621239316239316	0.237294871794872	0	0	0	0	0	0	0	0	0	0	0	0	0	0	0	0	0	0	0	0	0	
53199	9127	62	0.0459829059829059	0.308965811965812	0.180153846153846	0.132824786324786	0.0877905982905983	0.0567863247863248	0.233478632478632	0	0	0	0	0	0	0	0	0	0	0	0	0	0	0	0	0	0	0	0	0	
20870	5914	127	0.0461282051282053	0.303662393162393	0.186286324786325	0.129970085470085	0.0832051282051282	0.0580213675213675	0.238854700854701	0	0	0	0	0	0	0	0	0	0	0	0	0	0	0	0	0	0	0	0	0	
42484	6724	90	0.0461709401709402	0.315021367521368	0.192576923076923	0.126598290598291	0.0852350427350427	0.0635683760683761	0.217	0	0	0	0	0	0	0	0	0	0	0	0	0	0	0	0	0	0	0	0	0	
51592	6092	83	0.0463076923076913	0.316961538461538	0.180388888888889	0.128854700854701	0.0842564102564103	0.0638931623931624	0.225645299145299	0	0	0	0	0	0	0	0	0	0	0	0	0	0	0	0	0	0	0	0	0	
85768	6227	73	0.0463247863247853	0.30625641025641	0.201418803418803	0.128589743589744	0.0822094017094017	0.063465811965812	0.218059829059829	0	0	0	0	0	0	0	0	0	0	0	0	0	0	0	0	0	0	0	0	0	
51149	7554	74	0.0463675213675196	0.319623931623932	0.186038461538462	0.139209401709402	0.0843717948717949	0.0525213675213675	0.218235042735043	0	0	0	0	0	0	0	0	0	0	0	0	0	0	0	0	0	0	0	0	0	
33497	1574	170	0.0465641025641	0.288106837606838	0.211354700854701	0.132811965811966	0.0861709401709402	0.0629316239316239	0.218623931623932	0	0	0	0	0	0	0	0	0	0	0	0	0	0	0	0	0	0	0	0	0	
37362	3268	133	0.0466837606837605	0.277529914529915	0.204982905982906	0.140217948717949	0.092465811965812	0.0600042735042735	0.224799145299145	0	0	0	0	0	0	0	0	0	0	0	0	0	0	0	0	0	0	0	0	0	
89563	7960	67	0.0467435897435909	0.312538461538462	0.195346153846154	0.126944444444444	0.085508547008547	0.0571367521367521	0.222525641025641	0	0	0	0	0	0	0	0	0	0	0	0	0	0	0	0	0	0	0	0	0	
22907	3240	165	0.0469316239316236	0.310205128205128	0.185380341880342	0.132282051282051	0.0868418803418803	0.0525769230769231	0.232713675213675	0	0	0	0	0	0	0	0	0	0	0	0	0	0	0	0	0	0	0	0	0	
85829	5230	87	0.0470683760683761	0.308149572649573	0.199735042735043	0.140705128205128	0.0849102564102564	0.0575042735042735	0.208995726495727	0	0	0	0	0	0	0	0	0	0	0	0	0	0	0	0	0	0	0	0	0	
91498	2080	130	0.047256410256411	0.29267094017094	0.200166666666667	0.14041452991453	0.0966837606837607	0.0667820512820513	0.203282051282051	0	0	0	0	0	0	0	0	0	0	0	0	0	0	0	0	0	0	0	0	0	
85588	3028	116	0.0474102564102562	0.296401709401709	0.205269230769231	0.126393162393162	0.0818974358974359	0.0706196581196581	0.219418803418803	0	0	0	0	0	0	0	0	0	0	0	0	0	0	0	0	0	0	0	0	0	
29155	1399	280	0.0474786324786327	0.302777777777778	0.205474358974359	0.136628205128205	0.0811196581196581	0.0576709401709402	0.21632905982906	0	0	0	0	0	0	0	0	0	0	0	0	0	0	0	0	0	0	0	0	0	
71868	7436	63	0.0477948717948717	0.309636752136752	0.177782051282051	0.135594017094017	0.0792777777777778	0.0639957264957265	0.233713675213675	0	0	0	0	0	0	0	0	0	0	0	0	0	0	0	0	0	0	0	0	0	
99275	2538	108	0.0479145299145295	0.276286324786325	0.203034188034188	0.140320512820513	0.0941794871794872	0.0667478632478632	0.219431623931624	0	0	0	0	0	0	0	0	0	0	0	0	0	0	0	0	0	0	0	0	0	
24231	1418	266	0.0479743589743605	0.300457264957265	0.202700854700855	0.145247863247863	0.0731623931623932	0.0547820512820513	0.223649572649573	0	0	0	0	0	0	0	0	0	0	0	0	0	0	0	0	0	0	0	0	0	
61852	3541	114	0.0479999999999995	0.306188034188034	0.200713675213675	0.142153846153846	0.0855598290598291	0.0533247863247863	0.212059829059829	0	0	0	0	0	0	0	0	0	0	0	0	0	0	0	0	0	0	0	0	0	
