10551	0.00650427350427268	0.260726495726496	0.158935897435897	0.0994273504273504	0.0698076923076923	0.0536153846153846	0.35748717948718	0	0	0	0	0	0	0	0	0	0	0	0	0	0	0	0	0	0	0	0	0	
11089	0.00937606837606918	0.26042735042735	0.161568376068376	0.0953119658119658	0.0694059829059829	0.0518717948717949	0.36141452991453	0	0	0	0	0	0	0	0	0	0	0	0	0	0	0	0	0	0	0	0	0	
9946	0.0100341880341872	0.2605	0.162594017094017	0.0998205128205128	0.067974358974359	0.0529700854700855	0.356141025641026	0	0	0	0	0	0	0	0	0	0	0	0	0	0	0	0	0	0	0	0	0	
10091	0.0114102564102552	0.261299145299145	0.159555555555556	0.100431623931624	0.0738076923076923	0.0491025641025641	0.355803418803419	0	0	0	0	0	0	0	0	0	0	0	0	0	0	0	0	0	0	0	0	0	
10441	0.0118888888888884	0.264799145299145	0.160029914529915	0.10025641025641	0.0701538461538461	0.0514700854700855	0.353290598290598	0	0	0	0	0	0	0	0	0	0	0	0	0	0	0	0	0	0	0	0	0	
8366	0.0130854700854706	0.257470085470085	0.158931623931624	0.0986025641025641	0.0732008547008547	0.0497051282051282	0.362089743589744	0	0	0	0	0	0	0	0	0	0	0	0	0	0	0	0	0	0	0	0	0	
10225	0.0145384615384625	0.258290598290598	0.158457264957265	0.0958589743589744	0.0731153846153846	0.0532564102564103	0.361021367521368	0	0	0	0	0	0	0	0	0	0	0	0	0	0	0	0	0	0	0	0	0	
11170	0.0147692307692302	0.263444444444444	0.161918803418803	0.101175213675214	0.0712564102564103	0.0506025641025641	0.351602564102564	0	0	0	0	0	0	0	0	0	0	0	0	0	0	0	0	0	0	0	0	0	
9842	0.0148888888888893	0.260611111111111	0.160752136752137	0.0973290598290598	0.0714273504273504	0.0576581196581197	0.352222222222222	0	0	0	0	0	0	0	0	0	0	0	0	0	0	0	0	0	0	0	0	0	
10094	0.0159999999999996	0.261358974358974	0.160935897435897	0.100200854700855	0.0656538461538462	0.0481623931623932	0.363688034188034	0	0	0	0	0	0	0	0	0	0	0	0	0	0	0	0	0	0	0	0	0	
9463	0.0161965811965813	0.261226495726496	0.161290598290598	0.0994230769230769	0.0731923076923077	0.0546581196581197	0.350209401709402	0	0	0	0	0	0	0	0	0	0	0	0	0	0	0	0	0	0	0	0	0	
10350	0.0168547008547007	0.257854700854701	0.157239316239316	0.097017094017094	0.0730726495726496	0.0571709401709402	0.357645299145299	0	0	0	0	0	0	0	0	0	0	0	0	0	0	0	0	0	0	0	0	0	
9950	0.0170854700854702	0.261508547008547	0.158213675213675	0.10234188034188	0.0660769230769231	0.0552735042735043	0.35658547008547	0	0	0	0	0	0	0	0	0	0	0	0	0	0	0	0	0	0	0	0	0	
10089	0.0179316239316237	0.265952991452991	0.154363247863248	0.0968547008547009	0.0737991452991453	0.0501837606837607	0.358846153846154	0	0	0	0	0	0	0	0	0	0	0	0	0	0	0	0	0	0	0	0	0	
10590	0.0180512820512804	0.260790598290598	0.160055555555556	0.101384615384615	0.0766837606837607	0.0462478632478633	0.354837606837607	0	0	0	0	0	0	0	0	0	0	0	0	0	0	0	0	0	0	0	0	0	
9703	0.0182307692307689	0.262363247863248	0.157098290598291	0.0948931623931624	0.0780769230769231	0.0508461538461538	0.356722222222222	0	0	0	0	0	0	0	0	0	0	0	0	0	0	0	0	0	0	0	0	0	
11372	0.0183162393162381	0.258709401709402	0.162213675213675	0.0977179487179487	0.0761068376068376	0.0532307692307692	0.352021367521368	0	0	0	0	0	0	0	0	0	0	0	0	0	0	0	0	0	0	0	0	0	
10221	0.018333333333333	0.265705128205128	0.156038461538462	0.0994700854700855	0.0659059829059829	0.0519273504273504	0.360952991452991	0	0	0	0	0	0	0	0	0	0	0	0	0	0	0	0	0	0	0	0	0	
9461	0.0186239316239325	0.258380341880342	0.158910256410256	0.104606837606838	0.0652991452991453	0.0533205128205128	0.359482905982906	0	0	0	0	0	0	0	0	0	0	0	0	0	0	0	0	0	0	0	0	0	
9236	0.019136752136752	0.261239316239316	0.164123931623932	0.0953717948717949	0.0761068376068376	0.0451752136752137	0.357982905982906	0	0	0	0	0	0	0	0	0	0	0	0	0	0	0	0	0	0	0	0	0	
9478	0.0193418803418798	0.25865811965812	0.156683760683761	0.0948632478632479	0.0718504273504273	0.0548931623931624	0.363051282051282	0	0	0	0	0	0	0	0	0	0	0	0	0	0	0	0	0	0	0	0	0	
9922	0.0197521367521367	0.260200854700855	0.154867521367521	0.0985641025641026	0.066957264957265	0.0601452991452991	0.359264957264957	0	0	0	0	0	0	0	0	0	0	0	0	0	0	0	0	0	0	0	0	0	
10481	0.0198888888888887	0.259491452991453	0.169739316239316	0.0992606837606838	0.0659059829059829	0.0513119658119658	0.354290598290598	0	0	0	0	0	0	0	0	0	0	0	0	0	0	0	0	0	0	0	0	0	
10815	0.0200256410256403	0.261636752136752	0.16825641025641	0.0999957264957265	0.0696923076923077	0.0484615384615385	0.351957264957265	0	0	0	0	0	0	0	0	0	0	0	0	0	0	0	0	0	0	0	0	0	
10182	0.0202307692307691	0.258282051282051	0.153863247863248	0.10282905982906	0.0756794871794872	0.0519316239316239	0.35741452991453	0	0	0	0	0	0	0	0	0	0	0	0	0	0	0	0	0	0	0	0	0	
10247	0.0202735042735044	0.262106837606838	0.163722222222222	0.0970641025641026	0.071025641025641	0.056465811965812	0.349615384615385	0	0	0	0	0	0	0	0	0	0	0	0	0	0	0	0	0	0	0	0	0	
11047	0.0204188034188031	0.258307692307692	0.165363247863248	0.0993675213675214	0.0726410256410256	0.0537393162393162	0.350581196581197	0	0	0	0	0	0	0	0	0	0	0	0	0	0	0	0	0	0	0	0	0	
10125	0.0204786324786321	0.26717094017094	0.154769230769231	0.0955384615384615	0.0708589743589744	0.0498205128205128	0.36184188034188	0	0	0	0	0	0	0	0	0	0	0	0	0	0	0	0	0	0	0	0	0	
10431	0.0205897435897433	0.266645299145299	0.15565811965812	0.0996495726495727	0.070042735042735	0.0545811965811966	0.353423076923077	0	0	0	0	0	0	0	0	0	0	0	0	0	0	0	0	0	0	0	0	0	
9252	0.020923076923077	0.260282051282051	0.15808547008547	0.0963504273504274	0.0652307692307692	0.0576068376068376	0.362444444444444	0	0	0	0	0	0	0	0	0	0	0	0	0	0	0	0	0	0	0	0	0	
10969	0.020948717948719	0.260487179487179	0.152017094017094	0.0992478632478632	0.0689230769230769	0.0531581196581197	0.366166666666667	0	0	0	0	0	0	0	0	0	0	0	0	0	0	0	0	0	0	0	0	0	
9565	0.0209914529914542	0.265106837606838	0.150081196581197	0.102286324786325	0.0711239316239316	0.0516239316239316	0.359777777777778	0	0	0	0	0	0	0	0	0	0	0	0	0	0	0	0	0	0	0	0	0	
9759	0.0212735042735044	0.256641025641026	0.156470085470085	0.106363247863248	0.0722521367521368	0.0489017094017094	0.359371794871795	0	0	0	0	0	0	0	0	0	0	0	0	0	0	0	0	0	0	0	0	0	
9405	0.0212905982905984	0.25708547008547	0.15684188034188	0.095457264957265	0.0737393162393162	0.0587222222222222	0.358153846153846	0	0	0	0	0	0	0	0	0	0	0	0	0	0	0	0	0	0	0	0	0	
10726	0.0212905982905994	0.258594017094017	0.154478632478632	0.0977435897435897	0.0689487179487179	0.060525641025641	0.359709401709402	0	0	0	0	0	0	0	0	0	0	0	0	0	0	0	0	0	0	0	0	0	
10161	0.0219487179487187	0.261025641025641	0.149602564102564	0.0990769230769231	0.0736794871794872	0.0534017094017094	0.363213675213675	0	0	0	0	0	0	0	0	0	0	0	0	0	0	0	0	0	0	0	0	0	
9923	0.0225213675213671	0.254683760683761	0.159042735042735	0.0986923076923077	0.078474358974359	0.0544188034188034	0.354688034188034	0	0	0	0	0	0	0	0	0	0	0	0	0	0	0	0	0	0	0	0	0	
9650	0.0227521367521371	0.261470085470085	0.14941452991453	0.0982948717948718	0.0723888888888889	0.052542735042735	0.365888888888889	0	0	0	0	0	0	0	0	0	0	0	0	0	0	0	0	0	0	0	0	0	
9787	0.0228974358974366	0.265205128205128	0.150615384615385	0.098991452991453	0.0690470085470085	0.0521282051282051	0.364012820512821	0	0	0	0	0	0	0	0	0	0	0	0	0	0	0	0	0	0	0	0	0	
9921	0.0233589743589738	0.266119658119658	0.153209401709402	0.0977948717948718	0.0732820512820513	0.0476837606837607	0.361910256410256	0	0	0	0	0	0	0	0	0	0	0	0	0	0	0	0	0	0	0	0	0	
10160	0.0237008547008547	0.253457264957265	0.157628205128205	0.101183760683761	0.0708547008547009	0.0497136752136752	0.367162393162393	0	0	0	0	0	0	0	0	0	0	0	0	0	0	0	0	0	0	0	0	0	
9675	0.0238803418803411	0.269833333333333	0.159346153846154	0.0988547008547009	0.0646025641025641	0.0538333333333333	0.353529914529915	0	0	0	0	0	0	0	0	0	0	0	0	0	0	0	0	0	0	0	0	0	
10005	0.0243589743589742	0.262470085470085	0.165824786324786	0.102529914529915	0.0717649572649573	0.0505512820512821	0.346858974358974	0	0	0	0	0	0	0	0	0	0	0	0	0	0	0	0	0	0	0	0	0	
9798	0.0247948717948716	0.269465811965812	0.15982905982906	0.0992350427350427	0.072957264957265	0.0518547008547009	0.34665811965812	0	0	0	0	0	0	0	0	0	0	0	0	0	0	0	0	0	0	0	0	0	
9629	0.0248547008546999	0.260440170940171	0.154568376068376	0.1005	0.0676923076923077	0.0617179487179487	0.355081196581197	0	0	0	0	0	0	0	0	0	0	0	0	0	0	0	0	0	0	0	0	0	
10397	0.0249743589743594	0.259568376068376	0.149901709401709	0.108222222222222	0.0711025641025641	0.0506923076923077	0.360512820512821	0	0	0	0	0	0	0	0	0	0	0	0	0	0	0	0	0	0	0	0	0	
10328	0.0252051282051274	0.260183760683761	0.151717948717949	0.100833333333333	0.0673974358974359	0.0583162393162393	0.361551282051282	0	0	0	0	0	0	0	0	0	0	0	0	0	0	0	0	0	0	0	0	0	
10804	0.0252564102564102	0.259059829059829	0.151538461538462	0.0966495726495726	0.0723931623931624	0.0598846153846154	0.360474358974359	0	0	0	0	0	0	0	0	0	0	0	0	0	0	0	0	0	0	0	0	0	
10698	0.0254871794871803	0.271076923076923	0.153623931623932	0.0995598290598291	0.0647435897435897	0.0524316239316239	0.358564102564103	0	0	0	0	0	0	0	0	0	0	0	0	0	0	0	0	0	0	0	0	0	
8937	0.0255641025641029	0.260358974358974	0.151854700854701	0.0962264957264957	0.0724017094017094	0.0621965811965812	0.356961538461538	0	0	0	0	0	0	0	0	0	0	0	0	0	0	0	0	0	0	0	0	0	
10296	0.0255811965811976	0.251987179487179	0.164145299145299	0.102132478632479	0.0728846153846154	0.0472948717948718	0.361555555555556	0	0	0	0	0	0	0	0	0	0	0	0	0	0	0	0	0	0	0	0	0	
10231	0.0257606837606829	0.258380341880342	0.160448717948718	0.0938333333333333	0.0768846153846154	0.0578119658119658	0.352641025641026	0	0	0	0	0	0	0	0	0	0	0	0	0	0	0	0	0	0	0	0	0	
9571	0.0259401709401713	0.264901709401709	0.155474358974359	0.0906410256410256	0.0756923076923077	0.0542136752136752	0.359076923076923	0	0	0	0	0	0	0	0	0	0	0	0	0	0	0	0	0	0	0	0	0	
10808	0.026076923076922	0.270935897435897	0.16208547008547	0.0998931623931624	0.0682521367521367	0.0512094017094017	0.347623931623932	0	0	0	0	0	0	0	0	0	0	0	0	0	0	0	0	0	0	0	0	0	
10152	0.0260854700854697	0.260897435897436	0.153008547008547	0.102876068376068	0.0674529914529915	0.0488888888888889	0.366876068376068	0	0	0	0	0	0	0	0	0	0	0	0	0	0	0	0	0	0	0	0	0	
10349	0.0263162393162395	0.264769230769231	0.147709401709402	0.0988247863247863	0.0747393162393162	0.050991452991453	0.362965811965812	0	0	0	0	0	0	0	0	0	0	0	0	0	0	0	0	0	0	0	0	0	
10536	0.0263760683760681	0.260739316239316	0.164944444444444	0.0929957264957265	0.0707905982905983	0.0436581196581197	0.366871794871795	0	0	0	0	0	0	0	0	0	0	0	0	0	0	0	0	0	0	0	0	0	
9766	0.026376068376069	0.251534188034188	0.168213675213675	0.0981709401709402	0.0669401709401709	0.0521367521367521	0.363004273504274	0	0	0	0	0	0	0	0	0	0	0	0	0	0	0	0	0	0	0	0	0	
10312	0.0263931623931619	0.259141025641026	0.152811965811966	0.0991324786324786	0.0667521367521367	0.056542735042735	0.365619658119658	0	0	0	0	0	0	0	0	0	0	0	0	0	0	0	0	0	0	0	0	0	
9791	0.0267179487179484	0.260196581196581	0.151628205128205	0.0973247863247863	0.0758504273504274	0.0593247863247863	0.355675213675214	0	0	0	0	0	0	0	0	0	0	0	0	0	0	0	0	0	0	0	0	0	
9731	0.0267863247863234	0.268222222222222	0.154649572649573	0.104470085470085	0.0643974358974359	0.0502264957264957	0.358034188034188	0	0	0	0	0	0	0	0	0	0	0	0	0	0	0	0	0	0	0	0	0	
10325	0.0268205128205131	0.260333333333333	0.157448717948718	0.106717948717949	0.0609059829059829	0.056482905982906	0.358111111111111	0	0	0	0	0	0	0	0	0	0	0	0	0	0	0	0	0	0	0	0	0	
10694	0.0275726495726506	0.263863247863248	0.163012820512821	0.0995470085470085	0.0694444444444444	0.0585213675213675	0.345611111111111	0	0	0	0	0	0	0	0	0	0	0	0	0	0	0	0	0	0	0	0	0	
10463	0.0277521367521358	0.274653846153846	0.15424358974359	0.0955128205128205	0.0705470085470085	0.0507820512820513	0.354260683760684	0	0	0	0	0	0	0	0	0	0	0	0	0	0	0	0	0	0	0	0	0	
10982	0.0278034188034194	0.266769230769231	0.156850427350427	0.106431623931624	0.0673076923076923	0.0493418803418803	0.353299145299145	0	0	0	0	0	0	0	0	0	0	0	0	0	0	0	0	0	0	0	0	0	
9382	0.0278034188034196	0.254205128205128	0.161115384615385	0.0980726495726496	0.0762777777777778	0.0589017094017094	0.35142735042735	0	0	0	0	0	0	0	0	0	0	0	0	0	0	0	0	0	0	0	0	0	
10054	0.0278376068376077	0.262354700854701	0.158824786324786	0.0884871794871795	0.0753717948717949	0.0587991452991453	0.356162393162393	0	0	0	0	0	0	0	0	0	0	0	0	0	0	0	0	0	0	0	0	0	
11122	0.0278803418803425	0.263901709401709	0.162717948717949	0.0991111111111111	0.0714401709401709	0.0584615384615385	0.344367521367521	0	0	0	0	0	0	0	0	0	0	0	0	0	0	0	0	0	0	0	0	0	
10165	0.0279059829059823	0.256089743589744	0.158405982905983	0.0990940170940171	0.0648931623931624	0.0646495726495726	0.356867521367521	0	0	0	0	0	0	0	0	0	0	0	0	0	0	0	0	0	0	0	0	0	
9617	0.0280512820512828	0.262790598290598	0.152918803418803	0.0926666666666667	0.070008547008547	0.0540213675213675	0.367594017094017	0	0	0	0	0	0	0	0	0	0	0	0	0	0	0	0	0	0	0	0	0	
9358	0.028076923076924	0.261457264957265	0.149991452991453	0.0960384615384615	0.0695512820512821	0.0536410256410256	0.369320512820513	0	0	0	0	0	0	0	0	0	0	0	0	0	0	0	0	0	0	0	0	0	
11099	0.0283247863247862	0.263042735042735	0.160547008547009	0.103547008547009	0.0709487179487179	0.0577393162393162	0.344175213675214	0	0	0	0	0	0	0	0	0	0	0	0	0	0	0	0	0	0	0	0	0	
10163	0.0286410256410241	0.25774358974359	0.161	0.0921538461538462	0.0844316239316239	0.0490641025641026	0.355606837606838	0	0	0	0	0	0	0	0	0	0	0	0	0	0	0	0	0	0	0	0	0	
9616	0.02876923076923	0.262393162393162	0.152897435897436	0.105884615384615	0.0759401709401709	0.0488803418803419	0.354004273504273	0	0	0	0	0	0	0	0	0	0	0	0	0	0	0	0	0	0	0	0	0	
10453	0.0288290598290601	0.260320512820513	0.150982905982906	0.100474358974359	0.0661837606837607	0.0573034188034188	0.364735042735043	0	0	0	0	0	0	0	0	0	0	0	0	0	0	0	0	0	0	0	0	0	
10095	0.0288547008547018	0.261350427350427	0.148196581196581	0.0969017094017094	0.0700940170940171	0.0533076923076923	0.370149572649573	0	0	0	0	0	0	0	0	0	0	0	0	0	0	0	0	0	0	0	0	0	
10514	0.0289059829059836	0.255987179487179	0.153196581196581	0.106175213675214	0.0682649572649573	0.0514316239316239	0.364944444444444	0	0	0	0	0	0	0	0	0	0	0	0	0	0	0	0	0	0	0	0	0	
9460	0.0290940170940166	0.265619658119658	0.169367521367521	0.0934273504273504	0.0652264957264957	0.0522094017094017	0.354149572649573	0	0	0	0	0	0	0	0	0	0	0	0	0	0	0	0	0	0	0	0	0	
9102	0.0292649572649583	0.271200854700855	0.154679487179487	0.0927905982905983	0.0713803418803419	0.0482649572649573	0.361683760683761	0	0	0	0	0	0	0	0	0	0	0	0	0	0	0	0	0	0	0	0	0	
10466	0.0294273504273507	0.250568376068376	0.167991452991453	0.0979273504273504	0.0666239316239316	0.0522008547008547	0.364688034188034	0	0	0	0	0	0	0	0	0	0	0	0	0	0	0	0	0	0	0	0	0	
9935	0.0294529914529915	0.255517094017094	0.152136752136752	0.0974957264957265	0.0716666666666667	0.0552820512820513	0.367901709401709	0	0	0	0	0	0	0	0	0	0	0	0	0	0	0	0	0	0	0	0	0	
10897	0.0294786324786321	0.265576923076923	0.153235042735043	0.10191452991453	0.0686752136752137	0.0578290598290598	0.352769230769231	0	0	0	0	0	0	0	0	0	0	0	0	0	0	0	0	0	0	0	0	0	
9815	0.0295982905982913	0.271222222222222	0.152764957264957	0.0915213675213675	0.0727820512820513	0.0524529914529915	0.35925641025641	0	0	0	0	0	0	0	0	0	0	0	0	0	0	0	0	0	0	0	0	0	
9727	0.0297179487179487	0.262850427350427	0.157282051282051	0.0986581196581197	0.0787136752136752	0.0557521367521367	0.34674358974359	0	0	0	0	0	0	0	0	0	0	0	0	0	0	0	0	0	0	0	0	0	
10810	0.0298461538461539	0.266777777777778	0.153064102564103	0.0913376068376068	0.0757051282051282	0.0550470085470085	0.358068376068376	0	0	0	0	0	0	0	0	0	0	0	0	0	0	0	0	0	0	0	0	0	
10095	0.0299401709401711	0.253709401709402	0.160542735042735	0.106183760683761	0.0713846153846154	0.0577264957264957	0.350452991452991	0	0	0	0	0	0	0	0	0	0	0	0	0	0	0	0	0	0	0	0	0	
11686	0.0299999999999995	0.253179487179487	0.165350427350427	0.105474358974359	0.0662777777777778	0.0481495726495726	0.361568376068376	0	0	0	0	0	0	0	0	0	0	0	0	0	0	0	0	0	0	0	0	0	
10619	0.0300598290598286	0.269405982905983	0.155504273504274	0.0937735042735043	0.0692564102564103	0.0473376068376068	0.364722222222222	0	0	0	0	0	0	0	0	0	0	0	0	0	0	0	0	0	0	0	0	0	
10205	0.0301794871794866	0.269807692307692	0.145581196581197	0.101833333333333	0.0725470085470085	0.052017094017094	0.358213675213675	0	0	0	0	0	0	0	0	0	0	0	0	0	0	0	0	0	0	0	0	0	
10489	0.0303247863247866	0.252333333333333	0.153871794871795	0.0997777777777778	0.0764273504273504	0.0574017094017094	0.360188034188034	0	0	0	0	0	0	0	0	0	0	0	0	0	0	0	0	0	0	0	0	0	
9871	0.0306068376068379	0.245487179487179	0.16417094017094	0.100799145299145	0.0709615384615385	0.0544017094017094	0.364179487179487	0	0	0	0	0	0	0	0	0	0	0	0	0	0	0	0	0	0	0	0	0	
8984	0.0306068376068383	0.260675213675214	0.163047008547009	0.0833205128205128	0.0770470085470085	0.0537179487179487	0.362192307692308	0	0	0	0	0	0	0	0	0	0	0	0	0	0	0	0	0	0	0	0	0	
10784	0.0306239316239323	0.267944444444444	0.159487179487179	0.0917307692307692	0.0718076923076923	0.0438376068376068	0.365192307692308	0	0	0	0	0	0	0	0	0	0	0	0	0	0	0	0	0	0	0	0	0	
10690	0.0307521367521375	0.269235042735043	0.152777777777778	0.102521367521368	0.0641623931623932	0.0542008547008547	0.357102564102564	0	0	0	0	0	0	0	0	0	0	0	0	0	0	0	0	0	0	0	0	0	
9278	0.0307606837606834	0.259905982905983	0.147777777777778	0.100115384615385	0.0724615384615385	0.0495854700854701	0.370153846153846	0	0	0	0	0	0	0	0	0	0	0	0	0	0	0	0	0	0	0	0	0	
9791	0.0307692307692313	0.268871794871795	0.158739316239316	0.0923376068376068	0.0749957264957265	0.0541239316239316	0.350931623931624	0	0	0	0	0	0	0	0	0	0	0	0	0	0	0	0	0	0	0	0	0	
10754	0.0311111111111109	0.272175213675214	0.164273504273504	0.0921367521367521	0.071008547008547	0.0485769230769231	0.35182905982906	0	0	0	0	0	0	0	0	0	0	0	0	0	0	0	0	0	0	0	0	0	
11117	0.0311709401709405	0.261264957264957	0.16008547008547	0.0834145299145299	0.080517094017094	0.0552735042735043	0.359444444444444	0	0	0	0	0	0	0	0	0	0	0	0	0	0	0	0	0	0	0	0	0	
10166	0.0313247863247875	0.249358974358974	0.164346153846154	0.0942777777777778	0.0709957264957265	0.0543461538461538	0.366675213675214	0	0	0	0	0	0	0	0	0	0	0	0	0	0	0	0	0	0	0	0	0	
9817	0.0314017094017108	0.269564102564103	0.145880341880342	0.102465811965812	0.0695299145299145	0.0532820512820513	0.359277777777778	0	0	0	0	0	0	0	0	0	0	0	0	0	0	0	0	0	0	0	0	0	
