34008	4675	122	0.0202735042735031	0.28534188034188	0.185517094017094	0.144089743589744	0.0858418803418803	0.0666068376068376	0.232602564102564	0	0	0	0	0	0	0	0	0	0	0	0	0	0	0	0	0	0	0	0	0	
28114	3055	154	0.0239658119658109	0.288145299145299	0.185252136752137	0.141649572649573	0.0887905982905983	0.0642521367521368	0.231910256410256	0	0	0	0	0	0	0	0	0	0	0	0	0	0	0	0	0	0	0	0	0	
51383	4034	106	0.0240000000000002	0.275884615384615	0.178401709401709	0.140876068376068	0.0948632478632479	0.0671581196581197	0.242816239316239	0	0	0	0	0	0	0	0	0	0	0	0	0	0	0	0	0	0	0	0	0	
50385	3525	115	0.0287008547008546	0.271965811965812	0.18092735042735	0.145824786324786	0.0924145299145299	0.0710299145299145	0.237837606837607	0	0	0	0	0	0	0	0	0	0	0	0	0	0	0	0	0	0	0	0	0	
61930	7234	73	0.0294957264957247	0.298735042735043	0.176051282051282	0.13517094017094	0.0945128205128205	0.0657350427350427	0.229794871794872	0	0	0	0	0	0	0	0	0	0	0	0	0	0	0	0	0	0	0	0	0	
76777	8633	67	0.0297008547008547	0.292726495726496	0.182726495726496	0.131974358974359	0.0933333333333333	0.066517094017094	0.232722222222222	0	0	0	0	0	0	0	0	0	0	0	0	0	0	0	0	0	0	0	0	0	
84160	7511	72	0.0298119658119667	0.288299145299145	0.185653846153846	0.137277777777778	0.0877948717948718	0.0705384615384615	0.230435897435897	0	0	0	0	0	0	0	0	0	0	0	0	0	0	0	0	0	0	0	0	0	
65282	5451	85	0.0312735042735054	0.287594017094017	0.178311965811966	0.128589743589744	0.0946794871794872	0.0726324786324786	0.238192307692308	0	0	0	0	0	0	0	0	0	0	0	0	0	0	0	0	0	0	0	0	0	
77204	6276	78	0.0320000000000007	0.294542735042735	0.182799145299145	0.132564102564103	0.0952179487179487	0.064051282051282	0.230824786324786	0	0	0	0	0	0	0	0	0	0	0	0	0	0	0	0	0	0	0	0	0	
26062	1958	228	0.0332393162393165	0.287457264957265	0.181491452991453	0.139559829059829	0.0886068376068376	0.0618888888888889	0.240995726495727	0	0	0	0	0	0	0	0	0	0	0	0	0	0	0	0	0	0	0	0	0	
59037	4295	108	0.0337264957264956	0.286739316239316	0.189487179487179	0.146615384615385	0.0905128205128205	0.0659145299145299	0.220730769230769	0	0	0	0	0	0	0	0	0	0	0	0	0	0	0	0	0	0	0	0	0	
64057	3241	109	0.0338290598290618	0.27134188034188	0.180401709401709	0.146196581196581	0.102008547008547	0.0728119658119658	0.227239316239316	0	0	0	0	0	0	0	0	0	0	0	0	0	0	0	0	0	0	0	0	0	
34137	6079	101	0.0346495726495746	0.290294871794872	0.16458547008547	0.149136752136752	0.0989401709401709	0.0696153846153846	0.22742735042735	0	0	0	0	0	0	0	0	0	0	0	0	0	0	0	0	0	0	0	0	0	
31929	3002	165	0.0346495726495747	0.289111111111111	0.189269230769231	0.143452991452991	0.0955042735042735	0.0607521367521368	0.221910256410256	0	0	0	0	0	0	0	0	0	0	0	0	0	0	0	0	0	0	0	0	0	
59367	4259	109	0.035102564102566	0.266435897435897	0.183594017094017	0.147153846153846	0.0969145299145299	0.0691025641025641	0.236799145299145	0	0	0	0	0	0	0	0	0	0	0	0	0	0	0	0	0	0	0	0	0	
40941	4551	102	0.0353760683760686	0.266726495726496	0.178059829059829	0.145598290598291	0.0943162393162393	0.0683547008547009	0.246944444444444	0	0	0	0	0	0	0	0	0	0	0	0	0	0	0	0	0	0	0	0	0	
56756	7804	65	0.0357008547008532	0.287363247863248	0.184461538461538	0.133538461538462	0.0942094017094017	0.0610769230769231	0.239350427350427	0	0	0	0	0	0	0	0	0	0	0	0	0	0	0	0	0	0	0	0	0	
48271	6150	88	0.0357863247863246	0.286559829059829	0.190649572649573	0.130880341880342	0.0914786324786325	0.0664230769230769	0.234008547008547	0	0	0	0	0	0	0	0	0	0	0	0	0	0	0	0	0	0	0	0	0	
34736	5008	116	0.0358974358974363	0.274623931623932	0.192277777777778	0.138136752136752	0.0921837606837607	0.068991452991453	0.233786324786325	0	0	0	0	0	0	0	0	0	0	0	0	0	0	0	0	0	0	0	0	0	
28726	1784	176	0.0373931623931613	0.281440170940171	0.196525641025641	0.139307692307692	0.0911153846153846	0.0636111111111111	0.228	0	0	0	0	0	0	0	0	0	0	0	0	0	0	0	0	0	0	0	0	0	
96370	6427	76	0.0373931623931628	0.288132478632479	0.178773504273504	0.133739316239316	0.0879059829059829	0.0663333333333333	0.245115384615385	0	0	0	0	0	0	0	0	0	0	0	0	0	0	0	0	0	0	0	0	0	
31129	5183	116	0.0374273504273504	0.283123931623932	0.195064102564103	0.127294871794872	0.0953162393162393	0.0667863247863248	0.23241452991453	0	0	0	0	0	0	0	0	0	0	0	0	0	0	0	0	0	0	0	0	0	
93676	5704	83	0.0379743589743607	0.272051282051282	0.188128205128205	0.137974358974359	0.0989102564102564	0.0722905982905983	0.230645299145299	0	0	0	0	0	0	0	0	0	0	0	0	0	0	0	0	0	0	0	0	0	
53412	4055	112	0.038042735042736	0.278307692307692	0.192752136752137	0.136111111111111	0.0933846153846154	0.0718675213675214	0.227576923076923	0	0	0	0	0	0	0	0	0	0	0	0	0	0	0	0	0	0	0	0	0	
96083	4010	99	0.0381538461538487	0.276628205128205	0.193269230769231	0.138367521367521	0.0983547008547009	0.0677948717948718	0.22558547008547	0	0	0	0	0	0	0	0	0	0	0	0	0	0	0	0	0	0	0	0	0	
29274	6817	99	0.0382735042735036	0.290884615384615	0.187200854700855	0.128111111111111	0.0923119658119658	0.0671153846153846	0.234376068376068	0	0	0	0	0	0	0	0	0	0	0	0	0	0	0	0	0	0	0	0	0	
43927	3893	109	0.0390000000000002	0.279794871794872	0.193995726495726	0.137978632478632	0.0980769230769231	0.0673717948717949	0.222782051282051	0	0	0	0	0	0	0	0	0	0	0	0	0	0	0	0	0	0	0	0	0	
81998	4483	97	0.0391623931623938	0.279884615384615	0.186542735042735	0.130358974358974	0.104162393162393	0.0660940170940171	0.232957264957265	0	0	0	0	0	0	0	0	0	0	0	0	0	0	0	0	0	0	0	0	0	
46002	4254	108	0.039923076923079	0.274247863247863	0.191188034188034	0.133940170940171	0.095534188034188	0.070465811965812	0.234623931623932	0	0	0	0	0	0	0	0	0	0	0	0	0	0	0	0	0	0	0	0	0	
96601	6457	72	0.0401196581196572	0.297957264957265	0.182222222222222	0.126397435897436	0.0935598290598291	0.0666581196581197	0.233205128205128	0	0	0	0	0	0	0	0	0	0	0	0	0	0	0	0	0	0	0	0	0	
79323	4477	100	0.0402393162393167	0.281901709401709	0.192794871794872	0.136991452991453	0.0998974358974359	0.0662136752136752	0.222200854700855	0	0	0	0	0	0	0	0	0	0	0	0	0	0	0	0	0	0	0	0	0	
81656	7744	72	0.0402991452991447	0.283388888888889	0.197696581196581	0.132175213675214	0.0924102564102564	0.0680512820512821	0.226277777777778	0	0	0	0	0	0	0	0	0	0	0	0	0	0	0	0	0	0	0	0	0	
52219	6945	90	0.0407264957264952	0.301094017094017	0.18108547008547	0.134478632478632	0.0909145299145299	0.0653974358974359	0.227029914529915	0	0	0	0	0	0	0	0	0	0	0	0	0	0	0	0	0	0	0	0	0	
26740	5095	126	0.0407606837606836	0.284850427350427	0.188786324786325	0.137384615384615	0.0906282051282051	0.0582820512820513	0.240068376068376	0	0	0	0	0	0	0	0	0	0	0	0	0	0	0	0	0	0	0	0	0	
52714	3428	123	0.0409230769230797	0.263525641025641	0.193354700854701	0.146717948717949	0.095	0.0696837606837607	0.231717948717949	0	0	0	0	0	0	0	0	0	0	0	0	0	0	0	0	0	0	0	0	0	
66366	5068	99	0.0415128205128204	0.269367521367521	0.19507264957265	0.147675213675214	0.0935128205128205	0.0661196581196581	0.228252136752137	0	0	0	0	0	0	0	0	0	0	0	0	0	0	0	0	0	0	0	0	0	
32563	5567	103	0.041521367521366	0.304747863247863	0.176961538461538	0.137333333333333	0.0900940170940171	0.0614059829059829	0.229457264957265	0	0	0	0	0	0	0	0	0	0	0	0	0	0	0	0	0	0	0	0	0	
24520	4461	132	0.0418888888888872	0.294581196581197	0.17532905982906	0.133893162393162	0.093017094017094	0.0613205128205128	0.241858974358974	0	0	0	0	0	0	0	0	0	0	0	0	0	0	0	0	0	0	0	0	0	
45734	3731	118	0.0423333333333342	0.270153846153846	0.194128205128205	0.138799145299145	0.0979957264957265	0.0657991452991453	0.233123931623932	0	0	0	0	0	0	0	0	0	0	0	0	0	0	0	0	0	0	0	0	0	
76469	3408	107	0.0425811965811984	0.269179487179487	0.189730769230769	0.139901709401709	0.0981623931623932	0.0737393162393162	0.229286324786325	0	0	0	0	0	0	0	0	0	0	0	0	0	0	0	0	0	0	0	0	0	
62630	4487	108	0.0426410256410275	0.286777777777778	0.190876068376068	0.140089743589744	0.0991239316239316	0.0688717948717949	0.214260683760684	0	0	0	0	0	0	0	0	0	0	0	0	0	0	0	0	0	0	0	0	0	
38954	4353	125	0.04305982905983	0.288666666666667	0.190910256410256	0.127512820512821	0.0940384615384615	0.0715384615384615	0.227333333333333	0	0	0	0	0	0	0	0	0	0	0	0	0	0	0	0	0	0	0	0	0	
77968	6567	86	0.0431367521367527	0.284094017094017	0.194944444444444	0.131773504273504	0.0855641025641026	0.0718418803418803	0.231782051282051	0	0	0	0	0	0	0	0	0	0	0	0	0	0	0	0	0	0	0	0	0	
75394	4864	86	0.0437350427350429	0.27767094017094	0.187739316239316	0.133247863247863	0.0970470085470086	0.0631324786324786	0.241162393162393	0	0	0	0	0	0	0	0	0	0	0	0	0	0	0	0	0	0	0	0	0	
33581	6329	111	0.0438119658119662	0.295081196581197	0.188641025641026	0.140525641025641	0.0910982905982906	0.0647393162393162	0.21991452991453	0	0	0	0	0	0	0	0	0	0	0	0	0	0	0	0	0	0	0	0	0	
29399	4320	120	0.0438205128205111	0.272188034188034	0.183102564102564	0.140726495726496	0.0941709401709402	0.0616666666666667	0.248145299145299	0	0	0	0	0	0	0	0	0	0	0	0	0	0	0	0	0	0	0	0	0	
63303	5043	94	0.0438290598290601	0.301555555555556	0.182175213675214	0.126397435897436	0.093965811965812	0.0644230769230769	0.231482905982906	0	0	0	0	0	0	0	0	0	0	0	0	0	0	0	0	0	0	0	0	0	
85768	6227	73	0.0444700854700847	0.294816239316239	0.187820512820513	0.131106837606838	0.0862179487179487	0.0671153846153846	0.232923076923077	0	0	0	0	0	0	0	0	0	0	0	0	0	0	0	0	0	0	0	0	0	
77411	4035	105	0.0445555555555566	0.28157264957265	0.199478632478632	0.130162393162393	0.0950299145299145	0.0681111111111111	0.225645299145299	0	0	0	0	0	0	0	0	0	0	0	0	0	0	0	0	0	0	0	0	0	
70542	6708	69	0.0447350427350406	0.289628205128205	0.176482905982906	0.127871794871795	0.0915982905982906	0.0661837606837607	0.248235042735043	0	0	0	0	0	0	0	0	0	0	0	0	0	0	0	0	0	0	0	0	0	
89635	5538	100	0.0456666666666683	0.297094017094017	0.181034188034188	0.136470085470085	0.094465811965812	0.0742905982905983	0.216645299145299	0	0	0	0	0	0	0	0	0	0	0	0	0	0	0	0	0	0	0	0	0	
62426	8684	64	0.0462820512820491	0.282602564102564	0.188145299145299	0.132547008547009	0.0878461538461539	0.064525641025641	0.244333333333333	0	0	0	0	0	0	0	0	0	0	0	0	0	0	0	0	0	0	0	0	0	
48868	5693	89	0.046504273504272	0.291790598290598	0.18692735042735	0.135863247863248	0.0878333333333333	0.0597264957264957	0.237858974358974	0	0	0	0	0	0	0	0	0	0	0	0	0	0	0	0	0	0	0	0	0	
31766	2465	162	0.046504273504275	0.275944444444444	0.189089743589744	0.144542735042735	0.106354700854701	0.063465811965812	0.220602564102564	0	0	0	0	0	0	0	0	0	0	0	0	0	0	0	0	0	0	0	0	0	
76748	7040	77	0.0465213675213667	0.306478632478632	0.176346153846154	0.133136752136752	0.0912863247863248	0.0685384615384615	0.224213675213675	0	0	0	0	0	0	0	0	0	0	0	0	0	0	0	0	0	0	0	0	0	
87958	5371	84	0.0465726495726498	0.279628205128205	0.188200854700855	0.126602564102564	0.0933760683760684	0.0681794871794872	0.24401282051282	0	0	0	0	0	0	0	0	0	0	0	0	0	0	0	0	0	0	0	0	0	
34498	4649	119	0.0467948717948751	0.287055555555556	0.194576923076923	0.134299145299145	0.0980769230769231	0.068017094017094	0.217974358974359	0	0	0	0	0	0	0	0	0	0	0	0	0	0	0	0	0	0	0	0	0	
99269	3386	113	0.0469059829059821	0.26624358974359	0.200717948717949	0.144726495726496	0.0933119658119658	0.0656282051282051	0.229371794871795	0	0	0	0	0	0	0	0	0	0	0	0	0	0	0	0	0	0	0	0	0	
96976	7178	72	0.0471794871794873	0.304786324786325	0.17392735042735	0.131465811965812	0.0907521367521368	0.0705598290598291	0.228508547008547	0	0	0	0	0	0	0	0	0	0	0	0	0	0	0	0	0	0	0	0	0	
67819	2327	117	0.0472136752136745	0.266363247863248	0.195299145299145	0.140260683760684	0.0926623931623932	0.0687350427350427	0.236679487179487	0	0	0	0	0	0	0	0	0	0	0	0	0	0	0	0	0	0	0	0	0	
49476	4418	99	0.047222222222223	0.270850427350427	0.178628205128205	0.13534188034188	0.0930897435897436	0.0770726495726496	0.245017094017094	0	0	0	0	0	0	0	0	0	0	0	0	0	0	0	0	0	0	0	0	0	
61091	4030	112	0.0473247863247872	0.288589743589744	0.191452991452991	0.142388888888889	0.100179487179487	0.0672948717948718	0.210094017094017	0	0	0	0	0	0	0	0	0	0	0	0	0	0	0	0	0	0	0	0	0	
27211	5943	123	0.0476153846153842	0.292551282051282	0.183709401709402	0.134589743589744	0.0878974358974359	0.0603803418803419	0.240871794871795	0	0	0	0	0	0	0	0	0	0	0	0	0	0	0	0	0	0	0	0	0	
33507	2374	145	0.0477094017094004	0.268367521367521	0.201683760683761	0.143683760683761	0.0904316239316239	0.0672094017094017	0.228623931623932	0	0	0	0	0	0	0	0	0	0	0	0	0	0	0	0	0	0	0	0	0	
44288	6997	69	0.0478547008547011	0.289991452991453	0.177239316239316	0.123525641025641	0.092042735042735	0.0680598290598291	0.249141025641026	0	0	0	0	0	0	0	0	0	0	0	0	0	0	0	0	0	0	0	0	0	
83014	3521	99	0.0481025641025655	0.28574358974359	0.189025641025641	0.135551282051282	0.10584188034188	0.0634700854700855	0.220367521367521	0	0	0	0	0	0	0	0	0	0	0	0	0	0	0	0	0	0	0	0	0	
48311	6314	79	0.0484615384615386	0.292649572649573	0.18025641025641	0.125119658119658	0.091465811965812	0.0658589743589744	0.244649572649573	0	0	0	0	0	0	0	0	0	0	0	0	0	0	0	0	0	0	0	0	0	
64562	5648	85	0.0487692307692316	0.273970085470085	0.184897435897436	0.130649572649573	0.0938888888888889	0.0699786324786325	0.246615384615385	0	0	0	0	0	0	0	0	0	0	0	0	0	0	0	0	0	0	0	0	0	
90128	2752	106	0.0487777777777776	0.266666666666667	0.189487179487179	0.140705128205128	0.107474358974359	0.0659188034188034	0.229747863247863	0	0	0	0	0	0	0	0	0	0	0	0	0	0	0	0	0	0	0	0	0	
27465	4612	121	0.0489572649572665	0.290094017094017	0.192905982905983	0.125448717948718	0.095965811965812	0.0620042735042735	0.233581196581197	0	0	0	0	0	0	0	0	0	0	0	0	0	0	0	0	0	0	0	0	0	
54215	4037	112	0.0491623931623932	0.271982905982906	0.167440170940171	0.141974358974359	0.104008547008547	0.0741794871794872	0.24041452991453	0	0	0	0	0	0	0	0	0	0	0	0	0	0	0	0	0	0	0	0	0	
30693	4419	139	0.0494017094017106	0.268393162393162	0.189576923076923	0.150294871794872	0.101564102564103	0.0663931623931624	0.223777777777778	0	0	0	0	0	0	0	0	0	0	0	0	0	0	0	0	0	0	0	0	0	
91950	7476	57	0.0495641025641023	0.293606837606838	0.177025641025641	0.127820512820513	0.0871068376068376	0.0679487179487179	0.246491452991453	0	0	0	0	0	0	0	0	0	0	0	0	0	0	0	0	0	0	0	0	0	
36770	5594	90	0.0495726495726499	0.301008547008547	0.17807264957265	0.127269230769231	0.0934059829059829	0.0612136752136752	0.239029914529915	0	0	0	0	0	0	0	0	0	0	0	0	0	0	0	0	0	0	0	0	0	
93622	3928	95	0.0497008547008549	0.260542735042735	0.191782051282051	0.149299145299145	0.0941410256410256	0.0735299145299145	0.230705128205128	0	0	0	0	0	0	0	0	0	0	0	0	0	0	0	0	0	0	0	0	0	
25336	1160	366	0.0498290598290594	0.288059829059829	0.195192307692308	0.131145299145299	0.0913076923076923	0.0593076923076923	0.234987179487179	0	0	0	0	0	0	0	0	0	0	0	0	0	0	0	0	0	0	0	0	0	
53814	6165	81	0.0501025641025646	0.291799145299145	0.185534188034188	0.121628205128205	0.0954102564102564	0.0652521367521368	0.240376068376068	0	0	0	0	0	0	0	0	0	0	0	0	0	0	0	0	0	0	0	0	0	
43164	3322	128	0.0501452991453006	0.275123931623932	0.19834188034188	0.138961538461538	0.0961581196581197	0.0709145299145299	0.2205	0	0	0	0	0	0	0	0	0	0	0	0	0	0	0	0	0	0	0	0	0	
93875	3707	104	0.0502905982905979	0.281252136752137	0.193260683760684	0.13824358974359	0.104457264957265	0.0651111111111111	0.217675213675214	0	0	0	0	0	0	0	0	0	0	0	0	0	0	0	0	0	0	0	0	0	
76762	7851	60	0.0503162393162391	0.29148717948718	0.189525641025641	0.12758547008547	0.088525641025641	0.0654059829059829	0.237470085470085	0	0	0	0	0	0	0	0	0	0	0	0	0	0	0	0	0	0	0	0	0	
48592	2775	131	0.0503675213675237	0.278418803418803	0.192491452991453	0.137145299145299	0.103807692307692	0.0692264957264957	0.218910256410256	0	0	0	0	0	0	0	0	0	0	0	0	0	0	0	0	0	0	0	0	0	
39511	4617	100	0.0507606837606836	0.28774358974359	0.174491452991453	0.127555555555556	0.0893076923076923	0.0728547008547009	0.248047008547009	0	0	0	0	0	0	0	0	0	0	0	0	0	0	0	0	0	0	0	0	0	
29065	1228	320	0.0511709401709404	0.282448717948718	0.202581196581197	0.133209401709402	0.0841495726495727	0.0686025641025641	0.229008547008547	0	0	0	0	0	0	0	0	0	0	0	0	0	0	0	0	0	0	0	0	0	
36127	3936	118	0.0514102564102593	0.287089743589744	0.195893162393162	0.118457264957265	0.0948376068376068	0.0710042735042735	0.232717948717949	0	0	0	0	0	0	0	0	0	0	0	0	0	0	0	0	0	0	0	0	0	
79616	6227	84	0.0514188034188028	0.280115384615385	0.200662393162393	0.13	0.0938162393162393	0.0706452991452991	0.224760683760684	0	0	0	0	0	0	0	0	0	0	0	0	0	0	0	0	0	0	0	0	0	
29664	7568	75	0.0514273504273506	0.281008547008547	0.183504273504274	0.128987179487179	0.0872094017094017	0.0677435897435897	0.251547008547009	0	0	0	0	0	0	0	0	0	0	0	0	0	0	0	0	0	0	0	0	0	
37746	1650	167	0.0515470085470109	0.266	0.194303418803419	0.142517094017094	0.101457264957265	0.0703547008547009	0.225367521367521	0	0	0	0	0	0	0	0	0	0	0	0	0	0	0	0	0	0	0	0	0	
59619	6096	70	0.0518205128205098	0.276730769230769	0.174410256410256	0.140175213675214	0.0838162393162393	0.0674487179487179	0.257418803418803	0	0	0	0	0	0	0	0	0	0	0	0	0	0	0	0	0	0	0	0	0	
38524	5543	103	0.0521025641025646	0.283897435897436	0.18708547008547	0.120636752136752	0.0973803418803419	0.0653333333333333	0.245666666666667	0	0	0	0	0	0	0	0	0	0	0	0	0	0	0	0	0	0	0	0	0	
34059	5272	96	0.0521794871794849	0.278217948717949	0.192440170940171	0.133923076923077	0.0869615384615385	0.0654700854700855	0.242987179487179	0	0	0	0	0	0	0	0	0	0	0	0	0	0	0	0	0	0	0	0	0	
51208	5545	84	0.0526581196581171	0.272192307692308	0.191376068376068	0.132311965811966	0.0937649572649573	0.0660641025641026	0.244290598290598	0	0	0	0	0	0	0	0	0	0	0	0	0	0	0	0	0	0	0	0	0	
31675	1722	182	0.0528888888888883	0.288628205128205	0.199632478632479	0.139521367521368	0.0885299145299145	0.0606452991452991	0.223042735042735	0	0	0	0	0	0	0	0	0	0	0	0	0	0	0	0	0	0	0	0	0	
78163	7298	79	0.0528974358974386	0.299162393162393	0.185017094017094	0.127782051282051	0.0977991452991453	0.0687991452991453	0.221440170940171	0	0	0	0	0	0	0	0	0	0	0	0	0	0	0	0	0	0	0	0	0	
22705	4113	137	0.0529401709401704	0.270957264957265	0.179717948717949	0.134145299145299	0.0924188034188034	0.0666709401709402	0.256089743589744	0	0	0	0	0	0	0	0	0	0	0	0	0	0	0	0	0	0	0	0	0	
98708	5889	72	0.053068376068379	0.263299145299145	0.189311965811966	0.138316239316239	0.0982094017094017	0.0677820512820513	0.243081196581197	0	0	0	0	0	0	0	0	0	0	0	0	0	0	0	0	0	0	0	0	0	
24562	1213	427	0.0530940170940164	0.275286324786325	0.179769230769231	0.132504273504274	0.0885555555555556	0.069008547008547	0.254876068376068	0	0	0	0	0	0	0	0	0	0	0	0	0	0	0	0	0	0	0	0	0	
43352	6144	97	0.0531282051282035	0.275320512820513	0.195799145299145	0.131290598290598	0.0946923076923077	0.0627948717948718	0.240102564102564	0	0	0	0	0	0	0	0	0	0	0	0	0	0	0	0	0	0	0	0	0	
25699	1100	340	0.0533846153846148	0.280119658119658	0.201132478632479	0.127688034188034	0.089465811965812	0.0666965811965812	0.234897435897436	0	0	0	0	0	0	0	0	0	0	0	0	0	0	0	0	0	0	0	0	0	
30081	1198	209	0.0534444444444451	0.268478632478632	0.20192735042735	0.13908547008547	0.0973675213675214	0.0626623931623932	0.230478632478632	0	0	0	0	0	0	0	0	0	0	0	0	0	0	0	0	0	0	0	0	0	
62338	6683	70	0.053786324786324	0.28925641025641	0.177290598290598	0.129217948717949	0.0833333333333333	0.0688333333333333	0.252068376068376	0	0	0	0	0	0	0	0	0	0	0	0	0	0	0	0	0	0	0	0	0	
