76777	8633	67	0.0120256410256433	0.292726495726496	0.182726495726496	0.131974358974359	0.0933333333333333	0.066517094017094	0.232722222222222	0	0	0	0	0	0	0	0	0	0	0	0	0	0	0	0	0	0	0	0	0	
48311	6314	79	0.0125470085470085	0.292649572649573	0.18025641025641	0.125119658119658	0.091465811965812	0.0658589743589744	0.244649572649573	0	0	0	0	0	0	0	0	0	0	0	0	0	0	0	0	0	0	0	0	0	
29274	6817	99	0.0148760683760688	0.290884615384615	0.187200854700855	0.128111111111111	0.0923119658119658	0.0671153846153846	0.234376068376068	0	0	0	0	0	0	0	0	0	0	0	0	0	0	0	0	0	0	0	0	0	
96601	6457	72	0.0169700854700868	0.297957264957265	0.182222222222222	0.126397435897436	0.0935598290598291	0.0666581196581197	0.233205128205128	0	0	0	0	0	0	0	0	0	0	0	0	0	0	0	0	0	0	0	0	0	
65282	5451	85	0.0170213675213658	0.287594017094017	0.178311965811966	0.128589743589744	0.0946794871794872	0.0726324786324786	0.238192307692308	0	0	0	0	0	0	0	0	0	0	0	0	0	0	0	0	0	0	0	0	0	
76762	7851	60	0.0174102564102551	0.29148717948718	0.189525641025641	0.12758547008547	0.088525641025641	0.0654059829059829	0.237470085470085	0	0	0	0	0	0	0	0	0	0	0	0	0	0	0	0	0	0	0	0	0	
53814	6165	81	0.0180427350427366	0.291799145299145	0.185534188034188	0.121628205128205	0.0954102564102564	0.0652521367521368	0.240376068376068	0	0	0	0	0	0	0	0	0	0	0	0	0	0	0	0	0	0	0	0	0	
70542	6708	69	0.0192521367521361	0.289628205128205	0.176482905982906	0.127871794871795	0.0915982905982906	0.0661837606837607	0.248235042735043	0	0	0	0	0	0	0	0	0	0	0	0	0	0	0	0	0	0	0	0	0	
36770	5594	90	0.0193504273504277	0.301008547008547	0.17807264957265	0.127269230769231	0.0934059829059829	0.0612136752136752	0.239029914529915	0	0	0	0	0	0	0	0	0	0	0	0	0	0	0	0	0	0	0	0	0	
56756	7804	65	0.0198162393162406	0.287363247863248	0.184461538461538	0.133538461538462	0.0942094017094017	0.0610769230769231	0.239350427350427	0	0	0	0	0	0	0	0	0	0	0	0	0	0	0	0	0	0	0	0	0	
77204	6276	78	0.0198333333333347	0.294542735042735	0.182799145299145	0.132564102564103	0.0952179487179487	0.064051282051282	0.230824786324786	0	0	0	0	0	0	0	0	0	0	0	0	0	0	0	0	0	0	0	0	0	
24520	4461	132	0.0204572649572652	0.294581196581197	0.17532905982906	0.133893162393162	0.093017094017094	0.0613205128205128	0.241858974358974	0	0	0	0	0	0	0	0	0	0	0	0	0	0	0	0	0	0	0	0	0	
27211	5943	123	0.0210470085470102	0.292551282051282	0.183709401709402	0.134589743589744	0.0878974358974359	0.0603803418803419	0.240871794871795	0	0	0	0	0	0	0	0	0	0	0	0	0	0	0	0	0	0	0	0	0	
91950	7476	57	0.0219273504273503	0.293606837606838	0.177025641025641	0.127820512820513	0.0871068376068376	0.0679487179487179	0.246491452991453	0	0	0	0	0	0	0	0	0	0	0	0	0	0	0	0	0	0	0	0	0	
96370	6427	76	0.0220854700854695	0.288132478632479	0.178773504273504	0.133739316239316	0.0879059829059829	0.0663333333333333	0.245115384615385	0	0	0	0	0	0	0	0	0	0	0	0	0	0	0	0	0	0	0	0	0	
48271	6150	88	0.0234444444444444	0.286559829059829	0.190649572649573	0.130880341880342	0.0914786324786325	0.0664230769230769	0.234008547008547	0	0	0	0	0	0	0	0	0	0	0	0	0	0	0	0	0	0	0	0	0	
63303	5043	94	0.0236837606837621	0.301555555555556	0.182175213675214	0.126397435897436	0.093965811965812	0.0644230769230769	0.231482905982906	0	0	0	0	0	0	0	0	0	0	0	0	0	0	0	0	0	0	0	0	0	
85768	6227	73	0.0246752136752139	0.294816239316239	0.187820512820513	0.131106837606838	0.0862179487179487	0.0671153846153846	0.232923076923077	0	0	0	0	0	0	0	0	0	0	0	0	0	0	0	0	0	0	0	0	0	
44288	6997	69	0.0248162393162391	0.289991452991453	0.177239316239316	0.123525641025641	0.092042735042735	0.0680598290598291	0.249141025641026	0	0	0	0	0	0	0	0	0	0	0	0	0	0	0	0	0	0	0	0	0	
48868	5693	89	0.025235042735042	0.291790598290598	0.18692735042735	0.135863247863248	0.0878333333333333	0.0597264957264957	0.237858974358974	0	0	0	0	0	0	0	0	0	0	0	0	0	0	0	0	0	0	0	0	0	
26062	1958	228	0.0262777777777785	0.287457264957265	0.181491452991453	0.139559829059829	0.0886068376068376	0.0618888888888889	0.240995726495727	0	0	0	0	0	0	0	0	0	0	0	0	0	0	0	0	0	0	0	0	0	
27391	8133	87	0.0263461538461528	0.292764957264957	0.190606837606838	0.132264957264957	0.0857692307692308	0.0599017094017094	0.238692307692308	0	0	0	0	0	0	0	0	0	0	0	0	0	0	0	0	0	0	0	0	0	
51592	6092	83	0.026564102564101	0.291820512820513	0.194102564102564	0.125910256410256	0.0885769230769231	0.0639230769230769	0.235666666666667	0	0	0	0	0	0	0	0	0	0	0	0	0	0	0	0	0	0	0	0	0	
33884	6271	102	0.0268076923076926	0.290226495726496	0.188316239316239	0.124457264957265	0.0862991452991453	0.0673888888888889	0.243311965811966	0	0	0	0	0	0	0	0	0	0	0	0	0	0	0	0	0	0	0	0	0	
29034	5374	102	0.0269957264957274	0.291410256410256	0.184388888888889	0.131688034188034	0.0853418803418803	0.0608418803418803	0.24632905982906	0	0	0	0	0	0	0	0	0	0	0	0	0	0	0	0	0	0	0	0	0	
25339	6253	130	0.0273760683760698	0.292136752136752	0.185064102564103	0.12265811965812	0.0945384615384615	0.0592179487179487	0.246384615384615	0	0	0	0	0	0	0	0	0	0	0	0	0	0	0	0	0	0	0	0	0	
61930	7234	73	0.0280641025641018	0.298735042735043	0.176051282051282	0.13517094017094	0.0945128205128205	0.0657350427350427	0.229794871794872	0	0	0	0	0	0	0	0	0	0	0	0	0	0	0	0	0	0	0	0	0	
52219	6945	90	0.0283888888888872	0.301094017094017	0.18108547008547	0.134478632478632	0.0909145299145299	0.0653974358974359	0.227029914529915	0	0	0	0	0	0	0	0	0	0	0	0	0	0	0	0	0	0	0	0	0	
94548	6499	72	0.0284273504273502	0.290786324786325	0.194645299145299	0.124491452991453	0.0931324786324786	0.0618846153846154	0.235059829059829	0	0	0	0	0	0	0	0	0	0	0	0	0	0	0	0	0	0	0	0	0	
98056	8275	55	0.0284871794871782	0.29608547008547	0.176769230769231	0.128717948717949	0.084517094017094	0.0647264957264957	0.249183760683761	0	0	0	0	0	0	0	0	0	0	0	0	0	0	0	0	0	0	0	0	0	
30527	6175	103	0.0295726495726497	0.290730769230769	0.182594017094017	0.124653846153846	0.0859700854700855	0.0643034188034188	0.251747863247863	0	0	0	0	0	0	0	0	0	0	0	0	0	0	0	0	0	0	0	0	0	
20870	5914	127	0.0301452991452991	0.290594017094017	0.187542735042735	0.127811965811966	0.090525641025641	0.0564401709401709	0.24708547008547	0	0	0	0	0	0	0	0	0	0	0	0	0	0	0	0	0	0	0	0	0	
97946	8489	49	0.030256410256409	0.2915	0.17642735042735	0.127200854700855	0.086525641025641	0.064482905982906	0.253863247863248	0	0	0	0	0	0	0	0	0	0	0	0	0	0	0	0	0	0	0	0	0	
27465	4612	121	0.0306153846153845	0.290094017094017	0.192905982905983	0.125448717948718	0.095965811965812	0.0620042735042735	0.233581196581197	0	0	0	0	0	0	0	0	0	0	0	0	0	0	0	0	0	0	0	0	0	
87958	5371	84	0.0308247863247886	0.279628205128205	0.188200854700855	0.126602564102564	0.0933760683760684	0.0681794871794872	0.24401282051282	0	0	0	0	0	0	0	0	0	0	0	0	0	0	0	0	0	0	0	0	0	
28578	5993	100	0.0313504273504271	0.291820512820513	0.190867521367521	0.1255	0.0818205128205128	0.0656282051282051	0.244363247863248	0	0	0	0	0	0	0	0	0	0	0	0	0	0	0	0	0	0	0	0	0	
51149	7554	74	0.0313589743589745	0.294217948717949	0.19457264957265	0.129145299145299	0.0867649572649573	0.0642222222222222	0.231076923076923	0	0	0	0	0	0	0	0	0	0	0	0	0	0	0	0	0	0	0	0	0	
87406	7128	69	0.0314658119658113	0.295752136752137	0.192418803418803	0.130025641025641	0.0834273504273504	0.0647905982905983	0.23358547008547	0	0	0	0	0	0	0	0	0	0	0	0	0	0	0	0	0	0	0	0	0	
85011	6113	68	0.0319529914529919	0.288354700854701	0.18541452991453	0.121602564102564	0.0884529914529915	0.0684017094017094	0.247773504273504	0	0	0	0	0	0	0	0	0	0	0	0	0	0	0	0	0	0	0	0	0	
75880	8472	62	0.0321452991452986	0.307504273504274	0.181679487179487	0.124269230769231	0.0919273504273504	0.058034188034188	0.23658547008547	0	0	0	0	0	0	0	0	0	0	0	0	0	0	0	0	0	0	0	0	0	
85933	8532	52	0.0321709401709405	0.302235042735043	0.18667094017094	0.126700854700855	0.0841709401709402	0.0611965811965812	0.239025641025641	0	0	0	0	0	0	0	0	0	0	0	0	0	0	0	0	0	0	0	0	0	
39511	4617	100	0.0322179487179476	0.28774358974359	0.174491452991453	0.127555555555556	0.0893076923076923	0.0728547008547009	0.248047008547009	0	0	0	0	0	0	0	0	0	0	0	0	0	0	0	0	0	0	0	0	0	
62338	6683	70	0.032217948717948	0.28925641025641	0.177290598290598	0.129217948717949	0.0833333333333333	0.0688333333333333	0.252068376068376	0	0	0	0	0	0	0	0	0	0	0	0	0	0	0	0	0	0	0	0	0	
62426	8684	64	0.0322350427350431	0.282602564102564	0.188145299145299	0.132547008547009	0.0878461538461539	0.064525641025641	0.244333333333333	0	0	0	0	0	0	0	0	0	0	0	0	0	0	0	0	0	0	0	0	0	
26250	8487	98	0.0322735042735041	0.301354700854701	0.178923076923077	0.122123931623932	0.0940555555555556	0.0590470085470085	0.244495726495726	0	0	0	0	0	0	0	0	0	0	0	0	0	0	0	0	0	0	0	0	0	
25336	1160	366	0.0323290598290594	0.288059829059829	0.195192307692308	0.131145299145299	0.0913076923076923	0.0593076923076923	0.234987179487179	0	0	0	0	0	0	0	0	0	0	0	0	0	0	0	0	0	0	0	0	0	
45367	8983	66	0.0332307692307708	0.298311965811966	0.185119658119658	0.115324786324786	0.0920042735042735	0.0642094017094017	0.245029914529915	0	0	0	0	0	0	0	0	0	0	0	0	0	0	0	0	0	0	0	0	0	
19094	8194	135	0.0332393162393151	0.296175213675214	0.180081196581197	0.11942735042735	0.0881111111111111	0.0647350427350427	0.251470085470085	0	0	0	0	0	0	0	0	0	0	0	0	0	0	0	0	0	0	0	0	0	
95814	6232	72	0.0334188034188044	0.300576923076923	0.188175213675214	0.117294871794872	0.088542735042735	0.0656068376068376	0.239803418803419	0	0	0	0	0	0	0	0	0	0	0	0	0	0	0	0	0	0	0	0	0	
28114	3055	154	0.0334572649572649	0.288145299145299	0.185252136752137	0.141649572649573	0.0887905982905983	0.0642521367521368	0.231910256410256	0	0	0	0	0	0	0	0	0	0	0	0	0	0	0	0	0	0	0	0	0	
38954	4353	125	0.033730769230769	0.288666666666667	0.190910256410256	0.127512820512821	0.0940384615384615	0.0715384615384615	0.227333333333333	0	0	0	0	0	0	0	0	0	0	0	0	0	0	0	0	0	0	0	0	0	
17440	5513	362	0.0341452991452978	0.292961538461538	0.180730769230769	0.128474358974359	0.0893803418803419	0.0533162393162393	0.255136752136752	0	0	0	0	0	0	0	0	0	0	0	0	0	0	0	0	0	0	0	0	0	
29664	7568	75	0.03436324786325	0.281008547008547	0.183504273504274	0.128987179487179	0.0872094017094017	0.0677435897435897	0.251547008547009	0	0	0	0	0	0	0	0	0	0	0	0	0	0	0	0	0	0	0	0	0	
84160	7511	72	0.0344786324786327	0.288299145299145	0.185653846153846	0.137277777777778	0.0877948717948718	0.0705384615384615	0.230435897435897	0	0	0	0	0	0	0	0	0	0	0	0	0	0	0	0	0	0	0	0	0	
93428	8873	55	0.0345213675213684	0.300474358974359	0.183025641025641	0.121974358974359	0.0911623931623932	0.0577564102564103	0.245606837606838	0	0	0	0	0	0	0	0	0	0	0	0	0	0	0	0	0	0	0	0	0	
26740	5095	126	0.0346623931623936	0.284850427350427	0.188786324786325	0.137384615384615	0.0906282051282051	0.0582820512820513	0.240068376068376	0	0	0	0	0	0	0	0	0	0	0	0	0	0	0	0	0	0	0	0	0	
25019	1119	394	0.0349743589743573	0.293952991452991	0.196645299145299	0.127286324786325	0.0868076923076923	0.0617564102564103	0.233551282051282	0	0	0	0	0	0	0	0	0	0	0	0	0	0	0	0	0	0	0	0	0	
95709	8405	45	0.0350512820512828	0.295252136752137	0.18375641025641	0.120923076923077	0.0855726495726496	0.0641324786324786	0.250363247863248	0	0	0	0	0	0	0	0	0	0	0	0	0	0	0	0	0	0	0	0	0	
31129	5183	116	0.0350897435897441	0.283123931623932	0.195064102564103	0.127294871794872	0.0953162393162393	0.0667863247863248	0.23241452991453	0	0	0	0	0	0	0	0	0	0	0	0	0	0	0	0	0	0	0	0	0	
75394	4864	86	0.035089743589745	0.27767094017094	0.187739316239316	0.133247863247863	0.0970470085470086	0.0631324786324786	0.241162393162393	0	0	0	0	0	0	0	0	0	0	0	0	0	0	0	0	0	0	0	0	0	
68419	9083	43	0.0350940170940188	0.293282051282051	0.181538461538462	0.125350427350427	0.0856324786324786	0.0596239316239316	0.25457264957265	0	0	0	0	0	0	0	0	0	0	0	0	0	0	0	0	0	0	0	0	0	
38524	5543	103	0.0356666666666686	0.283897435897436	0.18708547008547	0.120636752136752	0.0973803418803419	0.0653333333333333	0.245666666666667	0	0	0	0	0	0	0	0	0	0	0	0	0	0	0	0	0	0	0	0	0	
70183	7643	71	0.0358675213675232	0.280260683760684	0.189717948717949	0.129371794871795	0.0934102564102564	0.0601538461538462	0.24708547008547	0	0	0	0	0	0	0	0	0	0	0	0	0	0	0	0	0	0	0	0	0	
81998	4483	97	0.0363675213675221	0.279884615384615	0.186542735042735	0.130358974358974	0.104162393162393	0.0660940170940171	0.232957264957265	0	0	0	0	0	0	0	0	0	0	0	0	0	0	0	0	0	0	0	0	0	
24248	3886	171	0.0363846153846151	0.291316239316239	0.188790598290598	0.126683760683761	0.0835940170940171	0.0606581196581197	0.248957264957265	0	0	0	0	0	0	0	0	0	0	0	0	0	0	0	0	0	0	0	0	0	
64562	5648	85	0.0366410256410294	0.273970085470085	0.184897435897436	0.130649572649573	0.0938888888888889	0.0699786324786325	0.246615384615385	0	0	0	0	0	0	0	0	0	0	0	0	0	0	0	0	0	0	0	0	0	
28133	5019	123	0.0369786324786312	0.28925641025641	0.196705128205128	0.131957264957265	0.0836495726495727	0.0606282051282051	0.237803418803419	0	0	0	0	0	0	0	0	0	0	0	0	0	0	0	0	0	0	0	0	0	
21501	1617	481	0.0370256410256411	0.293363247863248	0.181799145299145	0.12924358974359	0.0834059829059829	0.056991452991453	0.255196581196581	0	0	0	0	0	0	0	0	0	0	0	0	0	0	0	0	0	0	0	0	0	
53109	8580	62	0.0374957264957274	0.302880341880342	0.175	0.121282051282051	0.0945854700854701	0.0612008547008547	0.245051282051282	0	0	0	0	0	0	0	0	0	0	0	0	0	0	0	0	0	0	0	0	0	
28355	6903	95	0.0376111111111114	0.277162393162393	0.192410256410256	0.128192307692308	0.0902264957264957	0.0666452991452991	0.245363247863248	0	0	0	0	0	0	0	0	0	0	0	0	0	0	0	0	0	0	0	0	0	
51383	4034	106	0.0376495726495736	0.275884615384615	0.178401709401709	0.140876068376068	0.0948632478632479	0.0671581196581197	0.242816239316239	0	0	0	0	0	0	0	0	0	0	0	0	0	0	0	0	0	0	0	0	0	
78163	7298	79	0.0377307692307706	0.299162393162393	0.185017094017094	0.127782051282051	0.0977991452991453	0.0687991452991453	0.221440170940171	0	0	0	0	0	0	0	0	0	0	0	0	0	0	0	0	0	0	0	0	0	
40240	6839	78	0.0377478632478623	0.297619658119658	0.178606837606838	0.123277777777778	0.0821581196581197	0.066542735042735	0.251794871794872	0	0	0	0	0	0	0	0	0	0	0	0	0	0	0	0	0	0	0	0	0	
82557	6524	76	0.0377649572649572	0.30417094017094	0.187397435897436	0.121602564102564	0.0848376068376068	0.066482905982906	0.235508547008547	0	0	0	0	0	0	0	0	0	0	0	0	0	0	0	0	0	0	0	0	0	
77695	4473	94	0.0378119658119646	0.289405982905983	0.199726495726496	0.126162393162393	0.0895683760683761	0.0592991452991453	0.235837606837607	0	0	0	0	0	0	0	0	0	0	0	0	0	0	0	0	0	0	0	0	0	
22292	6908	138	0.0379145299145289	0.309495726495726	0.18257264957265	0.124876068376068	0.0827222222222222	0.0632692307692308	0.237064102564103	0	0	0	0	0	0	0	0	0	0	0	0	0	0	0	0	0	0	0	0	0	
20916	2014	409	0.0380170940170928	0.291726495726496	0.180008547008547	0.127790598290598	0.0864017094017094	0.0563290598290598	0.25774358974359	0	0	0	0	0	0	0	0	0	0	0	0	0	0	0	0	0	0	0	0	0	
71868	7436	63	0.0380470085470094	0.29098717948718	0.198012820512821	0.130226495726496	0.0793675213675214	0.0617136752136752	0.239692307692308	0	0	0	0	0	0	0	0	0	0	0	0	0	0	0	0	0	0	0	0	0	
32477	7206	62	0.0380897435897473	0.278662393162393	0.182055555555556	0.123935897435897	0.0936965811965812	0.0661367521367521	0.255512820512821	0	0	0	0	0	0	0	0	0	0	0	0	0	0	0	0	0	0	0	0	0	
96976	7178	72	0.0382222222222213	0.304786324786325	0.17392735042735	0.131465811965812	0.0907521367521368	0.0705598290598291	0.228508547008547	0	0	0	0	0	0	0	0	0	0	0	0	0	0	0	0	0	0	0	0	0	
80546	6021	79	0.0387435897435886	0.298833333333333	0.179837606837607	0.115846153846154	0.0920769230769231	0.0618418803418803	0.251564102564103	0	0	0	0	0	0	0	0	0	0	0	0	0	0	0	0	0	0	0	0	0	
25853	7698	112	0.0389230769230791	0.280764957264957	0.194247863247863	0.124384615384615	0.0937094017094017	0.0630897435897436	0.243803418803419	0	0	0	0	0	0	0	0	0	0	0	0	0	0	0	0	0	0	0	0	0	
93666	7298	76	0.0396282051282054	0.306534188034188	0.182747863247863	0.132636752136752	0.0931025641025641	0.0637008547008547	0.221277777777778	0	0	0	0	0	0	0	0	0	0	0	0	0	0	0	0	0	0	0	0	0	
25585	6201	96	0.0396367521367542	0.273282051282051	0.181952991452991	0.131602564102564	0.0929358974358974	0.0652478632478632	0.254978632478633	0	0	0	0	0	0	0	0	0	0	0	0	0	0	0	0	0	0	0	0	0	
34008	4675	122	0.0399658119658123	0.28534188034188	0.185517094017094	0.144089743589744	0.0858418803418803	0.0666068376068376	0.232602564102564	0	0	0	0	0	0	0	0	0	0	0	0	0	0	0	0	0	0	0	0	0	
51208	5545	84	0.0401965811965829	0.272192307692308	0.191376068376068	0.132311965811966	0.0937649572649573	0.0660641025641026	0.244290598290598	0	0	0	0	0	0	0	0	0	0	0	0	0	0	0	0	0	0	0	0	0	
23000	1806	276	0.0402051282051301	0.272995726495727	0.19415811965812	0.129307692307692	0.093482905982906	0.0652948717948718	0.244760683760684	0	0	0	0	0	0	0	0	0	0	0	0	0	0	0	0	0	0	0	0	0	
41874	6466	111	0.0402991452991463	0.303521367521368	0.184209401709402	0.126717948717949	0.0982735042735043	0.062551282051282	0.224726495726496	0	0	0	0	0	0	0	0	0	0	0	0	0	0	0	0	0	0	0	0	0	
37276	4717	106	0.0404401709401727	0.273615384615385	0.188534188034188	0.130269230769231	0.0932222222222222	0.0645128205128205	0.249846153846154	0	0	0	0	0	0	0	0	0	0	0	0	0	0	0	0	0	0	0	0	0	
24492	1767	471	0.0404529914529916	0.292196581196581	0.196423076923077	0.124602564102564	0.090491452991453	0.0529273504273504	0.243358974358974	0	0	0	0	0	0	0	0	0	0	0	0	0	0	0	0	0	0	0	0	0	
43352	6144	97	0.0404658119658129	0.275320512820513	0.195799145299145	0.131290598290598	0.0946923076923077	0.0627948717948718	0.240102564102564	0	0	0	0	0	0	0	0	0	0	0	0	0	0	0	0	0	0	0	0	0	
48300	9072	60	0.0406538461538485	0.308615384615385	0.181598290598291	0.121380341880342	0.0803888888888889	0.0679358974358974	0.240081196581197	0	0	0	0	0	0	0	0	0	0	0	0	0	0	0	0	0	0	0	0	0	
56957	6651	76	0.0408119658119668	0.293811965811966	0.196632478632479	0.12874358974359	0.0958162393162393	0.0554786324786325	0.229517094017094	0	0	0	0	0	0	0	0	0	0	0	0	0	0	0	0	0	0	0	0	0	
32563	5567	103	0.040876068376066	0.304747863247863	0.176961538461538	0.137333333333333	0.0900940170940171	0.0614059829059829	0.229457264957265	0	0	0	0	0	0	0	0	0	0	0	0	0	0	0	0	0	0	0	0	0	
34059	5272	96	0.040884615384615	0.278217948717949	0.192440170940171	0.133923076923077	0.0869615384615385	0.0654700854700855	0.242987179487179	0	0	0	0	0	0	0	0	0	0	0	0	0	0	0	0	0	0	0	0	0	
76748	7040	77	0.0409059829059807	0.306478632478632	0.176346153846154	0.133136752136752	0.0912863247863248	0.0685384615384615	0.224213675213675	0	0	0	0	0	0	0	0	0	0	0	0	0	0	0	0	0	0	0	0	0	
67003	6267	73	0.0409871794871801	0.276991452991453	0.189316239316239	0.126388888888889	0.0905128205128205	0.0696239316239316	0.247166666666667	0	0	0	0	0	0	0	0	0	0	0	0	0	0	0	0	0	0	0	0	0	
98825	7144	69	0.0410170940170946	0.307076923076923	0.181175213675214	0.115200854700855	0.0867222222222222	0.0657222222222222	0.244102564102564	0	0	0	0	0	0	0	0	0	0	0	0	0	0	0	0	0	0	0	0	0	
29386	5851	126	0.0410256410256399	0.30207264957265	0.191551282051282	0.123055555555556	0.0860512820512821	0.060948717948718	0.236320512820513	0	0	0	0	0	0	0	0	0	0	0	0	0	0	0	0	0	0	0	0	0	
41001	8670	66	0.0410512820512811	0.304115384615385	0.18067094017094	0.117397435897436	0.0889273504273504	0.0614529914529915	0.247435897435897	0	0	0	0	0	0	0	0	0	0	0	0	0	0	0	0	0	0	0	0	0	
