8874	0.0110555555555547	0.247709401709402	0.153410256410256	0.0957692307692308	0.0697820512820513	0.0516794871794872	0.381649572649573	0	0	0	0	0	0	0	0	0	0	0	0	0	0	0	0	0	0	0	0	0	
10212	0.0140427350427343	0.251017094017094	0.154474358974359	0.096525641025641	0.0672435897435897	0.0546153846153846	0.376123931623932	0	0	0	0	0	0	0	0	0	0	0	0	0	0	0	0	0	0	0	0	0	
9971	0.0149230769230787	0.25441452991453	0.148376068376068	0.0953119658119658	0.067517094017094	0.0481153846153846	0.386264957264957	0	0	0	0	0	0	0	0	0	0	0	0	0	0	0	0	0	0	0	0	0	
8749	0.0169145299145298	0.252358974358974	0.146948717948718	0.103482905982906	0.067482905982906	0.0477136752136752	0.382012820512821	0	0	0	0	0	0	0	0	0	0	0	0	0	0	0	0	0	0	0	0	0	
8639	0.0174529914529915	0.250952991452991	0.149905982905983	0.0923547008547008	0.0688418803418803	0.051534188034188	0.386410256410256	0	0	0	0	0	0	0	0	0	0	0	0	0	0	0	0	0	0	0	0	0	
9524	0.017722222222221	0.251260683760684	0.152004273504274	0.0942948717948718	0.0747991452991453	0.0499957264957265	0.377645299145299	0	0	0	0	0	0	0	0	0	0	0	0	0	0	0	0	0	0	0	0	0	
9968	0.0178290598290619	0.252405982905983	0.144730769230769	0.0978675213675214	0.0703290598290598	0.0522094017094017	0.382457264957265	0	0	0	0	0	0	0	0	0	0	0	0	0	0	0	0	0	0	0	0	0	
8810	0.0182094017094038	0.252290598290598	0.148816239316239	0.091982905982906	0.0672606837606838	0.0529059829059829	0.38674358974359	0	0	0	0	0	0	0	0	0	0	0	0	0	0	0	0	0	0	0	0	0	
10105	0.0184658119658096	0.248675213675214	0.15442735042735	0.0948119658119658	0.0658931623931624	0.0578119658119658	0.378380341880342	0	0	0	0	0	0	0	0	0	0	0	0	0	0	0	0	0	0	0	0	0	
9327	0.0185384615384596	0.252021367521368	0.147149572649573	0.0952094017094017	0.0648632478632479	0.0542393162393162	0.386517094017094	0	0	0	0	0	0	0	0	0	0	0	0	0	0	0	0	0	0	0	0	0	
9238	0.018568376068375	0.248059829059829	0.151418803418803	0.0963034188034188	0.063491452991453	0.0567478632478632	0.383978632478632	0	0	0	0	0	0	0	0	0	0	0	0	0	0	0	0	0	0	0	0	0	
9402	0.0188803418803431	0.25441452991453	0.153303418803419	0.0949017094017094	0.0698119658119658	0.0531837606837607	0.374384615384615	0	0	0	0	0	0	0	0	0	0	0	0	0	0	0	0	0	0	0	0	0	
9644	0.0202948717948719	0.249495726495726	0.154628205128205	0.0931752136752137	0.0755811965811966	0.049517094017094	0.377602564102564	0	0	0	0	0	0	0	0	0	0	0	0	0	0	0	0	0	0	0	0	0	
9959	0.0203504273504259	0.248431623931624	0.154555555555556	0.102474358974359	0.0655128205128205	0.0524102564102564	0.376615384615385	0	0	0	0	0	0	0	0	0	0	0	0	0	0	0	0	0	0	0	0	0	
9502	0.0204017094017099	0.249435897435897	0.158803418803419	0.0934273504273504	0.0716153846153846	0.0477820512820513	0.378935897435897	0	0	0	0	0	0	0	0	0	0	0	0	0	0	0	0	0	0	0	0	0	
9364	0.0207564102564105	0.258623931623932	0.157435897435897	0.095534188034188	0.0631794871794872	0.0493162393162393	0.375910256410256	0	0	0	0	0	0	0	0	0	0	0	0	0	0	0	0	0	0	0	0	0	
9805	0.0209487179487195	0.256055555555556	0.154957264957265	0.0930641025641026	0.07	0.0510769230769231	0.374846153846154	0	0	0	0	0	0	0	0	0	0	0	0	0	0	0	0	0	0	0	0	0	
8670	0.021311965811966	0.242803418803419	0.152222222222222	0.0997692307692308	0.0675683760683761	0.0505683760683761	0.387068376068376	0	0	0	0	0	0	0	0	0	0	0	0	0	0	0	0	0	0	0	0	0	
8865	0.0213205128205121	0.24841452991453	0.151918803418803	0.0951025641025641	0.0629871794871795	0.0487905982905983	0.392786324786325	0	0	0	0	0	0	0	0	0	0	0	0	0	0	0	0	0	0	0	0	0	
8977	0.0214914529914545	0.256799145299145	0.145978632478632	0.0984786324786325	0.0693162393162393	0.0462820512820513	0.383145299145299	0	0	0	0	0	0	0	0	0	0	0	0	0	0	0	0	0	0	0	0	0	
9449	0.0223504273504275	0.249846153846154	0.145991452991453	0.0949273504273504	0.0698076923076923	0.0535811965811966	0.385846153846154	0	0	0	0	0	0	0	0	0	0	0	0	0	0	0	0	0	0	0	0	0	
9666	0.0224230769230783	0.253448717948718	0.143794871794872	0.100183760683761	0.0718675213675214	0.0499401709401709	0.380764957264957	0	0	0	0	0	0	0	0	0	0	0	0	0	0	0	0	0	0	0	0	0	
8848	0.0229658119658131	0.252863247863248	0.149978632478632	0.0910470085470085	0.0690042735042735	0.0575854700854701	0.379521367521368	0	0	0	0	0	0	0	0	0	0	0	0	0	0	0	0	0	0	0	0	0	
9900	0.0230854700854687	0.248	0.152649572649573	0.1	0.0718333333333333	0.0519017094017094	0.375615384615385	0	0	0	0	0	0	0	0	0	0	0	0	0	0	0	0	0	0	0	0	0	
9094	0.0240726495726494	0.241688034188034	0.161713675213675	0.0955641025641026	0.0699017094017094	0.0483675213675214	0.382764957264957	0	0	0	0	0	0	0	0	0	0	0	0	0	0	0	0	0	0	0	0	0	
8711	0.0241752136752141	0.252880341880342	0.153059829059829	0.0894188034188034	0.0619102564102564	0.0543717948717949	0.388358974358974	0	0	0	0	0	0	0	0	0	0	0	0	0	0	0	0	0	0	0	0	0	
9118	0.0250512820512813	0.242106837606838	0.154081196581197	0.103457264957265	0.0673504273504273	0.053474358974359	0.379529914529915	0	0	0	0	0	0	0	0	0	0	0	0	0	0	0	0	0	0	0	0	0	
8303	0.025380341880342	0.255850427350427	0.145576923076923	0.0968076923076923	0.0685128205128205	0.0557478632478632	0.377504273504274	0	0	0	0	0	0	0	0	0	0	0	0	0	0	0	0	0	0	0	0	0	
8784	0.0254914529914523	0.240995726495727	0.151940170940171	0.0988888888888889	0.0702735042735043	0.0541367521367521	0.383764957264957	0	0	0	0	0	0	0	0	0	0	0	0	0	0	0	0	0	0	0	0	0	
9650	0.025730769230769	0.251166666666667	0.15632905982906	0.0865811965811966	0.0752222222222222	0.0508931623931624	0.379807692307692	0	0	0	0	0	0	0	0	0	0	0	0	0	0	0	0	0	0	0	0	0	
8811	0.0257307692307696	0.247474358974359	0.14884188034188	0.094017094017094	0.0701752136752137	0.0481025641025641	0.391388888888889	0	0	0	0	0	0	0	0	0	0	0	0	0	0	0	0	0	0	0	0	0	
9654	0.0260042735042749	0.253807692307692	0.145461538461538	0.0987521367521367	0.0676153846153846	0.0570555555555556	0.377307692307692	0	0	0	0	0	0	0	0	0	0	0	0	0	0	0	0	0	0	0	0	0	
8089	0.0260641025641037	0.24992735042735	0.142722222222222	0.098482905982906	0.0670811965811966	0.0586196581196581	0.383166666666667	0	0	0	0	0	0	0	0	0	0	0	0	0	0	0	0	0	0	0	0	0	
10389	0.0261794871794853	0.249957264957265	0.152320512820513	0.101824786324786	0.0636282051282051	0.0568846153846154	0.375384615384615	0	0	0	0	0	0	0	0	0	0	0	0	0	0	0	0	0	0	0	0	0	
8979	0.0262948717948707	0.250102564102564	0.142662393162393	0.104059829059829	0.0663418803418803	0.051034188034188	0.385799145299145	0	0	0	0	0	0	0	0	0	0	0	0	0	0	0	0	0	0	0	0	0	
9316	0.0263461538461548	0.256884615384615	0.154405982905983	0.0957478632478632	0.0741367521367521	0.0475683760683761	0.37125641025641	0	0	0	0	0	0	0	0	0	0	0	0	0	0	0	0	0	0	0	0	0	
8396	0.0263717948717953	0.243008547008547	0.149487179487179	0.0977863247863248	0.0718760683760684	0.050965811965812	0.386876068376068	0	0	0	0	0	0	0	0	0	0	0	0	0	0	0	0	0	0	0	0	0	
9853	0.0264700854700859	0.257957264957265	0.145213675213675	0.0982991452991453	0.0617692307692308	0.0523931623931624	0.384367521367521	0	0	0	0	0	0	0	0	0	0	0	0	0	0	0	0	0	0	0	0	0	
9664	0.0266709401709398	0.258222222222222	0.151880341880342	0.100794871794872	0.0597051282051282	0.051974358974359	0.377423076923077	0	0	0	0	0	0	0	0	0	0	0	0	0	0	0	0	0	0	0	0	0	
9569	0.026923076923075	0.240820512820513	0.160730769230769	0.101247863247863	0.0662393162393162	0.0507478632478632	0.380213675213675	0	0	0	0	0	0	0	0	0	0	0	0	0	0	0	0	0	0	0	0	0	
9976	0.0271452991453008	0.254337606837607	0.156589743589744	0.088491452991453	0.0728760683760684	0.0513846153846154	0.376320512820513	0	0	0	0	0	0	0	0	0	0	0	0	0	0	0	0	0	0	0	0	0	
9451	0.027380341880341	0.251957264957265	0.156222222222222	0.0931495726495726	0.0746752136752137	0.0523717948717949	0.371623931623932	0	0	0	0	0	0	0	0	0	0	0	0	0	0	0	0	0	0	0	0	0	
9841	0.0274829059829063	0.242333333333333	0.149606837606838	0.101115384615385	0.0674316239316239	0.0569017094017094	0.382611111111111	0	0	0	0	0	0	0	0	0	0	0	0	0	0	0	0	0	0	0	0	0	
8849	0.0277777777777766	0.247209401709402	0.151230769230769	0.104525641025641	0.0684615384615385	0.0530940170940171	0.375478632478633	0	0	0	0	0	0	0	0	0	0	0	0	0	0	0	0	0	0	0	0	0	
8932	0.0278675213675208	0.2515	0.151299145299145	0.0941239316239316	0.0671709401709402	0.0626965811965812	0.373209401709402	0	0	0	0	0	0	0	0	0	0	0	0	0	0	0	0	0	0	0	0	0	
8958	0.0279700854700842	0.239700854700855	0.152290598290598	0.101213675213675	0.0662777777777778	0.0495	0.391017094017094	0	0	0	0	0	0	0	0	0	0	0	0	0	0	0	0	0	0	0	0	0	
10254	0.0279914529914546	0.259128205128205	0.141918803418803	0.0962307692307692	0.0721196581196581	0.0507179487179487	0.379884615384615	0	0	0	0	0	0	0	0	0	0	0	0	0	0	0	0	0	0	0	0	0	
9230	0.0280470085470096	0.254128205128205	0.143534188034188	0.0973888888888889	0.0669487179487179	0.0597863247863248	0.378213675213675	0	0	0	0	0	0	0	0	0	0	0	0	0	0	0	0	0	0	0	0	0	
9362	0.0282307692307692	0.247213675213675	0.15707264957265	0.0892863247863248	0.0642521367521368	0.0567606837606838	0.38541452991453	0	0	0	0	0	0	0	0	0	0	0	0	0	0	0	0	0	0	0	0	0	
10138	0.028363247863248	0.242905982905983	0.157521367521368	0.0953418803418803	0.0686794871794872	0.0575598290598291	0.377991452991453	0	0	0	0	0	0	0	0	0	0	0	0	0	0	0	0	0	0	0	0	0	
9634	0.0289230769230781	0.253995726495726	0.139183760683761	0.102029914529915	0.072034188034188	0.0505683760683761	0.382188034188034	0	0	0	0	0	0	0	0	0	0	0	0	0	0	0	0	0	0	0	0	0	
9439	0.0290256410256421	0.254628205128205	0.154628205128205	0.0918376068376068	0.0671153846153846	0.0597564102564103	0.372034188034188	0	0	0	0	0	0	0	0	0	0	0	0	0	0	0	0	0	0	0	0	0	
9460	0.029273504273505	0.238782051282051	0.157102564102564	0.0948760683760684	0.0724358974358974	0.052474358974359	0.38432905982906	0	0	0	0	0	0	0	0	0	0	0	0	0	0	0	0	0	0	0	0	0	
9384	0.0293461538461539	0.250901709401709	0.16041452991453	0.090982905982906	0.069957264957265	0.0538803418803419	0.373863247863248	0	0	0	0	0	0	0	0	0	0	0	0	0	0	0	0	0	0	0	0	0	
9455	0.0294401709401714	0.247918803418803	0.143910256410256	0.100589743589744	0.0657051282051282	0.0580726495726496	0.383803418803419	0	0	0	0	0	0	0	0	0	0	0	0	0	0	0	0	0	0	0	0	0	
10160	0.0299273504273521	0.253457264957265	0.157628205128205	0.101183760683761	0.0708547008547009	0.0497136752136752	0.367162393162393	0	0	0	0	0	0	0	0	0	0	0	0	0	0	0	0	0	0	0	0	0	
9628	0.0301239316239309	0.237995726495727	0.155252136752137	0.095491452991453	0.0716923076923077	0.0576965811965812	0.381871794871795	0	0	0	0	0	0	0	0	0	0	0	0	0	0	0	0	0	0	0	0	0	
9208	0.0301965811965813	0.25565811965812	0.146525641025641	0.0957478632478632	0.0642649572649573	0.0608376068376068	0.376965811965812	0	0	0	0	0	0	0	0	0	0	0	0	0	0	0	0	0	0	0	0	0	
9892	0.0302350427350422	0.25134188034188	0.15324358974359	0.0944316239316239	0.0677564102564103	0.0632948717948718	0.369931623931624	0	0	0	0	0	0	0	0	0	0	0	0	0	0	0	0	0	0	0	0	0	
9376	0.0302564102564096	0.245038461538462	0.167538461538462	0.0906965811965812	0.0640042735042735	0.0502905982905983	0.382431623931624	0	0	0	0	0	0	0	0	0	0	0	0	0	0	0	0	0	0	0	0	0	
9711	0.0303205128205123	0.246123931623932	0.144397435897436	0.0980897435897436	0.0686752136752137	0.058965811965812	0.383747863247863	0	0	0	0	0	0	0	0	0	0	0	0	0	0	0	0	0	0	0	0	0	
9201	0.0304230769230777	0.256188034188034	0.149974358974359	0.10508547008547	0.0666965811965812	0.0514700854700855	0.37058547008547	0	0	0	0	0	0	0	0	0	0	0	0	0	0	0	0	0	0	0	0	0	
9173	0.030589743589745	0.264551282051282	0.14265811965812	0.0933119658119658	0.0683461538461538	0.048	0.383132478632479	0	0	0	0	0	0	0	0	0	0	0	0	0	0	0	0	0	0	0	0	0	
9417	0.0307179487179478	0.260188034188034	0.155952991452991	0.092042735042735	0.059982905982906	0.0542606837606838	0.37757264957265	0	0	0	0	0	0	0	0	0	0	0	0	0	0	0	0	0	0	0	0	0	
9374	0.0307435897435923	0.259004273504274	0.138273504273504	0.0971410256410256	0.0677393162393162	0.0503931623931624	0.387448717948718	0	0	0	0	0	0	0	0	0	0	0	0	0	0	0	0	0	0	0	0	0	
10222	0.0307692307692317	0.261384615384615	0.146239316239316	0.0928119658119658	0.0674529914529915	0.054517094017094	0.377594017094017	0	0	0	0	0	0	0	0	0	0	0	0	0	0	0	0	0	0	0	0	0	
9306	0.0309273504273491	0.251371794871795	0.143811965811966	0.0943290598290598	0.0757435897435897	0.0556538461538462	0.379089743589744	0	0	0	0	0	0	0	0	0	0	0	0	0	0	0	0	0	0	0	0	0	
9520	0.0309829059829062	0.261307692307692	0.149183760683761	0.095051282051282	0.0681239316239316	0.0540299145299145	0.372303418803419	0	0	0	0	0	0	0	0	0	0	0	0	0	0	0	0	0	0	0	0	0	
9172	0.0309914529914522	0.247504273504274	0.148452991452991	0.0981196581196581	0.0711794871794872	0.0583888888888889	0.376354700854701	0	0	0	0	0	0	0	0	0	0	0	0	0	0	0	0	0	0	0	0	0	
9653	0.0310213675213665	0.250478632478633	0.155145299145299	0.091491452991453	0.070474358974359	0.0594700854700855	0.372940170940171	0	0	0	0	0	0	0	0	0	0	0	0	0	0	0	0	0	0	0	0	0	
9816	0.0311196581196578	0.249871794871795	0.142888888888889	0.0965042735042735	0.0785982905982906	0.0526495726495727	0.379487179487179	0	0	0	0	0	0	0	0	0	0	0	0	0	0	0	0	0	0	0	0	0	
8577	0.0312094017094021	0.248551282051282	0.146059829059829	0.0936025641025641	0.0787393162393162	0.047482905982906	0.385564102564103	0	0	0	0	0	0	0	0	0	0	0	0	0	0	0	0	0	0	0	0	0	
10149	0.0313247863247845	0.244448717948718	0.155188034188034	0.103799145299145	0.0639358974358974	0.0559401709401709	0.376688034188034	0	0	0	0	0	0	0	0	0	0	0	0	0	0	0	0	0	0	0	0	0	
8933	0.031350427350429	0.253021367521368	0.158294871794872	0.083508547008547	0.0666923076923077	0.0592820512820513	0.379200854700855	0	0	0	0	0	0	0	0	0	0	0	0	0	0	0	0	0	0	0	0	0	
9395	0.0313632478632496	0.253606837606838	0.149376068376068	0.104730769230769	0.0691923076923077	0.0523803418803419	0.370713675213675	0	0	0	0	0	0	0	0	0	0	0	0	0	0	0	0	0	0	0	0	0	
9935	0.0314658119658135	0.255517094017094	0.152136752136752	0.0974957264957265	0.0716666666666667	0.0552820512820513	0.367901709401709	0	0	0	0	0	0	0	0	0	0	0	0	0	0	0	0	0	0	0	0	0	
10009	0.0315555555555532	0.246311965811966	0.151555555555556	0.0982350427350427	0.0656923076923077	0.0631623931623932	0.375042735042735	0	0	0	0	0	0	0	0	0	0	0	0	0	0	0	0	0	0	0	0	0	
9078	0.031679487179487	0.250905982905983	0.148679487179487	0.0934145299145299	0.0749102564102564	0.0424615384615385	0.389628205128205	0	0	0	0	0	0	0	0	0	0	0	0	0	0	0	0	0	0	0	0	0	
9530	0.0318675213675222	0.261	0.145495726495727	0.0979316239316239	0.0687777777777778	0.0524529914529915	0.37434188034188	0	0	0	0	0	0	0	0	0	0	0	0	0	0	0	0	0	0	0	0	0	
8201	0.0318760683760692	0.254448717948718	0.139452991452991	0.0959188034188034	0.0651666666666667	0.0597991452991453	0.385213675213675	0	0	0	0	0	0	0	0	0	0	0	0	0	0	0	0	0	0	0	0	0	
8792	0.0319358974358972	0.244995726495726	0.153200854700855	0.0944273504273504	0.0702735042735043	0.0427094017094017	0.394393162393162	0	0	0	0	0	0	0	0	0	0	0	0	0	0	0	0	0	0	0	0	0	
10379	0.0319957264957257	0.250555555555556	0.161863247863248	0.0915128205128205	0.0728974358974359	0.0508162393162393	0.372354700854701	0	0	0	0	0	0	0	0	0	0	0	0	0	0	0	0	0	0	0	0	0	
8924	0.0320042735042734	0.248145299145299	0.158752136752137	0.0859358974358974	0.0694316239316239	0.0573974358974359	0.380337606837607	0	0	0	0	0	0	0	0	0	0	0	0	0	0	0	0	0	0	0	0	0	
8752	0.0324102564102565	0.239675213675214	0.153384615384615	0.0926752136752137	0.070008547008547	0.0502393162393162	0.394017094017094	0	0	0	0	0	0	0	0	0	0	0	0	0	0	0	0	0	0	0	0	0	
9256	0.0326025641025647	0.250136752136752	0.13924358974359	0.100752136752137	0.070042735042735	0.0512094017094017	0.388615384615385	0	0	0	0	0	0	0	0	0	0	0	0	0	0	0	0	0	0	0	0	0	
10152	0.0327179487179496	0.260897435897436	0.153008547008547	0.102876068376068	0.0674529914529915	0.0488888888888889	0.366876068376068	0	0	0	0	0	0	0	0	0	0	0	0	0	0	0	0	0	0	0	0	0	
8690	0.0327307692307683	0.236106837606838	0.153209401709402	0.100487179487179	0.0669615384615385	0.0547863247863248	0.388448717948718	0	0	0	0	0	0	0	0	0	0	0	0	0	0	0	0	0	0	0	0	0	
9255	0.0329786324786344	0.25784188034188	0.143230769230769	0.0901837606837607	0.0721282051282051	0.049974358974359	0.386641025641026	0	0	0	0	0	0	0	0	0	0	0	0	0	0	0	0	0	0	0	0	0	
9492	0.033239316239317	0.237688034188034	0.15684188034188	0.0939871794871795	0.0733717948717949	0.0536068376068376	0.384504273504274	0	0	0	0	0	0	0	0	0	0	0	0	0	0	0	0	0	0	0	0	0	
9114	0.0332521367521368	0.251017094017094	0.165119658119658	0.0818632478632479	0.0687478632478633	0.0481495726495726	0.385102564102564	0	0	0	0	0	0	0	0	0	0	0	0	0	0	0	0	0	0	0	0	0	
9802	0.0333333333333346	0.26207264957265	0.144641025641026	0.094448717948718	0.067957264957265	0.0546068376068376	0.376273504273504	0	0	0	0	0	0	0	0	0	0	0	0	0	0	0	0	0	0	0	0	0	
9358	0.0333589743589752	0.261457264957265	0.149991452991453	0.0960384615384615	0.0695512820512821	0.0536410256410256	0.369320512820513	0	0	0	0	0	0	0	0	0	0	0	0	0	0	0	0	0	0	0	0	0	
9067	0.033465811965811	0.248538461538462	0.162547008547009	0.091491452991453	0.0650982905982906	0.0423675213675214	0.389957264957265	0	0	0	0	0	0	0	0	0	0	0	0	0	0	0	0	0	0	0	0	0	
8866	0.0335042735042731	0.245008547008547	0.146196581196581	0.0945555555555556	0.066	0.0521495726495727	0.396089743589744	0	0	0	0	0	0	0	0	0	0	0	0	0	0	0	0	0	0	0	0	0	
9100	0.0338589743589741	0.260594017094017	0.144311965811966	0.100132478632479	0.0592991452991453	0.0538589743589744	0.381803418803419	0	0	0	0	0	0	0	0	0	0	0	0	0	0	0	0	0	0	0	0	0	
9494	0.0339230769230774	0.254692307692308	0.154064102564103	0.0909017094017094	0.0579273504273504	0.0632478632478632	0.379166666666667	0	0	0	0	0	0	0	0	0	0	0	0	0	0	0	0	0	0	0	0	0	
9526	0.0340384615384594	0.245692307692308	0.148307692307692	0.113277777777778	0.0628717948717949	0.0487264957264957	0.381123931623932	0	0	0	0	0	0	0	0	0	0	0	0	0	0	0	0	0	0	0	0	0	
8215	0.0340427350427342	0.243196581196581	0.146465811965812	0.0995811965811966	0.0704059829059829	0.0592264957264957	0.381123931623932	0	0	0	0	0	0	0	0	0	0	0	0	0	0	0	0	0	0	0	0	0	
10430	0.0342264957264965	0.258029914529915	0.141615384615385	0.0915384615384615	0.0662094017094017	0.0577008547008547	0.384905982905983	0	0	0	0	0	0	0	0	0	0	0	0	0	0	0	0	0	0	0	0	0	
9491	0.0342735042735033	0.248333333333333	0.147918803418803	0.098517094017094	0.0588717948717949	0.0642393162393162	0.382119658119658	0	0	0	0	0	0	0	0	0	0	0	0	0	0	0	0	0	0	0	0	0	
